# Data associated with arXiv:2208.14002
# 
# Scale-free velocity distribution, f(E), of a nfw0-6rhos4e6 dark matter distribution (see Eq. 2.7 and the surrounding discussion)
# 
# Published: 8/25/22, Jack Runburg and Kenny Kiriu, contact: runburg@hawaii.edu
# 
# 
# -----------------------------------------------------------------
# 
# 	 tilde E 		 | 		 tilde f
# 
# -----------------------------------------------------------------
2.976202174118554179e-08	5.253579873619759455e+06
3.046865621584454470e-08	5.082314835583984852e+06
3.119206833349223124e-08	4.912644705735314637e+06
3.193265644256594848e-08	4.745499125186746009e+06
3.269082834926771231e-08	4.584064495633372106e+06
3.346700154210775149e-08	4.425575053601454012e+06
3.426160342178044174e-08	4.272567220718575642e+06
3.507507153649609144e-08	4.124851887486015912e+06
3.590785382290100088e-08	3.982243333493477199e+06
3.676040885271632390e-08	3.844564651762205642e+06
3.763320608523203160e-08	3.711646738078524359e+06
3.852672612579635386e-08	3.583326681924674194e+06
3.944146099044027397e-08	3.459444574103530496e+06
4.037791437678598856e-08	3.339844684758364689e+06
4.133660194138508879e-08	3.224380401656741742e+06
4.231805158364246242e-08	3.112909556877521798e+06
4.332280373647956053e-08	3.005293513592684641e+06
4.435141166389789914e-08	2.901397431242825463e+06
4.540444176560809264e-08	2.801093959134549834e+06
4.648247388888882969e-08	2.704260100394505076e+06
4.758610164785151107e-08	2.610774081122322008e+06
4.871593275028204725e-08	2.520519861736617051e+06
4.987258933224383355e-08	2.433386774800199084e+06
5.105670830062287016e-08	2.349266507036272436e+06
5.226894168380467645e-08	2.268055304100133944e+06
5.350995699067771113e-08	2.189652904827014543e+06
5.478043757815718291e-08	2.113960416469234508e+06
5.608108302743602023e-08	2.040884723592018476e+06
5.741260952916555353e-08	1.970336623802803690e+06
5.877575027778261812e-08	1.902227879307435593e+06
6.017125587519507403e-08	1.836473344469186384e+06
6.159989474405312501e-08	1.772992526608849410e+06
6.306245355082973558e-08	1.711707248328367015e+06
6.455973763894440386e-08	1.652541001109225675e+06
6.609257147217099955e-08	1.595420138220620574e+06
6.766179908856864961e-08	1.540274031920756213e+06
6.926828456519162110e-08	1.487034958603951614e+06
7.091291249382778475e-08	1.435636788087705849e+06
7.259658846803353345e-08	1.386015309724500636e+06
7.432023958172818582e-08	1.338109461939544650e+06
7.608481493962445762e-08	1.291860268720782362e+06
7.789128617977789674e-08	1.247210174165959237e+06
7.974064800853752907e-08	1.204103583001968451e+06
8.163391874819906042e-08	1.162487222184269689e+06
8.357214089765479317e-08	1.122310017240774119e+06
8.555638170635576418e-08	1.083521955505218590e+06
8.758773376189644890e-08	1.046074629887692048e+06
8.966731559154753053e-08	1.009922036632686039e+06
9.179627227807031966e-08	9.750194392706535291e+05
9.397577609014553630e-08	9.413234789480704349e+05
9.620702712777120224e-08	9.087925288651511073e+05
9.849125398297663609e-08	8.773861970579660265e+05
1.008297144162240676e-07	8.470655943956988631e+05
1.032236960488640014e-07	8.177932673025233671e+05
1.056745170720271620e-07	7.895328905204285402e+05
1.081835269723469973e-07	7.622495518522582715e+05
1.107521072749039895e-07	7.359095008026565192e+05
1.133816723038104725e-07	7.104800035353316925e+05
1.160736699608443188e-07	6.859295214507302735e+05
1.188295825225697953e-07	6.622277217907285085e+05
1.216509274563762782e-07	6.393453809680758277e+05
1.245392582558870227e-07	6.172541173729421571e+05
1.274961652962009716e-07	5.959264717374900356e+05
1.305232767094299623e-07	5.753360561306431191e+05
1.336222592810234464e-07	5.554574639346536715e+05
1.367948193673629871e-07	5.362660686606933596e+05
1.400427038351421797e-07	5.177380389670593431e+05
1.433677010230402402e-07	4.998504812469998724e+05
1.467716417262212538e-07	4.825812785680279485e+05
1.502564002042057874e-07	4.659090050658936379e+05
1.538238952126582932e-07	4.498130183773048921e+05
1.574760910596715778e-07	4.342734181225629291e+05
1.612149986871152947e-07	4.192709586926425109e+05
1.650426767776574749e-07	4.047870629920229549e+05
1.689612328880565739e-07	3.908038247115765116e+05
1.729728246093519222e-07	3.773039079649078194e+05
1.770796607545961943e-07	3.642706031880694209e+05
1.812840025747708074e-07	3.516877883439808502e+05
1.855881650035682026e-07	3.395398700065643061e+05
1.899945179317104834e-07	3.278118273328724899e+05
1.945054875115204705e-07	3.164891537925768062e+05
1.991235574924504348e-07	3.055578167742363876e+05
2.038512705883078884e-07	2.950042654840866453e+05
2.086912298769362371e-07	2.848154687157291337e+05
2.136461002331066946e-07	2.749788305135636474e+05
2.187186097954265376e-07	2.654821395390759571e+05
2.239115514680524198e-07	2.563136505273924267e+05
2.292277844580531074e-07	2.474620322306149174e+05
2.346702358492520430e-07	2.389163265581402520e+05
2.402419022134212835e-07	2.306659463240476616e+05
2.459458512597199286e-07	2.227006764206011721e+05
2.517852235232674039e-07	2.150106759609141445e+05
2.577632340938011484e-07	2.075864258411078190e+05
2.638831743853477699e-07	2.004187307261689857e+05
2.701484139479022172e-07	1.934987274116873741e+05
2.765624023220935568e-07	1.868178521412425034e+05
2.831286709378647514e-07	1.803678354783745890e+05
2.898508350582180332e-07	1.741407013383238518e+05
2.967325957690750267e-07	1.681287387489636603e+05
3.037777420163715050e-07	1.623245084543654812e+05
3.109901526914795581e-07	1.567208385200907651e+05
3.183737987661303665e-07	1.513107881703221065e+05
3.259327454779909218e-07	1.460876622288385697e+05
3.336711545681033566e-07	1.410450068298757833e+05
3.415932865714276288e-07	1.361765794883140770e+05
3.497035031617235933e-07	1.314763551099564938e+05
3.580062695520898607e-07	1.269385225826151582e+05
3.665061569524504822e-07	1.225574673076904146e+05
3.752078450853684281e-07	1.183277701373978198e+05
3.841161247615461435e-07	1.142441990111279883e+05
3.932359005164375723e-07	1.103017019140896882e+05
4.025721933094330985e-07	1.064954042605540308e+05
4.121301432870727680e-07	1.028205968770794134e+05
4.219150126118414582e-07	9.927273427779071790e+04
4.319321883580660523e-07	9.584743044032000762e+04
4.421871854765394361e-07	9.254044866408275266e+04
4.526856498294743299e-07	8.934769897041383956e+04
4.634333612974646607e-07	8.626523269727941079e+04
4.744362369601755947e-07	8.328923863055635593e+04
4.857003343524790054e-07	8.041603674845759815e+04
4.972318547978631230e-07	7.764207333432316955e+04
5.090371468209059853e-07	7.496391950669229846e+04
5.211227096407303210e-07	7.237826370678018429e+04
5.334951967473255193e-07	6.988190934831615596e+04
5.461614195627140307e-07	6.747176963922989671e+04
5.591283511889907374e-07	6.514486460361482023e+04
5.724031302452554671e-07	6.289831787057839392e+04
5.859930647955961491e-07	6.072935347138222278e+04
5.999056363702285473e-07	5.863528939607689244e+04
6.141485040820528789e-07	5.661353695822746522e+04
6.287295088408473910e-07	5.466159748099034186e+04
6.436566776674303549e-07	5.277705808151257224e+04
6.589382281101777318e-07	5.095758942985129397e+04
6.745825727662795347e-07	4.920094390517813008e+04
6.905983239102721704e-07	4.750495059374930133e+04
7.069942982323312180e-07	4.586751241370316711e+04
7.237795216889888774e-07	4.428660616275211942e+04
7.409632344688741524e-07	4.276027916292329610e+04
7.585548960762701274e-07	4.128664561905342998e+04
7.765641905352186448e-07	3.986388450281188125e+04
7.950010317170738927e-07	3.849023756299330125e+04
8.138755687944154155e-07	3.716400814167492354e+04
8.331981918242967024e-07	3.588355799158463196e+04
8.529795374639409292e-07	3.464730517610622337e+04
8.732304948219646202e-07	3.345372281239119184e+04
8.939622114483891387e-07	3.230133694154441400e+04
9.151860994667018283e-07	3.118872394681520382e+04
9.369138418513412746e-07	3.011450948511304159e+04
9.591573988540587729e-07	2.907736736896735601e+04
9.819290145826558347e-07	2.807601671140225517e+04
1.005241223735761044e-06	2.710922095706367327e+04
1.029106858497279192e-06	2.617578669477011499e+04
1.053539055594345294e-06	2.527456116630641918e+04
1.078551263522634213e-06	2.440443170646836734e+04
1.104157249942993292e-06	2.356432444229509929e+04
1.130371109253465639e-06	2.275320210603158557e+04
1.157207270340831044e-06	2.197006352205236180e+04
1.184680504515969980e-06	2.121394215161797547e+04
1.212805933637338171e-06	2.048390471202144909e+04
1.241599038427060888e-06	1.977905029524617203e+04
1.271075666984183065e-06	1.909850917665059023e+04
1.301252043499746826e-06	1.844144156375195598e+04
1.332144777178492745e-06	1.780703676794708008e+04
1.363770871372032407e-06	1.719451214616586731e+04
1.396147732928581888e-06	1.660311197274943697e+04
1.429293181764276724e-06	1.603210673317040892e+04
1.463225460661427755e-06	1.548079214492900246e+04
1.497963245298988092e-06	1.494848818376749477e+04
1.533525654520806578e-06	1.443453840014297020e+04
1.569932260847262198e-06	1.393830902847394282e+04
1.607203101236020402e-06	1.345918816425928708e+04
1.645358688097885261e-06	1.299658510256625777e+04
1.684420020573666309e-06	1.254992945173365115e+04
1.724408596078379356e-06	1.211867061135712720e+04
1.765346422118972242e-06	1.170227702150629011e+04
1.807256028392145115e-06	1.130023541285740430e+04
1.850160479168870824e-06	1.091205032018182283e+04
1.894083385972338106e-06	1.053724338127818919e+04
1.939048920556392215e-06	1.017535274088269762e+04
1.985081828191413775e-06	9.825932531777931217e+03
2.032207441265089965e-06	9.488552295378525741e+03
2.080451693205359986e-06	9.162796397050864471e+03
2.129841132733281553e-06	8.848263595329166492e+03
2.180402938453564736e-06	8.544566530662941659e+03
2.232164933790760047e-06	8.251331208119552684e+03
2.285155602279318687e-06	7.968196548655880179e+03
2.339404103215805100e-06	7.694813973389026614e+03
2.394940287681969373e-06	7.430846883483481179e+03
2.451794714947284869e-06	7.175970371975471608e+03
2.509998669260057583e-06	6.929870747107720490e+03
2.569584177036219575e-06	6.692245136381776319e+03
2.630584024455238202e-06	6.462801121473735293e+03
2.693031775472775305e-06	6.241256417353019970e+03
2.756961790259879575e-06	6.027338474980329011e+03
2.822409244078935361e-06	5.820784140879955885e+03
2.889410146606517079e-06	5.621339373328849433e+03
2.958001361713849356e-06	5.428758913990785913e+03
3.028220627715629806e-06	5.242805954902980375e+03
3.100106578098262716e-06	5.063251868178173027e+03
3.173698762738912744e-06	4.889875934445991334e+03
3.249037669626832224e-06	4.722465055010120523e+03
3.326164747099029733e-06	4.560813485656515695e+03
3.405122426602207867e-06	4.404722595598386761e+03
3.485954145993586751e-06	4.254000603400606451e+03
3.568704373393222242e-06	4.108462361688514648e+03
3.653418631600911395e-06	3.967929107555517021e+03
3.740143523090991244e-06	3.832228254381020179e+03
3.828926755598619839e-06	3.701193181957148681e+03
3.919817168311687539e-06	3.574663018048961931e+03
4.012864758682385415e-06	3.452482441247583210e+03
4.108120709873306374e-06	3.334501498073906532e+03
4.205637418852914759e-06	3.220575413566879888e+03
4.305468525155744552e-06	3.110564416873594382e+03
4.407668940323058096e-06	3.004333542345906153e+03
4.512294878039885333e-06	2.901752509474825729e+03
4.619403884985116562e-06	2.802695518838141652e+03
4.729054872411170071e-06	2.707041118778943655e+03
4.841308148470707264e-06	2.614672052783559138e+03
4.956225451307850075e-06	2.525475113439759298e+03
5.073869982931999231e-06	2.439340990556838278e+03
5.194306443892725449e-06	2.356164157602538126e+03
5.317601068774487732e-06	2.275842728403789351e+03
5.443821662530773177e-06	2.198278333762653347e+03
5.573037637677107012e-06	2.123375997040451693e+03
5.705320052363464942e-06	2.051044021474602687e+03
5.840741649346647845e-06	1.981193873769527499e+03
5.979376895883876787e-06	1.913740077139397499e+03
6.121302024569350861e-06	1.848600106030857887e+03
6.266595075135812720e-06	1.785694280505943652e+03
6.415335937244185660e-06	1.724945670128562142e+03
6.567606394284125053e-06	1.666279999617656131e+03
6.723490168209658438e-06	1.609625557871835554e+03
6.883072965434064874e-06	1.554913106082663717e+03
7.046442523809009829e-06	1.502075795235193027e+03
7.213688660713502452e-06	1.451049081921603147e+03
7.384903322278552072e-06	1.401770651251145637e+03
7.560180633774744189e-06	1.354180335730123033e+03
7.739616951189397156e-06	1.308220044949292287e+03
7.923310914022036841e-06	1.263833691755277641e+03
8.111363499326195573e-06	1.220967123344323454e+03
8.303878077027241651e-06	1.179568055033630344e+03
8.500960466546175274e-06	1.139586008247680866e+03
8.702718994759811206e-06	1.100972235990125910e+03
8.909264555329326243e-06	1.063679684256606379e+03
9.120710669428591294e-06	1.027662914513041642e+03
9.337173547905950878e-06	9.928780583591533286e+02
9.558772154912411465e-06	9.592827568513575898e+02
9.785628273031210967e-06	9.268361136442572388e+02
1.001786656994383315e-05	8.954986420462190608e+02
1.025561466666826935e-05	8.652322168446344222e+02
1.049900320740715780e-05	8.360000268207739964e+02
1.074816593104256006e-05	8.077665298671760183e+02
1.100323974431712927e-05	7.804974088816176163e+02
1.126436479674021011e-05	7.541595297763078634e+02
1.153168455726007199e-05	7.287209004141819833e+02
1.180534589274331239e-05	7.041506312052215435e+02
1.208549914830389386e-05	6.804188970418514373e+02
1.237229822952527598e-05	6.574969005776229096e+02
1.266590068661962185e-05	6.353568369420776207e+02
1.296646780057020347e-05	6.139718589484305085e+02
1.327416467130251206e-05	5.933160445251445481e+02
1.358916030793242526e-05	5.733643648841426739e+02
1.391162772113953598e-05	5.540926532184281541e+02
1.424174401771560928e-05	5.354775751645036053e+02
1.457969049733910803e-05	5.174966000826448180e+02
1.492565275162744761e-05	5.001279731569708247e+02
1.527982076552113750e-05	4.833506893631970911e+02
1.564238902105324219e-05	4.671444666419539544e+02
1.601355660356080919e-05	4.514897210524858906e+02
1.639352731039484611e-05	4.363675432397816394e+02
1.678250976218745123e-05	4.217596750394492346e+02
1.718071751673581340e-05	4.076484866286125452e+02
1.758836918556377449e-05	3.940169549281594641e+02
1.800568855322446174e-05	3.808486432661190406e+02
1.843290469940666343e-05	3.681276802166873949e+02
1.887025212391146723e-05	3.558387407617265694e+02
1.931797087456543977e-05	3.439670272768908035e+02
1.977630667813917403e-05	3.324982513474715802e+02
2.024551107434101685e-05	3.214186158051903703e+02
2.072584155295793731e-05	3.107147987305407923e+02
2.121756169421638399e-05	3.003739361405860109e+02
2.172094131243865612e-05	2.903836064655066593e+02
2.223625660307112985e-05	2.807318155355478098e+02
2.276379029316298513e-05	2.714069815160934240e+02
2.330383179537557590e-05	2.623979210250189453e+02
2.385667736560467369e-05	2.536938350310569490e+02
2.442263026429966104e-05	2.452842959274033774e+02
2.500200092156510981e-05	2.371592344235795338e+02
2.559510710613332733e-05	2.293089274579007508e+02
2.620227409829716086e-05	2.217239860397702387e+02
2.682383486689534664e-05	2.143953440103575190e+02
2.746013025044420370e-05	2.073142465823146381e+02
2.811150914251202087e-05	2.004722398689127658e+02
2.877832868143434875e-05	1.938611603486513388e+02
2.946095444447112565e-05	1.874731249586972979e+02
3.015976064650783376e-05	1.813005214120242954e+02
3.087513034340682894e-05	1.753359988768481799e+02
3.160745564011570915e-05	1.695724587221169202e+02
3.235713790364327296e-05	1.640030464011595370e+02
3.312458798101529313e-05	1.586211424552066660e+02
3.391022642232535944e-05	1.534203546882787066e+02
3.471448370899876538e-05	1.483945102956115534e+02
3.553780048738901622e-05	1.435376483480967522e+02
3.638062780783116721e-05	1.388440123928014032e+02
3.724342736927693272e-05	1.343080435359237583e+02
3.812667176964073547e-05	1.299243734769379159e+02
3.903084476198829769e-05	1.256878181719071961e+02
3.995644151670208638e-05	1.215933713949312960e+02
4.090396888976180804e-05	1.176361980822463948e+02
4.187394569727956398e-05	1.138116298042575920e+02
4.286690299643492239e-05	1.101151574585388460e+02
4.388338437295592189e-05	1.065424267790619126e+02
4.492394623529673807e-05	1.030892323874533076e+02
4.598915811566594902e-05	9.975151397061581804e+01
4.707960297806214876e-05	9.652534894403882504e+01
4.819587753347830529e-05	9.340694998135391813e+01
4.933859256243794785e-05	9.039265927354296082e+01
5.050837324503263721e-05	8.747894407693836172e+01
5.170585949863110153e-05	8.466239288524710105e+01
5.293170632343638317e-05	8.193971077878609321e+01
5.418658415606967974e-05	7.930771560782085317e+01
5.547117923136499055e-05	7.676333420501543969e+01
5.678619395256159330e-05	7.430359845668856167e+01
5.813234727008540767e-05	7.192564181704010196e+01
5.951037506911632682e-05	6.962669575556742529e+01
6.092103056614044072e-05	6.740408642181807863e+01
6.236508471469233645e-05	6.525523137003044383e+01
6.384332662049629307e-05	6.317763641813009912e+01
6.535656396621995865e-05	6.116889262395892501e+01
6.690562344605881370e-05	5.922667333491455111e+01
6.849135121037525445e-05	5.734873140452832985e+01
7.011461332061830480e-05	5.553289642037628937e+01
7.177629621475952013e-05	5.377707207359726027e+01
7.347730718348107306e-05	5.207923362249316313e+01
7.521857485736023789e-05	5.043742543060388073e+01
7.700104970529840671e-05	4.884975858692927630e+01
7.882570454444858465e-05	4.731440864384196487e+01
8.069353506190135572e-05	4.582961335943863901e+01
8.260556034839259089e-05	4.439367059480305500e+01
8.456282344430602227e-05	4.300493624408789373e+01
8.656639189824547455e-05	4.166182221962432664e+01
8.861735833845974398e-05	4.036279458470955461e+01
9.071684105740906480e-05	3.910637161849748367e+01
9.286598460976721225e-05	3.789112209135802800e+01
9.506596042416155844e-05	3.671566350834029180e+01
9.731796742895620260e-05	3.557866042813517993e+01
9.962323269239519656e-05	3.447882284586059853e+01
1.019830120774245123e-04	3.341490467417635557e+01
1.043985909115206551e-04	3.238570220528195875e+01
1.068712846718606696e-04	3.139005263525905676e+01
1.094024396861753069e-04	3.042683272871173727e+01
1.119934338496334072e-04	2.949495741646402536e+01
1.146456773581131053e-04	2.859337844308668153e+01
1.173606134582252459e-04	2.772108324172934246e+01
1.201397192144579643e-04	2.687709358288941885e+01
1.229845062938227844e-04	2.606046444381381022e+01
1.258965217683877345e-04	2.527028288061575978e+01
1.288773489360933505e-04	2.450566691850593060e+01
1.319286081602543488e-04	2.376576450693221787e+01
1.350519577281564297e-04	2.304975244538990253e+01
1.382490947291708616e-04	2.235683548227744666e+01
1.415217559528131536e-04	2.168624527466624130e+01
1.448717188071830218e-04	2.103723952948990572e+01
1.483008022582326378e-04	2.040910106560236059e+01
1.518108677903173321e-04	1.980113698933938338e+01
1.554038203884934967e-04	1.921267784706875403e+01
1.590816095430379958e-04	1.864307682773891628e+01
1.628462302766697952e-04	1.809170898125843152e+01
1.666997241949709702e-04	1.755797051220486082e+01
1.706441805605059877e-04	1.704127796792403515e+01
1.746817373911546103e-04	1.654106766157779518e+01
1.788145825831802239e-04	1.605679490381569252e+01
1.830449550595669858e-04	1.558793338991766220e+01
1.873751459441722349e-04	1.513397457810781077e+01
1.918074997622428216e-04	1.469442706576348812e+01
1.963444156678685495e-04	1.426881601964429791e+01
2.009883486989433711e-04	1.385668259243969835e+01
2.057418118506189114e-04	1.345758340665351760e+01
2.106073743097243000e-04	1.307109002530705588e+01
2.155876672935829331e-04	1.269678839081506005e+01
2.206853824966154140e-04	1.233427838305892088e+01
2.259032742055196001e-04	1.198317335516298776e+01
2.312441607320395187e-04	1.164309963021825745e+01
2.367109258776013963e-04	1.131369609491202688e+01
2.423065204304876256e-04	1.099461376056540551e+01
2.480339636962339668e-04	1.068551534103001011e+01
2.538963450619434112e-04	1.038607487708247135e+01
2.598968255952292458e-04	1.009597732623918809e+01
2.660386396785030549e-04	9.814918204589808681e+00
2.723250966793498208e-04	9.542603232372846023e+00
2.787595826577334273e-04	9.278747976223110427e+00
2.853455621107963314e-04	9.023077519946824054e+00
2.920865797560291493e-04	8.775326142818494546e+00
2.989862623535985355e-04	8.535237013943241635e+00
3.060483205686378321e-04	8.302561844413903103e+00
3.132765508743184111e-04	8.077060691842040896e+00
3.206748374965289546e-04	7.858501582782826844e+00
3.282471544010169724e-04	7.646660289677989830e+00
3.359975673238454422e-04	7.441320059067495052e+00
3.439302358460447290e-04	7.242271357411462773e+00
3.520494155133473114e-04	7.049311630369427206e+00
3.603594600019122498e-04	6.862245070701635363e+00
3.688648233309601556e-04	6.680882331625871196e+00
3.775700621232480928e-04	6.505040448787847041e+00
3.864798379143455039e-04	6.334542461249300871e+00
3.955989195116668298e-04	6.169217312685671750e+00
4.049321854042486945e-04	6.008899610429422999e+00
4.144846262242665724e-04	5.853429450059516093e+00
4.242613472613020664e-04	5.702652223340638926e+00
4.342675710303938764e-04	5.556418438364515211e+00
4.445086398949081455e-04	5.414583549988678080e+00
4.549900187452982341e-04	5.277007792505560069e+00
4.657172977348212131e-04	5.143556016462749625e+00
4.766961950733081786e-04	5.014097535636116376e+00
4.879325598800911853e-04	4.888505972377894970e+00
4.994323750972144227e-04	4.766659117225790609e+00
5.112017604640684259e-04	4.648438787680919226e+00
5.232469755545943527e-04	4.533730686668695498e+00
5.355744236930486688e-04	4.422424280432761812e+00
5.481906519462981025e-04	4.314412671502909191e+00
5.611023589959482664e-04	4.209592464989131422e+00
5.743163954197695814e-04	4.107863659893160602e+00
5.878397677963557305e-04	4.009129536760958068e+00
6.016796421429364099e-04	3.913296545996171716e+00
6.158433474242790487e-04	3.820274194285393055e+00
6.303383791339802139e-04	3.729974951918061610e+00
6.451724029494271435e-04	3.642314147399963176e+00
6.603532584617394490e-04	3.557209872903163372e+00
6.758889629820185934e-04	3.474582892442219517e+00
6.917877154252380627e-04	3.394356550203083245e+00
7.080579002731251462e-04	3.316456687929863367e+00
7.247080916174084442e-04	3.240811555957380463e+00
7.417470572847867892e-04	3.167351737501160169e+00
7.591837630450374999e-04	3.096010067401143928e+00
7.770273769036486035e-04	3.026721557258841067e+00
7.952872734803947876e-04	2.959423324984836068e+00
8.139730384752861701e-04	2.894054519926248403e+00
8.330944732233237435e-04	2.830556258996937746e+00
8.526615993395176858e-04	2.768871557514993142e+00
8.726846634556091175e-04	2.708945271911332053e+00
8.931741420499842397e-04	2.650724027319493192e+00
9.141407463722426826e-04	2.594156168366035686e+00
9.355954274639056382e-04	2.539191698477102577e+00
9.575493812767596523e-04	2.485782222007471454e+00
9.800140538903255507e-04	2.433880896260912863e+00
1.003001146829969300e-03	2.383442371724028064e+00
1.026522622487134953e-03	2.334422749509490025e+00
1.050590709643244676e-03	2.286779524595974777e+00
1.075217909098754015e-03	2.240471562760096180e+00
1.100416999408883236e-03	2.195459009101789150e+00
1.126201042727548564e-03	2.151703290837824856e+00
1.152583390760993434e-03	2.109167051240749213e+00
1.179577690832649345e-03	2.067814115154999577e+00
1.207197892060710371e-03	2.027609446938214433e+00
1.235458251649953956e-03	1.988519112952998658e+00
1.264373341299284900e-03	1.950510247025152077e+00
1.293958053726500896e-03	1.913551016128709925e+00
1.324227609311757819e-03	1.877610572152558888e+00
1.355197562861201700e-03	1.842659036107606063e+00
1.386883811305043325e-03	1.808667461052033243e+00
1.419302597539596469e-03	1.775607793013101121e+00
1.452470522190152640e-03	1.743452847708642395e+00
1.486404547857887726e-03	1.712176279845372129e+00
1.521122007241143418e-03	1.681752554778088493e+00
1.556640610650077573e-03	1.652156921290359959e+00
1.592978453651291548e-03	1.623365384316846294e+00
1.630154024843749215e-03	1.595354677215184092e+00
1.668186213767276554e-03	1.568102244617408880e+00
1.707094318944847025e-03	1.541586209439198107e+00
1.746898056059916242e-03	1.515785354681358665e+00
1.787617566269941553e-03	1.490679098788514789e+00
1.829273424657220813e-03	1.466247478325527043e+00
1.871886648818142131e-03	1.442471118386676299e+00
1.915478707591874823e-03	1.419331222706845752e+00
1.960071529929501184e-03	1.396809539308508041e+00
2.005687513904481391e-03	1.374888363007607417e+00
2.052349535865380468e-03	1.353550498899942278e+00
2.100080959731614322e-03	1.332779247626546315e+00
2.148905646432994806e-03	1.312558394231605252e+00
2.198847963493730413e-03	1.292872186550431790e+00
2.249932794761481513e-03	1.273705321458510564e+00
2.302185550282017431e-03	1.255042927101620576e+00
2.355632176319862221e-03	1.236870549480028059e+00
2.410299165525337222e-03	1.219174137052746909e+00
2.466213567248235448e-03	1.201940026665235584e+00
2.523402997998268338e-03	1.185154930791030070e+00
2.581895652052392832e-03	1.168805921493679234e+00
2.641720312208916885e-03	1.152880422830644624e+00
2.702906360688283206e-03	1.137366193814850046e+00
2.765483790180176503e-03	1.122251313523700889e+00
2.829483215036632856e-03	1.107524183608267654e+00
2.894935882610559681e-03	1.093173500519723840e+00
2.961873684739020542e-03	1.079188254363594224e+00
3.030329169370468180e-03	1.065557717005246596e+00
3.100335552334970799e-03	1.052271429928466562e+00
3.171926729256312714e-03	1.039319197490556013e+00
3.245137287604669615e-03	1.026691076134634617e+00
3.320002518888458525e-03	1.014377366247849022e+00
3.396558430983697124e-03	1.002368603113615197e+00
3.474841760599077858e-03	9.906555489782824520e-01
3.554889986672443714e-03	9.792291859955852829e-01
3.636741339993637169e-03	9.680807088929167525e-01
3.720434820608107401e-03	9.572015157100837168e-01
3.806010207846806902e-03	9.465832031565796223e-01
3.893508074157423643e-03	9.362175599250505131e-01
3.982969798334554980e-03	9.260965600231435557e-01
4.074437578867125438e-03	9.162123570066668110e-01
4.167954447399505220e-03	9.065572786974211983e-01
4.263564282302513032e-03	8.971238200207951596e-01
4.361311822350204086e-03	8.879046476408912758e-01
4.461242680498122941e-03	8.788925755554092278e-01
4.563403357758269788e-03	8.700805811918117527e-01
4.667841257165976712e-03	8.614617917021035742e-01
4.774604697833325848e-03	8.530294797074852164e-01
4.883742929083624215e-03	8.447770628720024932e-01
4.995306144660988622e-03	8.366980995753806605e-01
5.109345497008880611e-03	8.287862849873866011e-01
5.225913111610989113e-03	8.210354497229050974e-01
5.345062101387513219e-03	8.134395566211396478e-01
5.466846581139635577e-03	8.059926990232295640e-01
5.591321682034472960e-03	7.986890978657703588e-01
5.718543566122454014e-03	7.915231014056547387e-01
5.848569440878713388e-03	7.844891823029640499e-01
5.981457573759626535e-03	7.775819371021783777e-01
6.117267306765249504e-03	7.707960847834738338e-01
6.256059070997905917e-03	7.641264662309591449e-01
6.397894401206877073e-03	7.575680427337435630e-01
6.542835950308544847e-03	7.511158962154743657e-01
6.690947503870983172e-03	7.447652286505582753e-01
6.842293994551469118e-03	7.385113614968443763e-01
6.996941516474926639e-03	7.323497357948416386e-01
7.154957339540839872e-03	7.262759121674813301e-01
7.316409923645673247e-03	7.202855711865513433e-01
7.481368932807206870e-03	7.143745130811074429e-01
7.649905249176944949e-03	7.085386584530947163e-01
7.822090986925926692e-03	7.027740485233552326e-01
7.997999505988950819e-03	6.970768463060902365e-01
8.177705425651536977e-03	6.914433345955455223e-01
8.361284637963491140e-03	6.858699204713819553e-01
8.548814320962392146e-03	6.803531322986186014e-01
8.740372951689509909e-03	6.748896227330942743e-01
8.936040319756989245e-03	6.694761658978185537e-01
9.135897536870114799e-03	6.641096644367192603e-01
9.340027053534351309e-03	6.587871406035047395e-01
9.548512668179832963e-03	6.535057452553857393e-01
9.761439539562700302e-03	6.482627520205163085e-01
9.978894198140488697e-03	6.430555642014809115e-01
1.020096455710242656e-02	6.378817066323341223e-01
1.042773992292209823e-02	6.327388325591124518e-01
1.065931100594880686e-02	6.276247195826999414e-01
1.089576992993970816e-02	6.225372727190972011e-01
1.113721024163124435e-02	6.174745200520035393e-01
1.138372691998327385e-02	6.124346154331361536e-01
1.163541638348143670e-02	6.074158363918323866e-01
1.189237650012333128e-02	6.024165855120385826e-01
1.215470659243709541e-02	5.974353847813121954e-01
1.242250744693290491e-02	5.924708784830522434e-01
1.269588131758160945e-02	5.875218312641675711e-01
1.297493193445505011e-02	5.825871256908331519e-01
1.325976450550727520e-02	5.776657599551798805e-01
1.355048572433826051e-02	5.727568472306638903e-01
1.384720377061657293e-02	5.678596145642079707e-01
1.415002831436455374e-02	5.629733969445671615e-01
1.445907051948336873e-02	5.580976378518662795e-01
1.477444304213079360e-02	5.532318871618412404e-01
1.509626003268508751e-02	5.483757948737609800e-01
1.542463713684087516e-02	5.435291125040740967e-01
1.575969149124050589e-02	5.386916869747854220e-01
1.610154172282636520e-02	5.338634579045993256e-01
1.645030794720340681e-02	5.290444527575144384e-01
1.680611176124477413e-02	5.242347887104136239e-01
1.716907623952356604e-02	5.194346628268931010e-01
1.753932592961685022e-02	5.146443503531591412e-01
1.791698684141737608e-02	5.098642031822255838e-01
1.830218644031877603e-02	5.050946401290283827e-01
1.869505363911009438e-02	5.003361511438030318e-01
1.909571878375017351e-02	4.955892854740098774e-01
1.950431364296137740e-02	4.908546522798810652e-01
1.992097139633388497e-02	4.861329138980477471e-01
2.034582661636069253e-02	4.814247827942090829e-01
2.077901525406824004e-02	4.767310186938679695e-01
2.122067462293297443e-02	4.720524191690664839e-01
2.167094338009976223e-02	4.673898235849076044e-01
2.212996149564623247e-02	4.627441013163467454e-01
2.259787024945320022e-02	4.581161518663290910e-01
2.307481219352847113e-02	4.535068991527026472e-01
2.356093113308155296e-02	4.489172873733797142e-01
2.405637209709860641e-02	4.443482792185290964e-01
2.456128131264533401e-02	4.398008494802145840e-01
2.507580617350406785e-02	4.352759829811631009e-01
2.560009520953993034e-02	4.307746689770933779e-01
2.613429805307487808e-02	4.262978997100235756e-01
2.667856540426721476e-02	4.218466657308697632e-01
2.723304899479367380e-02	4.174219534407951904e-01
2.779790154755032439e-02	4.130247402412503543e-01
2.837327673945263043e-02	4.086559938247961155e-01
2.895932915555250037e-02	4.043166679366651528e-01
2.955621424898916688e-02	4.000076988890897689e-01
3.016408829073963585e-02	3.957300044602602429e-01
3.078310832637071517e-02	3.914844807307865104e-01
3.141343212195559648e-02	3.872720003600504945e-01
3.205521811421325334e-02	3.830934074941621525e-01
3.270862535867875148e-02	3.789495203841989901e-01
3.337381346934119308e-02	3.748411266991998891e-01
3.405094256653055235e-02	3.707689813210691687e-01
3.474017321200777164e-02	3.667338064566135758e-01
3.544166634953204581e-02	3.627362892715863540e-01
3.615558324342873359e-02	3.587770788100599906e-01
3.688208540811064445e-02	3.548567898509257246e-01
3.762133454280165018e-02	3.509759959207622293e-01
3.837349246433899991e-02	3.471352311721851991e-01
3.913872103092307791e-02	3.433349907094541131e-01
3.991718207220753406e-02	3.395757252240515500e-01
4.070903732014963250e-02	3.358578251321081010e-01
4.151444834291556640e-02	3.321816347580068829e-01
4.233357658109734162e-02	3.285476353004008754e-01
4.316658167871476048e-02	3.249561867418330752e-01
4.401362500865416832e-02	3.214071794138095850e-01
4.487486797213462858e-02	3.179007583100750822e-01
4.575046839395321974e-02	3.144374080439860109e-01
4.664058516636799406e-02	3.110172189605772131e-01
4.754537622187748197e-02	3.076401420868308256e-01
4.846499859107103458e-02	3.043062207185545098e-01
4.939960832228725701e-02	3.010154354172366320e-01
5.034936039252999040e-02	2.977677094218241782e-01
5.131440875548509001e-02	2.945629506207072534e-01
5.229490566041380961e-02	2.914010387565902915e-01
5.329100243451926483e-02	2.882817604677367362e-01
5.430284878093129958e-02	2.852048722096860445e-01
5.533059283044607091e-02	2.821701132282626312e-01
5.637438103265475509e-02	2.791771700522751032e-01
5.743435805218513601e-02	2.762256901512626928e-01
5.851066665936584255e-02	2.733152804395597713e-01
5.960344762189644097e-02	2.704455081753665557e-01
6.071283959357210575e-02	2.676159039241369220e-01
6.183897900567550399e-02	2.648259590324204549e-01
6.298199995445832866e-02	2.620751272278132316e-01
6.414203408653165739e-02	2.593628263034337689e-01
6.531921049012570646e-02	2.566884374894496945e-01
6.651365557629594638e-02	2.540513071857435357e-01
6.772549297039857918e-02	2.514507463909751439e-01
6.895484339256205408e-02	2.488860331725551711e-01
7.020182454534475147e-02	2.463564117818490273e-01
7.146655100131121818e-02	2.438610945934009400e-01
7.274913408360839107e-02	2.413992628883634139e-01
7.404968175380632900e-02	2.389700659364152602e-01
7.536829849999603093e-02	2.365726256077785861e-01
7.670508521789448642e-02	2.342060343204838135e-01
7.806013909998792133e-02	2.318693574824985393e-01
7.943355352532217861e-02	2.295616345107290290e-01
8.082541794235179045e-02	2.272818784652541890e-01
8.223581776070888749e-02	2.250290807623546996e-01
8.366483424418814929e-02	2.228022096891228987e-01
8.511254439742332867e-02	2.206002134370504686e-01
8.657902086399360542e-02	2.184220222672316192e-01
8.806433183312431523e-02	2.162665000916080826e-01
8.956854098341796022e-02	2.141324929290133461e-01
9.109170826237827923e-02	2.120192374295946369e-01
9.263388199202743367e-02	2.099254821464538734e-01
9.419512005429676871e-02	2.078495480598792355e-01
9.577546211120976927e-02	2.057906731927266752e-01
9.737494786522532531e-02	2.037478922081609189e-01
9.899361163332641433e-02	2.017198455051162631e-01
1.006314817613080115e-01	1.997054331704134489e-01
1.022885819562956572e-01	1.977034797447370651e-01
1.039649302426572386e-01	1.957128298254758869e-01
1.056605391346255446e-01	1.937323596552420757e-01
1.073754155708775970e-01	1.917609437823080132e-01
1.091095608307086628e-01	1.897974730544691180e-01
1.108629704672124128e-01	1.878408544070681585e-01
1.126356342351990392e-01	1.858900194745131962e-01
1.144275360310530870e-01	1.839439219066070774e-01
1.162386538295477056e-01	1.820015463586750482e-01
1.180689596282671616e-01	1.800619063103645057e-01
1.199184193942645360e-01	1.781240540359274871e-01
1.217869930156718489e-01	1.761870783108056282e-01
1.236746342574641250e-01	1.742501111300527317e-01
1.255812907188245675e-01	1.723123295231386021e-01
1.275069038008113942e-01	1.703729602249117736e-01
1.294514086701106792e-01	1.684312807610487406e-01
1.314147342366369653e-01	1.664866257147495365e-01
1.333968031255796105e-01	1.645383866428370423e-01
1.353975316649146110e-01	1.625860158391061738e-01
1.374168298659261267e-01	1.606290289716813258e-01
1.394546014209611662e-01	1.586670078788635085e-01
1.415107436935006124e-01	1.566996012750159206e-01
1.435851477216864014e-01	1.547265274844064065e-01
1.456776982267160014e-01	1.527475752311545920e-01
1.477882736179541578e-01	1.507626082520653610e-01
1.499167459666477520e-01	1.487715591079536992e-01
1.520629811993542135e-01	1.467744288469343683e-01
1.542268388723118944e-01	1.447713010173837245e-01
1.564081723621002507e-01	1.427623294606118198e-01
1.586068288656551084e-01	1.407477369267769174e-01
1.608226494342694657e-01	1.387278180348437973e-01
1.630554690215967883e-01	1.367029372047803837e-01
1.653051165363913222e-01	1.346735263023770557e-01
1.675714148908638013e-01	1.326400819325999347e-01
1.698541810632260007e-01	1.306031645161138399e-01
1.721532261647285844e-01	1.285633915863662047e-01
1.744683555021344923e-01	1.265214404044560925e-01
1.767993686543033183e-01	1.244780391094413158e-01
1.791460595529139055e-01	1.224339655895172463e-01
1.815082165587073859e-01	1.203900426713142846e-01
1.838856225513941511e-01	1.183471342240712404e-01
1.862780550232360777e-01	1.163061401724976435e-01
1.886852861716850627e-01	1.142679931538701094e-01
1.911070829897086598e-01	1.122336529050861481e-01
1.935432073887224103e-01	1.102041013865120850e-01
1.959934162888444520e-01	1.081803388930993315e-01
1.984574617385899686e-01	1.061633789072585349e-01
2.009350910239032784e-01	1.041542429238899309e-01
2.034260467907701708e-01	1.021539567787283637e-01
2.059300671637693814e-01	1.001635457400270185e-01
2.084468858720360251e-01	9.818403027321950804e-02
2.109762323765189684e-01	9.621642068807265136e-02
2.135178320011954789e-01	9.426171655753672052e-02
2.160714060671407311e-01	9.232089466519904919e-02
2.186366720264868724e-01	9.039491936128397909e-02
2.212133436053008717e-01	8.848472603313140006e-02
2.238011309399842164e-01	8.659122253555985582e-02
2.263997407258917238e-01	8.471528929302044042e-02
2.290088763572511454e-01	8.285777304188791936e-02
2.316282380805544938e-01	8.101948617286372500e-02
2.342575231381627821e-01	7.920120369758282264e-02
2.368964259215006751e-01	7.740366251601099590e-02
2.395446381256843005e-01	7.562756062797364176e-02
2.422018488969128192e-01	7.387355352309953049e-02
2.448677449942468776e-01	7.214225472072929857e-02
2.475420109383282274e-01	7.043423622310888976e-02
2.502243291705849582e-01	6.875002694434508010e-02
2.529143801633418898e-01	6.709011109735645018e-02
2.556118427602583343e-01	6.545492780159925528e-02
2.583163940647725809e-01	6.384487659235509038e-02
2.610277097755223652e-01	6.226031404770202698e-02
2.637454642954280559e-01	6.070155208986051376e-02
2.664693308924316328e-01	5.916886228952476789e-02
2.691989818597940731e-01	5.766247502139871389e-02
2.719340886661210099e-01	5.618258110852487192e-02
2.746743221158174930e-01	5.472933254106197853e-02
2.774193525021846352e-01	5.330284405997063463e-02
2.801688497656615873e-01	5.190319366860609435e-02
2.829224836409541810e-01	5.053042446769474144e-02
2.856799238122668116e-01	4.918454416423545528e-02
2.884408400668037054e-01	4.786553317184782247e-02
2.912049024380827245e-01	4.657333621787803496e-02
2.939717813567697680e-01	4.530787039399640503e-02
2.967411477991824809e-01	4.406902468284069202e-02
2.995126734284409009e-01	4.285666194232819887e-02
3.022860307309658823e-01	4.167062015429229965e-02
3.050608931685806491e-01	4.051071364796320767e-02
3.078369353108079132e-01	3.937673491827443223e-02
3.106138329678014842e-01	3.826845588960461897e-02
3.133912633290045213e-01	3.718562941827555091e-02
3.161689050896836495e-01	3.612799066845277796e-02
3.189464385832229132e-01	3.509525832684181473e-02
3.217235459050429291e-01	3.408713599922852389e-02
3.244999110367436934e-01	3.310331360265032080e-02
3.272752199650492688e-01	3.214346836603287211e-02
3.300491608023023993e-01	3.120726620654429642e-02
3.328214239004089192e-01	3.029436274570184232e-02
3.355917019602703277e-01	2.940440453121479641e-02
3.383596901460441120e-01	2.853702994711319885e-02
3.411250861858605710e-01	2.769187038908383150e-02
3.438875904771722669e-01	2.686855107396018960e-02
3.466469061890647407e-01	2.606669203443681346e-02
3.494027393531814463e-01	2.528590892968068243e-02
3.521547989643782350e-01	2.452581397050868778e-02
3.549027970646342345e-01	2.378601666859319827e-02
3.576464488331563829e-01	2.306612446932277197e-02
3.603854726733048408e-01	2.236574363035110161e-02
3.631195902873828874e-01	2.168448017590267340e-02
3.658485267103898653e-01	2.102193944012589050e-02
3.685720105659803236e-01	2.037772683127564433e-02
3.712897738741027243e-01	1.975145018049877937e-02
3.740015522870357989e-01	1.914271871508642364e-02
3.767070851172533152e-01	1.855114312928881140e-02
3.794061153921538532e-01	1.797633695642721768e-02
3.820983899155160901e-01	1.741791662494581588e-02
3.847836593256399040e-01	1.687550183346318497e-02
3.874616781402833721e-01	1.634871595343710335e-02
3.901322048086977579e-01	1.583718629722766918e-02
3.927950017602936383e-01	1.534054438985825441e-02
3.954498354401373983e-01	1.485842631168685438e-02
3.980964763517350069e-01	1.439047279786692148e-02
4.007346990963461253e-01	1.393632959318219858e-02
4.033642823995580717e-01	1.349564752365485162e-02
4.059850091450047938e-01	1.306808273701794143e-02
4.085966664044990981e-01	1.265329680570966009e-02
4.111990454595063627e-01	1.225095693251080503e-02
4.137919418136526972e-01	1.186073599450005074e-02
4.163751552319409077e-01	1.148231256039544332e-02
4.189484897390375884e-01	1.111537115273864181e-02
4.215117536420323052e-01	1.075960217466997992e-02
4.240647595351281218e-01	1.041470200510886783e-02
4.266073243126995984e-01	1.008037303545180653e-02
4.291392691717079155e-01	9.756323654068577850e-03
4.316604196161311080e-01	9.442268329839510060e-03
4.341706054570283468e-01	9.137927549314023637e-03
4.366696608112711209e-01	8.843027825162200553e-03
4.391574240979767563e-01	8.557301689612108533e-03
4.416337380297516435e-01	8.280487687120764370e-03
4.440984496084687261e-01	8.012330259426662243e-03
4.465514101095751087e-01	7.752579814495061568e-03
4.489924750748612303e-01	7.500992609196532358e-03
4.514215042918664489e-01	7.257330688461858040e-03
4.538383617835194395e-01	7.021361867031981202e-03
4.562429157828001847e-01	6.792859636214051110e-03
4.586350387195837208e-01	6.571603108254365187e-03
4.610146071917725075e-01	6.357376943096117346e-03
4.633815019443617289e-01	6.149971242281690974e-03
4.657356078469081506e-01	5.949181520832225005e-03
4.680768138602450223e-01	5.754808729795870582e-03
4.704050129667628477e-01	5.566658789320339494e-03
4.727201023121275214e-01	5.384542648702271561e-03
4.750219829242097180e-01	5.208276676909261681e-03
4.773105598395703253e-01	5.037682099488404418e-03
4.795857420347921507e-01	4.872584868850358096e-03
4.818474423842323828e-01	4.712815734735259152e-03
4.840955776268195954e-01	4.558210138871281701e-03
4.863300683316044704e-01	4.408608106689329738e-03
4.885508388519269052e-01	4.263854130243860049e-03
4.907578172890961210e-01	4.123797087697029552e-03
4.929509354548760047e-01	3.988290160824269071e-03
4.951301288227001329e-01	3.857190701799371579e-03
4.972953364886643635e-01	3.730360197029951221e-03
4.994465011312837488e-01	3.607664107996212243e-03
5.015835689604704051e-01	3.488971834955415137e-03
5.037064896761860311e-01	3.374156590169704456e-03
5.058152164257613270e-01	3.263095298250302204e-03
5.079097057513912716e-01	3.155668548002306222e-03
5.099899175501333426e-01	3.051760458568610317e-03
5.120558150158175392e-01	2.951258632821013046e-03
5.141073646043827772e-01	2.854054014981604031e-03
5.161445359798361165e-01	2.760040840591118476e-03
5.181673019625162580e-01	2.669116559032632275e-03
5.201756384852046500e-01	2.581181723128404045e-03
5.221695245406022812e-01	2.496139919965148848e-03
5.241489421331492204e-01	2.413897699670473820e-03
5.261138762286196036e-01	2.334364472720098973e-03
5.280643147045950281e-01	2.257452447065172712e-03
5.300002483007779652e-01	2.183076553227438626e-03
5.319216705661798938e-01	2.111154347573564183e-03
5.338285778130996695e-01	2.041605980051514058e-03
5.357209690615520881e-01	1.974354076908739573e-03
5.375988459943681352e-01	1.909323692408163454e-03
5.394622129007325961e-01	1.846442247169343158e-03
5.413110766323253609e-01	1.785639439082306861e-03
5.431454465467093762e-01	1.726847194179579638e-03
5.449653344602024552e-01	1.669999596292740798e-03
5.467707545998933272e-01	1.615032820009377427e-03
5.485617235477273645e-01	1.561885077721453024e-03
5.503382601979346367e-01	1.510496542664702298e-03
5.521003857008363047e-01	1.460809319711157917e-03
5.538481234160631539e-01	1.412767416426019855e-03
5.555814988177069091e-01	1.366316545664933392e-03
5.573005396265898748e-01	1.321404130686629468e-03
5.590052754946880365e-01	1.277979435831198872e-03
5.606957381340424984e-01	1.235993324999848115e-03
5.623719612193294193e-01	1.195398209926898207e-03
5.640339803440705957e-01	1.156148059022975164e-03
5.656818329771567955e-01	1.118198341534581584e-03
5.673155584080894487e-01	1.081505979003306341e-03
5.689351977055998599e-01	1.046029299584637666e-03
5.705407936695869875e-01	1.011727979450406873e-03
5.721323907889943605e-01	9.785630263592210148e-04
5.737100351902141293e-01	9.464967169329954050e-04
5.752737745960811999e-01	9.154925703436461813e-04
5.768236582837918958e-01	8.855152976829169667e-04
5.783597370348527722e-01	8.565307746451555166e-04
5.798820630954036881e-01	8.285059978601286160e-04
5.813906901352766665e-01	8.014090469994598767e-04
5.828856732023770526e-01	7.752090636374837484e-04
5.843670686753941190e-01	7.498762031010466293e-04
5.858349342347751731e-01	7.253816065487496889e-04
5.872893288118528066e-01	7.016973687151584899e-04
5.887303125538861925e-01	6.787965092204991660e-04
5.901579467809728863e-01	6.566529408394711914e-04
5.915722939457598306e-01	6.352414467629873213e-04
5.929734175984511246e-01	6.145376406607761270e-04
5.943613823439015675e-01	5.945179496037040741e-04
5.957362538100803295e-01	5.751595798226524564e-04
5.970980986021907633e-01	5.564405032616973491e-04
5.984469842762549785e-01	5.383394166171719510e-04
5.997829792902313883e-01	5.208357342587244428e-04
6.011061529830037387e-01	5.039095483441610691e-04
6.024165755284394130e-01	4.875416188498140854e-04
6.037143179044274222e-01	4.717133490669253907e-04
6.049994518587965553e-01	4.564067593350718921e-04
6.062720498767586452e-01	4.416044731217972285e-04
6.075321851484196678e-01	4.272896899786772962e-04
6.087799315352828700e-01	4.134461758136183688e-04
6.100153635360835436e-01	4.000582364050678957e-04
6.112385562624081947e-01	3.871106990164012657e-04
6.124495854026897890e-01	3.745889061325266773e-04
6.136485271916523043e-01	3.624787038091499655e-04
6.148354583394259887e-01	3.507663807096414606e-04
6.160104561761461373e-01	3.394386691274080617e-04
6.171735983665108671e-01	3.284827983444274621e-04
6.183249630515437190e-01	3.178864106817812511e-04
6.194646287784872918e-01	3.076375446023112549e-04
6.205926744703286202e-01	2.977246483052085326e-04
6.217091794072562294e-01	2.881365538418187411e-04
6.228142231970433818e-01	2.788624696983621281e-04
6.239078857455250260e-01	2.698919684320223136e-04
6.249902472404821330e-01	2.612149662168769169e-04
6.260613881234038391e-01	2.528217208618942355e-04
6.271213890610549679e-01	2.447028163617858592e-04
6.281703309315831429e-01	2.368491516735182225e-04
6.292082947971245899e-01	2.292519278605360214e-04
6.302353618776271871e-01	2.219026468579640883e-04
6.312516135380009663e-01	2.147930905816229196e-04
6.322571312612417227e-01	2.079153160551725703e-04
6.332519966282514901e-01	2.012616478829027322e-04
6.342362912991340584e-01	1.948246685953901965e-04
6.352100969891746329e-01	1.885972092077375158e-04
6.361734954575601897e-01	1.825723366532041063e-04
6.371265684834628296e-01	1.767433537691553665e-04
6.380693978480155293e-01	1.711037869976261708e-04
6.390020653159452779e-01	1.656473788894658307e-04
6.399246526195153661e-01	1.603680806286599512e-04
6.408372414450496102e-01	1.552600468848510100e-04
6.417399134046612996e-01	1.503176272486811545e-04
6.426327500347684962e-01	1.455353609538348502e-04
6.435158327717965809e-01	1.409079680477502889e-04
6.443892429370794428e-01	1.364303475941539196e-04
6.452530617264449209e-01	1.320975658902895898e-04
6.461073701906810962e-01	1.279048561302965393e-04
6.469522492237477218e-01	1.238476104213079374e-04
6.477877795557874796e-01	1.199213740135271185e-04
6.486140417195132013e-01	1.161218417019285688e-04
6.494311160650844128e-01	1.124448508601380391e-04
6.502390827288736519e-01	1.088863818076432686e-04
6.510380215965175799e-01	1.054425432508607164e-04
6.518280123981246010e-01	1.021095683701981634e-04
6.526091345501093821e-01	9.888382687325963645e-05
6.533814672305722215e-01	9.576181015125874853e-05
6.541450893581857162e-01	9.274011826409176687e-05
6.549000795732928815e-01	8.981546735647107549e-05
6.556465162245237455e-01	8.698468423339527711e-05
6.563844773713665148e-01	8.424469840871791815e-05
6.571140407665454486e-01	8.159254407351936532e-05
6.578352838416758885e-01	7.902535327578102096e-05
6.585482837108713738e-01	7.654035160342967587e-05
6.592531171640497734e-01	7.413485785646627493e-05
6.599498606298335179e-01	7.180628230494909444e-05
6.606385902064969562e-01	6.955211580189063340e-05
6.613193816401141678e-01	6.736993605938719975e-05
6.619923102928143566e-01	6.525740139779442667e-05
6.626574511765979114e-01	6.321224509129142290e-05
6.633148789282329316e-01	6.123227611569429993e-05
6.639646677821735565e-01	5.931537815289841651e-05
6.646068916033583962e-01	5.745950219100642408e-05
6.652416238552111283e-01	5.566266753415510533e-05
6.658689375958982692e-01	5.392296054530865346e-05
6.664889054886077302e-01	5.223852794103727213e-05
6.671015997747127280e-01	5.060757993395590434e-05
6.677070922805858899e-01	4.902838529690879747e-05
6.683054544184041657e-01	4.749926904574605695e-05
6.688967571682351565e-01	4.601861138589617977e-05
6.694810710866999637e-01	4.458484666762839384e-05
6.700584662926190038e-01	4.319645996582960275e-05
6.706290124665831298e-01	4.185198715098624819e-05
6.711927788517475513e-01	4.055001095997173670e-05
6.717498342441119430e-01	3.928916141267381137e-05
6.723002469910309697e-01	3.806811364058944021e-05
6.728440849923514877e-01	3.688558532269983092e-05
6.733814156898587644e-01	3.574033753605671525e-05
6.739123060782559183e-01	3.463117072392450717e-05
6.744368226777416320e-01	3.355692566589847404e-05
6.749550315627684816e-01	3.251648004730545323e-05
6.754669983374539388e-01	3.150874866912520652e-05
6.759727881386562443e-01	3.053268207226180782e-05
6.764724656435437966e-01	2.958726692664972861e-05
6.769660950314401182e-01	2.867151955063346612e-05
6.774537400760667349e-01	2.778448725007076942e-05
6.779354640308400404e-01	2.692525204258563502e-05
6.784113296719258557e-01	2.609292450846261726e-05
6.788813993635970379e-01	2.528664778616718714e-05
6.793457348319145161e-01	2.450559221679346762e-05
6.798043975533654137e-01	2.374894427161451047e-05
6.802574483845928999e-01	2.301592641791995968e-05
6.807049477450074493e-01	2.230578840848879417e-05
6.811469555671837428e-01	2.161780041371672419e-05
6.815835313103522086e-01	2.095125649187609156e-05
6.820147339655360241e-01	2.030547367391165089e-05
6.824406220353766983e-01	1.967979159692728215e-05
6.828612535484552826e-01	1.907357137914163095e-05
6.832766860615697713e-01	1.848619425464194578e-05
6.836869766512161384e-01	1.791706179554049125e-05
6.840921819156124961e-01	1.736559522159232140e-05
6.844923579835893168e-01	1.683123372090977800e-05
6.848875605055770865e-01	1.631343542902543813e-05
6.852778446553873248e-01	1.581167530109360035e-05
6.856632651432813530e-01	1.532544543187928457e-05
6.860438761914070538e-01	1.485425460015356017e-05
6.864197315670615973e-01	1.439762661648708291e-05
6.867908845598192924e-01	1.395510118251965796e-05
6.871573879856637257e-01	1.352623340129423015e-05
6.875192941991787876e-01	1.311059144144273826e-05
6.878766550875705654e-01	1.270775777190135310e-05
6.882295220714962358e-01	1.231732868833454465e-05
6.885779461086569686e-01	1.193891287268848220e-05
6.889219776950450402e-01	1.157213191269855512e-05
6.892616668643865019e-01	1.121661956789379069e-05
6.895970631935530726e-01	1.087202088125007471e-05
6.899282158005201060e-01	1.053799240505882731e-05
6.902551733532582556e-01	1.021420192951384500e-05
6.905779840531159897e-01	9.900327894768386430e-06
6.908966956659473579e-01	9.596058368608128235e-06
6.912113554988215114e-01	9.301091950082943585e-06
6.915220104124604195e-01	9.015136701170937524e-06
6.918287068223730740e-01	8.737909780162763442e-06
6.921314906987426907e-01	8.469137802389036787e-06
6.924304075757061749e-01	8.208556141101085437e-06
6.927255025226018992e-01	7.955907942889358907e-06
6.930168202314400672e-01	7.710943431825279280e-06
6.933044049070242743e-01	7.473422784937226658e-06
6.935883003359887278e-01	7.243113927512487507e-06
6.938685498730526868e-01	7.019790813615701188e-06
6.941451964518997597e-01	6.803234689086086800e-06
6.944182825769416034e-01	6.593234259970650322e-06
6.946878503271768368e-01	6.389584729550541525e-06
6.949539413676683042e-01	6.192087379991812513e-06
6.952165969427663850e-01	6.000550149134713913e-06
6.954758578776401023e-01	5.814787068815572340e-06
6.957317645917706628e-01	5.634617679801336034e-06
6.959843570920466460e-01	5.459867286941388330e-06
6.962336749727346952e-01	5.290367073489760890e-06
6.964797574312103778e-01	5.125952752773948670e-06
6.967226432603516040e-01	4.966465852644598019e-06
6.969623708471650581e-01	4.811752721922092932e-06
6.971989781909707640e-01	4.661663995155013515e-06
6.974325028937331528e-01	4.516055574000225145e-06
6.976629821607560622e-01	4.374787595940536092e-06
6.978904528171903099e-01	4.237724387289739210e-06
6.981149512979051286e-01	4.104734752890784445e-06
6.983365136540572449e-01	3.975691307667915784e-06
6.985551755590144740e-01	3.850470873835291726e-06
6.987709723029945641e-01	3.728953945608790438e-06
6.989839388075087534e-01	3.611024552839588315e-06
6.991941096200716688e-01	3.496570242282764962e-06
6.994015189187181569e-01	3.385482351622255877e-06
6.996062005150075480e-01	3.277655155497957577e-06
6.998081878561358549e-01	3.172986389283432063e-06
7.000075140337366220e-01	3.071376636907458045e-06
7.002042117717657277e-01	2.972729840177044888e-06
7.003983134481528428e-01	2.876952433909455756e-06
7.005898510848191929e-01	2.783953897954351908e-06
7.007788563538265292e-01	2.693646290570665921e-06
7.009653605826359213e-01	2.605944325027120373e-06
7.011493947530852422e-01	2.520765269894280634e-06
7.013309895052044496e-01	2.438028749603295606e-06
7.015101751467568425e-01	2.357656524423592859e-06
7.016869816443348506e-01	2.279572865577320174e-06
7.018614386326986754e-01	2.203704170727475364e-06
7.020335754220790037e-01	2.129979341599177406e-06
7.022034209621403900e-01	2.058328409431231125e-06
7.023710039587206522e-01	1.988682907071219008e-06
7.025363527257908469e-01	1.920977563782127288e-06
7.026994952745819756e-01	1.855148700029505209e-06
7.028604593107924403e-01	1.791133437369227325e-06
7.030192722234388514e-01	1.728871017580013307e-06
7.031759610854491083e-01	1.668302155907423285e-06
7.033305526688117260e-01	1.609368637956352551e-06
7.034830734523491724e-01	1.552013910120935746e-06
7.036335495845031929e-01	1.496182840295576144e-06
7.037820069377531684e-01	1.441820839905737627e-06
7.039284710920660215e-01	1.388874806449119141e-06
7.040729673077790185e-01	1.337292700607166008e-06
7.042155205791391648e-01	1.287022807697826781e-06
7.043561556129809276e-01	1.238014446857749331e-06
7.044948968048901916e-01	1.190217763841526609e-06
7.046317682949061467e-01	1.143582739731966390e-06
7.047667939409798521e-01	1.098060054236030665e-06
7.048999973013371223e-01	1.053600498318929998e-06
7.050314016845034004e-01	1.010154479288787225e-06
7.051610301171028494e-01	9.676721926343268733e-07
7.052889053518636153e-01	9.261031731298619928e-07
7.054150498885007892e-01	8.853958174971192897e-07
7.055394859455949019e-01	8.454973520457230737e-07
7.056622354934443120e-01	8.063528088459700657e-07
7.057833202355355828e-01	7.679047740861203217e-07
7.059027616237000258e-01	7.300923828297221414e-07
7.060205808553740026e-01	6.928502339898574840e-07
7.061367988757121239e-01	6.561074176431247643e-07
7.062514363791014826e-01	6.197852048501535089e-07
7.063645138169476478e-01	5.837948776829942947e-07
7.064760514006296344e-01	5.480343343681482754e-07
7.065860690876566430e-01	5.123833085125892625e-07
7.066945866092478878e-01	4.761911417451105720e-07
7.068016234522073171e-01	4.403002777869169983e-07
7.069071988800732509e-01	4.039550761751408478e-07
7.070113319072240943e-01	3.668370417605453588e-07
7.071140413363763422e-01	3.284916208097892251e-07
7.072153457353832495e-01	2.882231482743356085e-07
7.073152634448520715e-01	2.448551731193420686e-07
7.074138125918350006e-01	1.960830509898255157e-07
7.075110110540545616e-01	1.359218093227121279e-07
7.076068765553147344e-01	0.000000000000000000e+00
