# Data associated with arXiv:2208.14002
# 
# Scale-free J-factor angular distribution, J_S(theta), of a nfw0-6rhos4e6 dark matter distribution (see Eq. 2.4 and the surrounding discussion)
# 
# Published: 8/25/22, Jack Runburg and Kenny Kiriu, contact: runburg@hawaii.edu
# 
# 
# -----------------------------------------------------------------
# 
# 	 tilde theta 		 | 	 tilde J s-wave 		 | 	 tilde J p-wave 		 | 	 tilde J d-wave 		 | 	 tilde J sommerfeld 
# 
# -----------------------------------------------------------------
1.000000000000000021e-03	5.213425338857725677e+01	4.064853551269899867e+01	1.288333875805614639e+02	3.343769131391793508e+02
1.021192151037671062e-03	5.195988113511179307e+01	4.063649542041842011e+01	1.288154989998327835e+02	3.313179345191955463e+02
1.042833409340945643e-03	5.178135557055500016e+01	4.062414512223505625e+01	1.287971499193151885e+02	3.281904882408659319e+02
1.064933292458827233e-03	5.159867615884874681e+01	4.061148228137074767e+01	1.287783369721383906e+02	3.249950290492761837e+02
1.087501519637659123e-03	5.141185598211465901e+01	4.059850535421500695e+01	1.287590580045998934e+02	3.217322912126065262e+02
1.110548016095517111e-03	5.122092422164408987e+01	4.058521376777552803e+01	1.287393123516878575e+02	3.184033352502705156e+02
1.134082917387199208e-03	5.102592924462695123e+01	4.057160814886443490e+01	1.287191011944296122e+02	3.150096051700693920e+02
1.158116573861711456e-03	5.082694253745080459e+01	4.055769062846818684e+01	1.286984280365855966e+02	3.115530000689574877e+02
1.182659555214217667e-03	5.062406387067030522e+01	4.054346525996209749e+01	1.286772993626906327e+02	3.080359661216580776e+02
1.207722655134462354e-03	5.041742834515599014e+01	4.052893861832642131e+01	1.286557255853702202e+02	3.044616188803433943e+02
1.233316896053688856e-03	5.020721648761421818e+01	4.051412070457796943e+01	1.286337224819518497e+02	3.008339133119448547e+02
1.259453533992170365e-03	4.999366966974214677e+01	4.049902640358424577e+01	1.286113135206447566e+02	2.971578947073856511e+02
1.286144063509461061e-03	4.977711574600166955e+01	4.048367804202960230e+01	1.285885339594658205e+02	2.934401001778829254e+02
1.313400222759557485e-03	4.955801693919160300e+01	4.046811041790201102e+01	1.285654389356855631e+02	2.896892784872007383e+02
1.341233998653187541e-03	4.933707559139192256e+01	4.045238243174198800e+01	1.285421222314418515e+02	2.859179157298194127e+02
1.369657632129505243e-03	4.911553900914283588e+01	4.043661191478535955e+01	1.285187725960178113e+02	2.821464702854478332e+02
1.398683623539492566e-03	4.889671313975616584e+01	4.042115335672138343e+01	1.284959615867951186e+02	2.784237732210299896e+02
1.428324738143458596e-03	4.867064915004142733e+01	4.040477812621470832e+01	1.284716956873031108e+02	2.746242485098605925e+02
1.458594011725036863e-03	4.844157629717364699e+01	4.038784753806685757e+01	1.284465462653137422e+02	2.708212827925341912e+02
1.489504756324154782e-03	4.820560491307867323e+01	4.036982677717689683e+01	1.284196382913802665e+02	2.669707879252741236e+02
1.521070566091505720e-03	4.797393567325198660e+01	4.035206409391342675e+01	1.283931587706264281e+02	2.632192355597919118e+02
1.553305323267072666e-03	4.774472099727671548e+01	4.033434822886989224e+01	1.283667663875419578e+02	2.595403569723119404e+02
1.586223204285366938e-03	4.751208507076029974e+01	4.031594006911780070e+01	1.283392574657463570e+02	2.558591539391910601e+02
1.619838686010041055e-03	4.728045835171912614e+01	4.029738178740608134e+01	1.283115132341116293e+02	2.522320802078574218e+02
1.654166552100628336e-03	4.704982688061804197e+01	4.027867173114274379e+01	1.282835308404413865e+02	2.486582315435986459e+02
1.689221899514206692e-03	4.682011904493726462e+01	4.025980542516196437e+01	1.282553032606162446e+02	2.451355017512312315e+02
1.725020145144853453e-03	4.659135359614980132e+01	4.024078274486486606e+01	1.282268298680742191e+02	2.416634602976201620e+02
1.761577032603788440e-03	4.636358216049407588e+01	4.022160530319987259e+01	1.281981125677528723e+02	2.382428030551166671e+02
1.798908639143220224e-03	4.613678699399447680e+01	4.020227123383510559e+01	1.281691481033653588e+02	2.348724021270765263e+02
1.837031382726912916e-03	4.591090042784846048e+01	4.018277604297691852e+01	1.281399293933802710e+02	2.315503080928195345e+02
1.875962029250603357e-03	4.568594109730696573e+01	4.016311961827189236e+01	1.281104557880064760e+02	2.282762630177632275e+02
1.915717699915417882e-03	4.546196077529207002e+01	4.014330355750895052e+01	1.280807292872529786e+02	2.250505542778553547e+02
1.956315878757565116e-03	4.523893812897411237e+01	4.012332539273371879e+01	1.280507461125429245e+02	2.218720228122695914e+02
1.997774420337589726e-03	4.501680929500818706e+01	4.010318062943359507e+01	1.280204991278089039e+02	2.187387633726060585e+02
2.040111557592579582e-03	4.479559279581517472e+01	4.008286917836401386e+01	1.279899876560064058e+02	2.156508053318440830e+02
2.083345909854779961e-03	4.457534048547599781e+01	4.006239285942238126e+01	1.279592138466586135e+02	2.126083170626671688e+02
2.127496491040134757e-03	4.435602763667102977e+01	4.004174923525988561e+01	1.279281735368728050e+02	2.096104444151322639e+02
2.172582718010372237e-03	4.413759405554421278e+01	4.002093384312405533e+01	1.278968595461835207e+02	2.066555173171188073e+02
2.218624419112281976e-03	4.392005815474539787e+01	3.999994661489857606e+01	1.278652711733897434e+02	2.037432803713915348e+02
2.265641842897974604e-03	4.370347180704885659e+01	3.997878952931525021e+01	1.278334107095386116e+02	2.008742820287909865e+02
2.313655667029933423e-03	4.348780707777138588e+01	3.995745970660629354e+01	1.278012734669345321e+02	1.980472077216936384e+02
2.362687007374795686e-03	4.327300730937339068e+01	3.993595234205432121e+01	1.277688521155824333e+02	1.952604627392868508e+02
2.412757427289825233e-03	4.305909081017998830e+01	3.991426730130962142e+01	1.277361458956898588e+02	1.925137976413327863e+02
2.463888947106213784e-03	4.284610941111321836e+01	3.989240666360351639e+01	1.277031572154449748e+02	1.898077214619102335e+02
2.516104053813336943e-03	4.263403215038715643e+01	3.987036742456043470e+01	1.276698809260968517e+02	1.871411615628151139e+02
2.569425710948245768e-03	4.242280578146464620e+01	3.984814509767387847e+01	1.276363097310603365e+02	1.845126888182897176e+02
2.623877368694733318e-03	4.221244850449478747e+01	3.982573965367374313e+01	1.276024428613178685e+02	1.819222463103594123e+02
2.679482974196439188e-03	4.200301205758834300e+01	3.980315331912466092e+01	1.275682828631226471e+02	1.793701417905742801e+02
2.736266982088478034e-03	4.179446262479730478e+01	3.978038275975075777e+01	1.275338240527824496e+02	1.768554589985733116e+02
2.794254365252289707e-03	4.158675024456973546e+01	3.975742335926608462e+01	1.274990590390368368e+02	1.743767330314759363e+02
2.853470625798387814e-03	4.137989301756032035e+01	3.973427474315248276e+01	1.274639869019118805e+02	1.719336727943351093e+02
2.913941806281861776e-03	4.117394252595504156e+01	3.971093916097925103e+01	1.274286102801811467e+02	1.695266715166592348e+02
2.975694501155571117e-03	4.096886227539940251e+01	3.968741294864738478e+01	1.273929229263766132e+02	1.671546665825398748e+02
3.038755868466027146e-03	4.076460546428749865e+01	3.966369166577756999e+01	1.273569174377781792e+02	1.648166107579567949e+02
3.103153641797168783e-03	4.056119009769928851e+01	3.963977531751628192e+01	1.273205929639409959e+02	1.625122243223087537e+02
3.168916142467233243e-03	4.035866754961712388e+01	3.961566636581805056e+01	1.272839522915207624e+02	1.602420238940164836e+02
3.236072291984112663e-03	4.015699881043358488e+01	3.959136083102988124e+01	1.272469885960966138e+02	1.580049316742936583e+02
3.304651624764658874e-03	3.995614012331629539e+01	3.956685429689022016e+01	1.272096944300988639e+02	1.557998954859362186e+02
3.374684301123556836e-03	3.975610939876482064e+01	3.954214662108004319e+01	1.271720688409700699e+02	1.536267834686082381e+02
3.446201120537424525e-03	3.955695774925752772e+01	3.951723994891951008e+01	1.271341145841935401e+02	1.514856932503527958e+02
3.519233535190044709e-03	3.935864381254857847e+01	3.949212988438343785e+01	1.270958241985432409e+02	1.493756858873110218e+02
3.593813663804625805e-03	3.916112676070923726e+01	3.946681200223788721e+01	1.270571901630870144e+02	1.472957295292785034e+02
3.669974305769219299e-03	3.896442441120626654e+01	3.944128636972057222e+01	1.270182115341484490e+02	1.452458147771949939e+02
3.747748955561452412e-03	3.876858757062730376e+01	3.941555577123133958e+01	1.269788913641350376e+02	1.432262145280100185e+02
3.827171817478984984e-03	3.857357267342304397e+01	3.938961547364431937e+01	1.269392215533734145e+02	1.412360033887802047e+02
3.908277820682117681e-03	3.837934170987448113e+01	3.936346113367944355e+01	1.268991945507990380e+02	1.392742917049658331e+02
3.991102634555192957e-03	3.818591241122928892e+01	3.933709283241917376e+01	1.268588093555617746e+02	1.373409351240536864e+02
4.075682684393532908e-03	3.799333521984723916e+01	3.931051316108075611e+01	1.268180690105779149e+02	1.354363099680563494e+02
4.162055167422817371e-03	3.780156452847015203e+01	3.928371653617770676e+01	1.267769645555327571e+02	1.335591901172031726e+02
4.250258069157961290e-03	3.761056503216825320e+01	3.925669861845788944e+01	1.267354883598920594e+02	1.317088128043321262e+02
4.340330180108637088e-03	3.742035437913391149e+01	3.922945954425830450e+01	1.266936393645244152e+02	1.298850847961741692e+02
4.432311112838861061e-03	3.723098260299845919e+01	3.920200232742040924e+01	1.266514208228924474e+02	1.280883429626856298e+02
4.526241319388085715e-03	3.704240219739494222e+01	3.917432153334070222e+01	1.266088232860151663e+02	1.263176652304314445e+02
4.622162109061505458e-03	3.685458045923105175e+01	3.914641286702482148e+01	1.265658390689675485e+02	1.245722811182826888e+02
4.720115666597336779e-03	3.666753495246319261e+01	3.911827651098798952e+01	1.265224670560564135e+02	1.228521659563713513e+02
4.820145070719144588e-03	3.648131526377869704e+01	3.908991561646595159e+01	1.264787106132599206e+02	1.211575578231973509e+02
4.922294313081310678e-03	3.629587212376491578e+01	3.906132367474085498e+01	1.264345592675748975e+02	1.194874950484860392e+02
5.026608317615998724e-03	3.611117532926603246e+01	3.903249618688242606e+01	1.263900051622162408e+02	1.178412163194035998e+02
5.133132960290130720e-03	3.592724236851731234e+01	3.900343333704737603e+01	1.263450470890784345e+02	1.162186043387349201e+02
5.241915089281041530e-03	3.574412232411277301e+01	3.897413848147041193e+01	1.262996885288799547e+02	1.146200118322444865e+02
5.353002545579732367e-03	3.556176431398493776e+01	3.894460530623192085e+01	1.262539184901834091e+02	1.130444858006026152e+02
5.466444184030696055e-03	3.538014052955099942e+01	3.891482968650311136e+01	1.262077291992124941e+02	1.114915052019792086e+02
5.582289894817666839e-03	3.519926838711025852e+01	3.888481187765027869e+01	1.261611193863432590e+02	1.099609230942685940e+02
5.700590625404708227e-03	3.501919642572703140e+01	3.885455536429724788e+01	1.261140926185471187e+02	1.084530943021484148e+02
5.821398402942216249e-03	3.483987228059529428e+01	3.882405298972965824e+01	1.260666369015746398e+02	1.069670433439867878e+02
5.944766357147824969e-03	3.466127044106646338e+01	3.879330004854645608e+01	1.260187440837472934e+02	1.055021334265116053e+02
6.070748743672167193e-03	3.448340825231637297e+01	3.876229677877229562e+01	1.259704127772697717e+02	1.040583557201204172e+02
6.199400967959818945e-03	3.430633367254525012e+01	3.873104687902606003e+01	1.259216466521952498e+02	1.026358840582846028e+02
6.330779609615908021e-03	3.412999298159440542e+01	3.869954310902927119e+01	1.258724330219136931e+02	1.012339260014848321e+02
6.464942447289089879e-03	3.395436287287005683e+01	3.866778141703512262e+01	1.258227639162471405e+02	9.985193491187466464e+01
6.601948484081890736e-03	3.377946062735665578e+01	3.863576222237487912e+01	1.257726379233835559e+02	9.848992716403982683e+01
6.741857973499477616e-03	3.360533357252379716e+01	3.860348938472438363e+01	1.257220587837064869e+02	9.714811257675917489e+01
6.884732445948405985e-03	3.343192676792882878e+01	3.857095483789724710e+01	1.256710127407375523e+02	9.582564989356855278e+01
7.030634735796891313e-03	3.325921901538371372e+01	3.853815392464317569e+01	1.256194914196464651e+02	9.452201211762300659e+01
7.179629009008595825e-03	3.308722753248285642e+01	3.850508689094412773e+01	1.255674931704573112e+02	9.323709627677426681e+01
7.331780791361950343e-03	3.291599898435831051e+01	3.847175770494239089e+01	1.255150217622511235e+02	9.197123161147260362e+01
7.487156997267587974e-03	3.274547732553047297e+01	3.843815828828642367e+01	1.254620627553625383e+02	9.072353376049795770e+01
7.645825959196438613e-03	3.257564337852222280e+01	3.840428476403012326e+01	1.254086080404460972e+02	8.949361574025182620e+01
7.807857457731475631e-03	3.240651430467648453e+01	3.837013758912505068e+01	1.253546559373000377e+02	8.828142739751005763e+01
7.973322752256328111e-03	3.223813606046303448e+01	3.833572089483637768e+01	1.253002102557485529e+02	8.708722726024275573e+01
8.142294612294233985e-03	3.207045162198833310e+01	3.830102576385034752e+01	1.252452553872789309e+02	8.591020544468132414e+01
8.314847349511189298e-03	3.190344374211739265e+01	3.826604750568619551e+01	1.251897826204488240e+02	8.474988511391008217e+01
8.491056850397209546e-03	3.173712952644270047e+01	3.823078645672811149e+01	1.251337900267961913e+02	8.360625993081889362e+01
8.671000609640279119e-03	3.157155419475555291e+01	3.819524698004468632e+01	1.250772814833774049e+02	8.247951676347149430e+01
8.854757764207504128e-03	3.140665985097835744e+01	3.815941997862425694e+01	1.250202405436170920e+02	8.136895562952453531e+01
9.042409128148579806e-03	3.124243109831870768e+01	3.812330175567396395e+01	1.249626588966235374e+02	8.027421472740769559e+01
9.234037228136720080e-03	3.107888499212290867e+01	3.808689293870907022e+01	1.249045346314051415e+02	7.919523479894958484e+01
9.429726339762870002e-03	3.091606596786765948e+01	3.805019804217954515e+01	1.248458716424761263e+02	7.813225543342213086e+01
9.629562524599030379e-03	3.075391538357857613e+01	3.801320689742838965e+01	1.247866520789480376e+02	7.708449262788836620e+01
9.833633668047030499e-03	3.059241960226801993e+01	3.797591498803856780e+01	1.247268669268369052e+02	7.605161802225734391e+01
1.004202951798940403e-02	3.043159563274496904e+01	3.793832284115666909e+01	1.246665140054579837e+02	7.503353621647953275e+01
1.025484172425938229e-02	3.027148709840716734e+01	3.790043515365736937e+01	1.246055972114136665e+02	7.403050438393152888e+01
1.047216387894729824e-02	3.011203471193795167e+01	3.786224184350272992e+01	1.245440979645365758e+02	7.304182075687177189e+01
1.069409155756119272e-02	2.995322651931795477e+01	3.782373942379689424e+01	1.244820077164845031e+02	7.206720389828596751e+01
1.092072236105970547e-02	2.979507948682408625e+01	3.778492867888464701e+01	1.244193242293035695e+02	7.110666525952129291e+01
1.115215595877575537e-02	2.963763638906143782e+01	3.774581433398007846e+01	1.243560512727078873e+02	7.016031775612702859e+01
1.138849413224978825e-02	2.948083740256133822e+01	3.770638468714097513e+01	1.242921683703439868e+02	6.922747473390664652e+01
1.162984081999205582e-02	2.932467217606853893e+01	3.766663581031054520e+01	1.242276664457688327e+02	6.830782219153482515e+01
1.187630216319339981e-02	2.916915764067303840e+01	3.762656847047006181e+01	1.241625429783551908e+02	6.740138850724530073e+01
1.212798655240480798e-02	2.901433567914279266e+01	3.758618765580574461e+01	1.240968017498394005e+02	6.650829576667763376e+01
1.238500467520621366e-02	2.886014604443789011e+01	3.754548214327317623e+01	1.240304217389508494e+02	6.562794697797906451e+01
1.264746956488544717e-02	2.870657990786627067e+01	3.750444876734698596e+01	1.239633941535930290e+02	6.476014424283090420e+01
1.291549665014883955e-02	2.855365417044552245e+01	3.746308842431893282e+01	1.238957163351442716e+02	6.390481901897143757e+01
1.318920380588532899e-02	2.840140979324059245e+01	3.742140571733258980e+01	1.238273915797498859e+02	6.306216331382686491e+01
1.346871140500627631e-02	2.824978620111599170e+01	3.737938756924114614e+01	1.237583966826207131e+02	6.223142625935393824e+01
1.375414237138396570e-02	2.809877601624705790e+01	3.733703081823601622e+01	1.236887225584870578e+02	6.141245052765798818e+01
1.404562223391196511e-02	2.794839611100254828e+01	3.729433655069300357e+01	1.236183663875477947e+02	6.060519995006535510e+01
1.434327918171109106e-02	2.779868649461273122e+01	3.725131014972353682e+01	1.235473318425347600e+02	5.980986049830038809e+01
1.464724412050539583e-02	2.764958636221765076e+01	3.720793924586545387e+01	1.234755952964357277e+02	5.902582744006215876e+01
1.495765073019278586e-02	2.750108971311451711e+01	3.716422094797535181e+01	1.234031475643415376e+02	5.825292931742532687e+01
1.527463552363575450e-02	2.735321339767258664e+01	3.712015598843854036e+01	1.233299852521069795e+02	5.749117489800838854e+01
1.559833790669801906e-02	2.720599643837963555e+01	3.707574817215800778e+01	1.232561104023115064e+02	5.674057678918504166e+01
1.592890023955338338e-02	2.705937789839072138e+01	3.703098444655316257e+01	1.231814979885416506e+02	5.600061487392817838e+01
1.626646789929399317e-02	2.691335308144870808e+01	3.698586202782963994e+01	1.231061385732027844e+02	5.527109673101434595e+01
1.661118934386526108e-02	2.676793882473850417e+01	3.694038238105070349e+01	1.230300289852541766e+02	5.455204287594904855e+01
1.696321617735579643e-02	2.662317312401004443e+01	3.689455121525549686e+01	1.229531725807574674e+02	5.384357250793422622e+01
1.732270321667098503e-02	2.647899501141964507e+01	3.684835491976383537e+01	1.228755429328437430e+02	5.314515531932361370e+01
1.768980855961942850e-02	2.633540102553212492e+01	3.680179002656544895e+01	1.227971296726900761e+02	5.245662807086792867e+01
1.806469365444235767e-02	2.619240798996412067e+01	3.675485677830787523e+01	1.227179281822299401e+02	5.177791839361587023e+01
1.844752337081655841e-02	2.605005285059090170e+01	3.670756066187959732e+01	1.226379411608872658e+02	5.110918418156737175e+01
1.883846607236187159e-02	2.590827469410426076e+01	3.665988760013115666e+01	1.225571407441854319e+02	5.044988145644712318e+01
1.923769369068539445e-02	2.576707122527187366e+01	3.661183531296819638e+01	1.224755171879945408e+02	4.979989605275952158e+01
1.964538180099485026e-02	2.562645926694653653e+01	3.656340539157080372e+01	1.223930666662107143e+02	4.915922082172574648e+01
2.006170969931423895e-02	2.548647467302968295e+01	3.651460374723104252e+01	1.223097918879472843e+02	4.852797668040633994e+01
2.048686048133601528e-02	2.534705668111084975e+01	3.646541405989118090e+01	1.222256619454464044e+02	4.790561999583225372e+01
2.092102112294418406e-02	2.520820409666790596e+01	3.641583301219868929e+01	1.221406657036133936e+02	4.729199718785404372e+01
2.136438256244391209e-02	2.506993374411229425e+01	3.636586257425495461e+01	1.220547992153634880e+02	4.668714647010488505e+01
2.181713978453380873e-02	2.493228035743411297e+01	3.631550873344632890e+01	1.219680646857977990e+02	4.609114335668447637e+01
2.227949190605761978e-02	2.479518341033719153e+01	3.626475613610347182e+01	1.218804310339374410e+02	4.550355467777646368e+01
2.275164226357336353e-02	2.465864274607870499e+01	3.621360296800825296e+01	1.217918881227305974e+02	4.492426548301647671e+01
2.323379850277806913e-02	2.452267519604629342e+01	3.616205050510403396e+01	1.217024308637396643e+02	4.435325166365436900e+01
2.372617266982774559e-02	2.438731433850972152e+01	3.611010283887623729e+01	1.216120591194822964e+02	4.379056368420972944e+01
2.422898130459259780e-02	2.425249997744492703e+01	3.605774377791074414e+01	1.215207398894720541e+02	4.323574887380679854e+01
2.474244553588843265e-02	2.411823292407721553e+01	3.600497158291506139e+01	1.214284625151089472e+02	4.268872876272383365e+01
2.526679117872631872e-02	2.398453002811391954e+01	3.595178869510598929e+01	1.213352226658564490e+02	4.214950067436966918e+01
2.580224883362318075e-02	2.385142367970982491e+01	3.589820148862229843e+01	1.212410219940780962e+02	4.161818816458277581e+01
2.634905398801689475e-02	2.371885409377351905e+01	3.584419290393072544e+01	1.211458256096901351e+02	4.109433752706870280e+01
2.690744711983068457e-02	2.358682299201398180e+01	3.578975936208797748e+01	1.210496202420130345e+02	4.057781888463794928e+01
2.747767380323228384e-02	2.345534724862243081e+01	3.573490259660594859e+01	1.209524001567595519e+02	4.006863195324468307e+01
2.805998481663422514e-02	2.332445802977007077e+01	3.567962924212874753e+01	1.208541667515619338e+02	3.956685426884925505e+01
2.865463625298309350e-02	2.319409604926891433e+01	3.562392217305124120e+01	1.207548837141908677e+02	3.907209250236984133e+01
2.926188963238583740e-02	2.306426387762043362e+01	3.556778021275051316e+01	1.206545396653514501e+02	3.858427565222468303e+01
2.988201201712300387e-02	2.293497842978291601e+01	3.551120534575128573e+01	1.205531283407733412e+02	3.810342185889717825e+01
3.051527612909937445e-02	2.280626958453817466e+01	3.545420145765547915e+01	1.204506471969668979e+02	3.762953087587714407e+01
3.116196046978347151e-02	2.267807866961687324e+01	3.539675033888012479e+01	1.203470574871128917e+02	3.716223310043849182e+01
3.182234944268905880e-02	2.255040903272241692e+01	3.533885118286942628e+01	1.202423475891680198e+02	3.670147228477106438e+01
3.249673347845206950e-02	2.242327762328910978e+01	3.528050671108368164e+01	1.201365113526003938e+02	3.624725140862107509e+01
3.318540916255835471e-02	2.229671304765597029e+01	3.522172382925308654e+01	1.200295491684989173e+02	3.579964389670824687e+01
3.388867936577820428e-02	2.217065727843498024e+01	3.516248288414725209e+01	1.199214196190121697e+02	3.535825931911553965e+01
3.460685337736497946e-02	2.204511440025259716e+01	3.510278082094290397e+01	1.198121074834471500e+02	3.492301795077752757e+01
3.534024704107661952e-02	2.192010141524495381e+01	3.504262074706195307e+01	1.197016064457472879e+02	3.449391024972724296e+01
3.608918289407971741e-02	2.179564559171166493e+01	3.498200943421866072e+01	1.195899158684719197e+02	3.407103214004862934e+01
3.685399030879719234e-02	2.167168965976574668e+01	3.492092814196013251e+01	1.194769939899800590e+02	3.365402464912320113e+01
3.763500563776207147e-02	2.154823837316922663e+01	3.485937606117732912e+01	1.193628275145094477e+02	3.324285204073555633e+01
3.843257236154112161e-02	2.142530879854722770e+01	3.479735386576238199e+01	1.192474061114377406e+02	3.283748045729475962e+01
3.924704123979310538e-02	2.130292682244355618e+01	3.473486729674915097e+01	1.191307271535425087e+02	3.243793075968945061e+01
4.007877046552850431e-02	2.118103602095504101e+01	3.467189696863461279e+01	1.190127469486012046e+02	3.204389950345532156e+01
4.092812582263813392e-02	2.105964175926291304e+01	3.460844274743425331e+01	1.188934521497708943e+02	3.165533853202174441e+01
4.179548084676026898e-02	2.093876118145457355e+01	3.454450890300727650e+01	1.187728365523580578e+02	3.127229687949697734e+01
4.268121698955689575e-02	2.081841874038723006e+01	3.448010037931148020e+01	1.186508951622995909e+02	3.089476217846199191e+01
4.358572378647117967e-02	2.069855895635703291e+01	3.441519425343859950e+01	1.185275778287753212e+02	3.052241189268445609e+01
4.450939902804028347e-02	2.057918774223771052e+01	3.434979114478485229e+01	1.184028716787720441e+02	3.015521910120598648e+01
4.545264893483848267e-02	2.046032233394993938e+01	3.428389535056077619e+01	1.182767695960168481e+02	2.979319078995670367e+01
4.641588833612779463e-02	2.034198570896373681e+01	3.421751328952262128e+01	1.181492676387976815e+02	2.943637154768933328e+01
4.739954085229469011e-02	2.022412341246685585e+01	3.415062330539436175e+01	1.180203160800018622e+02	2.908445564233465319e+01
4.840403908115278181e-02	2.010674185257946078e+01	3.408322324528353420e+01	1.178898967414195909e+02	2.873739493395365585e+01
4.942982478819387543e-02	1.998985837327633064e+01	3.401531705369385605e+01	1.177580007667047113e+02	2.839518271403629512e+01
5.047734910087089966e-02	1.987349441618847834e+01	3.394691161383430256e+01	1.176246241586233054e+02	2.805787496645385204e+01
5.154707270699779992e-02	1.975759665449632507e+01	3.387798636358419913e+01	1.174897174577304071e+02	2.772520503554200033e+01
5.263946605735428386e-02	1.964217192897424979e+01	3.380854050402063393e+01	1.173532637203860958e+02	2.739712257521926020e+01
5.375500957258409762e-02	1.952723768973573115e+01	3.373857606572117618e+01	1.172152502549303961e+02	2.707360804944784505e+01
5.489419385447772554e-02	1.941281384411617950e+01	3.366809850382256286e+01	1.170756693299097009e+02	2.675469403907628418e+01
5.605751990173300781e-02	1.929884823118664272e+01	3.359708709786494296e+01	1.169344692928790721e+02	2.644013379487216753e+01
5.724549933028778848e-02	1.918534808607080677e+01	3.352554343040691265e+01	1.167916353052868317e+02	2.612990763968661412e+01
5.845865459832211286e-02	1.907233102353389143e+01	3.345347032655151054e+01	1.166471546002077844e+02	2.582402470877945078e+01
5.969751923602879817e-02	1.895981523541598435e+01	3.338087150806389758e+01	1.165010160784107427e+02	2.552245391253750739e+01
6.096263808025296355e-02	1.884774994582505414e+01	3.330772543887928805e+01	1.163531656981526368e+02	2.522497922024490791e+01
6.225456751410456124e-02	1.873614268576792341e+01	3.323403423947171120e+01	1.162035884766265923e+02	2.493158038012046518e+01
6.357387571164835327e-02	1.862501125364901355e+01	3.315980320034195472e+01	1.160522744017622330e+02	2.464228551006094037e+01
6.492114288777969811e-02	1.851437206253688217e+01	3.308503426849726026e+01	1.158992076839638798e+02	2.435705726016538719e+01
6.629696155339574737e-02	1.840417582273316555e+01	3.300970487855652635e+01	1.157443317689852904e+02	2.407567226189146581e+01
6.770193677597398374e-02	1.829443030157235484e+01	3.293381779451740243e+01	1.155876321317419695e+02	2.379814368972307292e+01
6.913668644567325106e-02	1.818513903976790402e+01	3.285737971331261775e+01	1.154290999966141555e+02	2.352443795799315041e+01
7.060184154707406512e-02	1.807635999652029568e+01	3.278039382586374728e+01	1.152687198464334273e+02	2.325464472311274733e+01
7.209804643667737378e-02	1.796800207750187539e+01	3.270283390270378732e+01	1.151064260404073281e+02	2.298843665038455697e+01
7.362595912628441819e-02	1.786008769469425772e+01	3.262470253877113180e+01	1.149422023188574400e+02	2.272584417242383381e+01
7.518625157238204015e-02	1.775263517961786164e+01	3.254600789268132388e+01	1.147760411917151799e+02	2.246688074214675268e+01
7.677960997166025092e-02	1.764565687890674184e+01	3.246675401070902467e+01	1.146079276895301433e+02	2.221156384777071224e+01
7.840673506279315086e-02	1.753910709009554125e+01	3.238691397457508003e+01	1.144377930020715866e+02	2.195965342916460727e+01
8.006834243461452560e-02	1.743299377794885530e+01	3.230648991369648115e+01	1.142656181101491484e+02	2.171113833103798996e+01
8.176516284082480102e-02	1.732733564480244226e+01	3.222549110362233193e+01	1.140913976399238265e+02	2.146605345072079274e+01
8.349794252136732986e-02	1.722214269270550702e+01	3.214392110165005789e+01	1.139151149501664690e+02	2.122438586498905266e+01
8.526744353061486981e-02	1.711737137400568898e+01	3.206175400409108533e+01	1.137367010992899594e+02	2.098593598775665825e+01
8.707444407251174745e-02	1.701302959619301092e+01	3.197899145082353201e+01	1.135561344511831550e+02	2.075068420377021994e+01
8.891973884281766105e-02	1.690913639678772995e+01	3.189564295266202976e+01	1.133734083462483966e+02	2.051867169342958164e+01
9.080413937860487561e-02	1.680569953686348583e+01	3.181171214956206583e+01	1.131885055686899477e+02	2.028987347629993820e+01
9.272847441516200717e-02	1.670267755220637085e+01	3.172717173274353897e+01	1.130013514877120002e+02	2.006410578138311962e+01
9.469359025046093781e-02	1.660007829585122963e+01	3.164202461133814026e+01	1.128119268390970689e+02	1.984134785700344850e+01
9.670035111734798239e-02	1.649792110355598496e+01	3.155628129987662689e+01	1.126202258034789594e+02	1.962164563205051238e+01
9.874963956362264872e-02	1.639621159874557321e+01	3.146994306104920014e+01	1.124262238731984382e+02	1.940496722030695764e+01
1.008423568401705106e-01	1.629491033032706682e+01	3.138298362705831579e+01	1.122298462287275953e+02	1.919113938057543223e+01
1.029794232973221257e-01	1.619402509860164585e+01	3.129540697066818566e+01	1.120310750076759518e+02	1.898015577107501528e+01
1.051617787896111378e-01	1.609357550465388798e+01	3.120722445326864047e+01	1.118299043763038014e+02	1.877204704916930922e+01
1.073903830891107247e-01	1.599356513105983701e+01	3.111843545579609582e+01	1.116263046837638768e+02	1.856678177542870145e+01
1.096662163075285135e-01	1.589395647376951004e+01	3.102901502345395812e+01	1.114202043604720558e+02	1.836419949117841810e+01
1.119902793272475605e-01	1.579475728047430216e+01	3.093896806579815717e+01	1.112115850837354856e+02	1.816430762010051581e+01
1.143635942415015677e-01	1.569598738680922168e+01	3.084830525399083001e+01	1.110004360826418548e+02	1.796712410313129382e+01
1.167872048038782751e-01	1.559764842847325106e+01	3.075702388174600799e+01	1.107867243386607612e+02	1.777260495486675040e+01
1.192621768873494831e-01	1.549970478322040002e+01	3.066510103129838782e+01	1.105703801328396452e+02	1.758061416711793967e+01
1.217895989530276418e-01	1.540216414761415109e+01	3.057254234359970368e+01	1.103513847844875073e+02	1.739116288289757506e+01
1.243705825288575900e-01	1.530504656206961833e+01	3.047935895365692005e+01	1.101297284793421341e+02	1.720426217807593261e+01
1.270062626984522769e-01	1.520835180593723024e+01	3.038554566618063646e+01	1.099053694059206947e+02	1.701986668738490849e+01
1.296977986002878502e-01	1.511204607591803040e+01	3.029108299839031204e+01	1.096782435740061743e+02	1.683785773745962544e+01
1.324463739374786009e-01	1.501613701863434613e+01	3.019597641761673756e+01	1.094483313643575144e+02	1.665824397411763513e+01
1.352531974983535168e-01	1.492064484775698396e+01	3.010023408120399679e+01	1.092156164697344281e+02	1.648101890091886190e+01
1.381195036880665805e-01	1.482556757840359651e+01	3.000385398396975134e+01	1.089800644553007913e+02	1.630615389048418251e+01
1.410465530714722360e-01	1.473087316294107474e+01	2.990681747163863946e+01	1.087416102499818180e+02	1.613355066861270970e+01
1.440356329275057634e-01	1.463656919971432657e+01	2.980912546151169451e+01	1.085002195330420136e+02	1.596318743776144267e+01
1.470880578153118678e-01	1.454267604703515282e+01	2.971079001499869676e+01	1.082558842752274302e+02	1.579507494400753131e+01
1.502051701523716420e-01	1.444919004204169077e+01	2.961181161169223230e+01	1.080085777092392902e+02	1.562919250829472695e+01
1.533883408048797858e-01	1.435608083283405101e+01	2.951216803219621454e+01	1.077582232843309100e+02	1.546543955137414805e+01
1.566389696906345663e-01	1.426335597150162293e+01	2.941186037370930606e+01	1.075047863724060022e+02	1.530378374853288470e+01
1.599584863947036695e-01	1.417103593163084341e+01	2.931090400418261765e+01	1.072482652064605020e+02	1.514426042392691052e+01
1.633483507981373095e-01	1.407911545784568119e+01	2.920929737816483396e+01	1.069886287082692036e+02	1.498683340495141714e+01
1.668100537200059019e-01	1.398756583536657772e+01	2.910701598919565924e+01	1.067257917501779900e+02	1.483139863039054340e+01
1.703451175730422984e-01	1.389639457024322056e+01	2.900406578119507728e+01	1.064597301336872306e+02	1.467794818144273172e+01
1.739550970331800450e-01	1.380562222620377710e+01	2.890046487029270850e+01	1.061904507073819559e+02	1.452651729613062592e+01
1.776415797232799298e-01	1.371524203646692364e+01	2.879620359364963633e+01	1.059178988309116676e+02	1.437703741168110128e+01
1.814061869113461622e-01	1.362522686593657362e+01	2.869126280958913000e+01	1.056420008868931149e+02	1.422944107204811459e+01
1.852505742235391883e-01	1.353558417596127228e+01	2.858565055142382860e+01	1.053627398041958827e+02	1.408372466090076003e+01
1.891764323722997243e-01	1.344633459487257277e+01	2.847937801338886388e+01	1.050801013737720098e+02	1.393989064663285937e+01
1.931854878999012814e-01	1.335746992413101708e+01	2.837244406863516488e+01	1.047940546014006458e+02	1.379790385211555126e+01
1.972795039377621684e-01	1.326896455218331994e+01	2.826482785632225614e+01	1.045045200631854527e+02	1.365769262552486829e+01
2.014602809818480389e-01	1.318082589938901883e+01	2.815653153409612841e+01	1.042114628656416500e+02	1.351923344129446392e+01
2.057296576845067948e-01	1.309307462943761990e+01	2.804757613155287999e+01	1.039148949586727895e+02	1.338256518528904060e+01
2.100895116630852322e-01	1.300570119269666947e+01	2.793795457302718432e+01	1.036147694539236284e+02	1.324763017237593665e+01
2.145417603256798977e-01	1.291868144622053727e+01	2.782764576871457507e+01	1.033110065655600067e+02	1.311435507639527387e+01
2.190883617143895290e-01	1.283202276972528466e+01	2.771665978012422826e+01	1.030035926309746515e+02	1.298274569594539507e+01
2.237313153664367560e-01	1.274574583974847997e+01	2.760501093590329091e+01	1.026925188399664819e+02	1.285281441497068933e+01
2.284726631935388719e-01	1.265983982968805321e+01	2.749269231269990854e+01	1.023777388978901257e+02	1.272450885841861634e+01
2.333144903799153069e-01	1.257428201316824534e+01	2.737968784002953626e+01	1.020591855181533703e+02	1.259777612610920094e+01
2.382589262993237145e-01	1.248907973006913430e+01	2.726600263181202521e+01	1.017368344145259726e+02	1.247259673521528534e+01
2.433081454515323150e-01	1.240425364680952924e+01	2.715165870925488179e+01	1.014106992267128078e+02	1.234900601492035044e+01
2.484643684186368384e-01	1.231979173275971284e+01	2.703664472284380338e+01	1.010807157200431305e+02	1.222694769405599757e+01
2.537298628416438939e-01	1.223567262702628256e+01	2.692094261355847351e+01	1.007468151215891510e+02	1.210635786151555848e+01
2.591069444177515613e-01	1.215190363087894809e+01	2.680456506976335973e+01	1.004089941259349814e+02	1.198724451848598171e+01
2.645979779187619951e-01	1.206850537790020006e+01	2.668752879395212929e+01	1.000672497100757283e+02	1.186961359683971651e+01
2.702053782310787078e-01	1.198546470545199583e+01	2.656982537550806711e+01	9.972153144425836047e+01	1.175342496651551016e+01
2.759316114177428059e-01	1.190276156690765852e+01	2.645143710842150497e+01	9.937176541930679718e+01	1.163862416696436064e+01
2.817791958029755572e-01	1.182040322804296650e+01	2.633237388189581907e+01	9.901794317338311657e+01	1.152520297218596923e+01
2.877507030797054055e-01	1.173841026514515917e+01	2.621266156937699066e+01	9.866009377794101454e+01	1.141318849973233718e+01
2.938487594405665426e-01	1.165676845524272842e+01	2.609228215014508123e+01	9.829813280056920632e+01	1.130252008312234757e+01
3.000760467328633108e-01	1.157545901680489209e+01	2.597122552620422198e+01	9.793201439338824343e+01	1.119316445102466417e+01
3.064353036380134121e-01	1.149448918024101474e+01	2.584949991184888773e+01	9.756172467092773104e+01	1.108510460642755469e+01
3.129293268759847368e-01	1.141387944611556726e+01	2.572712972988757230e+01	9.718728668404347104e+01	1.097836147171808285e+01
3.195609724352570513e-01	1.133361459665557014e+01	2.560410251838864681e+01	9.680863963054430599e+01	1.087289505706847770e+01
3.263331568288500573e-01	1.125367706840227910e+01	2.548040262810442513e+01	9.642571802267262626e+01	1.076865140178139058e+01
3.332488583769670498e-01	1.117407405837905365e+01	2.535604484600841246e+01	9.603853087796132115e+01	1.066563666214846329e+01
3.403111185168231634e-01	1.109482596913755792e+01	2.523105013623511184e+01	9.564709165597496110e+01	1.056385391327402878e+01
3.475230431402304698e-01	1.101591665647486273e+01	2.510540815733382303e+01	9.525134967001552866e+01	1.046327422647816086e+01
3.548878039595292910e-01	1.093732972695433858e+01	2.497910435275863605e+01	9.485124399510758053e+01	1.036384136162715208e+01
3.624086399024666338e-01	1.085907234653754649e+01	2.485215300782646608e+01	9.444678279968707102e+01	1.026556628186159692e+01
3.700888585366366446e-01	1.078116480056247184e+01	2.472457723520720307e+01	9.403798797361700679e+01	1.016845107579039897e+01
3.779318375241043637e-01	1.070359008156343350e+01	2.459636687576258751e+01	9.362481420827830902e+01	1.007246380033721955e+01
3.859410261068597081e-01	1.062633292247521055e+01	2.446750847242650551e+01	9.320720764513531265e+01	9.977558511289615240e+00
3.941199466237500504e-01	1.054940045848377039e+01	2.433801448548560487e+01	9.278516607403715000e+01	9.883737170535198402e+00
4.024721960595590287e-01	1.047281283703369859e+01	2.420791389267890636e+01	9.235874151084739481e+01	9.791009513146519794e+00
4.110014476269163164e-01	1.039655225374038494e+01	2.407719340787873463e+01	9.192788143255398836e+01	9.699340123585370677e+00
4.197114523817274123e-01	1.032060452052356325e+01	2.394583948763684944e+01	9.149252536022432025e+01	9.608688443370120069e+00
4.286060408728412652e-01	1.024497674515942336e+01	2.381386886953463744e+01	9.105269757316979451e+01	9.519052711612811635e+00
4.376891248266767120e-01	1.016968892119483314e+01	2.368131051888241601e+01	9.060845098394092645e+01	9.430450893929007705e+00
4.469646988675492483e-01	1.009472250444093433e+01	2.354814975854628400e+01	9.015972991128295178e+01	9.342837687007698122e+00
4.564368422744575216e-01	1.002006434562388826e+01	2.341437586772422463e+01	8.970648830022105358e+01	9.256183873429385756e+00
4.661097207750954374e-01	9.945721524429359306e+00	2.328000606026446206e+01	8.924875740557835968e+01	9.170485905294594176e+00
4.759875883778879602e-01	9.871713863188691818e+00	2.314507057448802385e+01	8.878659482506536449e+01	9.085755116911217399e+00
4.860747892428489703e-01	9.798022139560449872e+00	2.300955457942654192e+01	8.831995303521087237e+01	9.001957633909102086e+00
4.963757595920870180e-01	9.724634199097975440e+00	2.287344832410693485e+01	8.784879123892434905e+01	8.919055613818704487e+00
5.068950296608012440e-01	9.651557097618056247e+00	2.273677088896848275e+01	8.737314831963269057e+01	8.837057307815324947e+00
5.176372256896176749e-01	9.578810465791161022e+00	2.259955412886075266e+01	8.689309942451845359e+01	8.755966684626255159e+00
5.286070719591531297e-01	9.506374464215628706e+00	2.246178157964611088e+01	8.640858966931425300e+01	8.675750356930342022e+00
5.398093928676924724e-01	9.434237891858476388e+00	2.232344670060527037e+01	8.591959685884611986e+01	8.596379567594738091e+00
5.512491150528981976e-01	9.362407780513605005e+00	2.218456684157408176e+01	8.542615900535658113e+01	8.517849867346926729e+00
5.629312695584811621e-01	9.290903556220225568e+00	2.204517849533087315e+01	8.492836997946291433e+01	8.440179883760443147e+00
5.748609940467923618e-01	9.219704817433491684e+00	2.190526377110713696e+01	8.442618171731260190e+01	8.363326730472206094e+00
5.870435350582976497e-01	9.148801276279122874e+00	2.176481679746299136e+01	8.391957179827426216e+01	8.287269268556716639e+00
5.994842503189414806e-01	9.078199943284493756e+00	2.162385653571928756e+01	8.340859161490907070e+01	8.212001277074611139e+00
6.121886110964055439e-01	9.007920023063267223e+00	2.148242378255234541e+01	8.289336390608033867e+01	8.137540873653195561e+00
6.251622046063020077e-01	8.937940609942831571e+00	2.134049656688853958e+01	8.237382394379150696e+01	8.063849102341874797e+00
6.384107364693620834e-01	8.868252287921430721e+00	2.119807088269795869e+01	8.184996245081032384e+01	7.990899402995150780e+00
6.519400332206916060e-01	8.798862048912754474e+00	2.105517068729528063e+01	8.132186108254290957e+01	7.918697538376415324e+00
6.657560448722088520e-01	8.729788861174824888e+00	2.091183311091171149e+01	8.078962770640478652e+01	7.847249509614697693e+00
6.798648475293831428e-01	8.661011369672408478e+00	2.076803927344404599e+01	8.025322147082867730e+01	7.776521874898379316e+00
6.942726460634290886e-01	8.592520992871230945e+00	2.062378708537917760e+01	7.971264475168295860e+01	7.706494720242971219e+00
7.089857768401280902e-01	8.524324703709305950e+00	2.047909836517385784e+01	7.916797354010091681e+01	7.637163889512708081e+00
7.240107105064845783e-01	8.456441222031758187e+00	2.033401672761405621e+01	7.861935577369054329e+01	7.568545711424030209e+00
7.393540548364295750e-01	8.388848797016320802e+00	2.018851944419044031e+01	7.806673789918667694e+01	7.500602155860156550e+00
7.550225576368376768e-01	8.321539642360669120e+00	2.004260573679833612e+01	7.751013066449617384e+01	7.433312792985374173e+00
7.710231097151263313e-01	8.254520714971185669e+00	1.989630209444015918e+01	7.694964152427290571e+01	7.366680045188052972e+00
7.873627479097432547e-01	8.187810473040718406e+00	1.974964928852671875e+01	7.638540734245508190e+01	7.300714435856988871e+00
8.040486581848822478e-01	8.121386823128606380e+00	1.960262692694609754e+01	7.581739436000869148e+01	7.235380502688087745e+00
8.210881787907730045e-01	8.055242736652720836e+00	1.945523577885978384e+01	7.524562636302273688e+01	7.170662154071718142e+00
8.384888034909533383e-01	7.989385159464561070e+00	1.930750273514455273e+01	7.467021635747794051e+01	7.106559432593836156e+00
8.562581848579297050e-01	7.923832265615744497e+00	1.915947268818474569e+01	7.409133607132231703e+01	7.043081544785521508e+00
8.744041376386801900e-01	7.858561682045442254e+00	1.901112182242001580e+01	7.350893407866003315e+01	6.980197942013696810e+00
8.929346421914835519e-01	7.793567097446918446e+00	1.886245469116452611e+01	7.292306278334680769e+01	6.917890534030913585e+00
9.118578479955742333e-01	7.728855441607089816e+00	1.871349798595027281e+01	7.233383828351360023e+01	6.856158413232565252e+00
9.311820772351820930e-01	7.664444611574866784e+00	1.856429818601285575e+01	7.174144446268192610e+01	6.795015443850553893e+00
9.509158284595223831e-01	7.600311989103799348e+00	1.841483134977432456e+01	7.114584074363254729e+01	6.734426693103939598e+00
9.710677803203476843e-01	7.536451948136853041e+00	1.826510416932308090e+01	7.054709104624724603e+01	6.674378271280068553e+00
9.916467953887124764e-01	7.472871409179118629e+00	1.811514313895609618e+01	6.994531726441927333e+01	6.614871147043353439e+00
1.012661924052612461e+00	7.409587970440563609e+00	1.796499851284489679e+01	6.934073317178715001e+01	6.555914984251935529e+00
1.034122408497234025e+00	7.346578830568311069e+00	1.781464505752656535e+01	6.873329805456094732e+01	6.497477730083505598e+00
1.056037686769547568e+00	7.283839008754487310e+00	1.766408962596326759e+01	6.812307740506066978e+01	6.439548208253061290e+00
1.078417396929040706e+00	7.221375414781483926e+00	1.751336203523776192e+01	6.751021889320318792e+01	6.382124572579127353e+00
1.101271381286411888e+00	7.159205347089827143e+00	1.736251232611618178e+01	6.689494298692434882e+01	6.325217293529080465e+00
1.124609690732098155e+00	7.097305864333104175e+00	1.721151582575104300e+01	6.627721749872881674e+01	6.268797523380338355e+00
1.148442589156521310e+00	7.035672597230594683e+00	1.706037879554986603e+01	6.565710718055557038e+01	6.212851162791430681e+00
1.172780557964020254e+00	6.974312451372871813e+00	1.690913547986454546e+01	6.503478976000272382e+01	6.157380558763295930e+00
1.197634300682437924e+00	6.913242401424391836e+00	1.675783464347307117e+01	6.441048696976167776e+01	6.102393358053224581e+00
1.223014747670394531e+00	6.852439433277374370e+00	1.660645059721911565e+01	6.378416347710734158e+01	6.047862165336135298e+00
1.248933060924324545e+00	6.791899746361342416e+00	1.645499357650703232e+01	6.315591281882582564e+01	5.993774348508805971e+00
1.275400638987373769e+00	6.731630233254207063e+00	1.630349667012807657e+01	6.252591134397238193e+01	5.940131170157648910e+00
1.302429121962336289e+00	6.671647570266251215e+00	1.615201241243569186e+01	6.189440770477744280e+01	5.886943213371458761e+00
1.330030396630823342e+00	6.611928688918312425e+00	1.600051221644789834e+01	6.126135717430563687e+01	5.834180254033253021e+00
1.358216601680917401e+00	6.552470331677419324e+00	1.584900890648038185e+01	6.062686645821050746e+01	5.781833589022085995e+00
1.387000133045610317e+00	6.493279383553480777e+00	1.569753456708012607e+01	5.999111326175447800e+01	5.729902223024302188e+00
1.416393649354382722e+00	6.434372203124929968e+00	1.554614420264470454e+01	5.935436537500545029e+01	5.678397480029975242e+00
1.446410077500298819e+00	6.375725732289528658e+00	1.539480842574308639e+01	5.871657691471295948e+01	5.627291322925484174e+00
1.477062618325094778e+00	6.317337214326376404e+00	1.524353959823717730e+01	5.807785502339911687e+01	5.576572773965644991e+00
1.508364752424737887e+00	6.259213526164955077e+00	1.509237379466203777e+01	5.743840383789208204e+01	5.526244860430855610e+00
1.540330246078020826e+00	6.201370711392210744e+00	1.494136541572422594e+01	5.679849519681773273e+01	5.476316579040176435e+00
1.572973157300799230e+00	6.143785766028326378e+00	1.479048247050871900e+01	5.615806813817348342e+01	5.426759487730544507e+00
1.606307842028519950e+00	6.086456398505345256e+00	1.463974175376489839e+01	5.551725769368410823e+01	5.377567373167309484e+00
1.640348960429783842e+00	6.029389472378827719e+00	1.448917632763386365e+01	5.487625267192491663e+01	5.328739749936627135e+00
1.675111483353698638e+00	5.972600733041482535e+00	1.433884263507782286e+01	5.423534299913251999e+01	5.280285599734485302e+00
1.710610698913865635e+00	5.916067263000689636e+00	1.418871016066532320e+01	5.359447842159305964e+01	5.232180452037571428e+00
1.746862219211904321e+00	5.859787203124346533e+00	1.403879288454851171e+01	5.295377610299509996e+01	5.184415867596895211e+00
1.783881987203444153e+00	5.803767414971558125e+00	1.388912661414827632e+01	5.231344466920837988e+01	5.136992163249217036e+00
1.821686283709640364e+00	5.748023312890876646e+00	1.373976735190499454e+01	5.167377239094983565e+01	5.089919677792720698e+00
1.860291734577268707e+00	5.692532150348250219e+00	1.359068166351598528e+01	5.103469153382596346e+01	5.043172309392544683e+00
1.899715317990559260e+00	5.637292450116745179e+00	1.344188708220285022e+01	5.039634319787968053e+01	4.996743646768543101e+00
1.939974371937992492e+00	5.582311061333547819e+00	1.329341916711395655e+01	4.975893594576992740e+01	4.950634829505342616e+00
1.981086601837313665e+00	5.527603098734076070e+00	1.314533398178493329e+01	4.912276094979903007e+01	4.904855679449411809e+00
2.023070088322156401e+00	5.473146010304423825e+00	1.299759788240393377e+01	4.848774877688812524e+01	4.859380409825577729e+00
2.065943295193674256e+00	5.418938668633460409e+00	1.285022615412057334e+01	4.785402193730192977e+01	4.814202741972655630e+00
2.109725077540682392e+00	5.364987907744345641e+00	1.270325456264166597e+01	4.722179030081560569e+01	4.769324604393813338e+00
2.154434690031884259e+00	5.311308553930254028e+00	1.255674190369121135e+01	4.659136778009494861e+01	4.724756440585033523e+00
2.200091795383838367e+00	5.257878296578831545e+00	1.241065153545740962e+01	4.596266162798175969e+01	4.680472828102263172e+00
2.246716473008353532e+00	5.204696316606863604e+00	1.226499899789330961e+01	4.533579487584323431e+01	4.636467816240446460e+00
2.294329227843169949e+00	5.151769429626679830e+00	1.211982121898379461e+01	4.471098532698125183e+01	4.592743438744363971e+00
2.342950999369765697e+00	5.099112186680038405e+00	1.197517534745583667e+01	4.408853563871802805e+01	4.549309404745616625e+00
2.392603170822269476e+00	5.046702567830682717e+00	1.183102283932004539e+01	4.346833601435864125e+01	4.506142239569222774e+00
2.443307578591545681e+00	4.994540017589033987e+00	1.168738075387124908e+01	4.285051810825687824e+01	4.463237081678143703e+00
2.495086521828544068e+00	4.942631327994504886e+00	1.154428463360135027e+01	4.223528884780694881e+01	4.420595360260933582e+00
2.547962772251191943e+00	4.890990795606064978e+00	1.140179092051452336e+01	4.162294736736673428e+01	4.378225866660521604e+00
2.601959584159102334e+00	4.839596736904689500e+00	1.125986086735102631e+01	4.101337954960069254e+01	4.336106314395324901e+00
2.657100704660517732e+00	4.788448815361021182e+00	1.111851066890081441e+01	4.040670499340711785e+01	4.294233029057991757e+00
2.713410384115983121e+00	4.737553791089014865e+00	1.097777529662519314e+01	3.980312511182244606e+01	4.252607684842245384e+00
2.770913386803353973e+00	4.686925730419943648e+00	1.083770948478456297e+01	3.920292698076676174e+01	4.211238566977517195e+00
2.829635001808795014e+00	4.636543336323629028e+00	1.069827408806725266e+01	3.860599006573771419e+01	4.170103977813884200e+00
2.889601054148607684e+00	4.586406440492292624e+00	1.055948472841316743e+01	3.801242701236125754e+01	4.129200810195831295e+00
2.950837916126738403e+00	4.536521761983378198e+00	1.042137533786594794e+01	3.742242916200739700e+01	4.088531194901111832e+00
3.013372518932980082e+00	4.486903167690103444e+00	1.028399972219147074e+01	3.683627583151413631e+01	4.048103433704126175e+00
3.077232364486974792e+00	4.437529796188934839e+00	1.014731758781111637e+01	3.625383165997804724e+01	4.007897101978055154e+00
3.142445537533192557e+00	4.388401594277021367e+00	1.001134361428154307e+01	3.567519960267691204e+01	3.967908780604691987e+00
3.209040717992251324e+00	4.339525228921456979e+00	9.876111029118751716e+00	3.510056371535407038e+01	3.928141034484850191e+00
3.277047193573979555e+00	4.290914397916846923e+00	9.741672357703647478e+00	3.453019295043473136e+01	3.888602099884031382e+00
3.346494872657771680e+00	4.242548734867273907e+00	9.607984849071911526e+00	3.396392972175483038e+01	3.849271766521805027e+00
3.417414297445926952e+00	4.194428239932438629e+00	9.475062654746604807e+00	3.340186962673764981e+01	3.810147305221608161e+00
3.489836657395697816e+00	4.146559515103507287e+00	9.342937543607419570e+00	3.284418274062092991e+01	3.771231605660409159e+00
3.563793802936028321e+00	4.098956123134970042e+00	9.211661543804561703e+00	3.229113142096595368e+01	3.732533369833921810e+00
3.639318259474964901e+00	4.051598258192726121e+00	9.081191015865920590e+00	3.174254556916514503e+01	3.694033434118856540e+00
3.716443241703908829e+00	4.004485904787895123e+00	8.951539616560495460e+00	3.119851523523340120e+01	3.655729490911074464e+00
3.795202668205029717e+00	3.957625584379749650e+00	8.822736109347145472e+00	3.065918653812176586e+01	3.617624136216089248e+00
3.875631176368202979e+00	3.911030759672645463e+00	8.694830207527573407e+00	3.012480248336404287e+01	3.579725882030639905e+00
3.957764137624104617e+00	3.864682263097492410e+00	8.567778781691236745e+00	2.959519041526031558e+01	3.542016557989561942e+00
4.041637673000112230e+00	3.818579983832326441e+00	8.441592198963688176e+00	2.907041440804410826e+01	3.504493812411435094e+00
4.127288669005872102e+00	3.772730345864789392e+00	8.316298715464059299e+00	2.855061505147673628e+01	3.467160564653120502e+00
4.214754793855508552e+00	3.727146741651373052e+00	8.191947528737628659e+00	2.803602893942424856e+01	3.430025809439495532e+00
4.304074514033643162e+00	3.681810740689822392e+00	8.068493610264079408e+00	2.752646147637043583e+01	3.393072163732391733e+00
4.395287111212434539e+00	3.636722041668941863e+00	7.945946485516961033e+00	2.702196991962888717e+01	3.356297744417200413e+00
4.488432699527177050e+00	3.591886954370314466e+00	7.824331689130277212e+00	2.652267362626119507e+01	3.319705460413168385e+00
4.583552243217979161e+00	3.547318818926913586e+00	7.703695893783163662e+00	2.602878804385807143e+01	3.283304312326476015e+00
4.680687574645305382e+00	3.503000071374062330e+00	7.583996595160556353e+00	2.554012984862858460e+01	3.247078338123006169e+00
4.779881412687339015e+00	3.458930105684668632e+00	7.465238826745867584e+00	2.505672396712328975e+01	3.211025263700824528e+00
4.881177381527165515e+00	3.415115097378940590e+00	7.347446201000018995e+00	2.457867491801333415e+01	3.175148221321092645e+00
4.984620029838152888e+00	3.371568340789833140e+00	7.230663851904491679e+00	2.410618422061288157e+01	3.139456385301293118e+00
5.090254850375883322e+00	3.328273304894124873e+00	7.114850606184806026e+00	2.363906945168890772e+01	3.103935044067874127e+00
5.198128299985286915e+00	3.285228939665096881e+00	7.000007836090254010e+00	2.317733127486699729e+01	3.068581726655671638e+00
5.308287820031761584e+00	3.242441267520550063e+00	6.886158801500601001e+00	2.272107037044606415e+01	3.033400180424184800e+00
5.420781857265304815e+00	3.199923516093158948e+00	6.773344369302773060e+00	2.227045610251390428e+01	2.998399239887835410e+00
5.535659885126738011e+00	3.157660411495426978e+00	6.661526044130237523e+00	2.182531534182775346e+01	2.963565789131898054e+00
5.652972425505520704e+00	3.115650287205023794e+00	6.550702437459260175e+00	2.138563269366806452e+01	2.928897275584851023e+00
5.772771070958623518e+00	3.073898994112754579e+00	6.440893195080851896e+00	2.095148294986247706e+01	2.894397223376685258e+00
5.895108507400270703e+00	3.032419636685257380e+00	6.332138897058301907e+00	2.052303235446742491e+01	2.860075054285671659e+00
6.020038537272556667e+00	2.991198495910558197e+00	6.224402235986430831e+00	2.010010436262130895e+01	2.825918767946427046e+00
6.147616103207036886e+00	2.950233074986174930e+00	6.117678084279639883e+00	1.968266334050330357e+01	2.791925454142594187e+00
6.277897312187818990e+00	2.909529035076797499e+00	6.011983977145940905e+00	1.927076995178774510e+01	2.758098747775573401e+00
6.410939460226692255e+00	2.869099250098084308e+00	5.907358164846560733e+00	1.886457375741563069e+01	2.724448151712640875e+00
6.546801057561175696e+00	2.828931955026671385e+00	5.803767421853975428e+00	1.846391243558231565e+01	2.690963572146119365e+00
6.685541854386596761e+00	2.789023553734579774e+00	5.701202320499104914e+00	1.806872849326224895e+01	2.657641577570574398e+00
6.827222867133428963e+00	2.749379502640238115e+00	5.599677714978946952e+00	1.767906489682405891e+01	2.624485757569049671e+00
6.971906405301561804e+00	2.710012264627690293e+00	5.499228833397507898e+00	1.729505247951045632e+01	2.591505516236218387e+00
7.119656098863218929e+00	2.670912563362685788e+00	5.399828705314555499e+00	1.691655401289275673e+01	2.558693184673709542e+00
7.270536926246596643e+00	2.632075363687381486e+00	5.301462066916779570e+00	1.654348289226118141e+01	2.526044412723338795e+00
7.424615242912579127e+00	2.593505904560674313e+00	5.204142349332120610e+00	1.617587346038859408e+01	2.493562944546944493e+00
7.581958810536977289e+00	2.555215965403313305e+00	5.107900450221645627e+00	1.581383119683265903e+01	2.461257829028403510e+00
7.742636826811277295e+00	2.517199464922212915e+00	5.012718120728260729e+00	1.545725623959952522e+01	2.429124308523638476e+00
7.906719955874896399e+00	2.479449501509345399e+00	4.918572745226973630e+00	1.510602641773493282e+01	2.397156442088678840e+00
8.074280359392364659e+00	2.441971085851362133e+00	4.825475700209807428e+00	1.476016401207971995e+01	2.365358092827089198e+00
8.245391728289099831e+00	2.404774920396569371e+00	4.733454301200983316e+00	1.441975764820080563e+01	2.333737884145418384e+00
8.420129315159766037e+00	2.367859049429142715e+00	4.642499438808051160e+00	1.408474100021226150e+01	2.302294212352926195e+00
8.598569967363353328e+00	2.331214163209729850e+00	4.552581602885737766e+00	1.375496365308089253e+01	2.271019748778633218e+00
8.780792160819700598e+00	2.294845037951357636e+00	4.463709804044782459e+00	1.343043445260710378e+01	2.239918241323999748e+00
8.966876034522190508e+00	2.258760749657410472e+00	4.375906368817349623e+00	1.311121955281716822e+01	2.208997539145989286e+00
9.156903425781846906e+00	2.222964683802687080e+00	4.289175774116594120e+00	1.279730686520934313e+01	2.178260375032058160e+00
9.350957906218383187e+00	2.187444439269576435e+00	4.203478176756031637e+00	1.248850110925291190e+01	2.147696877219585687e+00
9.549124818513869073e+00	2.152204550089261037e+00	4.118822736384728955e+00	1.218481355424238366e+01	2.117311334497856468e+00
9.751491313945386707e+00	2.117252254036359194e+00	4.035223852671477651e+00	1.188627204920711300e+01	2.087109849881289225e+00
9.958146390713055851e+00	2.082596274094551170e+00	3.952699742769957947e+00	1.159291902556969944e+01	2.057099714973660287e+00
1.016918093308028581e+01	2.048221829911724079e+00	3.871205248059085946e+00	1.130454213765151827e+01	2.027269687973685564e+00
1.038468775134352740e+01	2.014132688769845636e+00	3.790745097626956994e+00	1.102113020125242571e+01	1.997623340367777889e+00
1.060476162264905220e+01	1.980334969232317777e+00	3.711329522041233897e+00	1.074269214898072811e+01	1.968165994767065330e+00
1.082949933267470577e+01	1.946839624765921428e+00	3.632982940443399311e+00	1.046929578367806002e+01	1.938907364650664489e+00
1.105899971819510696e+01	1.913633552190227238e+00	3.555663702634545675e+00	1.020074310066305578e+01	1.909837264909984178e+00
1.129336371054865928e+01	1.880718035562678248e+00	3.479369047069790888e+00	9.936992050748932215e+00	1.880957438548404470e+00
1.153269438002595848e+01	1.848098364724462428e+00	3.404107049244160965e+00	9.678043961251233895e+00	1.852272861081590172e+00
1.177709698119876869e+01	1.815785565516548017e+00	3.329900415539921887e+00	9.423956223575615354e+00	1.823793258481037460e+00
1.202667899920963279e+01	1.783771606740405913e+00	3.256721353298555499e+00	9.174588158953801198e+00	1.795512902128612476e+00
1.228155019704247053e+01	1.752053694586642729e+00	3.184555979335031317e+00	8.929854304685331812e+00	1.767430395319991021e+00
1.254182266379493349e+01	1.720636486350978656e+00	3.113409596073322128e+00	8.689743823316751659e+00	1.739550179515360506e+00
1.280761086397376225e+01	1.689528813832384735e+00	3.043299074347909805e+00	8.454291531972723206e+00	1.711880593175296061e+00
1.307903168783481007e+01	1.658731573054105457e+00	2.974219456619548119e+00	8.223445901298664040e+00	1.684423193973880739e+00
1.335620450278989146e+01	1.628236040838610510e+00	2.906140495796873946e+00	7.997058288651698099e+00	1.657171475970586449e+00
1.363925120590300821e+01	1.598046331006661047e+00	2.839066983900929486e+00	7.775118177396439734e+00	1.630130097991753679e+00
1.392829627749924271e+01	1.568168250088166404e+00	2.773006340215688148e+00	7.557621873199866336e+00	1.603304708768579667e+00
1.422346683590943783e+01	1.538611105982197413e+00	2.707974989737049309e+00	7.344599450922777883e+00	1.576703978904405945e+00
1.452489269337533528e+01	1.509363108633723138e+00	2.643935931499330039e+00	7.135881067391688148e+00	1.550319124390203473e+00
1.483270641313931115e+01	1.480426204194351891e+00	2.580886550332905927e+00	6.931425638133294598e+00	1.524152701655333120e+00
1.514704336774399174e+01	1.451804878284931988e+00	2.518831949706616502e+00	6.731223286899859382e+00	1.498209756685987548e+00
1.546804179856737527e+01	1.423508108759635959e+00	2.457786307727761965e+00	6.535293780093965665e+00	1.472498476156408387e+00
1.579584287661962527e+01	1.395532706853014115e+00	2.397734393800392105e+00	6.343550209629647441e+00	1.447017387547244960e+00
1.613059076462826624e+01	1.367873671461036222e+00	2.338656793196016270e+00	6.155891623249416078e+00	1.421763442294599944e+00
1.647243268043913034e+01	1.340534672332569510e+00	2.280555629245158755e+00	5.972296340617625710e+00	1.396740908410417870e+00
1.682151896176083383e+01	1.313520672958315094e+00	2.223434981559116341e+00	5.792747658386936394e+00	1.371954864214925740e+00
1.717800313228151410e+01	1.286840165415354509e+00	2.167308809444539630e+00	5.617266908285744265e+00	1.347413771347592881e+00
1.754204196918641045e+01	1.260483265886323423e+00	2.112145731487161449e+00	5.445711267344523598e+00	1.323110472779279956e+00
1.791379557210657580e+01	1.234450929666905949e+00	2.057940528722683737e+00	5.278032274422699288e+00	1.299046855078881180e+00
1.829342743352862044e+01	1.208746665719572233e+00	2.004693744235809483e+00	5.114201645548503983e+00	1.275226761921716356e+00
1.868110451069663469e+01	1.183375871573181470e+00	1.952412016474536660e+00	4.954215331127848287e+00	1.251656388254807961e+00
1.907699729903783492e+01	1.158343778450990458e+00	1.901099857877349031e+00	4.798058917853006200e+00	1.228341226039705525e+00
1.948127990714428748e+01	1.133640702754077134e+00	1.850726955289044184e+00	4.645597145169556796e+00	1.205274192404630185e+00
1.989413013334363711e+01	1.109269232954972484e+00	1.801291433359500038e+00	4.496793708802590217e+00	1.182458488584063661e+00
2.031572954389253738e+01	1.085232466776504534e+00	1.752794485644659339e+00	4.351626418605539115e+00	1.159898456743937878e+00
2.074626355282718393e+01	1.061532845175699347e+00	1.705234724527063150e+00	4.210063775501990513e+00	1.137596711748044775e+00
2.118592150350598402e+01	1.038181639298141778e+00	1.658627766170652107e+00	4.072122202829612014e+00	1.115565310567942392e+00
2.163489675188052530e+01	1.015162929361151489e+00	1.612932595555522042e+00	3.937641807339316014e+00	1.093790716699078569e+00
2.209338675153079734e+01	9.924813481025578366e-01	1.568151214647133251e+00	3.806598743405125607e+00	1.072278323367625630e+00
2.256159314050291798e+01	9.701392979972217612e-01	1.524282521698463011e+00	3.678962873207597628e+00	1.051031780499480872e+00
2.303972182998693796e+01	9.481400153178786150e-01	1.481325910687946612e+00	3.554703572603135076e+00	1.030054955786746884e+00
2.352798309487394945e+01	9.264890140209649516e-01	1.439286859798027507e+00	3.433812288289157078e+00	1.009354081536790515e+00
2.402659166623228870e+01	9.051787784695335404e-01	1.398141030146496266e+00	3.316180787204616287e+00	9.889239362450045201e-01
2.453576682574353285e+01	8.842094133679283541e-01	1.357880764520745576e+00	3.201756090311003167e+00	9.687656525580042866e-01
2.505573250213976877e+01	8.635825262600869134e-01	1.318502801502067667e+00	3.090501670998432537e+00	9.488820925866736644e-01
2.558671736968459953e+01	8.432998784957040916e-01	1.280003410576607603e+00	2.982378544533532683e+00	9.292759537937024250e-01
2.612895494874115698e+01	8.233641796466711904e-01	1.242378176100555454e+00	2.877348989643621735e+00	9.099513287717326815e-01
2.668268370847132687e+01	8.037782643530767546e-01	1.205635772501090441e+00	2.775406893627759608e+00	8.909117466010612052e-01
2.724814717171165412e+01	7.845352167210193350e-01	1.169743774306164497e+00	2.676429518992589518e+00	8.721527082650126772e-01
2.782559402207125743e+01	7.656357032475896718e-01	1.134699293707458922e+00	2.580379435431464863e+00	8.536759371283030307e-01
2.841527821329990999e+01	7.470804933842442042e-01	1.100496757275688076e+00	2.487213584149201573e+00	8.354835460004071956e-01
2.901745908097360527e+01	7.288703281152280056e-01	1.067130233659040250e+00	2.396887956397193875e+00	8.175776093191514660e-01
2.963240145654703639e+01	7.110060515065405040e-01	1.034594858164080700e+00	2.309363382944914722e+00	7.999605302218956160e-01
3.026037578382308624e+01	6.934897917081579433e-01	1.002887109137501120e+00	2.224603282423675665e+00	7.826354015953937981e-01
3.090165823789054755e+01	6.763198944259485312e-01	9.719960297529449678e-01	2.142548779998083130e+00	7.656022459979968664e-01
3.155653084658241525e+01	6.594926880593448004e-01	9.419064582328606772e-01	2.063128744852377405e+00	7.488592940619430705e-01
3.222528161450811979e+01	6.430080951056033056e-01	9.126112362369629416e-01	1.986298027347224604e+00	7.324080531534739036e-01
3.290820464971425707e+01	6.268659068555182401e-01	8.841022109744676172e-01	1.912007770290296671e+00	7.162496975323999759e-01
3.360560029302952501e+01	6.110657844732174659e-01	8.563711463260267331e-01	1.840209417332252517e+00	7.003853926492443760e-01
3.431777525015100849e+01	5.956072624421739903e-01	8.294101617017086703e-01	1.770856886640030492e+00	6.848164900113535847e-01
3.504504272652905428e+01	5.804897597828816425e-01	8.032101991917878214e-01	1.703899636059826417e+00	6.695438227396970365e-01
3.578772256511129513e+01	5.657126052593632881e-01	7.777624945644009413e-01	1.639289091558805200e+00	6.545684355995283754e-01
3.654614138700539883e+01	5.512751871954291172e-01	7.530587927029857021e-01	1.576979118033190241e+00	6.398915481540045080e-01
3.732063273512289925e+01	5.371769822931831140e-01	7.290904237960575962e-01	1.516922041122366061e+00	6.255142783655299743e-01
3.811153722086707774e+01	5.234146644580923713e-01	7.058431513701575177e-01	1.459054389356205572e+00	6.114350809695301425e-01
3.891920267392951160e+01	5.099869230815954335e-01	6.833072928240807586e-01	1.403327264802995966e+00	5.976546862751194178e-01
3.974398429526115706e+01	4.968925156565546231e-01	6.614728886970777655e-01	1.349690955718183094e+00	5.841735804949746980e-01
4.058624481328516254e+01	4.841300990951954430e-01	6.403298704954343279e-01	1.298096020138058027e+00	5.709921758352528576e-01
4.144635464342010778e+01	4.716982377677387261e-01	6.198682790133476228e-01	1.248494151450024292e+00	5.581109930734691194e-01
4.232469205098434628e+01	4.595954123483229070e-01	6.000778640379021978e-01	1.200836600933539389e+00	5.455303848850014958e-01
4.322164331755172384e+01	4.478200290062694933e-01	5.809480594154072808e-01	1.155074022396608280e+00	5.332506070493883144e-01
4.413760291083362119e+01	4.363704285319212062e-01	5.624686105558345250e-01	1.111158937335054331e+00	5.212720098594805229e-01
4.507297365816076251e+01	4.252448947952555125e-01	5.446290950527488128e-01	1.069043851689749358e+00	5.095948719942089422e-01
4.602816692364147144e+01	4.144416620321479949e-01	5.274189413150456307e-01	1.028681311566350010e+00	4.982194264545412032e-01
4.700360278907441369e+01	4.039589203654435079e-01	5.108274360484663656e-01	9.900238780689682994e-01	4.871457680727861450e-01
4.799971023869517950e+01	3.937948194509486854e-01	4.948441229303847666e-01	9.530256915146499974e-01	4.763742033958539568e-01
4.901692734783804895e+01	3.839474700341428126e-01	4.794584946788699176e-01	9.176413748232925549e-01	4.659049397169452988e-01
5.005570147559598126e+01	3.744149435832884176e-01	4.646599073293384285e-01	8.838255574323029551e-01	4.557380387656019272e-01
5.111648946156338980e+01	3.651956997576600861e-01	4.504386394116428605e-01	8.515360044893587332e-01	4.458741074538820626e-01
5.219975782674825382e+01	3.562905369408690959e-01	4.367890672598562229e-01	8.207417686618392327e-01	4.363158168826917205e-01
5.330598297874255564e+01	3.476969537477683225e-01	4.236997193191922584e-01	7.913968338315042761e-01	4.270629569671273162e-01
5.443565142123959077e+01	3.394128600453273359e-01	4.111601209972212123e-01	7.634585854681130712e-01	4.181156668932573539e-01
5.558925996799251124e+01	3.314362855833611343e-01	3.991596562939866422e-01	7.368841526373868245e-01	4.094740500246401571e-01
5.676731596130657209e+01	3.237652398877486348e-01	3.876881748203080402e-01	7.116329321891698978e-01	4.011384489207378556e-01
5.797033749516177181e+01	3.163976715010690666e-01	3.767352556696092480e-01	6.876639230092539412e-01	3.931089992153143919e-01
5.919885364306400533e+01	3.093361281644159688e-01	3.662988139084381589e-01	6.649582491315858546e-01	3.853902997841842093e-01
6.045340469072480261e+01	3.025828262954203263e-01	3.563761826362386032e-01	6.434955990725024222e-01	3.779867503431813547e-01
6.173454237367209885e+01	2.961328749017772544e-01	3.469520179688015959e-01	6.232234175029996992e-01	3.708959406811941917e-01
6.304283011989645757e+01	2.899834443714606746e-01	3.380147138846779087e-01	6.040994283808198695e-01	3.641173564854296441e-01
6.437884329763940627e+01	2.841415117794259815e-01	3.295701834151490428e-01	5.861265249120128917e-01	3.576601854769163591e-01
6.574316946843353549e+01	2.786083860484990793e-01	3.216141015208698883e-01	5.692811597342978258e-01	3.515281749688798918e-01
6.713640864550379206e+01	2.733773237359107267e-01	3.141279692155574677e-01	5.535045065789290231e-01	3.457170090816317209e-01
6.855917355764610477e+01	2.684599451899903899e-01	3.071256709083986514e-01	5.388198699994722896e-01	3.402406248780791564e-01
7.001208991869765441e+01	2.638547859135442208e-01	3.005978402132111760e-01	5.251915619244050815e-01	3.351001435627302127e-01
7.149579670271769771e+01	2.595621906260720535e-01	2.945384502224935863e-01	5.125929602190872902e-01	3.302984281244649711e-01
7.301094642500031284e+01	2.555944556592407713e-01	2.889620407919163969e-01	5.010483634016112964e-01	3.258503398814200924e-01
7.455820542904223203e+01	2.519476735792365862e-01	2.838549377903916149e-01	4.905120475889175879e-01	3.217546519113853587e-01
7.613825417959219521e+01	2.486364900766858399e-01	2.792353528685154740e-01	4.810169863763861242e-01	3.180287484348530147e-01
7.775178756191070306e+01	2.456639663469578905e-01	2.751014374961788245e-01	4.725466263544861323e-01	3.146785091135178569e-01
7.939951518737163383e+01	2.430373427253401664e-01	2.714582638425527272e-01	4.651010268528080749e-01	3.117141010649213118e-01
8.108216170554010205e+01	2.407765154003862484e-01	2.683323644444186029e-01	4.587326150761561472e-01	3.091584665491100559e-01
8.280046712286477373e+01	2.388858347380912184e-01	2.657233933660158587e-01	4.534274933474526925e-01	3.070190968230035455e-01
8.455518712812224180e+01	2.373810545243101033e-01	2.636501613552031942e-01	4.492180697367327280e-01	3.053150343266240463e-01
8.634709342475994731e+01	2.362816702069537034e-01	2.621375043072282640e-01	4.461508329944009477e-01	3.040692086693839724e-01
8.817697407028136070e+01	2.356088926462585054e-01	2.612127850415397190e-01	4.442776775369289832e-01	3.033064167344575179e-01
9.004563382282356088e+01	2.353864544725277064e-01	2.609072311179024273e-01	4.436590963243739472e-01	3.030541425547360612e-01
9.195389449507966617e+01	2.356420209855740466e-01	2.612583002959520395e-01	4.443698378661442017e-01	3.033439852854537544e-01
9.390259531572145590e+01	2.364085986973414599e-01	2.623120511852816694e-01	4.465045751887708469e-01	3.042130840457867857e-01
9.589259329848152902e+01	2.377245318189860346e-01	2.641231212086668778e-01	4.501778199297020722e-01	3.057041122403181821e-01
9.792476361905691817e+01	2.396330777626562158e-01	2.667540078452243502e-01	4.555221571323995189e-01	3.078648436509578978e-01
