# Data associated with arXiv:2208.14002
# 
# Scale-free gravitational potential, Phi(r), of a nfw0-6rhos4e6 dark matter distribution (see Eq. 2.8 and the surrounding discussion)
# 
# Published: 8/25/22, Jack Runburg and Kenny Kiriu, contact: runburg@hawaii.edu
# 
# 
# -----------------------------------------------------------------
# 
# 	 tilde r 		 | 		 tilde Phi
# 
# -----------------------------------------------------------------
1.000000000000000082e-05	2.976202174118554179e-08
1.016902569856036418e-05	3.046865621584454470e-08
1.034090836579813217e-05	3.119206833349223124e-08
1.051569629182590727e-05	3.193265644256594848e-08
1.069343858298338107e-05	3.269082834926771231e-08
1.087418517563349352e-05	3.346700154210775149e-08
1.105798685019213608e-05	3.426160342178044174e-08
1.124489524539464294e-05	3.507507153649609144e-08
1.143496287280373749e-05	3.590785382290100088e-08
1.162824313156251011e-05	3.676040885271632390e-08
1.182479032339672186e-05	3.763320608523203160e-08
1.202465966787094358e-05	3.852672612579635386e-08
1.222790731790219642e-05	3.944146099044027397e-08
1.243459037553620304e-05	4.037791437678598856e-08
1.264476690798990365e-05	4.133660194138508879e-08
1.285849596396550032e-05	4.231805158364246242e-08
1.307583759024001738e-05	4.332280373647956053e-08
1.329685284853523648e-05	4.435141166389789914e-08
1.352160383267306994e-05	4.540444176560809264e-08
1.375015368602047702e-05	4.648247388888882969e-08
1.398256661922970337e-05	4.758610164785151107e-08
1.421890792827791775e-05	4.871593275028204725e-08
1.445924401281218556e-05	4.987258933224383355e-08
1.470364239480425140e-05	5.105670830062287016e-08
1.495217173752060936e-05	5.226894168380467645e-08
1.520490186481353606e-05	5.350995699067771113e-08
1.546190378073772831e-05	5.478043757815718291e-08
1.572324968949899453e-05	5.608108302743602023e-08
1.598901301573965207e-05	5.741260952916555353e-08
1.625926842516730133e-05	5.877575027778261812e-08
1.653409184553174079e-05	6.017125587519507403e-08
1.681356048795696318e-05	6.159989474405312501e-08
1.709775286863338809e-05	6.306245355082973558e-08
1.738674883087671066e-05	6.455973763894440386e-08
1.768062956756000055e-05	6.609257147217099955e-08
1.797947764392438726e-05	6.766179908856864961e-08
1.828337702077590442e-05	6.926828456519162110e-08
1.859241307807381921e-05	7.091291249382778475e-08
1.890667263891824960e-05	7.259658846803353345e-08
1.922624399394281931e-05	7.432023958172818582e-08
1.955121692611963820e-05	7.608481493962445762e-08
1.988168273598394005e-05	7.789128617977789674e-08
2.021773426728446277e-05	7.974064800853752907e-08
2.055946593306806188e-05	8.163391874819906042e-08
2.090697374220454717e-05	8.357214089765479317e-08
2.126035532636048084e-05	8.555638170635576418e-08
2.161970996742848953e-05	8.758773376189644890e-08
2.198513862542019826e-05	8.966731559154753053e-08
2.235674396683105304e-05	9.179627227807031966e-08
2.273463039348393747e-05	9.397577609014553630e-08
2.311890407186101566e-05	9.620702712777120224e-08
2.350967296293065580e-05	9.849125398297663609e-08
2.390704685247916156e-05	1.008297144162240676e-07
2.431113738195477895e-05	1.032236960488640014e-07
2.472205807983296721e-05	1.056745170720271620e-07
2.513992439351238667e-05	1.081835269723469973e-07
2.556485372174920653e-05	1.107521072749039895e-07
2.599696544764047972e-05	1.133816723038104725e-07
2.643638097216418787e-05	1.160736699608443188e-07
2.688322374828698802e-05	1.188295825225697953e-07
2.733761931564792142e-05	1.216509274563762782e-07
2.779969533582839453e-05	1.245392582558870227e-07
2.826958162821882354e-05	1.274961652962009716e-07
2.874741020649071774e-05	1.305232767094299623e-07
2.923331531568612113e-05	1.336222592810234464e-07
2.972743346993304866e-05	1.367948193673629871e-07
3.022990349079926684e-05	1.400427038351421797e-07
3.074086654629380722e-05	1.433677010230402402e-07
3.126046619052763072e-05	1.467716417262212538e-07
3.178884840404535552e-05	1.502564002042057874e-07
3.232616163483768439e-05	1.538238952126582932e-07
3.287255684004812447e-05	1.574760910596715778e-07
3.342818752838356790e-05	1.612149986871152947e-07
3.399320980324275641e-05	1.650426767776574749e-07
3.456778240657304527e-05	1.689612328880565739e-07
3.515206676346841592e-05	1.729728246093519222e-07
3.574622702752206616e-05	1.770796607545961943e-07
3.635043012694450139e-05	1.812840025747708074e-07
3.696484581146223093e-05	1.855881650035682026e-07
3.758964670000808795e-05	1.899945179317104834e-07
3.822500832921870388e-05	1.945054875115204705e-07
3.887110920275097572e-05	1.991235574924504348e-07
3.952813084143210176e-05	2.038512705883078884e-07
4.019625783425803943e-05	2.086912298769362371e-07
4.087567789025284005e-05	2.136461002331066946e-07
4.156658189120576708e-05	2.187186097954265376e-07
4.226916394529853092e-05	2.239115514680524198e-07
4.298362144164019741e-05	2.292277844580531074e-07
4.371015510572303796e-05	2.346702358492520430e-07
4.444896905581571312e-05	2.402419022134212835e-07
4.520027086031053377e-05	2.459458512597199286e-07
4.596427159603870473e-05	2.517852235232674039e-07
4.674118590757267352e-05	2.577632340938011484e-07
4.753123206752940771e-05	2.638831743853477699e-07
4.833463203789430644e-05	2.701484139479022172e-07
4.915161153238073493e-05	2.765624023220935568e-07
4.998240007984356624e-05	2.831286709378647514e-07
5.082723108876559525e-05	2.898508350582180332e-07
5.168634191283236288e-05	2.967325957690750267e-07
5.255997391761710167e-05	3.037777420163715050e-07
5.344837254839108326e-05	3.109901526914795581e-07
5.435178739908172257e-05	3.183737987661303665e-07
5.527047228239525742e-05	3.259327454779909218e-07
5.620468530112457639e-05	3.336711545681033566e-07
5.715468892066349253e-05	3.415932865714276288e-07
5.812075004274504757e-05	3.497035031617235933e-07
5.910314008042789533e-05	3.580062695520898607e-07
6.010213503434844385e-05	3.665061569524504822e-07
6.111801557026345553e-05	3.752078450853684281e-07
6.215106709790228898e-05	3.841161247615461435e-07
6.320157985115178797e-05	3.932359005164375723e-07
6.426984896959787321e-05	4.025721933094330985e-07
6.535617458144342038e-05	4.121301432870727680e-07
6.646086188782971240e-05	4.219150126118414582e-07
6.758422124858115099e-05	4.319321883580660523e-07
6.872656826940111863e-05	4.421871854765394361e-07
6.988822389054047174e-05	4.526856498294743299e-07
7.106951447696465861e-05	4.634333612974646607e-07
7.227077191004629639e-05	4.744362369601755947e-07
7.349233368080552791e-05	4.857003343524790054e-07
7.473454298472863809e-05	4.972318547978631230e-07
7.599774881818697982e-05	5.090371468209059853e-07
7.728230607648789517e-05	5.211227096407303210e-07
7.858857565358148443e-05	5.334951967473255193e-07
7.991692454345255051e-05	5.461614195627140307e-07
8.126772594322802224e-05	5.591283511889907374e-07
8.264135935802465773e-05	5.724031302452554671e-07
8.403821070757165439e-05	5.859930647955961491e-07
8.545867243463269578e-05	5.999056363702285473e-07
8.690314361526321394e-05	6.141485040820528789e-07
8.837203007092955202e-05	6.287295088408473910e-07
8.986574448252320402e-05	6.436566776674303549e-07
9.138470650630395851e-05	6.589382281101777318e-07
9.292934289180014931e-05	6.745825727662795347e-07
9.450008760170456993e-05	6.905983239102721704e-07
9.609738193379394305e-05	7.069942982323312180e-07
9.772167464491231779e-05	7.237795216889888774e-07
9.937342207704681467e-05	7.409632344688741524e-07
1.010530882855375953e-04	7.585548960762701274e-07
1.027611451694522251e-04	7.765641905352186448e-07
1.044980726041651943e-04	7.950010317170738927e-07
1.062643585761784858e-04	8.138755687944154155e-07
1.080604993202192510e-04	8.331981918242967024e-07
1.098869994586575572e-04	8.529795374639409292e-07
1.117443721432778697e-04	8.732304948219646202e-07
1.136331391994486811e-04	8.939622114483891387e-07
1.155538312727281931e-04	9.151860994667018283e-07
1.175069879779481330e-04	9.369138418513412746e-07
1.194931580508180820e-04	9.591573988540587729e-07
1.215128995020904455e-04	9.819290145826558347e-07
1.235667797743341897e-04	1.005241223735761044e-06
1.256553759013554958e-04	1.029106858497279192e-06
1.277792746703147969e-04	1.053539055594345294e-06
1.299390727865835948e-04	1.078551263522634213e-06
1.321353770413874452e-04	1.104157249942993292e-06
1.343688044822834680e-04	1.130371109253465639e-06
1.366399825865173903e-04	1.157207270340831044e-06
1.389495494373137348e-04	1.184680504515969980e-06
1.412981539031428761e-04	1.212805933637338171e-06
1.436864558200198782e-04	1.241599038427060888e-06
1.461151261768842277e-04	1.271075666984183065e-06
1.485848473041125864e-04	1.301252043499746826e-06
1.510963130652191798e-04	1.332144777178492745e-06
1.536502290517936125e-04	1.363770871372032407e-06
1.562473127817378576e-04	1.396147732928581888e-06
1.588882939008491742e-04	1.429293181764276724e-06
1.615739143878149021e-04	1.463225460661427755e-06
1.643049287626683534e-04	1.497963245298988092e-06
1.670821042987704773e-04	1.533525654520806578e-06
1.699062212383743503e-04	1.569932260847262198e-06
1.727780730118311508e-04	1.607203101236020402e-06
1.756984664605053779e-04	1.645358688097885261e-06
1.786682220634525510e-04	1.684420020573666309e-06
1.816881741679340619e-04	1.724408596078379356e-06
1.847591712238235014e-04	1.765346422118972242e-06
1.878820760219775598e-04	1.807256028392145115e-06
1.910577659366365815e-04	1.850160479168870824e-06
1.942871331719188508e-04	1.894083385972338106e-06
1.975710850124866975e-04	1.939048920556392215e-06
2.009105440784431595e-04	1.985081828191413775e-06
2.043064485845435532e-04	2.032207441265089965e-06
2.077597526037827484e-04	2.080451693205359986e-06
2.112714263354412516e-04	2.129841132733281553e-06
2.148424563776607336e-04	2.180402938453564736e-06
2.184738460046266035e-04	2.232164933790760047e-06
2.221666154484372088e-04	2.285155602279318687e-06
2.259218021857336319e-04	2.339404103215805100e-06
2.297404612291798821e-04	2.394940287681969373e-06
2.336236654238643619e-04	2.451794714947284869e-06
2.375725057487147664e-04	2.509998669260057583e-06
2.415880916230062926e-04	2.569584177036219575e-06
2.456715512180506823e-04	2.630584024455238202e-06
2.498240317741551374e-04	2.693031775472775305e-06
2.540466999229345113e-04	2.756961790259879575e-06
2.583407420150777146e-04	2.822409244078935361e-06
2.627073644536481322e-04	2.889410146606517079e-06
2.671477940330213769e-04	2.958001361713849356e-06
2.716632782835508839e-04	3.028220627715629806e-06
2.762550858220584886e-04	3.100106578098262716e-06
2.809245067082517420e-04	3.173698762738912744e-06
2.856728528071605542e-04	3.249037669626832224e-06
2.905014581577071149e-04	3.326164747099029733e-06
2.954116793474984839e-04	3.405122426602207867e-06
3.004048958939589458e-04	3.485954145993586751e-06
3.054825106319022541e-04	3.568704373393222242e-06
3.106459501076553839e-04	3.653418631600911395e-06
3.158966649798455200e-04	3.740143523090991244e-06
3.212361304269563162e-04	3.828926755598619839e-06
3.266658465617811426e-04	3.919817168311687539e-06
3.321873388528732334e-04	4.012864758682385415e-06
3.378021585531251671e-04	4.108120709873306374e-06
3.435118831355896260e-04	4.205637418852914759e-06
3.493181167366675791e-04	4.305468525155744552e-06
3.552224906067888996e-04	4.407668940323058096e-06
3.612266635687054364e-04	4.512294878039885333e-06
3.673323224835388411e-04	4.619403884985116562e-06
3.735411827246973185e-04	4.729054872411170071e-06
3.798549886598084251e-04	4.841308148470707264e-06
3.862755141407951480e-04	4.956225451307850075e-06
3.928045630022363724e-04	5.073869982931999231e-06
3.994439695681523583e-04	5.194306443892725449e-06
4.061955991673505371e-04	5.317601068774487732e-06
4.130613486574917070e-04	5.443821662530773177e-06
4.200431469580040238e-04	5.573037637677107012e-06
4.271429555920115370e-04	5.705320052363464942e-06
4.343627692374198417e-04	5.840741649346647845e-06
4.417046162873167637e-04	5.979376895883876787e-06
4.491705594198478857e-04	6.121302024569350861e-06
4.567626961777168084e-04	6.266595075135812720e-06
4.644831595574927248e-04	6.415335937244185660e-06
4.723341186088662533e-04	6.567606394284125053e-06
4.803177790440425624e-04	6.723490168209658438e-06
4.884363838574312710e-04	6.883072965434064874e-06
4.966922139558113680e-04	7.046442523809009829e-06
5.050875887991499369e-04	7.213688660713502452e-06
5.136248670522445235e-04	7.384903322278552072e-06
5.223064472473935762e-04	7.560180633774744189e-06
5.311347684582509721e-04	7.739616951189397156e-06
5.401123109850867847e-04	7.923310914022036841e-06
5.492415970516181150e-04	8.111363499326195573e-06
5.585251915136241153e-04	8.303878077027241651e-06
5.679657025795404723e-04	8.500960466546175274e-06
5.775657825432239500e-04	8.702718994759811206e-06
5.873281285291183634e-04	8.909264555329326243e-06
5.972554832499969713e-04	9.120710669428591294e-06
6.073506357775315233e-04	9.337173547905950878e-06
6.176164223258701069e-04	9.558772154912411465e-06
6.280557270484683893e-04	9.785628273031210967e-06
6.386714828483902292e-04	1.001786656994383315e-05
6.494666722022935214e-04	1.025561466666826935e-05
6.604443279983617009e-04	1.049900320740715780e-05
6.716075343883770371e-04	1.074816593104256006e-05
6.829594276542177208e-04	1.100323974431712927e-05
6.945031970889825731e-04	1.126436479674021011e-05
7.062420858930204982e-04	1.153168455726007199e-05
7.181793920851009278e-04	1.180534589274331239e-05
7.303184694289851413e-04	1.208549914830389386e-05
7.426627283756636558e-04	1.237229822952527598e-05
7.552156370215079703e-04	1.266590068661962185e-05
7.679807220826359018e-04	1.296646780057020347e-05
7.809615698857278474e-04	1.327416467130251206e-05
7.941618273756021005e-04	1.358916030793242526e-05
8.075852031398165869e-04	1.391162772113953598e-05
8.212354684505887787e-04	1.424174401771560928e-05
8.351164583243314002e-04	1.457969049733910803e-05
8.492320725990840828e-04	1.492565275162744761e-05
8.635862770301777234e-04	1.527982076552113750e-05
8.781831044043956558e-04	1.564238902105324219e-05
8.930266556729828109e-04	1.601355660356080919e-05
9.081211011037989590e-04	1.639352731039484611e-05
9.234706814529467173e-04	1.678250976218745123e-05
9.390797091562086895e-04	1.718071751673581340e-05
9.549525695406079406e-04	1.758836918556377449e-05
9.710937220564705170e-04	1.800568855322446174e-05
9.875077015302894702e-04	1.843290469940666343e-05
1.004199119438780371e-03	1.887025212391146723e-05
1.021172665204465608e-03	1.931797087456543977e-05
1.038433107513160114e-03	1.977630667813917403e-05
1.055985295653722377e-03	2.024551107434101685e-05
1.073834160880457900e-03	2.072584155295793731e-05
1.091984717798539194e-03	2.121756169421638399e-05
1.110442065772854507e-03	2.172094131243865612e-05
1.129211390360662605e-03	2.223625660307112985e-05
1.148297964768467102e-03	2.276379029316298513e-05
1.167707151333511727e-03	2.330383179537557590e-05
1.187444403030319794e-03	2.385667736560467369e-05
1.207515265002700490e-03	2.442263026429966104e-05
1.227925376121640280e-03	2.500200092156510981e-05
1.248680470569537605e-03	2.559510710613332733e-05
1.269786379451208914e-03	2.620227409829716086e-05
1.291249032432127903e-03	2.682383486689534664e-05
1.313074459404352896e-03	2.746013025044420370e-05
1.335268792180613557e-03	2.811150914251202087e-05
1.357838266217031810e-03	2.877832868143434875e-05
1.380789222364966172e-03	2.946095444447112565e-05
1.404128108652453718e-03	3.015976064650783376e-05
1.427861482095777682e-03	3.087513034340682894e-05
1.451996010541646868e-03	3.160745564011570915e-05
1.476538474540514635e-03	3.235713790364327296e-05
1.501495769251562883e-03	3.312458798101529313e-05
1.526874906379880551e-03	3.391022642232535944e-05
1.552683016146397385e-03	3.471448370899876538e-05
1.578927349291094897e-03	3.553780048738901622e-05
1.605615279110095620e-03	3.638062780783116721e-05
1.632754303527175332e-03	3.724342736927693272e-05
1.660352047200289172e-03	3.812667176964073547e-05
1.688416263663707062e-03	3.903084476198829769e-05
1.716954837506350865e-03	3.995644151670208638e-05
1.745975786586963620e-03	4.090396888976180804e-05
1.775487264286699802e-03	4.187394569727956398e-05
1.805497561799810540e-03	4.286690299643492239e-05
1.836015110463037458e-03	4.388338437295592189e-05
1.867048484124379315e-03	4.492394623529673807e-05
1.898606401551900620e-03	4.598915811566594902e-05
1.930697728883249645e-03	4.707960297806214876e-05
1.963331482116591892e-03	4.819587753347830529e-05
1.996516829643624896e-03	4.933859256243794785e-05
2.030263094825430960e-03	5.050837324503263721e-05
2.064579758611852570e-03	5.170585949863110153e-05
2.099476462205150749e-03	5.293170632343638317e-05
2.134963009768679927e-03	5.418658415606967974e-05
2.171049371181348660e-03	5.547117923136499055e-05
2.207745684838647703e-03	5.678619395256159330e-05
2.245062260500998302e-03	5.813234727008540767e-05
2.283009582190270292e-03	5.951037506911632682e-05
2.321598311135244109e-03	6.092103056614044072e-05
2.360839288766866315e-03	6.236508471469233645e-05
2.400743539764126078e-03	6.384332662049629307e-05
2.441322275151419988e-03	6.535656396621995865e-05
2.482586895448264750e-03	6.690562344605881370e-05
2.524548993872262424e-03	6.849135121037525445e-05
2.567220359596177753e-03	7.011461332061830480e-05
2.610612981060093842e-03	7.177629621475952013e-05
2.654739049339540410e-03	7.347730718348107306e-05
2.699610961570552640e-03	7.521857485736023789e-05
2.745241324432623389e-03	7.700104970529840671e-05
2.791642957690524101e-03	7.882570454444858465e-05
2.838828897796003177e-03	8.069353506190135572e-05
2.886812401550338004e-03	8.260556034839259089e-05
2.935606949828818354e-03	8.456282344430602227e-05
2.985226251368169013e-03	8.656639189824547455e-05
3.035684246617996723e-03	8.861735833845974398e-05
3.086995111657330013e-03	9.071684105740906480e-05
3.139173262177360861e-03	9.286598460976721225e-05
3.192233357531519197e-03	9.506596042416155844e-05
3.246190304853968818e-03	9.731796742895620260e-05
3.301059263247754609e-03	9.962323269239519656e-05
3.356855648043719550e-03	1.019830120774245123e-04
3.413595135131412741e-03	1.043985909115206551e-04
3.471293665363201029e-03	1.068712846718606696e-04
3.529967449032819348e-03	1.094024396861753069e-04
3.589632970429635240e-03	1.119934338496334072e-04
3.650306992469857896e-03	1.146456773581131053e-04
3.712006561406061729e-03	1.173606134582252459e-04
3.774749011616297320e-03	1.201397192144579643e-04
3.838551970474150202e-03	1.229845062938227844e-04
3.903433363301120080e-03	1.258965217683877345e-04
3.969411418402700453e-03	1.288773489360933505e-04
4.036504672189604979e-03	1.319286081602543488e-04
4.104731974385511864e-03	1.350519577281564297e-04
4.174112493322873658e-03	1.382490947291708616e-04
4.244665721328222743e-03	1.415217559528131536e-04
4.316411480198500787e-03	1.448717188071830218e-04
4.389369926769958255e-03	1.483008022582326378e-04
4.463561558581177410e-03	1.518108677903173321e-04
4.539007219631814756e-03	1.554038203884934967e-04
4.615728106238700494e-03	1.590816095430379958e-04
4.693745772990876204e-03	1.628462302766697952e-04
4.773082138805334954e-03	1.666997241949709702e-04
4.853759493085097083e-03	1.706441805605059877e-04
4.935800501981372872e-03	1.746817373911546103e-04
5.019228214761578891e-03	1.788145825831802239e-04
5.104066070284974874e-03	1.830449550595669858e-04
5.190337903587798063e-03	1.873751459441722349e-04
5.278067952579629761e-03	1.918074997622428216e-04
5.367280864853020243e-03	1.963444156678685495e-04
5.458001704608171807e-03	2.009883486989433711e-04
5.550255959694683563e-03	2.057418118506189114e-04
5.644069548772311269e-03	2.106073743097243000e-04
5.739468828592763153e-03	2.155876672935829331e-04
5.836480601404602127e-03	2.206853824966154140e-04
5.935132122483251921e-03	2.259032742055196001e-04
6.035451107788337120e-03	2.312441607320395187e-04
6.137465741750428375e-03	2.367109258776013963e-04
6.241204685189401941e-03	2.423065204304876256e-04
6.346697083366644419e-03	2.480339636962339668e-04
6.453972574173352621e-03	2.538963450619434112e-04
6.563061296457267831e-03	2.598968255952292458e-04
6.673993898490092683e-03	2.660386396785030549e-04
6.786801546578089504e-03	2.723250966793498208e-04
6.901515933818189001e-03	2.787595826577334273e-04
7.018169289002107285e-03	2.853455621107963314e-04
7.136794385670962304e-03	2.920865797560291493e-04
7.257424551322942327e-03	2.989862623535985355e-04
7.380093676776592997e-03	3.060483205686378321e-04
7.504836225692410046e-03	3.132765508743184111e-04
7.631687244255296390e-03	3.206748374965289546e-04
7.760682371020751966e-03	3.282471544010169724e-04
7.891857846927448697e-03	3.359975673238454422e-04
8.025250525479058969e-03	3.439302358460447290e-04
8.160897883098169533e-03	3.520494155133473114e-04
8.298838029655216872e-03	3.603594600019122498e-04
8.439109719175405186e-03	3.688648233309601556e-04
8.581752360726531761e-03	3.775700621232480928e-04
8.726806029490927208e-03	3.864798379143455039e-04
8.874311478024487360e-03	3.955989195116668298e-04
9.024310147706032098e-03	4.049321854042486945e-04
9.176844180380181251e-03	4.144846262242665724e-04
9.331956430197019259e-03	4.242613472613020664e-04
9.489690475651922641e-03	4.342675710303938764e-04
9.650090631828802876e-03	4.445086398949081455e-04
9.813201962850383320e-03	4.549900187452982341e-04
9.979070294538865127e-03	4.657172977348212131e-04
1.014774222729061814e-02	4.766961950733081786e-04
1.031926514916845991e-02	4.879325598800911853e-04
1.049368724921524200e-02	4.994323750972144227e-04
1.067105753099251327e-02	5.112017604640684259e-04
1.085142582634790812e-02	5.232469755545943527e-04
1.103484280941536416e-02	5.355744236930486688e-04
1.122136001085190064e-02	5.481906519462981025e-04
1.141102983231507065e-02	5.611023589959482664e-04
1.160390556118510476e-02	5.743163954197695814e-04
1.180004138553588516e-02	5.878397677963557305e-04
1.199949240935904021e-02	6.016796421429364099e-04
1.220231466804522213e-02	6.158433474242790487e-04
1.240856514412720830e-02	6.303383791339802139e-04
1.261830178328901021e-02	6.451724029494271435e-04
1.283158351064561664e-02	6.603532584617394490e-04
1.304847024729788307e-02	6.758889629820185934e-04
1.326902292716726148e-02	6.917877154252380627e-04
1.349330351411505598e-02	7.080579002731251462e-04
1.372137501935110325e-02	7.247080916174084442e-04
1.395330151913657356e-02	7.417470572847867892e-04
1.418914817278613301e-02	7.591837630450374999e-04
1.442898124097431733e-02	7.770273769036486035e-04
1.467286810435134044e-02	7.952872734803947876e-04
1.492087728247356443e-02	8.139730384752861701e-04
1.517307845305392207e-02	8.330944732233237435e-04
1.542954247153780281e-02	8.526615993395176858e-04
1.569034139100966910e-02	8.726846634556091175e-04
1.595554848243628532e-02	8.931741420499842397e-04
1.622523825525205854e-02	9.141407463722426826e-04
1.649948647829230924e-02	9.355954274639056382e-04
1.677837020108039270e-02	9.575493812767596523e-04
1.706196777547459506e-02	9.800140538903255507e-04
1.735035887768101442e-02	1.003001146829969300e-03
1.764362453063833894e-02	1.026522622487134953e-03
1.794184712678114843e-02	1.050590709643244676e-03
1.824511045118791530e-02	1.075217909098754015e-03
1.855349970512023758e-02	1.100416999408883236e-03
1.886710152996000367e-02	1.126201042727548564e-03
1.918600403155108769e-02	1.152583390760993434e-03
1.951029680495259405e-02	1.179577690832649345e-03
1.984007095961033348e-02	1.207197892060710371e-03
2.017541914495388916e-02	1.235458251649953956e-03
2.051643557642630553e-02	1.264373341299284900e-03
2.086321606195374462e-02	1.293958053726500896e-03
2.121585802886252412e-02	1.324227609311757819e-03
2.157446055125112477e-02	1.355197562861201700e-03
2.193912437782497352e-02	1.386883811305043325e-03
2.230995196020145455e-02	1.419302597539596469e-03
2.268704748169360005e-02	1.452470522190152640e-03
2.307051688658016617e-02	1.486404547857887726e-03
2.346046790987047978e-02	1.521122007241143418e-03
2.385701010757239338e-02	1.556640610650077573e-03
2.426025488747183059e-02	1.592978453651291548e-03
2.467031554043257191e-02	1.630154024843749215e-03
2.508730727222522119e-02	1.668186213767276554e-03
2.551134723589388795e-02	1.707094318944847025e-03
2.594255456467021298e-02	1.746898056059916242e-03
2.638105040544361582e-02	1.787617566269941553e-03
2.682695795279727360e-02	1.829273424657220813e-03
2.728040248361941061e-02	1.871886648818142131e-03
2.774151139229957819e-02	1.915478707591874823e-03
2.821041422651998296e-02	1.960071529929501184e-03
2.868724272365149111e-02	2.005687513904481391e-03
2.917213084776511603e-02	2.052349535865380468e-03
2.966521482726893269e-02	2.100080959731614322e-03
3.016663319318120540e-02	2.148905646432994806e-03
3.067652681805041123e-02	2.198847963493730413e-03
3.119503895553308453e-02	2.249932794761481513e-03
3.172231528064078931e-02	2.302185550282017431e-03
3.225850393066707206e-02	2.355632176319862221e-03
3.280375554680643041e-02	2.410299165525337222e-03
3.335822331647670530e-02	2.466213567248235448e-03
3.392206301635675159e-02	2.523402997998268338e-03
3.449543305615163091e-02	2.581895652052392832e-03
3.507849452309746291e-02	2.641720312208916885e-03
3.567141122721874391e-02	2.702906360688283206e-03
3.627434974735024853e-02	2.765483790180176503e-03
3.688747947793717674e-02	2.829483215036632856e-03
3.751097267662616142e-02	2.894935882610559681e-03
3.814500451266075037e-02	2.961873684739020542e-03
3.878975311609485915e-02	3.030329169370468180e-03
3.944539962783806530e-02	3.100335552334970799e-03
4.011212825054691344e-02	3.171926729256312714e-03
4.079012630037611581e-02	3.245137287604669615e-03
4.147958425960481671e-02	3.320002518888458525e-03
4.218069583015218033e-02	3.396558430983697124e-03
4.289365798799760210e-02	3.474841760599077858e-03
4.361867103852071215e-02	3.554889986672443714e-03
4.435593867277683178e-02	3.636741339993637169e-03
4.510566802472350950e-02	3.720434820608107401e-03
4.586806972941463723e-02	3.806010207846806902e-03
4.664335798217766893e-02	3.893508074157423643e-03
4.743175059879158745e-02	3.982969798334554980e-03
4.823346907668181471e-02	4.074437578867125438e-03
4.904873865714945436e-02	4.167954447399505220e-03
4.987778838865244979e-02	4.263564282302513032e-03
5.072085119115625484e-02	4.361311822350204086e-03
5.157816392157245355e-02	4.461242680498122941e-03
5.244996744030298863e-02	4.563403357758269788e-03
5.333650667890960095e-02	4.667841257165976712e-03
5.423803070892688205e-02	4.774604697833325848e-03
5.515479281183843091e-02	4.883742929083624215e-03
5.608705055023580077e-02	4.995306144660988622e-03
5.703506584018021297e-02	5.109345497008880611e-03
5.799910502478755614e-02	5.225913111610989113e-03
5.897943894905668949e-02	5.345062101387513219e-03
5.997634303596301869e-02	5.466846581139635577e-03
6.099009736383805003e-02	5.591321682034472960e-03
6.202098674505685666e-02	5.718543566122454014e-03
6.306930080605555045e-02	5.848569440878713388e-03
6.413533406870128295e-02	5.981457573759626535e-03
6.521938603303781279e-02	6.117267306765249504e-03
6.632176126142910744e-02	6.256059070997905917e-03
6.744276946412586238e-02	6.397894401206877073e-03
6.858272558627788451e-02	6.542835950308544847e-03
6.974194989641739617e-02	6.690947503870983172e-03
7.092076807643786507e-02	6.842293994551469118e-03
7.211951131309368712e-02	6.996941516474926639e-03
7.333851639104646547e-02	7.154957339540839872e-03
7.457812578748428123e-02	7.316409923645673247e-03
7.583868776833958825e-02	7.481368932807206870e-03
7.712055648613416747e-02	7.649905249176944949e-03
7.842409207947753647e-02	7.822090986925926692e-03
7.974966077424722188e-02	7.997999505988950819e-03
8.109763498647923341e-02	8.177705425651536977e-03
8.246839342699753550e-02	8.361284637963491140e-03
8.386232120781254851e-02	8.548814320962392146e-03
8.527980995031705924e-02	8.740372951689509909e-03
8.672125789531190398e-02	8.936040319756989245e-03
8.818707001489085873e-02	9.135897536870114799e-03
8.967765812621682209e-02	9.340027053534351309e-03
9.119344100722104329e-02	9.548512668179832963e-03
9.273484451425793862e-02	9.761439539562700302e-03
9.430230170174896953e-02	9.978894198140488697e-03
9.589625294384790388e-02	1.020096455710242656e-02
9.751714605816352854e-02	1.042773992292209823e-02
9.916543643157306465e-02	1.065931100594880686e-02
1.008415871481621734e-01	1.089576992993970816e-02
1.025460691193275653e-01	1.113721024163124435e-02
1.042793612160791694e-01	1.138372691998327385e-02
1.060419504035768068e-01	1.163541638348143670e-02
1.078343318779438342e-01	1.189237650012333128e-02
1.096570092053898021e-01	1.215470659243709541e-02
1.115104944636879369e-01	1.242250744693290491e-02
1.133953083860418237e-01	1.269588131758160945e-02
1.153119805073836990e-01	1.297493193445505011e-02
1.172610493131479026e-01	1.325976450550727520e-02
1.192430623905555293e-01	1.355048572433826051e-02
1.212585765824598510e-01	1.384720377061657293e-02
1.233081581437884267e-01	1.415002831436455374e-02
1.253923829006330093e-01	1.445907051948336873e-02
1.275118364120260972e-01	1.477444304213079360e-02
1.296671141344518663e-01	1.509626003268508751e-02
1.318588215891403626e-01	1.542463713684087516e-02
1.340875745321854495e-01	1.575969149124050589e-02
1.363539991275424801e-01	1.610154172282636520e-02
1.386587321229457159e-01	1.645030794720340681e-02
1.410024210288032542e-01	1.680611176124477413e-02
1.433857243001131487e-01	1.716907623952356604e-02
1.458093115214542101e-01	1.753932592961685022e-02
1.482738635951064698e-01	1.791698684141737608e-02
1.507800729323471867e-01	1.830218644031877603e-02
1.533286436479847636e-01	1.869505363911009438e-02
1.559202917581761494e-01	1.909571878375017351e-02
1.585557453815923112e-01	1.950431364296137740e-02
1.612357449439809631e-01	1.992097139633388497e-02
1.639610433861866667e-01	2.034582661636069253e-02
1.667324063756906449e-01	2.077901525406824004e-02
1.695506125217208226e-01	2.122067462293297443e-02
1.724164535940033438e-01	2.167094338009976223e-02
1.753307347452060516e-01	2.212996149564623247e-02
1.782942747371474568e-01	2.259787024945320022e-02
1.813079061708234574e-01	2.307481219352847113e-02
1.843724757203275000e-01	2.356093113308155296e-02
1.874888443707211083e-01	2.405637209709860641e-02
1.906578876599247796e-01	2.456128131264533401e-02
1.938804959247014126e-01	2.507580617350406785e-02
1.971575745507916644e-01	2.560009520953993034e-02
2.004900442272835592e-01	2.613429805307487808e-02
2.038788412052750798e-01	2.667856540426721476e-02
2.073249175609150063e-01	2.723304899479367380e-02
2.108292414628857858e-01	2.779790154755032439e-02
2.143927974444073958e-01	2.837327673945263043e-02
2.180165866798430274e-01	2.895932915555250037e-02
2.217016272659736997e-01	2.955621424898916688e-02
2.254489545080342605e-01	3.016408829073963585e-02
2.292596212105766917e-01	3.078310832637071517e-02
2.331346979732569213e-01	3.141343212195559648e-02
2.370752734916163618e-01	3.205521811421325334e-02
2.410824548629473540e-01	3.270862535867875148e-02
2.451573678973335835e-01	3.337381346934119308e-02
2.493011574339402958e-01	3.405094256653055235e-02
2.535149876626587306e-01	3.474017321200777164e-02
2.578000424511790456e-01	3.544166634953204581e-02
2.621575256775992568e-01	3.615558324342873359e-02
2.665886615686511307e-01	3.688208540811064445e-02
2.710946950436425307e-01	3.762133454280165018e-02
2.756768920642191367e-01	3.837349246433899991e-02
2.803365399900296095e-01	3.913872103092307791e-02
2.850749479404112718e-01	3.991718207220753406e-02
2.898934471621800180e-01	4.070903732014963250e-02
2.947933914036459657e-01	4.151444834291556640e-02
2.997761572949446118e-01	4.233357658109734162e-02
3.048431447347966228e-01	4.316658167871476048e-02
3.099957772838110026e-01	4.401362500865416832e-02
3.152355025644269504e-01	4.487486797213462858e-02
3.205637926676255800e-01	4.575046839395321974e-02
3.259821445665060935e-01	4.664058516636799406e-02
3.314920805368620771e-01	4.754537622187748197e-02
3.370951485848599494e-01	4.846499859107103458e-02
3.427929228819465157e-01	4.939960832228725701e-02
3.485870042071142483e-01	5.034936039252999040e-02
3.544790203966314834e-01	5.131440875548509001e-02
3.604706268013856407e-01	5.229490566041380961e-02
3.665635067519453227e-01	5.329100243451926483e-02
3.727593720314937853e-01	5.430284878093129958e-02
3.790599633567491855e-01	5.533059283044607091e-02
3.854670508670132723e-01	5.637438103265475509e-02
3.919824346214941246e-01	5.743435805218513601e-02
3.986079451050231759e-01	5.851066665936584255e-02
4.053454437423328338e-01	5.960344762189644097e-02
4.121968234210137139e-01	6.071283959357210575e-02
4.191640090233237359e-01	6.183897900567550399e-02
4.262489579669776485e-01	6.298199995445832866e-02
4.334536607550772414e-01	6.414203408653165739e-02
4.407801415353455599e-01	6.531921049012570646e-02
4.482304586688004022e-01	6.651365557629594638e-02
4.558067053080540054e-01	6.772549297039857918e-02
4.635110099853732013e-01	6.895484339256205408e-02
4.713455372106929997e-01	7.020182454534475147e-02
4.793124880797287601e-01	7.146655100131121818e-02
4.874141008923670304e-01	7.274913408360839107e-02
4.956526517815184607e-01	7.404968175380632900e-02
5.040304553525852826e-01	7.536829849999603093e-02
5.125498653337533517e-01	7.670508521789448642e-02
5.212132752372591327e-01	7.806013909998792133e-02
5.300231190318516195e-01	7.943355352532217861e-02
5.389818718266018438e-01	8.082541794235179045e-02
5.480920505662881803e-01	8.223581776070888749e-02
5.573562147385243692e-01	8.366483424418814929e-02
5.667769670928383130e-01	8.511254439742332867e-02
5.763569543719186949e-01	8.657902086399360542e-02
5.860988680552025043e-01	8.806433183312431523e-02
5.960054451150506027e-01	8.956854098341796022e-02
6.060794687856858598e-01	9.109170826237827923e-02
6.163237693451454335e-01	9.263388199202743367e-02
6.267412249104387101e-01	9.419512005429676871e-02
6.373347622461452699e-01	9.577546211120976927e-02
6.481073575866924674e-01	9.737494786522532531e-02
6.590620374725127961e-01	9.899361163332641433e-02
6.702018796003550438e-01	1.006314817613080115e-01
6.815300136879469672e-01	1.022885819562956572e-01
6.930496223532930378e-01	1.039649302426572386e-01
7.047639420088206430e-01	1.056605391346255446e-01
7.166762637706404204e-01	1.073754155708775970e-01
7.287899343831883980e-01	1.091095608307086628e-01
7.411083571594764274e-01	1.108629704672124128e-01
7.536349929372584411e-01	1.126356342351990392e-01
7.663733610513340233e-01	1.144275360310530870e-01
7.793270403223097054e-01	1.162386538295477056e-01
7.924996700620573487e-01	1.180689596282671616e-01
8.058949510961670448e-01	1.199184193942645360e-01
8.195166468036988450e-01	1.217869930156718489e-01
8.333685841744831180e-01	1.236746342574641250e-01
8.474546548843202576e-01	1.255812907188245675e-01
8.617788163883257635e-01	1.275069038008113942e-01
8.763450930327818522e-01	1.294514086701106792e-01
8.911575771857650485e-01	1.314147342366369653e-01
9.062204303868837130e-01	1.333968031255796105e-01
9.215378845164673427e-01	1.353975316649146110e-01
9.371142429844909749e-01	1.374168298659261267e-01
9.529538819396250471e-01	1.394546014209611662e-01
9.690612514986907122e-01	1.415107436935006124e-01
9.854408769969253967e-01	1.435851477216864014e-01
1.002097360259361913e+00	1.456776982267160014e-01
1.019035380893695386e+00	1.477882736179541578e-01
1.036259697605026009e+00	1.499167459666477520e-01
1.053775149532790278e+00	1.520629811993542135e-01
1.071586657610325677e+00	1.542268388723118944e-01
1.089699225947380778e+00	1.564081723621002507e-01
1.108117943236025305e+00	1.586068288656551084e-01
1.126847984180302076e+00	1.608226494342694657e-01
1.145894610950043413e+00	1.630554690215967883e-01
1.165263174659284751e+00	1.653051165363913222e-01
1.184959116869630069e+00	1.675714148908638013e-01
1.204987971119068746e+00	1.698541810632260007e-01
1.225355364476592435e+00	1.721532261647285844e-01
1.246067019123127118e+00	1.744683555021344923e-01
1.267128753959161580e+00	1.767993686543033183e-01
1.288546486239548816e+00	1.791460595529139055e-01
1.310326233235965754e+00	1.815082165587073859e-01
1.332474113927433867e+00	1.838856225513941511e-01
1.354996350719455345e+00	1.862780550232360777e-01
1.377899271192165376e+00	1.886852861716850627e-01
1.401189309878072775e+00	1.911070829897086598e-01
1.424873010069821255e+00	1.935432073887224103e-01
1.448957025658507369e+00	1.959934162888444520e-01
1.473448123003098242e+00	1.984574617385899686e-01
1.498353182831403840e+00	2.009350910239032784e-01
1.523679202173229497e+00	2.034260467907701708e-01
1.549433296326152343e+00	2.059300671637693814e-01
1.575622700854574010e+00	2.084468858720360251e-01
1.602254773622528550e+00	2.109762323765189684e-01
1.629336996860851317e+00	2.135178320011954789e-01
1.656876979269319872e+00	2.160714060671407311e-01
1.684882458154278284e+00	2.186366720264868724e-01
1.713361301602444930e+00	2.212133436053008717e-01
1.742321510691409836e+00	2.238011309399842164e-01
1.771771221737550084e+00	2.263997407258917238e-01
1.801718708581883988e+00	2.290088763572511454e-01
1.832172384914617203e+00	2.316282380805544938e-01
1.863140806638941216e+00	2.342575231381627821e-01
1.894632674274788098e+00	2.368964259215006751e-01
1.926656835403250945e+00	2.395446381256843005e-01
1.959222287152264430e+00	2.422018488969128192e-01
1.992338178724363251e+00	2.448677449942468776e-01
2.026013813967100230e+00	2.475420109383282274e-01
2.060258653986974053e+00	2.502243291705849582e-01
2.095082319807497040e+00	2.529143801633418898e-01
2.130494595072189856e+00	2.556118427602583343e-01
2.166505428793310539e+00	2.583163940647725809e-01
2.203124938146971523e+00	2.610277097755223652e-01
2.240363411315581477e+00	2.637454642954280559e-01
2.278231310378250996e+00	2.664693308924316328e-01
2.316739274250128933e+00	2.691989818597940731e-01
2.355898121671370138e+00	2.719340886661210099e-01
2.395718854246625451e+00	2.746743221158174930e-01
2.436212659535957670e+00	2.774193525021846352e-01
2.477390914197924676e+00	2.801688497656615873e-01
2.519265187185870225e+00	2.829224836409541810e-01
2.561847242998160024e+00	2.856799238122668116e-01
2.605149044983431139e+00	2.884408400668037054e-01
2.649182758701655427e+00	2.912049024380827245e-01
2.693960755342017954e+00	2.939717813567697680e-01
2.739495615198612732e+00	2.967411477991824809e-01
2.785800131204812846e+00	2.995126734284409009e-01
2.832887312527463397e+00	3.022860307309658823e-01
2.880770388221738365e+00	3.050608931685806491e-01
2.929462810947857765e+00	3.078369353108079132e-01
2.978978260750571039e+00	3.106138329678014842e-01
3.029330648902521350e+00	3.133912633290045213e-01
3.080534121812634751e+00	3.161689050896836495e-01
3.132603065000477027e+00	3.189464385832229132e-01
3.185552107137887834e+00	3.217235459050429291e-01
3.239396124158830492e+00	3.244999110367436934e-01
3.294150243438799031e+00	3.272752199650492688e-01
3.349829848044809655e+00	3.300491608023023993e-01
3.406450581057223204e+00	3.328214239004089192e-01
3.464028349964686004e+00	3.355917019602703277e-01
3.522579331133254943e+00	3.383596901460441120e-01
3.582119974351172242e+00	3.411250861858605710e-01
3.642667007450346439e+00	3.438875904771722669e-01
3.704237441006055231e+00	3.466469061890647407e-01
3.766848573116013732e+00	3.494027393531814463e-01
3.830517994260218551e+00	3.521547989643782350e-01
3.895263592243014550e+00	3.549027970646342345e-01
3.961103557218577542e+00	3.576464488331563829e-01
4.028056386801467603e+00	3.603854726733048408e-01
4.096140891263432948e+00	3.631195902873828874e-01
4.165376198818180775e+00	3.658485267103898653e-01
4.235781760995385170e+00	3.685720105659803236e-01
4.307377358105535237e+00	3.712897738741027243e-01
4.380183104797232829e+00	3.740015522870357989e-01
4.454219455708298803e+00	3.767070851172533152e-01
4.529507211212534301e+00	3.794061153921538532e-01
4.606067523263474683e+00	3.820983899155160901e-01
4.683921901337057214e+00	3.847836593256399040e-01
4.763092218474635153e+00	3.874616781402833721e-01
4.843600717428146574e+00	3.901322048086977579e-01
4.925470016909234694e+00	3.927950017602936383e-01
5.008723117943856273e+00	3.954498354401373983e-01
5.093383410334457295e+00	3.980964763517350069e-01
5.179474679231212519e+00	4.007346990963461253e-01
5.267021111814501388e+00	4.033642823995580717e-01
5.356047304090164829e+00	4.059850091450047938e-01
5.446578267799784712e+00	4.085966664044990981e-01
5.538639437447652192e+00	4.111990454595063627e-01
5.632256677446509485e+00	4.137919418136526972e-01
5.727456289384188715e+00	4.163751552319409077e-01
5.824265019412900202e+00	4.189484897390375884e-01
5.922710065763608256e+00	4.215117536420323052e-01
6.022819086387228182e+00	4.240647595351281218e-01
6.124620206725158056e+00	4.266073243126995984e-01
6.228142027611035303e+00	4.291392691717079155e-01
6.333413633306047785e+00	4.316604196161311080e-01
6.440464599670190360e+00	4.341706054570283468e-01
6.549325002471445778e+00	4.366696608112711209e-01
6.660025425835619295e+00	4.391574240979767563e-01
6.772596970838784536e+00	4.416337380297516435e-01
6.887071264245168578e+00	4.440984496084687261e-01
7.003480467392588338e+00	4.465514101095751087e-01
7.121857285228077927e+00	4.489924750748612303e-01
7.242234975496383065e+00	4.514215042918664489e-01
7.364647358083541206e+00	4.538383617835194395e-01
7.489128824518638261e+00	4.562429157828001847e-01
7.615714347635920589e+00	4.586350387195837208e-01
7.744439491400456177e+00	4.610146071917725075e-01
7.875340420899716420e+00	4.633815019443617289e-01
8.008453912504041483e+00	4.657356078469081506e-01
8.143817364199005482e+00	4.680768138602450223e-01
8.281468806092183499e+00	4.704050129667628477e-01
8.421446911097760335e+00	4.727201023121275214e-01
8.563791005801492773e+00	4.750219829242097180e-01
8.708541081509549642e+00	4.773105598395703253e-01
8.855737805483945735e+00	4.795857420347921507e-01
9.005422532367880706e+00	4.818474423842323828e-01
9.157637315804374012e+00	4.840955776268195954e-01
9.312424920251002547e+00	4.863300683316044704e-01
9.469828832994659606e+00	4.885508388519269052e-01
9.629893276369060118e+00	4.907578172890961210e-01
9.792663220179065320e+00	4.929509354548760047e-01
9.958184394334800515e+00	4.951301288227001329e-01
1.012650330169933710e+01	4.972953364886643635e-01
1.029766723115371541e+01	4.994465011312837488e-01
1.047172427088250757e+01	5.015835689604704051e-01
1.064872332188427428e+01	5.037064896761860311e-01
1.082871411171002762e+01	5.058152164257613270e-01
1.101174720843425447e+01	5.079097057513912716e-01
1.119787403486185262e+01	5.099899175501333426e-01
1.138714688297520183e+01	5.120558150158175392e-01
1.157961892862566167e+01	5.141073646043827772e-01
1.177534424647303979e+01	5.161445359798361165e-01
1.197437782517795135e+01	5.181673019625162580e-01
1.217677558285059547e+01	5.201756384852046500e-01
1.238259438276100788e+01	5.221695245406022812e-01
1.259189204931461603e+01	5.241489421331492204e-01
1.280472738429782709e+01	5.261138762286196036e-01
1.302116018339845027e+01	5.280643147045950281e-01
1.324125125300498418e+01	5.300002483007779652e-01
1.346506242729025793e+01	5.319216705661798938e-01
1.369265658558342480e+01	5.338285778130996695e-01
1.392409767003596599e+01	5.357209690615520881e-01
1.415945070358605307e+01	5.375988459943681352e-01
1.439878180822651998e+01	5.394622129007325961e-01
1.464215822358192653e+01	5.413110766323253609e-01
1.488964832579915942e+01	5.431454465467093762e-01
1.514132164675782732e+01	5.449653344602024552e-01
1.539724889360486770e+01	5.467707545998933272e-01
1.565750196861980470e+01	5.485617235477273645e-01
1.592215398941546312e+01	5.503382601979346367e-01
1.619127930948012661e+01	5.521003857008363047e-01
1.646495353906724546e+01	5.538481234160631539e-01
1.674325356643772622e+01	5.555814988177069091e-01
1.702625757946180585e+01	5.573005396265898748e-01
1.731404508758553007e+01	5.590052754946880365e-01
1.760669694416904463e+01	5.606957381340424984e-01
1.790429536920192888e+01	5.623719612193294193e-01
1.820692397240297211e+01	5.640339803440705957e-01
1.851466777671009822e+01	5.656818329771567955e-01
1.882761324216724574e+01	5.673155584080894487e-01
1.914584829021545431e+01	5.689351977055998599e-01
1.946946232839389879e+01	5.705407936695869875e-01
1.979854627545908841e+01	5.721323907889943605e-01
2.013319258692800773e+01	5.737100351902141293e-01
2.047349528105359084e+01	5.752737745960811999e-01
2.081954996523887758e+01	5.768236582837918958e-01
2.117145386289756814e+01	5.783597370348527722e-01
2.152930584076909071e+01	5.798820630954036881e-01
2.189320643669466548e+01	5.813906901352766665e-01
2.226325788786357052e+01	5.828856732023770526e-01
2.263956415953613899e+01	5.843670686753941190e-01
2.302223097425292053e+01	5.858349342347751731e-01
2.341136584153708355e+01	5.872893288118528066e-01
2.380707808809889059e+01	5.887303125538861925e-01
2.420947888855114627e+01	5.901579467809728863e-01
2.461868129664312121e+01	5.915722939457598306e-01
2.503480027702318367e+01	5.929734175984511246e-01
2.545795273753748944e+01	5.943613823439015675e-01
2.588825756207539186e+01	5.957362538100803295e-01
2.632583564396948717e+01	5.970980986021907633e-01
2.677080991996021808e+01	5.984469842762549785e-01
2.722330540473507554e+01	5.997829792902313883e-01
2.768344922605082559e+01	6.011061529830037387e-01
2.815137066045024739e+01	6.024165755284394130e-01
2.862720116958168148e+01	6.037143179044274222e-01
2.911107443713334675e+01	6.049994518587965553e-01
2.960312640639132908e+01	6.062720498767586452e-01
3.010349531843243653e+01	6.075321851484196678e-01
3.061232175096317221e+01	6.087799315352828700e-01
3.112974865781429301e+01	6.100153635360835436e-01
3.165592140910392160e+01	6.112385562624081947e-01
3.219098783207849834e+01	6.124495854026897890e-01
3.273509825264502382e+01	6.136485271916523043e-01
3.328840553760464616e+01	6.148354583394259887e-01
3.385106513760008085e+01	6.160104561761461373e-01
3.442323513078967778e+01	6.171735983665108671e-01
3.500507626725861599e+01	6.183249630515437190e-01
3.559675201418191648e+01	6.194646287784872918e-01
3.619842860174963306e+01	6.205926744703286202e-01
3.681027506986945497e+01	6.217091794072562294e-01
3.743246331565791252e+01	6.228142231970433818e-01
3.806516814173434682e+01	6.239078857455250260e-01
3.870856730533186152e+01	6.249902472404821330e-01
3.936284156823732872e+01	6.260613881234038391e-01
4.002817474757663518e+01	6.271213890610549679e-01
4.070475376745718421e+01	6.281703309315831429e-01
4.139276871148439341e+01	6.292082947971245899e-01
4.209241287616510618e+01	6.302353618776271871e-01
4.280388282521361276e+01	6.312516135380009663e-01
4.352737844477648110e+01	6.322571312612417227e-01
4.426310299958944938e+01	6.332519966282514901e-01
4.501126319008503884e+01	6.342362912991340584e-01
4.577206921046389709e+01	6.352100969891746329e-01
4.654573480774909910e+01	6.361734954575601897e-01
4.733247734183772337e+01	6.371265684834628296e-01
4.813251784656739574e+01	6.380693978480155293e-01
4.894608109181602629e+01	6.390020653159452779e-01
4.977339564664967497e+01	6.399246526195153661e-01
5.061469394353941453e+01	6.408372414450496102e-01
5.147021234366199849e+01	6.417399134046612996e-01
5.234019120330587782e+01	6.426327500347684962e-01
5.322487494139806330e+01	6.435158327717965809e-01
5.412451210817385316e+01	6.443892429370794428e-01
5.503935545500626603e+01	6.452530617264449209e-01
5.596966200541572789e+01	6.461073701906810962e-01
5.691569312728113772e+01	6.469522492237477218e-01
5.787771460626974118e+01	6.477877795557874796e-01
5.885599672051007758e+01	6.486140417195132013e-01
5.985081431652515249e+01	6.494311160650844128e-01
6.086244688645088985e+01	6.502390827288736519e-01
6.189117864655855783e+01	6.510380215965175799e-01
6.293729861710444595e+01	6.518280123981246010e-01
6.400110070353041181e+01	6.526091345501093821e-01
6.508288377903505761e+01	6.533814672305722215e-01
6.618295176854263673e+01	6.541450893581857162e-01
6.730161373408913050e+01	6.549000795732928815e-01
6.843918396165355489e+01	6.556465162245237455e-01
6.959598204945567090e+01	6.563844773713665148e-01
7.077233299774606223e+01	6.571140407665454486e-01
7.196856730011528214e+01	6.578352838416758885e-01
7.318502103634435230e+01	6.585482837108713738e-01
7.442203596682681166e+01	6.592531171640497734e-01
7.567995962858455528e+01	6.599498606298335179e-01
7.695914543290872700e+01	6.606385902064969562e-01
7.825995276464949768e+01	6.613193816401141678e-01
7.958274708318410262e+01	6.619923102928143566e-01
8.092790002509306646e+01	6.626574511765979114e-01
8.229578950856954123e+01	6.633148789282329316e-01
8.368679983959597735e+01	6.639646677821735565e-01
8.510132181991289713e+01	6.646068916033583962e-01
8.653975285681501362e+01	6.652416238552111283e-01
8.800249707480163863e+01	6.658689375958982692e-01
8.948996542911412178e+01	6.664889054886077302e-01
9.100257582119419908e+01	6.671015997747127280e-01
9.254075321609118987e+01	6.677070922805858899e-01
9.410492976185659586e+01	6.683054544184041657e-01
9.569554491095378523e+01	6.688967571682351565e-01
9.731304554372266580e+01	6.694810710866999637e-01
9.895788609392928947e+01	6.700584662926190038e-01
1.006305286764376348e+02	6.706290124665831298e-01
1.023314432170412118e+02	6.711927788517475513e-01
1.040611075844862796e+02	6.717498342441119430e-01
1.058200077247298054e+02	6.723002469910309697e-01
1.076086377974633734e+02	6.728440849923514877e-01
1.094275003149479204e+02	6.733814156898587644e-01
1.112771062831930067e+02	6.739123060782559183e-01
1.131579753455222743e+02	6.744368226777416320e-01
1.150706359285678531e+02	6.749550315627684816e-01
1.170156253907290136e+02	6.754669983374539388e-01
1.189934901731438543e+02	6.759727881386562443e-01
1.210047859532090087e+02	6.764724656435437966e-01
1.230500778006978635e+02	6.769660950314401182e-01
1.251299403365151335e+02	6.774537400760667349e-01
1.272449578941347568e+02	6.779354640308400404e-01
1.293957246837690604e+02	6.784113296719258557e-01
1.315828449593089147e+02	6.788813993635970379e-01
1.338069331880899426e+02	6.793457348319145161e-01
1.360686142235236389e+02	6.798043975533654137e-01
1.383685234806508220e+02	6.802574483845928999e-01
1.407073071146594430e+02	6.807049477450074493e-01
1.430856222024197280e+02	6.811469555671837428e-01
1.455041369270908831e+02	6.815835313103522086e-01
1.479635307658433305e+02	6.820147339655360241e-01
1.504644946807591168e+02	6.824406220353766983e-01
1.530077313129538652e+02	6.828612535484552826e-01
1.555939551799847322e+02	6.832766860615697713e-01
1.582238928765917478e+02	6.836869766512161384e-01
1.608982832788323662e+02	6.840921819156124961e-01
1.636178777516695106e+02	6.844923579835893168e-01
1.663834403600635596e+02	6.848875605055770865e-01
1.691957480836375396e+02	6.852778446553873248e-01
1.720555910349655733e+02	6.856632651432813530e-01
1.749637726815560939e+02	6.860438761914070538e-01
1.779211100715817793e+02	6.864197315670615973e-01
1.809284340634302453e+02	6.867908845598192924e-01
1.839865895591310334e+02	6.871573879856637257e-01
1.870964357417281576e+02	6.875192941991787876e-01
1.902588463166685528e+02	6.878766550875705654e-01
1.934747097572649466e+02	6.882295220714962358e-01
1.967449295543138987e+02	6.885779461086569686e-01
2.000704244699266781e+02	6.889219776950450402e-01
2.034521287956564777e+02	6.892616668643865019e-01
2.068909926149848104e+02	6.895970631935530726e-01
2.103879820702443340e+02	6.899282158005201060e-01
2.139440796340576298e+02	6.902551733532582556e-01
2.175602843853577042e+02	6.905779840531159897e-01
2.212376122900808468e+02	6.908966956659473579e-01
2.249770964865966505e+02	6.912113554988215114e-01
2.287797875759696069e+02	6.915220104124604195e-01
2.326467539171220835e+02	6.918287068223730740e-01
2.365790819269863619e+02	6.921314906987426907e-01
2.405778763857347258e+02	6.924304075757061749e-01
2.446442607471615247e+02	6.927255025226018992e-01
2.487793774543193308e+02	6.930168202314400672e-01
2.529843882604822340e+02	6.933044049070242743e-01
2.572604745555416912e+02	6.935883003359887278e-01
2.616088376979143391e+02	6.938685498730526868e-01
2.660306993520598553e+02	6.941451964518997597e-01
2.705273018317088258e+02	6.944182825769416034e-01
2.750999084488843778e+02	6.946878503271768368e-01
2.797498038688314637e+02	6.949539413676683042e-01
2.844782944709368735e+02	6.952165969427663850e-01
2.892867087157579817e+02	6.954758578776401023e-01
2.941763975182495869e+02	6.957317645917706628e-01
2.991487346272989498e+02	6.959843570920466460e-01
3.042051170116823755e+02	6.962336749727346952e-01
3.093469652525361084e+02	6.964797574312103778e-01
3.145757239424706313e+02	6.967226432603516040e-01
3.198928620914214775e+02	6.969623708471650581e-01
3.252998735393691732e+02	6.971989781909707640e-01
3.307982773760288637e+02	6.974325028937331528e-01
3.363896183676337728e+02	6.976629821607560622e-01
3.420754673909387975e+02	6.978904528171903099e-01
3.478574218745504822e+02	6.981149512979051286e-01
3.537371062477265582e+02	6.983365136540572449e-01
3.597161723967509488e+02	6.985551755590144740e-01
3.657963001290331135e+02	6.987709723029945641e-01
3.719791976450445077e+02	6.989839388075087534e-01
3.782666020182322768e+02	6.991941096200716688e-01
3.846602796830517832e+02	6.994015189187181569e-01
3.911620269312371079e+02	6.996062005150075480e-01
3.977736704164719868e+02	6.998081878561358549e-01
4.044970676675784489e+02	7.000075140337366220e-01
4.113341076103915839e+02	7.002042117717657277e-01
4.182867110984475403e+02	7.003983134481528428e-01
4.253568314526407903e+02	7.005898510848191929e-01
4.325464550100122665e+02	7.007788563538265292e-01
4.398576016817999061e+02	7.009653605826359213e-01
4.472923255209361173e+02	7.011493947530852422e-01
4.548527152991227354e+02	7.013309895052044496e-01
4.625408950936740666e+02	7.015101751467568425e-01
4.703590248842695019e+02	7.016869816443348506e-01
4.783093011597930513e+02	7.018614386326986754e-01
4.863939575354394265e+02	7.020335754220790037e-01
4.946152653802362238e+02	7.022034209621403900e-01
5.029755344551887219e+02	7.023710039587206522e-01
5.114771135621948588e+02	7.025363527257908469e-01
5.201223912039447441e+02	7.026994952745819756e-01
5.289137962549582426e+02	7.028604593107924403e-01
5.378537986439790757e+02	7.030192722234388514e-01
5.469449100478946093e+02	7.031759610854491083e-01
5.561896845973827794e+02	7.033305526688117260e-01
5.655907195944980685e+02	7.034830734523491724e-01
5.751506562423700188e+02	7.036335495845031929e-01
5.848721803872531382e+02	7.037820069377531684e-01
5.947580232731010028e+02	7.039284710920660215e-01
6.048109623089127354e+02	7.040729673077790185e-01
6.150338218490370537e+02	7.042155205791391648e-01
6.254294739866654709e+02	7.043561556129809276e-01
6.360008393607505468e+02	7.044948968048901916e-01
6.467508879765434813e+02	7.046317682949061467e-01
6.576826400400219654e+02	7.047667939409798521e-01
6.687991668064009900e+02	7.048999973013371223e-01
6.801035914430051434e+02	7.050314016845034004e-01
6.915990899067132887e+02	7.051610301171028494e-01
7.032888918362326649e+02	7.052889053518636153e-01
7.151762814594706015e+02	7.054150498885007892e-01
7.272645985162197348e+02	7.055394859455949019e-01
7.395572391964639110e+02	7.056622354934443120e-01
7.520576570945196409e+02	7.057833202355355828e-01
7.647693641793268853e+02	7.059027616237000258e-01
7.776959317811260917e+02	7.060205808553740026e-01
7.908409915948119533e+02	7.061367988757121239e-01
8.042082367002620913e+02	7.062514363791014826e-01
8.178014225998882694e+02	7.063645138169476478e-01
8.316243682737505196e+02	7.064760514006296344e-01
8.456809572524798568e+02	7.065860690876566430e-01
8.599751387083596228e+02	7.066945866092478878e-01
8.745109285648341029e+02	7.068016234522073171e-01
8.892924106247685359e+02	7.069071988800732509e-01
9.043237377177986218e+02	7.070113319072240943e-01
9.196091328670457870e+02	7.071140413363763422e-01
9.351528904755820122e+02	7.072153457353832495e-01
9.509593775329200298e+02	7.073152634448520715e-01
9.670330348419231541e+02	7.074138125918350006e-01
9.833783782664356750e+02	7.075110110540545616e-01
1.000000000000000000e+03	7.076068765553147344e-01
