# Data associated with arXiv:2208.14002
# 
# Scale-free J-factor angular distribution, J_S(theta), of a nfw1-7rhos4e6_truncated dark matter distribution (see Eq. 2.4 and the surrounding discussion)
# 
# Published: 8/25/22, Jack Runburg and Kenny Kiriu, contact: runburg@hawaii.edu
# 
# 
# -----------------------------------------------------------------
# 
# 	 tilde theta 		 | 	 tilde J s-wave 		 | 	 tilde J p-wave 		 | 	 tilde J d-wave 		 | 	 tilde J sommerfeld 
# 
# -----------------------------------------------------------------
1.000000000000000021e-03	1.641077215203499756e+12	1.804291813214254456e+11	3.957986734359772491e+10	7.264490200686456055e+12
1.021192151037671062e-03	1.600322548594729248e+12	1.763699484817658997e+11	3.880013879947184753e+10	7.076505938573784180e+12
1.042833409340945643e-03	1.558784629590862305e+12	1.722304842088426514e+11	3.800450343797094727e+10	6.884954198865700195e+12
1.064933292458827233e-03	1.516484620122260010e+12	1.680126383669468689e+11	3.719325896782339478e+10	6.689937877881321289e+12
1.087501519637659123e-03	1.473448859948958008e+12	1.637187479114266357e+11	3.636679124646796417e+10	6.491584343837847656e+12
1.110548016095517111e-03	1.429709625617463379e+12	1.593517082636923218e+11	3.552558601074465179e+10	6.290049022493571289e+12
1.134082917387199208e-03	1.385306030684616699e+12	1.549150582076750183e+11	3.467024437277814484e+10	6.085519652521215820e+12
1.158116573861711456e-03	1.340285112372523193e+12	1.504130816362094116e+11	3.380150110017023468e+10	5.878221424192022461e+12
1.182659555214217667e-03	1.294703154078077637e+12	1.458509318240747375e+11	3.292024681451059341e+10	5.668423237873268555e+12
1.207722655134462354e-03	1.248627334199209961e+12	1.412347857133392334e+11	3.202755557687387848e+10	5.456445510881811523e+12
1.233316896053688856e-03	1.202137819160826904e+12	1.365720394927873993e+11	3.112471975056923294e+10	5.242670095171441406e+12
1.259453533992170365e-03	1.155330502561731445e+12	1.318715641999503021e+11	3.021329547773729324e+10	5.027553265844833984e+12
1.286144063509461061e-03	1.108320717086676758e+12	1.271440508220958099e+11	2.929516353038769531e+10	4.811643336801902344e+12
1.313400222759557485e-03	1.061248512442224854e+12	1.224024985524091187e+11	2.837261758271070099e+10	4.595605729376073242e+12
1.341233998653187541e-03	1.014286657213009766e+12	1.176629644791478882e+11	2.744849286290496445e+10	4.380261014559643066e+12
1.369657632129505243e-03	9.676541615700451660e+11	1.129457932043896484e+11	2.652638558359860229e+10	4.166649236064531738e+12
1.398683623539492566e-03	9.216425751126933594e+11	1.082780518945554810e+11	2.561107966371107101e+10	3.956155155448112305e+12
1.428324738143458596e-03	8.766902629128781738e+11	1.037003250747322845e+11	2.470972979628186417e+10	3.750862050360293945e+12
1.458594011725036863e-03	8.336422534793992920e+11	9.929045618799114990e+10	2.383599933922744751e+10	3.554789600004442871e+12
1.489504756324154782e-03	7.927251515673182373e+11	9.507041482646459961e+10	2.299390691334598541e+10	3.369022215914592285e+12
1.521070566091505720e-03	7.538305500939562988e+11	9.103196380731031799e+10	2.218231856220456314e+10	3.193024979432818359e+12
1.553305323267072666e-03	7.168247320361700439e+11	8.716374664214244080e+10	2.139945657999529266e+10	3.026107907333125000e+12
1.586223204285366938e-03	6.816264826948188477e+11	8.345988212262559509e+10	2.064455815555424500e+10	2.867870537782210938e+12
1.619838686010041055e-03	6.481712899117520752e+11	7.991546514114691162e+10	1.991696983768033981e+10	2.717969628074155762e+12
1.654166552100628336e-03	6.163687346284982910e+11	7.652314224015866089e+10	1.921561255807740021e+10	2.575936519169546875e+12
1.689221899514206692e-03	5.861106985114105225e+11	7.327404148116241455e+10	1.853911597093669510e+10	2.441252663824510742e+12
1.725020145144853453e-03	5.573308319833912354e+11	7.016281378932725525e+10	1.788671332411842346e+10	2.313571202323487793e+12
1.761577032603788440e-03	5.299767415165690918e+11	6.718541051112989044e+10	1.725786213911683655e+10	2.192613241463346924e+12
1.798908639143220224e-03	5.039730743762646484e+11	6.433581017885938263e+10	1.665167303240703392e+10	2.078015541219086426e+12
1.837031382726912916e-03	4.792324104718491821e+11	6.160631282459837341e+10	1.606689635814267540e+10	1.969336846958859619e+12
1.875962029250603357e-03	4.557005465082615356e+11	5.899252658072836304e+10	1.550289377259856796e+10	1.866305726541541748e+12
1.915717699915417882e-03	4.333349194775491943e+11	5.649137510194831085e+10	1.495928830022156715e+10	1.768716890428141602e+12
1.956315878757565116e-03	4.120727747498083496e+11	5.409726069680943298e+10	1.443516983999842262e+10	1.676248264480421631e+12
1.997774420337589726e-03	3.918434290547407837e+11	5.180406353955036163e+10	1.392955105864046478e+10	1.588560552138435547e+12
2.040111557592579582e-03	3.726026025284576416e+11	4.960811372860755920e+10	1.344187897097429085e+10	1.505436484190964844e+12
2.083345909854779961e-03	3.543157093242310181e+11	4.750662187892160034e+10	1.297178188536291313e+10	1.426693528951600830e+12
2.127496491040134757e-03	3.369305201037412720e+11	4.549501320124968719e+10	1.251850393763379097e+10	1.352084912349439209e+12
2.172582718010372237e-03	3.203898846120993042e+11	4.356820521425473785e+10	1.208121452658190727e+10	1.281338744264115234e+12
2.218624419112281976e-03	3.046576307095395508e+11	4.172295414800063324e+10	1.165938598415095329e+10	1.214269770912096680e+12
2.265641842897974604e-03	2.897056465971486816e+11	3.995717577824201965e+10	1.125276893406251335e+10	1.150744909678366455e+12
2.313655667029933423e-03	2.754904900929422607e+11	3.826679274359156036e+10	1.086065073003359985e+10	1.090551691430932129e+12
2.362687007374795686e-03	2.619659530284371033e+11	3.664754585448359680e+10	1.048231488303606224e+10	1.033469437369070068e+12
2.412757427289825233e-03	2.491024879327126465e+11	3.509691712220532990e+10	1.011736177483908844e+10	9.793622276231544189e+11
2.463888947106213784e-03	2.368772370036737976e+11	3.361294850742352295e+10	9.765514020766695023e+09	9.281126214627893066e+11
2.516104053813336943e-03	2.252540899673580322e+11	3.219229126329397202e+10	9.426193742363441467e+09	8.795499501974406738e+11
2.569425710948245768e-03	2.141956854655696716e+11	3.083144599229464340e+10	9.098788008312208176e+09	8.335022433697973633e+11
2.623877368694733318e-03	2.036778875326710815e+11	2.952816681403324509e+10	8.782925129474430084e+09	7.898499544997362061e+11
2.679482974196439188e-03	1.936821059899902039e+11	2.828090065395961761e+10	8.478381077646491051e+09	7.485045857080245361e+11
2.736266982088478034e-03	1.841783412667127075e+11	2.708683398984718323e+10	8.184670474252179146e+09	7.093295182835905762e+11
2.794254365252289707e-03	1.751363856070530396e+11	2.594289618671861267e+10	7.901212437536881447e+09	6.721800860254920654e+11
2.853470625798387814e-03	1.665365241730546875e+11	2.484741817890792084e+10	7.627762999345242500e+09	6.369675239608999023e+11
2.913941806281861776e-03	1.583636317816080017e+11	2.379898364441479874e+10	7.364083522003005028e+09	6.036166959418133545e+11
2.975694501155571117e-03	1.505928007991806030e+11	2.279515524504511261e+10	7.109741572560772896e+09	5.720120949323590088e+11
3.038755868466027146e-03	1.431996067223096008e+11	2.183352782710997009e+10	6.864287862110757828e+09	5.420459717070244751e+11
3.103153641797168783e-03	1.361679461548552094e+11	2.091253988325283432e+10	6.627453673221981049e+09	5.136410794611112061e+11
3.168916142467233243e-03	1.294855104053720551e+11	2.003110163077375412e+10	6.399077961881488800e+09	4.867386145780093384e+11
3.236072291984112663e-03	1.231316293042455902e+11	1.918714038518359375e+10	6.178765861982398987e+09	4.612470525415240479e+11
3.304651624764658874e-03	1.170865547732294159e+11	1.837859528754969788e+10	5.966127927807085037e+09	4.370744537469053345e+11
3.374684301123556836e-03	1.113371339047071533e+11	1.760419850387818146e+10	5.760936582502277374e+09	4.141618361095143433e+11
3.446201120537424525e-03	1.058733460382344360e+11	1.686307208780762863e+10	5.563069055428185463e+09	3.924637905323342285e+11
3.519233535190044709e-03	1.006780473163763885e+11	1.615336628555508423e+10	5.372153863705399513e+09	3.719011694252408447e+11
3.593813663804625805e-03	9.573527030288705444e+10	1.547345376364475632e+10	5.187879986203963280e+09	3.524048083690264893e+11
3.669974305769219299e-03	9.103427240656871033e+10	1.482224908977214813e+10	5.010053794783814430e+09	3.339251784805903320e+11
3.747748955561452412e-03	8.656689266045310974e+10	1.419895750098422623e+10	4.838538307491346359e+09	3.164234283131162109e+11
3.827171817478984984e-03	8.231891939652719116e+10	1.360211344435767365e+10	4.673054679284565926e+09	2.998394028001071777e+11
3.908277820682117681e-03	7.827744184183831787e+10	1.303026136592583656e+10	4.513296293051884651e+09	2.841148241674409180e+11
3.991102634555192957e-03	7.443368636836477661e+10	1.248252957597127342e+10	4.359109966438034058e+09	2.692103307076429138e+11
4.075682684393532908e-03	7.078100402991390991e+10	1.195830718885583305e+10	4.210403866573720455e+09	2.550964966262390747e+11
4.162055167422817371e-03	6.730761986987081146e+10	1.145623230723707008e+10	4.066881524285239220e+09	2.417206702544389648e+11
4.250258069157961290e-03	6.400309441983941650e+10	1.097521110382593536e+10	3.928334316799124718e+09	2.290389159879110718e+11
4.340330180108637088e-03	6.086026231868918610e+10	1.051445688701924706e+10	3.794601696985515594e+09	2.170193292370793152e+11
4.432311112838861061e-03	5.787370462856848907e+10	1.007343370383628845e+10	3.665597139935584545e+09	2.056370284315153198e+11
4.526241319388085715e-03	5.503366994548388672e+10	9.651064342992425919e+09	3.541097744524450779e+09	1.948508435552791748e+11
4.622162109061505458e-03	5.233171693348590851e+10	9.246349586615739822e+09	3.420881062131946564e+09	1.846238713602240295e+11
4.720115666597336779e-03	4.976199391152697754e+10	8.858685271811105728e+09	3.304839941086131096e+09	1.749307991959190979e+11
4.820145070719144588e-03	4.732008264567852020e+10	8.487630156244021416e+09	3.192898009411446571e+09	1.657525601760793457e+11
4.922294313081310678e-03	4.499791146516155243e+10	8.132205947636731148e+09	3.084833313349459648e+09	1.570544139359086304e+11
5.026608317615998724e-03	4.278865452196683502e+10	7.791658451206308365e+09	2.980493893119153023e+09	1.488079518272048035e+11
5.133132960290130720e-03	4.068753322337744904e+10	7.465433670694672585e+09	2.879759994799470901e+09	1.409922996904046021e+11
5.241915089281041530e-03	3.869094357647291565e+10	7.153156004625286102e+09	2.782567426837701797e+09	1.335913175534617615e+11
5.353002545579732367e-03	3.679220768321822357e+10	6.854045196539820671e+09	2.688745812215389729e+09	1.265778693269304047e+11
5.466444184030696055e-03	3.498580573698710632e+10	6.567413046103899002e+09	2.598133162108732700e+09	1.199285232159164276e+11
5.582289894817666839e-03	3.326783557682405090e+10	6.292830352994630814e+09	2.510646341409461021e+09	1.136267727040355682e+11
5.700590625404708227e-03	3.163535633433437729e+10	6.029996661288103104e+09	2.426237218420598507e+09	1.076599899542404327e+11
5.821398402942216249e-03	3.008284558698389435e+10	5.778198997036112785e+09	2.344729500756368160e+09	1.020050629179461823e+11
5.944766357147824969e-03	2.860583957875322342e+10	5.536914307980760574e+09	2.266010517274056911e+09	9.664404021187715149e+10
6.070748743672167193e-03	2.720115198532632446e+10	5.305764576291902542e+09	2.190002150914933205e+09	9.156344008880152893e+10
6.199400967959818945e-03	2.586638197080877304e+10	5.084478691473422050e+09	2.116648170862440586e+09	8.675292654665304565e+10
6.330779609615908021e-03	2.459696478049039078e+10	4.872487597128831863e+09	2.045815501486337662e+09	8.219418713775668335e+10
6.464942447289089879e-03	2.338929050957902908e+10	4.669327496194918633e+09	1.977396658896211386e+09	7.787219280526251221e+10
6.601948484081890736e-03	2.224075749085739517e+10	4.474694276101985931e+09	1.911324002335472822e+09	7.377643041698057556e+10
6.741857973499477616e-03	2.114940478754465485e+10	4.288360832751431942e+09	1.847553249305028677e+09	6.989854277302874756e+10
6.884732445948405985e-03	2.011146104956224442e+10	4.109834989646151543e+09	1.785965779963706970e+09	6.622349520427363586e+10
7.030634735796891313e-03	1.912400670023994827e+10	3.938746085344061852e+09	1.726472087933019638e+09	6.273964701104287720e+10
7.179629009008595825e-03	1.818491754640745926e+10	3.774819703600166321e+09	1.669006791115762949e+09	5.943810058251833344e+10
7.331780791361950343e-03	1.729259093165018082e+10	3.617880797215507507e+09	1.613540282111334085e+09	5.631226222913761139e+10
7.487156997267587974e-03	1.644391334589505196e+10	3.467512164243310928e+09	1.559968202829215527e+09	5.334997811090407562e+10
7.645825959196438613e-03	1.563652240273434258e+10	3.323389158674674988e+09	1.508205676890907526e+09	5.054177714892072296e+10
7.807857457731475631e-03	1.486868417390400314e+10	3.185302650863316059e+09	1.458206321954007626e+09	4.788081869614637756e+10
7.973322752256328111e-03	1.413908850046105576e+10	3.053091218660075188e+09	1.409938639485999823e+09	4.536147930059585571e+10
8.142294612294233985e-03	1.344516522817189598e+10	2.926403139166356087e+09	1.363312014356162548e+09	4.297391665572800446e+10
8.314847349511189298e-03	1.278500352663304520e+10	2.804976697575877666e+09	1.318257714701912642e+09	4.071064439184837341e+10
8.491056850397209546e-03	1.215718782970488358e+10	2.688621306630040646e+09	1.274728911820718527e+09	3.856597763843064880e+10
8.671000609640279119e-03	1.156064657887523079e+10	2.577218093998349190e+09	1.232705644664482355e+09	3.653574306437205505e+10
8.854757764207504128e-03	1.099325906956698799e+10	2.470455755047432423e+09	1.192102794140485525e+09	3.461158760037487030e+10
9.042409128148579806e-03	1.045347961508741570e+10	2.368121493826130867e+09	1.152864807119255543e+09	3.278766634389859772e+10
9.234037228136720080e-03	9.940152640028329849e+09	2.270062015279322624e+09	1.114953966301945925e+09	3.105943583910651016e+10
9.429726339762870002e-03	9.452401227353284836e+09	2.176162727025766850e+09	1.078345519476470947e+09	2.942332240153284073e+10
9.629562524599030379e-03	8.988476358525320053e+09	2.086172035935663223e+09	1.042970487674830317e+09	2.787288130995641708e+10
9.833633668047030499e-03	8.547127591265690804e+09	1.999907670817550182e+09	1.008780259947793365e+09	2.640317997398345184e+10
1.004202951798940403e-02	8.127411628130518913e+09	1.917240822568516254e+09	9.757424580168570280e+08	2.501062785944771957e+10
1.025484172425938229e-02	7.728610538467733383e+09	1.838081231966274977e+09	9.438374727587740421e+08	2.369240441978224945e+10
1.047216387894729824e-02	7.349282394418906212e+09	1.762204312910984516e+09	9.129994397434269190e+08	2.244308440418780136e+10
1.069409155756119272e-02	6.988415543023308754e+09	1.689468405334695816e+09	8.831915009050828218e+08	2.125900197710256195e+10
1.092072236105970547e-02	6.645240025331027985e+09	1.619760563102060556e+09	8.543843635888016224e+08	2.013705799078693008e+10
1.115215595877575537e-02	6.319167740918373108e+09	1.553004948022891760e+09	8.265616512584521770e+08	1.907502491086067581e+10
1.138849413224978825e-02	6.009010467722500801e+09	1.489015878178704739e+09	7.996668583008179665e+08	1.806856711134068680e+10
1.162984081999205582e-02	5.713949661082371712e+09	1.427666301588484049e+09	7.736638086777392626e+08	1.711456887330443382e+10
1.187630216319339981e-02	5.433356889806069374e+09	1.368871896105301380e+09	7.485324739088807106e+08	1.621082115212182617e+10
1.212798655240480798e-02	5.166750135222466469e+09	1.312561182823158026e+09	7.242553876411499977e+08	1.535529180192256355e+10
1.238500467520621366e-02	4.913150676000671387e+09	1.258580169947580814e+09	7.007855217694334984e+08	1.454455190260041809e+10
1.264746956488544717e-02	4.671896141033044815e+09	1.206824536208217859e+09	6.780918219317051172e+08	1.377613307679246140e+10
1.291549665014883955e-02	4.442473652501849174e+09	1.157216746430173159e+09	6.561532402790185213e+08	1.304810757968301010e+10
1.318920380588532899e-02	4.224487918031658649e+09	1.109706412821728230e+09	6.349597454881006479e+08	1.235908432930466080e+10
1.346871140500627631e-02	4.017133124050310612e+09	1.064153889136027455e+09	6.144656748965392113e+08	1.170605993076379967e+10
1.375414237138396570e-02	3.819873217763041019e+09	1.020478557700675964e+09	5.946483279433192015e+08	1.108719031755839729e+10
1.404562223391196511e-02	3.632289659128217220e+09	9.786135498566550016e+08	5.754883748807066679e+08	1.050087750676774406e+10
1.434327918171109106e-02	3.454058094416581154e+09	9.385126468391889334e+08	5.569745768682974577e+08	9.945930318845073700e+09
1.464724412050539583e-02	3.284515356192854881e+09	9.000637192452352047e+08	5.390702956776709557e+08	9.420065525787746429e+09
1.495765073019278586e-02	3.123227569090497971e+09	8.631932654157619476e+08	5.217527154916896820e+08	8.921658487802061081e+09
1.527463552363575450e-02	2.969853207093318462e+09	8.278515428948122263e+08	5.050090626412149668e+08	8.449543608225605965e+09
1.559833790669801906e-02	2.824125963661725521e+09	7.939957887301629782e+08	4.888277614517802000e+08	8.002678379138733864e+09
1.592890023955338338e-02	2.685500310142183304e+09	7.615315241210148335e+08	4.731765868376399875e+08	7.579224991281040192e+09
1.626646789929399317e-02	2.553625024551839352e+09	7.303990327468147278e+08	4.580366587745977640e+08	7.177935103840324402e+09
1.661118934386526108e-02	2.428221447061218262e+09	7.005527993065514565e+08	4.433947587140849233e+08	6.797792703655069351e+09
1.696321617735579643e-02	2.309070799202495098e+09	6.719615574855329990e+08	4.292437819748728871e+08	6.438032115415699005e+09
1.732270321667098503e-02	2.195724521282689571e+09	6.445411653204534054e+08	4.155535588375079632e+08	6.097091148407456398e+09
1.768980855961942850e-02	2.087898256906155586e+09	6.182446959470269680e+08	4.023094336782690883e+08	5.774022347246882439e+09
1.806469365444235767e-02	1.985364667935769320e+09	5.930326401930794716e+08	3.894989428991501331e+08	5.468000379873132706e+09
1.844752337081655841e-02	1.887943900224600077e+09	5.688782038647245169e+08	3.771156630882493854e+08	5.178387559810988426e+09
1.883846607236187159e-02	1.795267298752126694e+09	5.457115953570452929e+08	3.651340593466500044e+08	4.903944971174570084e+09
1.923769369068539445e-02	1.707104606764217138e+09	5.234919782653154135e+08	3.535407420008914471e+08	4.643879039355958939e+09
1.964538180099485026e-02	1.623270366481901646e+09	5.021882130670339465e+08	3.423263528175195456e+08	4.397562626566560745e+09
2.006170969931423895e-02	1.543616642198964834e+09	4.817754128898554444e+08	3.314836889647836685e+08	4.164456509093449116e+09
2.048686048133601528e-02	1.467840577592577934e+09	4.621960833564500213e+08	3.209912834819031954e+08	3.943571938544806957e+09
2.092102112294418406e-02	1.395755693718362808e+09	4.434150020082728863e+08	3.108369362560567260e+08	3.734262746820088863e+09
2.136438256244391209e-02	1.327210716996386051e+09	4.254072955536404252e+08	3.010134507382520437e+08	3.536029601557412148e+09
2.181713978453380873e-02	1.262083880291048527e+09	4.081511913637221456e+08	2.915142945137882233e+08	3.348439916418150425e+09
2.227949190605761978e-02	1.200126502410902262e+09	3.915977194596385360e+08	2.823204705668321252e+08	3.170686325610169411e+09
2.275164226357336353e-02	1.141187530072128773e+09	3.757183837265213728e+08	2.734218234288075566e+08	3.002261760430426598e+09
2.323379850277806913e-02	1.085143586812470436e+09	3.604906972391051650e+08	2.648110949017391205e+08	2.842746458013352394e+09
2.372617266982774559e-02	1.031894377161862493e+09	3.458982528580856323e+08	2.564839450310639739e+08	2.691809420712856293e+09
2.422898130459259780e-02	9.812358024432395697e+08	3.318979890126340985e+08	2.484227723904289901e+08	2.548788248481011868e+09
2.474244553588843265e-02	9.330454800189640522e+08	3.184671433440349698e+08	2.406197365229654908e+08	2.413282132465626717e+09
2.526679117872631872e-02	8.872228000213974714e+08	3.055863608474549651e+08	2.330680369288698733e+08	2.284949448084573269e+09
2.580224883362318075e-02	8.436850924228936434e+08	2.932418916966255903e+08	2.257639453226531446e+08	2.163523250322517395e+09
2.634905398801689475e-02	8.022649326356365681e+08	2.813969663270284534e+08	2.186918283710138202e+08	2.048465238845450401e+09
2.690744711983068457e-02	7.628631447597494125e+08	2.700330332309629321e+08	2.118452733485167921e+08	1.939465722385773659e+09
2.747767380323228384e-02	7.253976955357494354e+08	2.591337214806210101e+08	2.052185068268036842e+08	1.836240029767464399e+09
2.805998481663422514e-02	6.898003945953832865e+08	2.486869222437434793e+08	1.988078531433249414e+08	1.738570639845520496e+09
2.865463625298309350e-02	6.559339704932622910e+08	2.386622061358780861e+08	1.925999863414772153e+08	1.646028811552158117e+09
2.926188963238583740e-02	6.237180350098291636e+08	2.290432456502769589e+08	1.865888229574101567e+08	1.558359642820902586e+09
2.988201201712300387e-02	5.930857115621768236e+08	2.198172248091474175e+08	1.807700865894231200e+08	1.475346197516936302e+09
3.051527612909937445e-02	5.639807100452718735e+08	2.109732042665867507e+08	1.751402035555972159e+08	1.396800452613703489e+09
3.116196046978347151e-02	5.362905427134289742e+08	2.024859300305846930e+08	1.696878990366168916e+08	1.322382649206699371e+09
3.182234944268905880e-02	5.099500325084179640e+08	1.943412267034744918e+08	1.644073988308271766e+08	1.251883974304407120e+09
3.249673347845206950e-02	4.849046672792292833e+08	1.865287888454903662e+08	1.592952891855430305e+08	1.185137464061576366e+09
3.318540916255835471e-02	4.611079470762855411e+08	1.790388107062406242e+08	1.543480549047311246e+08	1.121983157704070807e+09
3.388867936577820428e-02	4.384677413493906260e+08	1.718502973678999543e+08	1.495562182908520699e+08	1.062150835919255733e+09
3.460685337736497946e-02	4.169311920785425901e+08	1.649514276837610304e+08	1.449149208041709661e+08	1.005471024866562366e+09
3.534024704107661952e-02	3.964538742400495410e+08	1.583334688618054092e+08	1.404210077817892134e+08	9.518123071324948072e+08
3.608918289407971741e-02	3.769973422452921271e+08	1.519879757346064150e+08	1.360713039753798544e+08	9.010446586555136442e+08
3.685399030879719234e-02	3.584861843672919273e+08	1.458972356252495646e+08	1.318575671670716256e+08	8.529477406064794064e+08
3.763500563776207147e-02	3.408775192447855473e+08	1.400514405539152920e+08	1.277756745629617721e+08	8.073883655294486284e+08
3.843257236154112161e-02	3.241351505138481855e+08	1.344431349366635978e+08	1.238228906101869345e+08	7.642590574953836203e+08
3.924704123979310538e-02	3.082272638309782743e+08	1.290653528092365414e+08	1.199965297846166790e+08	7.234569278925669193e+08
4.007877046552850431e-02	2.930921708438944817e+08	1.239028168625688106e+08	1.162890668619853407e+08	6.848020925926151276e+08
4.092812582263813392e-02	2.786950720609732866e+08	1.189474758415694982e+08	1.126970976184503734e+08	6.481891486636710167e+08
4.179548084676026898e-02	2.650064825293888152e+08	1.141930100867383778e+08	1.092183079958649278e+08	6.135297432911045551e+08
4.268121698955689575e-02	2.520000509408286214e+08	1.096335829201379865e+08	1.058504179777744561e+08	5.807431109804965258e+08
4.358572378647117967e-02	2.396253489607672691e+08	1.052561665479526669e+08	1.025866532436752319e+08	5.496835705276610851e+08
4.450939902804028347e-02	2.278541253385767043e+08	1.010541119758200645e+08	9.942418250729978085e+07	5.202661618107179999e+08
4.545264893483848267e-02	2.166623674059513211e+08	9.702196653537842631e+07	9.636083554720525444e+07	4.924198046098917127e+08
4.641588833612779463e-02	2.060282289248062074e+08	9.315485839487987757e+07	9.339476448001083732e+07	4.660796265378859043e+08
4.739954085229469011e-02	1.959105151086444557e+08	8.944183747530712187e+07	9.052016237057282031e+07	4.411282616612610221e+08
4.840403908115278181e-02	1.862862812926670909e+08	8.587718111700871587e+07	8.773432156717428565e+07	4.174973946858007908e+08
4.942982478819387543e-02	1.771359778109169900e+08	8.245637977338932455e+07	8.503546011870294809e+07	3.951299056291647553e+08
5.047734910087089966e-02	1.684414736932584345e+08	7.917526928925551474e+07	8.242194562516942620e+07	3.739731178501844406e+08
5.154707270699779992e-02	1.601691437568960190e+08	7.602452794121564925e+07	7.988864264508982003e+07	3.539327882485018969e+08
5.263946605735428386e-02	1.523003444833172262e+08	7.299948204603014886e+07	7.743336143084764481e+07	3.349543152749721408e+08
5.375500957258409762e-02	1.448191653081591129e+08	7.009627247001796961e+07	7.505443264645263553e+07	3.169918457101003528e+08
5.489419385447772554e-02	1.377105413774439096e+08	6.731127420135521889e+07	7.275035841349916160e+07	3.000020055430095196e+08
5.605751990173300781e-02	1.309470501545591205e+08	6.463673346505875885e+07	7.051679320060558617e+07	2.839098705348806381e+08
5.724549933028778848e-02	1.245135351561906040e+08	6.206861883168785274e+07	6.835173053726847470e+07	2.686709889698216319e+08
5.845865459832211286e-02	1.183970528036200255e+08	5.960382235189379007e+07	6.625384549094220251e+07	2.542493642505682409e+08
5.969751923602879817e-02	1.125850696745296121e+08	5.723907447319186479e+07	6.422162563845258206e+07	2.406088592846506834e+08
6.096263808025296355e-02	1.070552440643257797e+08	5.496789403166360408e+07	6.225134232186366618e+07	2.276899167846897244e+08
6.225456751410456124e-02	1.017952468164593726e+08	5.278691187809690833e+07	6.034131544128236920e+07	2.154565845366470218e+08
6.357387571164835327e-02	9.679455428242892027e+07	5.069356648080054671e+07	5.849041937579653412e+07	2.038805576320355237e+08
6.492114288777969811e-02	9.204272136621671915e+07	4.868494886692543328e+07	5.669719855735234916e+07	1.929317270556493104e+08
6.629696155339574737e-02	8.752156903891639411e+07	4.675560681695602834e+07	5.495838622774145007e+07	1.825626091587126851e+08
6.770193677597398374e-02	8.322106032986910641e+07	4.490274046008598804e+07	5.327259078922172636e+07	1.727444319914802909e+08
6.913668644567325106e-02	7.913236597745425999e+07	4.312408142707122862e+07	5.163873056003437191e+07	1.634538524596009254e+08
7.060184154707406512e-02	7.524760174036929011e+07	4.141747156587754190e+07	5.005583523288970441e+07	1.546680962754238248e+08
7.209804643667737378e-02	7.155116054626122117e+07	3.977797884929968417e+07	4.852071865101066232e+07	1.463475373879231811e+08
7.362595912628441819e-02	6.803514319138750434e+07	3.820332262026358396e+07	4.703221367353419960e+07	1.384695261362104118e+08
7.518625157238204015e-02	6.469261411735802144e+07	3.669173230783875287e+07	4.558957255674045533e+07	1.310158385062527657e+08
7.677960997166025092e-02	6.151625880971068144e+07	3.524100887180416286e+07	4.419154380258869380e+07	1.239665200084602386e+08
7.840673506279315086e-02	5.849411478145776689e+07	3.384732873341628164e+07	4.283570465489801764e+07	1.172912971959258765e+08
8.006834243461452560e-02	5.561950570061837137e+07	3.250870373642257974e+07	4.152097119993161410e+07	1.109717428612024933e+08
8.176516284082480102e-02	5.288680979100921005e+07	3.122354183811106533e+07	4.024655948851090670e+07	1.049927273249088675e+08
8.349794252136732986e-02	5.028988358052230626e+07	2.999003887100967392e+07	3.901148181304838508e+07	9.933842572889304161e+07
8.526744353061486981e-02	4.781905325229182839e+07	2.880489808372567967e+07	3.781350587522964925e+07	9.398422232994826138e+07
8.707444407251174745e-02	4.546886378150910139e+07	2.766655267914718762e+07	3.665184594401732087e+07	8.891598774925847352e+07
8.891973884281766105e-02	4.323475741471049935e+07	2.657356853249979764e+07	3.552569285517352819e+07	8.412107102207189798e+07
9.080413937860487561e-02	4.111157978244259208e+07	2.552443844328689203e+07	3.443422352684658021e+07	7.958684037019389868e+07
9.272847441516200717e-02	3.909150806965261698e+07	2.451635247388415039e+07	3.337544287646162882e+07	7.529341727233737707e+07
9.469359025046093781e-02	3.717008526426656544e+07	2.354798821855269000e+07	3.234866160023130104e+07	7.122948199086607993e+07
9.670035111734798239e-02	3.534361547497116029e+07	2.261817541286500171e+07	3.135323736495384201e+07	6.738511476662656665e+07
9.874963956362264872e-02	3.360777862071532756e+07	2.172556866857031360e+07	3.038836383902472258e+07	6.374982497805695236e+07
1.008423568401705106e-01	3.195624883170728758e+07	2.086786238945350423e+07	2.945238518779677898e+07	6.030790499892748892e+07
1.029794232973221257e-01	3.038538457390335575e+07	2.004385429747767001e+07	2.854457754823396355e+07	5.704997005036728084e+07
1.051617787896111378e-01	2.889218836801782250e+07	1.925265327225654200e+07	2.766450409093417227e+07	5.396853731187213212e+07
1.073903830891107247e-01	2.747304269872759655e+07	1.849300234341783822e+07	2.681132468445773795e+07	5.105464032384540886e+07
1.096662163075285135e-01	2.612283236046270654e+07	1.776302093606790528e+07	2.598367690088163316e+07	4.829590612853095680e+07
1.119902793272475605e-01	2.483858209386613965e+07	1.706167207269197702e+07	2.518089783044481277e+07	4.568475452887596935e+07
1.143635942415015677e-01	2.361786056349435076e+07	1.638822341196909919e+07	2.440261020611298829e+07	4.321538596049386263e+07
1.167872048038782751e-01	2.245764107683881745e+07	1.574157332265429944e+07	2.364806857409074530e+07	4.088024217039204389e+07
1.192621768873494831e-01	2.135378757276951894e+07	1.512013939434117265e+07	2.291607123151750863e+07	3.866957562955585867e+07
1.217895989530276418e-01	2.030386926728431880e+07	1.452307443732171692e+07	2.220607939973924682e+07	3.657739355441721529e+07
1.243705825288575900e-01	1.930591346412090585e+07	1.394970593896919116e+07	2.151768115082721785e+07	3.459890756395361573e+07
1.270062626984522769e-01	1.835739014054289833e+07	1.339912162439040467e+07	2.085027248689858243e+07	3.272801074964934587e+07
1.296977986002878502e-01	1.745495497162328660e+07	1.286997271797753870e+07	2.020278189159044623e+07	3.095687239486028999e+07
1.324463739374786009e-01	1.659662203186628968e+07	1.236155478645214066e+07	1.957473552364497632e+07	2.928085933462646604e+07
1.352531974983535168e-01	1.578079047555485554e+07	1.187329063172101416e+07	1.896577854074241966e+07	2.769600953605547547e+07
1.381195036880665805e-01	1.500534709560406022e+07	1.140441162935764343e+07	1.837539713782306761e+07	2.619739262105442584e+07
1.410465530714722360e-01	1.426758804053384438e+07	1.095377536044240184e+07	1.780263370817994699e+07	2.477879414245382324e+07
1.440356329275057634e-01	1.356589025300880149e+07	1.052075111448009126e+07	1.724702060999180749e+07	2.343641678230750561e+07
1.470880578153118678e-01	1.289895493794614263e+07	1.010490797696195170e+07	1.670834469109744392e+07	2.216721731237790734e+07
1.502051701523716420e-01	1.226501825336951762e+07	9.705530779608614743e+06	1.618606235025211424e+07	2.096701235151897743e+07
1.533883408048797858e-01	1.166189401257991605e+07	9.321671102452373132e+06	1.567934230627014674e+07	1.983096851187771186e+07
1.566389696906345663e-01	1.108825627482347935e+07	8.952809505335640162e+06	1.518781897805788741e+07	1.875605965956303850e+07
1.599584863947036695e-01	1.054305055265065841e+07	8.598586897235820070e+06	1.471130965500938334e+07	1.773979987172637507e+07
1.633483507981373095e-01	1.002480587385249883e+07	8.258361871131539345e+06	1.424927138604038022e+07	1.677879665398345888e+07
1.668100537200059019e-01	9.531754653314227238e+06	7.931346260171349160e+06	1.380100876969647035e+07	1.586922478925087489e+07
1.703451175730422984e-01	9.062813707070305943e+06	7.617121328740154393e+06	1.336623794684571214e+07	1.500870233261990547e+07
1.739550970331800450e-01	8.617126664595292881e+06	7.315339247762503102e+06	1.294471273105459288e+07	1.419511199325096421e+07
1.776415797232799298e-01	8.193467707377444021e+06	7.025481380940762348e+06	1.253601355976093747e+07	1.342580042719317041e+07
1.814061869113461622e-01	7.790407704430336133e+06	6.746874855707437731e+06	1.213952435982755199e+07	1.269771469724861160e+07
1.852505742235391883e-01	7.407061802299675532e+06	6.479150733765482903e+06	1.175495764814023115e+07	1.200888014207418635e+07
1.891764323722997243e-01	7.042734366380751133e+06	6.222032348480549641e+06	1.138212926728261262e+07	1.135767044171249494e+07
1.931854878999012814e-01	6.696404560442148708e+06	5.975066886038760655e+06	1.102066990339598060e+07	1.074191607884557545e+07
1.972795039377621684e-01	6.366916919469463639e+06	5.737688268499437720e+06	1.067002203321833350e+07	1.015920266233900003e+07
2.014602809818480389e-01	6.053548634924827144e+06	5.509568632327072322e+06	1.032990981436684355e+07	9.607894179677946493e+06
2.057296576845067948e-01	5.755734477609768510e+06	5.290511248911293224e+06	1.000025729343812913e+07	9.086768162513658404e+06
2.100895116630852322e-01	5.472624889157215133e+06	5.080084015518041328e+06	9.680634190903909504e+06	8.594012782957909629e+06
2.145417603256798700e-01	5.203285670688002370e+06	4.877824092246931978e+06	9.370586738122541457e+06	8.127707977971294895e+06
2.190883617143895290e-01	4.947126407042755745e+06	4.683471964224173687e+06	9.069920114099595696e+06	7.686567554869065993e+06
2.237313153664367560e-01	4.703687685608868487e+06	4.496822806569237262e+06	8.778474619845235720e+06	7.269572866668378934e+06
2.284726631935388719e-01	4.472262956651146524e+06	4.317533604372264817e+06	8.495932114426944405e+06	6.875307796633527614e+06
2.333144903799153069e-01	4.252096920717171393e+06	4.145206632219522726e+06	8.221885201661793515e+06	6.502198167504615150e+06
2.382589262993237145e-01	4.042707319180116523e+06	3.979616609067975543e+06	7.956139729723854922e+06	6.149241890311345458e+06
2.433081454515323150e-01	3.843720623693651985e+06	3.820597090735997539e+06	7.698580455715844408e+06	5.815636479710278101e+06
2.484643684186368384e-01	3.654549606793241110e+06	3.667850446683120914e+06	7.448915559696622193e+06	5.500207275209899992e+06
2.537298628416438939e-01	3.474583600112038199e+06	3.521039717435751576e+06	7.206780183485612273e+06	5.201718319064429030e+06
2.591069444177515613e-01	3.303428703121760394e+06	3.379968702458692249e+06	6.972003007155575790e+06	4.919352636581541039e+06
2.645979779187619951e-01	3.140781131222101860e+06	3.244511424513508566e+06	6.744504096884531900e+06	4.652505993757799268e+06
2.702053782310787078e-01	2.986153113811334595e+06	3.114389724540812895e+06	6.523980712143062614e+06	4.400169832951052114e+06
2.759316114177428059e-01	2.839050920585208572e+06	2.989331613147122785e+06	6.310143429237899370e+06	4.161389598854049109e+06
2.817791958029755572e-01	2.699152818645664025e+06	2.869168399898512289e+06	6.102826771798897535e+06	3.935533175096500199e+06
2.877507030797054055e-01	2.566211702771544456e+06	2.753792075009726454e+06	5.901967990726416931e+06	3.722079039372450672e+06
2.938487594405665426e-01	2.439822619592999574e+06	2.642965751944174059e+06	5.707297907351764850e+06	3.520235226192546077e+06
3.000760467328633108e-01	2.319586391443674918e+06	2.536454516910821199e+06	5.518546959245424718e+06	3.329244306337493937e+06
3.064353036380134121e-01	2.205240251384350937e+06	2.434127711628835648e+06	5.335608165673196316e+06	3.148601247338018380e+06
3.129293268759847368e-01	2.096583105833274778e+06	2.335874725027212873e+06	5.158370894172355533e+06	2.977870466598552652e+06
3.195609724352570513e-01	1.993278977722691605e+06	2.241505657571673859e+06	4.986633749679861590e+06	2.816431269332445692e+06
3.263331568288500573e-01	1.895005123929957394e+06	2.150817443682341836e+06	4.820149847001177259e+06	2.663679007255211007e+06
3.332488583769670498e-01	1.801546939345739083e+06	2.063692779094128171e+06	4.658804149774871767e+06	2.519194555524772499e+06
3.403111185168231634e-01	1.712740724050135817e+06	1.980049717191710137e+06	4.502535577724029310e+06	2.382644703640924301e+06
3.475230431402304698e-01	1.628307885249664541e+06	1.899712524420691887e+06	4.351128286543599330e+06	2.253522922035487369e+06
3.548878039595292910e-01	1.547987472304546507e+06	1.822519274316075025e+06	4.204391878289796412e+06	2.131353136380773969e+06
3.624086399024666338e-01	1.471604221747575095e+06	1.748362891410929849e+06	4.062205422314649448e+06	2.015790537202761741e+06
3.700888585366366446e-01	1.399024830162100028e+06	1.677181665639444022e+06	3.924535229243651032e+06	1.906584780812918441e+06
3.779318375241043637e-01	1.330018411638131598e+06	1.608816097585132578e+06	3.791167352472900413e+06	1.803315391638957430e+06
3.859410261068597081e-01	1.264373973715785192e+06	1.543132012418146012e+06	3.661942029854066670e+06	1.705602930513775675e+06
3.941199466237500504e-01	1.201948390467517311e+06	1.480039634046935244e+06	3.536754709434848279e+06	1.613175058578525903e+06
4.024721960595590287e-01	1.142633065893341554e+06	1.419483544294695137e+06	3.415567027241837233e+06	1.525833757647775812e+06
4.110014476269163164e-01	1.086236761607863940e+06	1.361330636753126746e+06	3.298202530442342162e+06	1.443238188472694252e+06
4.197114523817274123e-01	1.032588871092643938e+06	1.305462407475446118e+06	3.184501526192930527e+06	1.365082522298269439e+06
4.286060408728412652e-01	9.815725167476678034e+05	1.251808873510812642e+06	3.074394918576133903e+06	1.291158327050717780e+06
4.376891248266767120e-01	9.330992023163133999e+05	1.200315446711662225e+06	2.967823231565772556e+06	1.221300980521623977e+06
4.469646988675492483e-01	8.870106087775873020e+05	1.150872047390304506e+06	2.864643532801688183e+06	1.155234313954977086e+06
4.564368422744575216e-01	8.431687819050212856e+05	1.103376985800429946e+06	2.764711710183378309e+06	1.092717207241183845e+06
4.661097207750954374e-01	8.014782829914398026e+05	1.057771852935893461e+06	2.667967513822091743e+06	1.033588594857896096e+06
4.759875883778879602e-01	7.618669651801622240e+05	1.014009001244398882e+06	2.574357852663908619e+06	9.777094591882872628e+05
4.860747892428489703e-01	7.242038353118753294e+05	9.719939376679912675e+05	2.483752390098406468e+06	9.248608867081633070e+05
4.963757595920870180e-01	6.883773349504037760e+05	9.316401147592588095e+05	2.396025202630201820e+06	8.748506434760986594e+05
5.068950296608012440e-01	6.543095354561130516e+05	8.928973200734091224e+05	2.311120337233682629e+06	8.275499559924844652e+05
5.176372256896176749e-01	6.219415958003352862e+05	8.557261301181473536e+05	2.228994074984323233e+06	7.828462295795066748e+05
5.286070719591531297e-01	5.911651892880063970e+05	8.200443334380761953e+05	2.149528062413882464e+06	7.405642506601487985e+05
5.398093928676924724e-01	5.618900973135357490e+05	7.857797222973308526e+05	2.072613061850826954e+06	7.005546327219677623e+05
5.512491150528981976e-01	5.340526917434609495e+05	7.528881252023472916e+05	1.998196445294789737e+06	6.627097014768067747e+05
5.629312695584811621e-01	5.076049641320348019e+05	7.213372160921371542e+05	1.926242367775186663e+06	6.269420105262977304e+05
5.748609940467923618e-01	4.824573791051307926e+05	6.910547249554417795e+05	1.856641128409697441e+06	5.931092132952435641e+05
5.870435350582976497e-01	4.585369705617260188e+05	6.619808177771820920e+05	1.789299850880774669e+06	5.610944347939143190e+05
5.994842503189414806e-01	4.357917882803110988e+05	6.340765199486010242e+05	1.724167282808415126e+06	5.308090784127673833e+05
6.121886110964055439e-01	4.141826475101218093e+05	6.073154010993452976e+05	1.661215573217735393e+06	5.021853926336431177e+05
6.251622046063020077e-01	3.936355820628901129e+05	5.816342418254456716e+05	1.600342770986440126e+06	4.751086321833065595e+05
6.384107364693620834e-01	3.740915742739518755e+05	5.569833023377077188e+05	1.541470680619208841e+06	4.494855003097112058e+05
6.519400332206916060e-01	3.555082108029726660e+05	5.333288730284494814e+05	1.484551578084637877e+06	4.252449165539250826e+05
6.657560448722088520e-01	3.378534949640245177e+05	5.106485429405493196e+05	1.429561517383315833e+06	4.023329780837925500e+05
6.798648475293831428e-01	3.210663548351312056e+05	4.888876555444923579e+05	1.376407915463298792e+06	3.806580352896672557e+05
6.942726460634290886e-01	3.050990496946749045e+05	4.680037382977306843e+05	1.325020636871739523e+06	3.601447109573507332e+05
7.089857768401280902e-01	2.899169540106245549e+05	4.479694123420459800e+05	1.275362317845047917e+06	3.407375559708643123e+05
7.240107105064845783e-01	2.754939294776099850e+05	4.287639462420783238e+05	1.227405276192353806e+06	3.223929905929432716e+05
7.393540548364295750e-01	2.617795769013589015e+05	4.103413894520546892e+05	1.181071000132892746e+06	3.050374765429450199e+05
7.550225576368376768e-01	2.487352732223328494e+05	3.926650281402475084e+05	1.136294922946533188e+06	2.886102129469972569e+05
7.710231097151263313e-01	2.363327516506095999e+05	3.757119871415213565e+05	1.093044864928232739e+06	2.730680378902475350e+05
7.873627479097432547e-01	2.245506513319940132e+05	3.594644453403389198e+05	1.051296460824818816e+06	2.583758802607158723e+05
8.040486581848822478e-01	2.133474017789913632e+05	3.438825491180548561e+05	1.010977673571283580e+06	2.444743572843077418e+05
8.210881787907730045e-01	2.026917519942444342e+05	3.289356444648279576e+05	9.720335907648879802e+05	2.313150784993361158e+05
8.384888034909533383e-01	1.925606276036359486e+05	3.146041892421816010e+05	9.344350870649128919e+05	2.188639993008458405e+05
8.562581848579297050e-01	1.829365595952950534e+05	3.008729888453112217e+05	8.981605885813736822e+05	2.070930807876523468e+05
8.744041376386801900e-01	1.737852898813167994e+05	2.877072858723604586e+05	8.631439125320535386e+05	1.959540216258107394e+05
8.929346421914835519e-01	1.650815170061292592e+05	2.750819195004074136e+05	8.293393022102103569e+05	1.854091935002886748e+05
9.118578479955742333e-01	1.568064087783077266e+05	2.629789097938394407e+05	7.967161747807542561e+05	1.754301464841357374e+05
9.311820772351820930e-01	1.489456771265855059e+05	2.513868469594208582e+05	7.652607667250249069e+05	1.659961680467434344e+05
9.509158284595223831e-01	1.414710948866511462e+05	2.402745216470982123e+05	7.349092477140780538e+05	1.570669260056298517e+05
9.710677803203476843e-01	1.343621823934028216e+05	2.296214614044910413e+05	7.056240457539834315e+05	1.486134492100084317e+05
9.916467953887124764e-01	1.276035674583193322e+05	2.194123864140897349e+05	6.773787109015701571e+05	1.406128104467108496e+05
1.012661924052612461e+00	1.211835586596534267e+05	2.096367084093931480e+05	6.501570259527346352e+05	1.330480560461942223e+05
1.034122408497234025e+00	1.150789101715289144e+05	2.002686780808491167e+05	6.239063258076088969e+05	1.258875672993572225e+05
1.056037686769547568e+00	1.092730415255122789e+05	1.912899513283921988e+05	5.985897197678015800e+05	1.191072824202553020e+05
1.078417396929040706e+00	1.037534049590148643e+05	1.826884336390166427e+05	5.741867332459422760e+05	1.126900236777006066e+05
1.101271381286411888e+00	9.851042962459419505e+04	1.744543714043733198e+05	5.506806045635923510e+05	1.066213407947794476e+05
1.124609690732098155e+00	9.352498224291013321e+04	1.665658611716139130e+05	5.280248426833507838e+05	1.008760696196330246e+05
1.148442589156521310e+00	8.878363545152560982e+04	1.590078396261161834e+05	5.061889484504372813e+05	9.543559163089981303e+04
1.172780557964020254e+00	8.427614668392555905e+04	1.517690658053187362e+05	4.851508769204989076e+05	9.028529932183826168e+04
1.197634300682437924e+00	7.999467792162067781e+04	1.448422900327036332e+05	4.648999111473323428e+05	8.541456499539883225e+04
1.223014747670394531e+00	7.592348896704064100e+04	1.382077999844620354e+05	4.453910290456727380e+05	8.080234461108103278e+04
1.248933060924324545e+00	7.205170231868840347e+04	1.318533091433376831e+05	4.265991128777554259e+05	7.643433141812312533e+04
1.275400638987373769e+00	6.837095688517394592e+04	1.257693824062299682e+05	4.085052031911397935e+05	7.229895301599935920e+04
1.302429121962336289e+00	6.487483061433055991e+04	1.199492253724870679e+05	3.910972280071455170e+05	6.838712528749144985e+04
1.330030396630823342e+00	6.155038153537133621e+04	1.143765635266708850e+05	3.743375612934677047e+05	6.468245566731292638e+04
1.358216601680917401e+00	5.838879419503879035e+04	1.090407641820068529e+05	3.582032093901058543e+05	6.117344416733449907e+04
1.387000133045610317e+00	5.538324236676874716e+04	1.039335809523368516e+05	3.426763776936874492e+05	5.785068671431606344e+04
1.416393649354382722e+00	5.252846197146578925e+04	9.904970860152099340e+04	3.277484243573335698e+05	5.470728101197367505e+04
1.446410077500298819e+00	4.981381687118373520e+04	9.437476338683970971e+04	3.133839568629736896e+05	5.172965622438686114e+04
1.477062618325094778e+00	4.723215903606295615e+04	8.989979475336514588e+04	2.995629616175950505e+05	4.890862415086497640e+04
1.508364752424737887e+00	4.477791424568659568e+04	8.561822677730665600e+04	2.862715111212398042e+05	4.623720838909500890e+04
1.540330246078020826e+00	4.244676518091218168e+04	8.152493210103682941e+04	2.734993376082338509e+05	4.370937471634717804e+04
1.572973157300799230e+00	4.022997455415772856e+04	7.760790794205183920e+04	2.612164127664841944e+05	4.131433972402600921e+04
1.606307842028519950e+00	3.812174238605132996e+04	7.385969551592228527e+04	2.494053991016479558e+05	3.904497354826235824e+04
1.640348960429783842e+00	3.611751499126806448e+04	7.027445250962646969e+04	2.380531647865575505e+05	3.689533345278818888e+04
1.675111483353698638e+00	3.421374938337529602e+04	6.684782126459738356e+04	2.271503941851036507e+05	3.486085742688731989e+04
1.710610698913865635e+00	3.240327019619938801e+04	6.356975832393745077e+04	2.166715470781981421e+05	3.293291840909473103e+04
1.746862219211904321e+00	3.068136688681582746e+04	6.043377678639015357e+04	2.066006373004881316e+05	3.110566170735690321e+04
1.783881987203444153e+00	2.904431699623752502e+04	5.743485294572552084e+04	1.969256730864123092e+05	2.937436363455342507e+04
1.821686283709640364e+00	2.748920977985226637e+04	5.456948991102514992e+04	1.876395237403195642e+05	2.773539518117524494e+04
1.860291734577268707e+00	2.601015358205668963e+04	5.182891833879493788e+04	1.787185232384086994e+05	2.618184994716777874e+04
1.899715317990559260e+00	2.460331717253624083e+04	4.920771193490894075e+04	1.701491742139779381e+05	2.470900626132524849e+04
1.939974371937992492e+00	2.326565366617268592e+04	4.670158225453457999e+04	1.619206280516714323e+05	2.331310823711774356e+04
1.981086601837313665e+00	2.199476800400324282e+04	4.430755969956642366e+04	1.540265859640212730e+05	2.199127851754312360e+04
2.023070088322156401e+00	2.078582091062760810e+04	4.201814266955972562e+04	1.464462671042817237e+05	2.073781937723041119e+04
2.065943295193674256e+00	1.963568936943769586e+04	3.982863601508695137e+04	1.391671212156812544e+05	1.954899647345145786e+04
2.109725077540682392e+00	1.854187357141665052e+04	3.773559564914755174e+04	1.321807479117321200e+05	1.842189510046832220e+04
2.154434690031884259e+00	1.750239656906660457e+04	3.573629147252023540e+04	1.254804810999659385e+05	1.735415597376810911e+04
2.200091795383838367e+00	1.651327902599882145e+04	3.382431975021068502e+04	1.190480421501779492e+05	1.634113731965654733e+04
2.246716473008353532e+00	1.557196508828713559e+04	3.199581595242716139e+04	1.128730362713932991e+05	1.537987882084944977e+04
2.294329227843169949e+00	1.467639415607031879e+04	3.024768828355046935e+04	1.069472036051294708e+05	1.446797777584138203e+04
2.342950999369765697e+00	1.382492461486512912e+04	2.857761564879397338e+04	1.012647510672218486e+05	1.360353393124704053e+04
2.392603170822269476e+00	1.301427318695961549e+04	2.698018214974791408e+04	9.580990375111174944e+04	1.278283558416760025e+04
2.443307578591545681e+00	1.224233316641871897e+04	2.545196927471567687e+04	9.057279637080142857e+04	1.200346722071007753e+04
2.495086521828544068e+00	1.150738894011391130e+04	2.399035078638851337e+04	8.554628525882068789e+04	1.126349039778022598e+04
2.547962772251191943e+00	1.080805851327472192e+04	2.259328347065335038e+04	8.072508269822952570e+04	1.056132200023382939e+04
2.601959584159102334e+00	1.014161308224138338e+04	2.125604112574756800e+04	7.609469703531738196e+04	9.893921548683474612e+03
2.657100704660517732e+00	9.506286887716949423e+03	1.997572747266878287e+04	7.164678315678989748e+04	9.259328814171816703e+03
2.713410384115983121e+00	8.900619791708333651e+03	1.874994731558307467e+04	6.737437581191043137e+04	8.655913327784423018e+03
2.770913386803353973e+00	8.323411207674978868e+03	1.757675268552606576e+04	6.327185413943331514e+04	8.082329748298801860e+03
2.829635001808795014e+00	7.772348512314316395e+03	1.645211015180592221e+04	5.932678497201928258e+04	7.536124222142208055e+03
2.889601054148607684e+00	7.245893568207888165e+03	1.537332045171597019e+04	5.553086610231488885e+04	7.015596294935244259e+03
2.950837916126738403e+00	6.742734147312690766e+03	1.433806625076302771e+04	5.187689664190337498e+04	6.519299867879394697e+03
3.013372518932980082e+00	6.261742161769586346e+03	1.334441509835793477e+04	4.835904148525021446e+04	6.046013190843058510e+03
3.077232364486974792e+00	5.800848524693876243e+03	1.238859067898214744e+04	4.496515755519105733e+04	5.593587340668213074e+03
3.142445537533192557e+00	5.358570459824824866e+03	1.146782942281644864e+04	4.168622667438398639e+04	5.160462461863332464e+03
3.209040717992251324e+00	4.933546581746253651e+03	1.057957256466133731e+04	3.851388646051155229e+04	4.745201268174037068e+03
3.277047193573979555e+00	4.524478858436131304e+03	9.721357874159693893e+03	3.543997690529507963e+04	4.346458153857355683e+03
3.346494872657771680e+00	4.129179733726319682e+03	8.888902585067176915e+03	3.244993398619570871e+04	3.962015841926135636e+03
3.417414297445926952e+00	3.745757286266372830e+03	8.078434937118204289e+03	2.953074390667681655e+04	3.589983561129697136e+03
3.489836657395697816e+00	3.372142759448920060e+03	7.285745907705492755e+03	2.666765083285561559e+04	3.228306201458771739e+03
3.563793802936028321e+00	3.005879094839489881e+03	6.505723299709569801e+03	2.384245301177844885e+04	2.874565619244351183e+03
3.639318259474964901e+00	2.643037185666172263e+03	5.730086484272085727e+03	2.102539192669746990e+04	2.524921860230270340e+03
3.716443241703908829e+00	2.278550902809019590e+03	4.947990778487094758e+03	1.817702769800894748e+04	2.174498889714389861e+03
3.795202668205029717e+00	1.904391536871255084e+03	4.142070423016640234e+03	1.523372425822917103e+04	1.815622278583521847e+03
3.875631176368202979e+00	1.505356944262200614e+03	3.279194236134816947e+03	1.207345046966293376e+04	1.433811936493467556e+03
3.957764137624104617e+00	1.042321984482031667e+03	2.273928871395561600e+03	8.381109079319285229e+03	9.918608569960063051e+02
4.041637673000112230e+00	2.606267249682634315e+02	5.694040628856560033e+02	2.100822682794631419e+03	2.477858649305980521e+02
4.127288669005872102e+00	nan	nan	nan	nan
4.214754793855508552e+00	nan	nan	nan	nan
4.304074514033643162e+00	nan	nan	nan	nan
4.395287111212434539e+00	nan	nan	nan	nan
4.488432699527177050e+00	nan	nan	nan	nan
4.583552243217979161e+00	nan	nan	nan	nan
4.680687574645305382e+00	nan	nan	nan	nan
4.779881412687339015e+00	nan	nan	nan	nan
4.881177381527165515e+00	nan	nan	nan	nan
4.984620029838152888e+00	nan	nan	nan	nan
5.090254850375883322e+00	nan	nan	nan	nan
5.198128299985286915e+00	nan	nan	nan	nan
5.308287820031761584e+00	nan	nan	nan	nan
5.420781857265304815e+00	nan	nan	nan	nan
5.535659885126738011e+00	nan	nan	nan	nan
5.652972425505520704e+00	nan	nan	nan	nan
5.772771070958623518e+00	nan	nan	nan	nan
5.895108507400270703e+00	nan	nan	nan	nan
6.020038537272556667e+00	nan	nan	nan	nan
6.147616103207036886e+00	nan	nan	nan	nan
6.277897312187818990e+00	nan	nan	nan	nan
6.410939460226692255e+00	nan	nan	nan	nan
6.546801057561175696e+00	nan	nan	nan	nan
6.685541854386596761e+00	nan	nan	nan	nan
6.827222867133428963e+00	nan	nan	nan	nan
6.971906405301561804e+00	nan	nan	nan	nan
7.119656098863218929e+00	nan	nan	nan	nan
7.270536926246596643e+00	nan	nan	nan	nan
7.424615242912579127e+00	nan	nan	nan	nan
7.581958810536977289e+00	nan	nan	nan	nan
7.742636826811277295e+00	nan	nan	nan	nan
7.906719955874896399e+00	nan	nan	nan	nan
8.074280359392364659e+00	nan	nan	nan	nan
8.245391728289099831e+00	nan	nan	nan	nan
8.420129315159766037e+00	nan	nan	nan	nan
8.598569967363353328e+00	nan	nan	nan	nan
8.780792160819700598e+00	nan	nan	nan	nan
8.966876034522190508e+00	nan	nan	nan	nan
9.156903425781846906e+00	nan	nan	nan	nan
9.350957906218383187e+00	nan	nan	nan	nan
9.549124818513869073e+00	nan	nan	nan	nan
9.751491313945386707e+00	nan	nan	nan	nan
9.958146390713055851e+00	nan	nan	nan	nan
1.016918093308028581e+01	nan	nan	nan	nan
1.038468775134352740e+01	nan	nan	nan	nan
1.060476162264905220e+01	nan	nan	nan	nan
1.082949933267470577e+01	nan	nan	nan	nan
1.105899971819510696e+01	nan	nan	nan	nan
1.129336371054865928e+01	nan	nan	nan	nan
1.153269438002595848e+01	nan	nan	nan	nan
1.177709698119876869e+01	nan	nan	nan	nan
1.202667899920963279e+01	nan	nan	nan	nan
1.228155019704247053e+01	nan	nan	nan	nan
1.254182266379493349e+01	nan	nan	nan	nan
1.280761086397376225e+01	nan	nan	nan	nan
1.307903168783481007e+01	nan	nan	nan	nan
1.335620450278989146e+01	nan	nan	nan	nan
1.363925120590300821e+01	nan	nan	nan	nan
1.392829627749924271e+01	nan	nan	nan	nan
1.422346683590943783e+01	nan	nan	nan	nan
1.452489269337533528e+01	nan	nan	nan	nan
1.483270641313931115e+01	nan	nan	nan	nan
1.514704336774399174e+01	nan	nan	nan	nan
1.546804179856737527e+01	nan	nan	nan	nan
1.579584287661962527e+01	nan	nan	nan	nan
1.613059076462826624e+01	nan	nan	nan	nan
1.647243268043913034e+01	nan	nan	nan	nan
1.682151896176083383e+01	nan	nan	nan	nan
1.717800313228151410e+01	nan	nan	nan	nan
1.754204196918641045e+01	nan	nan	nan	nan
1.791379557210657580e+01	nan	nan	nan	nan
1.829342743352862044e+01	nan	nan	nan	nan
1.868110451069663469e+01	nan	nan	nan	nan
1.907699729903783492e+01	nan	nan	nan	nan
1.948127990714428748e+01	nan	nan	nan	nan
1.989413013334363711e+01	nan	nan	nan	nan
2.031572954389253738e+01	nan	nan	nan	nan
2.074626355282718393e+01	nan	nan	nan	nan
2.118592150350598402e+01	nan	nan	nan	nan
2.163489675188052530e+01	nan	nan	nan	nan
2.209338675153079734e+01	nan	nan	nan	nan
2.256159314050291798e+01	nan	nan	nan	nan
2.303972182998693796e+01	nan	nan	nan	nan
2.352798309487394945e+01	nan	nan	nan	nan
2.402659166623228870e+01	nan	nan	nan	nan
2.453576682574353285e+01	nan	nan	nan	nan
2.505573250213976877e+01	nan	nan	nan	nan
2.558671736968459953e+01	nan	nan	nan	nan
2.612895494874115698e+01	nan	nan	nan	nan
2.668268370847132687e+01	nan	nan	nan	nan
2.724814717171165412e+01	nan	nan	nan	nan
2.782559402207125743e+01	nan	nan	nan	nan
2.841527821329990999e+01	nan	nan	nan	nan
2.901745908097360527e+01	nan	nan	nan	nan
2.963240145654703639e+01	nan	nan	nan	nan
3.026037578382308624e+01	nan	nan	nan	nan
3.090165823789054755e+01	nan	nan	nan	nan
3.155653084658241525e+01	nan	nan	nan	nan
3.222528161450811979e+01	nan	nan	nan	nan
3.290820464971425707e+01	nan	nan	nan	nan
3.360560029302952501e+01	nan	nan	nan	nan
3.431777525015100849e+01	nan	nan	nan	nan
3.504504272652905428e+01	nan	nan	nan	nan
3.578772256511129513e+01	nan	nan	nan	nan
3.654614138700539883e+01	nan	nan	nan	nan
3.732063273512289925e+01	nan	nan	nan	nan
3.811153722086707774e+01	nan	nan	nan	nan
3.891920267392951160e+01	nan	nan	nan	nan
3.974398429526115706e+01	nan	nan	nan	nan
4.058624481328516254e+01	nan	nan	nan	nan
4.144635464342010778e+01	nan	nan	nan	nan
4.232469205098434628e+01	nan	nan	nan	nan
4.322164331755172384e+01	nan	nan	nan	nan
4.413760291083362119e+01	nan	nan	nan	nan
4.507297365816076251e+01	nan	nan	nan	nan
4.602816692364147144e+01	nan	nan	nan	nan
4.700360278907441369e+01	nan	nan	nan	nan
4.799971023869517950e+01	nan	nan	nan	nan
4.901692734783804895e+01	nan	nan	nan	nan
5.005570147559598126e+01	nan	nan	nan	nan
5.111648946156338980e+01	nan	nan	nan	nan
5.219975782674825382e+01	nan	nan	nan	nan
5.330598297874255564e+01	nan	nan	nan	nan
5.443565142123959077e+01	nan	nan	nan	nan
5.558925996799251124e+01	nan	nan	nan	nan
5.676731596130657209e+01	nan	nan	nan	nan
5.797033749516177181e+01	nan	nan	nan	nan
5.919885364306400533e+01	nan	nan	nan	nan
6.045340469072480261e+01	nan	nan	nan	nan
6.173454237367209174e+01	nan	nan	nan	nan
6.304283011989645757e+01	nan	nan	nan	nan
6.437884329763940627e+01	nan	nan	nan	nan
6.574316946843353549e+01	nan	nan	nan	nan
6.713640864550379206e+01	nan	nan	nan	nan
6.855917355764610477e+01	nan	nan	nan	nan
7.001208991869765441e+01	nan	nan	nan	nan
7.149579670271769771e+01	nan	nan	nan	nan
7.301094642500031284e+01	nan	nan	nan	nan
7.455820542904223203e+01	nan	nan	nan	nan
7.613825417959219521e+01	nan	nan	nan	nan
7.775178756191070306e+01	nan	nan	nan	nan
7.939951518737163383e+01	nan	nan	nan	nan
8.108216170554010205e+01	nan	nan	nan	nan
8.280046712286477373e+01	nan	nan	nan	nan
8.455518712812224180e+01	nan	nan	nan	nan
8.634709342475994731e+01	nan	nan	nan	nan
8.817697407028136070e+01	nan	nan	nan	nan
9.004563382282356088e+01	nan	nan	nan	nan
9.195389449507966617e+01	nan	nan	nan	nan
9.390259531572145590e+01	nan	nan	nan	nan
9.589259329848152902e+01	nan	nan	nan	nan
9.792476361905691817e+01	nan	nan	nan	nan
