# Data associated with arXiv:2208.14002
# 
# Scale-free velocity distribution, f(E), of a nfw0-6rhos8e6 dark matter distribution (see Eq. 2.7 and the surrounding discussion)
# 
# Published: 8/25/22, Jack Runburg and Kenny Kiriu, contact: runburg@hawaii.edu
# 
# 
# -----------------------------------------------------------------
# 
# 	 tilde E 		 | 		 tilde f
# 
# -----------------------------------------------------------------
2.976202174118554179e-08	1.485730960045903921e+07
3.046865621584454470e-08	1.437295417433822341e+07
3.119206833349223124e-08	1.389310930038378574e+07
3.193265644256594848e-08	1.342040416789367236e+07
3.269082834926771231e-08	1.296385030433715880e+07
3.346700154210775149e-08	1.251562618200023472e+07
3.426160342178044174e-08	1.208290493853930570e+07
3.507507153649609144e-08	1.166515173191494495e+07
3.590785382290100088e-08	1.126184130568927899e+07
3.676040885271632390e-08	1.087247333422163315e+07
3.763320608523203160e-08	1.049656955928499810e+07
3.852672612579635386e-08	1.013366921304047666e+07
3.944146099044027397e-08	9.783320063414789736e+06
4.037791437678598856e-08	9.445081666037386283e+06
4.133660194138508879e-08	9.118539373454097658e+06
4.231805158364246242e-08	8.803291108786141500e+06
4.332280373647956053e-08	8.498944778274795040e+06
4.435141166389789914e-08	8.205119024197930470e+06
4.540444176560809264e-08	7.921453666996032931e+06
4.648247388888882969e-08	7.647600857233676128e+06
4.758610164785151107e-08	7.383216198886427097e+06
4.871593275028204725e-08	7.127971500478558242e+06
4.987258933224383355e-08	6.881553779677453451e+06
5.105670830062287016e-08	6.643656699214677326e+06
5.226894168380467645e-08	6.413986829734250903e+06
5.350995699067771113e-08	6.192260610258665867e+06
5.478043757815718291e-08	5.978198353735787794e+06
5.608108302743602023e-08	5.771536713431416079e+06
5.741260952916555353e-08	5.572023414698091336e+06
5.877575027778261812e-08	5.379408898487218656e+06
6.017125587519507403e-08	5.193452358798098750e+06
6.159989474405312501e-08	5.013926150570273399e+06
6.306245355082973558e-08	4.840609167521211319e+06
6.455973763894440386e-08	4.673285047429476865e+06
6.609257147217099955e-08	4.511745486541569233e+06
6.766179908856864961e-08	4.355790747210013680e+06
6.926828456519162110e-08	4.205229293599269353e+06
7.091291249382778475e-08	4.059874097739684395e+06
7.259658846803353345e-08	3.919543564059882425e+06
7.432023958172818582e-08	3.784064998768663034e+06
7.608481493962445762e-08	3.653271609289577696e+06
7.789128617977789674e-08	3.527000616434021387e+06
7.974064800853752907e-08	3.405094790636179037e+06
8.163391874819906042e-08	3.287403466883342247e+06
8.357214089765479317e-08	3.173782198614155874e+06
8.555638170635576418e-08	3.064089541803056840e+06
8.758773376189644890e-08	2.958188595355930272e+06
8.966731559154753053e-08	2.855949253444347996e+06
9.179627227807031966e-08	2.757244995028177742e+06
9.397577609014553630e-08	2.661953194599550683e+06
9.620702712777120224e-08	2.569956125977935735e+06
9.849125398297663609e-08	2.481139555923340376e+06
1.008297144162240676e-07	2.395393499630833510e+06
1.032236960488640014e-07	2.312612033275454305e+06
1.056745170720271620e-07	2.232692425162401050e+06
1.081835269723469973e-07	2.155535938021319453e+06
1.107521072749039895e-07	2.081047121722291224e+06
1.133816723038104725e-07	2.009133401339455275e+06
1.160736699608443188e-07	1.939705581174299587e+06
1.188295825225697953e-07	1.872677876282790443e+06
1.216509274563762782e-07	1.807967639235551003e+06
1.245392582558870227e-07	1.745494602856106125e+06
1.274961652962009716e-07	1.685181110309685580e+06
1.305232767094299623e-07	1.626952532906456618e+06
1.336222592810234464e-07	1.570737017343768384e+06
1.367948193673629871e-07	1.516464918109569000e+06
1.400427038351421797e-07	1.464068836535889655e+06
1.433677010230402402e-07	1.413484029264709679e+06
1.467716417262212538e-07	1.364647945095396135e+06
1.502564002042057874e-07	1.317499990178009961e+06
1.538238952126582932e-07	1.271981785861295881e+06
1.574760910596715778e-07	1.228037052208067849e+06
1.612149986871152947e-07	1.185611360834760591e+06
1.650426767776574749e-07	1.144652173737423727e+06
1.689612328880565739e-07	1.105108850461392431e+06
1.729728246093519222e-07	1.066932363147705328e+06
1.770796607545961943e-07	1.030075456313883420e+06
1.812840025747708074e-07	9.944925355312556494e+05
1.855881650035682026e-07	9.601395006845170865e+05
1.899945179317104834e-07	9.269738719782207627e+05
1.945054875115204705e-07	8.949546242970107123e+05
1.991235574924504348e-07	8.640420719405355630e+05
2.038512705883078884e-07	8.341978922008851077e+05
2.086912298769362371e-07	8.053852321927380981e+05
2.136461002331066946e-07	7.775684694944587536e+05
2.187186097954265376e-07	7.507130699363681488e+05
2.239115514680524198e-07	7.247858168920285534e+05
2.292277844580531074e-07	6.997546652274675434e+05
2.346702358492520430e-07	6.755886243067273172e+05
2.402419022134212835e-07	6.522577535628392361e+05
2.459458512597199286e-07	6.297331640202938579e+05
2.517852235232674039e-07	6.079870248429191997e+05
2.577632340938011484e-07	5.869924160341365496e+05
2.638831743853477699e-07	5.667233322569451993e+05
2.701484139479022172e-07	5.471547085521302652e+05
2.765624023220935568e-07	5.282623261265554465e+05
2.831286709378647514e-07	5.100227984203416272e+05
2.898508350582180332e-07	4.924135693693786161e+05
2.967325957690750267e-07	4.754128309108708636e+05
3.037777420163715050e-07	4.589995459517120617e+05
3.109901526914795581e-07	4.431534312770671095e+05
3.183737987661303665e-07	4.278548587004116271e+05
3.259327454779909218e-07	4.130848939586689230e+05
3.336711545681033566e-07	3.988252854224511539e+05
3.415932865714276288e-07	3.850583789416296058e+05
3.497035031617235933e-07	3.717671359457248473e+05
3.580062695520898607e-07	3.589351222218450857e+05
3.665061569524504822e-07	3.465464598505262984e+05
3.752078450853684281e-07	3.345858233183502452e+05
3.841161247615461435e-07	3.230384164404998883e+05
3.932359005164375723e-07	3.118899521118376870e+05
4.025721933094330985e-07	3.011266450752099627e+05
4.121301432870727680e-07	2.907351777023290051e+05
4.219150126118414582e-07	2.807026954983086907e+05
4.319321883580660523e-07	2.710167948219948448e+05
4.421871854765394361e-07	2.616654944309699931e+05
4.526856498294743299e-07	2.526372277699477854e+05
4.634333612974646607e-07	2.439208281498219294e+05
4.744362369601755947e-07	2.355055179188439797e+05
4.857003343524790054e-07	2.273808896435634524e+05
4.972318547978631230e-07	2.195368936684820219e+05
5.090371468209059853e-07	2.119638332168525958e+05
5.211227096407303210e-07	2.046523434469641361e+05
5.334951967473255193e-07	1.975933835223407950e+05
5.461614195627140307e-07	1.907782268266334722e+05
5.591283511889907374e-07	1.841984434848336095e+05
5.724031302452554671e-07	1.778459000823389215e+05
5.859930647955961491e-07	1.717127464831930702e+05
5.999056363702285473e-07	1.657913980444673216e+05
6.141485040820528789e-07	1.600745340405109746e+05
6.287295088408473910e-07	1.545550884362112556e+05
6.436566776674303549e-07	1.492262377716190822e+05
6.589382281101777318e-07	1.440813948530431953e+05
6.745825727662795347e-07	1.391142033456267964e+05
6.905983239102721704e-07	1.343185247553941444e+05
7.069942982323312180e-07	1.296884279749113775e+05
7.237795216889888774e-07	1.252181918437826826e+05
7.409632344688741524e-07	1.209022943242888286e+05
7.585548960762701274e-07	1.167354027935175545e+05
7.765641905352186448e-07	1.127123670877218246e+05
7.950010317170738927e-07	1.088282154006462224e+05
8.138755687944154155e-07	1.050781496091204754e+05
8.331981918242967024e-07	1.014575369970797619e+05
8.529795374639409292e-07	9.796190398840924900e+04
8.732304948219646202e-07	9.458693271122235456e+04
8.939622114483891387e-07	9.132845498180866707e+04
9.151860994667018283e-07	8.818244506914736121e+04
9.369138418513412746e-07	8.514501638177114364e+04
9.591573988540587729e-07	8.221241865704806696e+04
9.819290145826558347e-07	7.938102973458857741e+04
1.005241223735761044e-06	7.664735282215563348e+04
1.029106858497279192e-06	7.400801309294214298e+04
1.053539055594345294e-06	7.145975069255234848e+04
1.078551263522634213e-06	6.899941920353074966e+04
1.104157249942993292e-06	6.662398184135126940e+04
1.130371109253465639e-06	6.433050541007140419e+04
1.157207270340831044e-06	6.211615866690746043e+04
1.184680504515969980e-06	5.997820848719359492e+04
1.212805933637338171e-06	5.791401564924130798e+04
1.241599038427060888e-06	5.592103254997124168e+04
1.271075666984183065e-06	5.399679975757067587e+04
1.301252043499746826e-06	5.213894248421810335e+04
1.332144777178492745e-06	5.034516824492972228e+04
1.363770871372032407e-06	4.861326388667920401e+04
1.396147732928581888e-06	4.694109234666760312e+04
1.429293181764276724e-06	4.532659071356744971e+04
1.463225460661427755e-06	4.376776739814873144e+04
1.497963245298988092e-06	4.226269943737583526e+04
1.533525654520806578e-06	4.080953052613049658e+04
1.569932260847262198e-06	3.940646848110306746e+04
1.607203101236020402e-06	3.805178302890282066e+04
1.645358688097885261e-06	3.674380373308432900e+04
1.684420020573666309e-06	3.548091769570516772e+04
1.724408596078379356e-06	3.426156790333808749e+04
1.765346422118972242e-06	3.308425124251266243e+04
1.807256028392145115e-06	3.194751630925774225e+04
1.850160479168870824e-06	3.084996204808758557e+04
1.894083385972338106e-06	2.979023577432232196e+04
1.939048920556392215e-06	2.876703145559844052e+04
1.985081828191413775e-06	2.777908833904859057e+04
2.032207441265089965e-06	2.682518914301203768e+04
2.080451693205359986e-06	2.590415858429774744e+04
2.129841132733281553e-06	2.501486213462475644e+04
2.180402938453564736e-06	2.415620425538755444e+04
2.232164933790760047e-06	2.332712755965326141e+04
2.285155602279318687e-06	2.252661101013550069e+04
2.339404103215805100e-06	2.175366881952346012e+04
2.394940287681969373e-06	2.100734928843730086e+04
2.451794714947284869e-06	2.028673362875148814e+04
2.509998669260057583e-06	1.959093483953799296e+04
2.569584177036219575e-06	1.891909646621107822e+04
2.630584024455238202e-06	1.827039164591563531e+04
2.693031775472775305e-06	1.764402218322663975e+04
2.756961790259879575e-06	1.703921737415153621e+04
2.822409244078935361e-06	1.645523311966346591e+04
2.889410146606517079e-06	1.589135107067605531e+04
2.958001361713849356e-06	1.534687771590679949e+04
3.028220627715629806e-06	1.482114345136255179e+04
3.100106578098262716e-06	1.431350178711869739e+04
3.173698762738912744e-06	1.382332861280004727e+04
3.249037669626832224e-06	1.335002135911935147e+04
3.326164747099029733e-06	1.289299825827057975e+04
3.405122426602207867e-06	1.245169765140406525e+04
3.485954145993586751e-06	1.202557725480123736e+04
3.568704373393222242e-06	1.161411354037376441e+04
3.653418631600911395e-06	1.121680103627959397e+04
3.740143523090991244e-06	1.083315173738386147e+04
3.828926755598619839e-06	1.046269450669158687e+04
3.919817168311687539e-06	1.010497445753981992e+04
4.012864758682385415e-06	9.759552405184505915e+03
4.108120709873306374e-06	9.426004349209419161e+03
4.205637418852914759e-06	9.103920912088713521e+03
4.305468525155744552e-06	8.792906880895756331e+03
4.407668940323058096e-06	8.492580668872093156e+03
4.512294878039885333e-06	8.202573855039201590e+03
4.619403884985116562e-06	7.922530749839866985e+03
4.729054872411170071e-06	7.652107943587063346e+03
4.841308148470707264e-06	7.390973880628662300e+03
4.956225451307850075e-06	7.138808464833404287e+03
5.073869982931999231e-06	6.895302635209366599e+03
5.194306443892725449e-06	6.660157986095573506e+03
5.317601068774487732e-06	6.433086444495520482e+03
5.443821662530773177e-06	6.213809868246835322e+03
5.573037637677107012e-06	6.002059709487036343e+03
5.705320052363464942e-06	5.797576694341172697e+03
5.840741649346647845e-06	5.600110497368467804e+03
5.979376895883876787e-06	5.409419431343794713e+03
6.121302024569350861e-06	5.225270155922597041e+03
6.266595075135812720e-06	5.047437378561873629e+03
6.415335937244185660e-06	4.875703580700027487e+03
6.567606394284125053e-06	4.709858750594584308e+03
6.723490168209658438e-06	4.549700127569137294e+03
6.883072965434064874e-06	4.395031942966869792e+03
7.046442523809009829e-06	4.245665184506831793e+03
7.213688660713502452e-06	4.101417356795049272e+03
7.384903322278552072e-06	3.962112271339094150e+03
7.560180633774744189e-06	3.827579807724996954e+03
7.739616951189397156e-06	3.697655720712795755e+03
7.923310914022036841e-06	3.572181427543828249e+03
8.111363499326195573e-06	3.451003816624405317e+03
8.303878077027241651e-06	3.333975058342364264e+03
8.500960466546175274e-06	3.220952422595613371e+03
8.702718994759811206e-06	3.111798101300176313e+03
8.909264555329326243e-06	3.006379037965840780e+03
9.120710669428591294e-06	2.904566766530028417e+03
9.337173547905950878e-06	2.806237251237774672e+03
9.558772154912411465e-06	2.711270733101882797e+03
9.785628273031210967e-06	2.619551581138792244e+03
1.001786656994383315e-05	2.530968153472759241e+03
1.025561466666826935e-05	2.445412657005553228e+03
1.049900320740715780e-05	2.362781014079222132e+03
1.074816593104256006e-05	2.282972735524412656e+03
1.100323974431712927e-05	2.205890796423098891e+03
1.126436479674021011e-05	2.131441516580409370e+03
1.153168455726007199e-05	2.059534443693460162e+03
1.180534589274331239e-05	1.990082242722086448e+03
1.208549914830389386e-05	1.923000594928074406e+03
1.237229822952527598e-05	1.858208076679442684e+03
1.266590068661962185e-05	1.795626076878800859e+03
1.296646780057020347e-05	1.735178694661029112e+03
1.327416467130251206e-05	1.676792636440675551e+03
1.358916030793242526e-05	1.620397143543594439e+03
1.391162772113953598e-05	1.565923889836399439e+03
1.424174401771560928e-05	1.513306902956896238e+03
1.457969049733910803e-05	1.462482484335471781e+03
1.492565275162744761e-05	1.413389128226948060e+03
1.527982076552113750e-05	1.365967448689148796e+03
1.564238902105324219e-05	1.320160104664000528e+03
1.601355660356080919e-05	1.275911729037607074e+03
1.639352731039484611e-05	1.233168859977378361e+03
1.678250976218745123e-05	1.191879880317459083e+03
1.718071751673581340e-05	1.151994946284634125e+03
1.758836918556377449e-05	1.113465932295906896e+03
1.800568855322446174e-05	1.076246369110819387e+03
1.843290469940666343e-05	1.040291382499026668e+03
1.887025212391146723e-05	1.005557651480064123e+03
1.931797087456543977e-05	9.720033389209651205e+02
1.977630667813917403e-05	9.395880500094723402e+02
2.024551107434101685e-05	9.082727795400821833e+02
2.072584155295793731e-05	8.780198641731809630e+02
2.121756169421638399e-05	8.487929365065820093e+02
2.172094131243865612e-05	8.205568797804694441e+02
2.223625660307112985e-05	7.932777858231843311e+02
2.276379029316298513e-05	7.669229118697072636e+02
2.330383179537557590e-05	7.414606418873728444e+02
2.385667736560467369e-05	7.168604466246416678e+02
2.442263026429966104e-05	6.930928468316443514e+02
2.500200092156510981e-05	6.701293762784914634e+02
2.559510710613332733e-05	6.479425478016966053e+02
2.620227409829716086e-05	6.265058187856692484e+02
2.682383486689534664e-05	6.057935586490916648e+02
2.746013025044420370e-05	5.857810187733456360e+02
2.811150914251202087e-05	5.664442997399867181e+02
2.877832868143434875e-05	5.477603225753006200e+02
2.946095444447112565e-05	5.297068030621474009e+02
3.015976064650783376e-05	5.122622217474794297e+02
3.087513034340682894e-05	4.954057980603634519e+02
3.160745564011570915e-05	4.791174647999810077e+02
3.235713790364327296e-05	4.633778445459747104e+02
3.312458798101529313e-05	4.481682246865697152e+02
3.391022642232535944e-05	4.334705351741410482e+02
3.471448370899876538e-05	4.192673262371657756e+02
3.553780048738901622e-05	4.055417468959635130e+02
3.638062780783116721e-05	3.922775245766781040e+02
3.724342736927693272e-05	3.794589449601987212e+02
3.812667176964073547e-05	3.670708328078324030e+02
3.903084476198829769e-05	3.550985335193029755e+02
3.995644151670208638e-05	3.435278951262895362e+02
4.090396888976180804e-05	3.323452507779280722e+02
4.187394569727956398e-05	3.215374025611627644e+02
4.286690299643492239e-05	3.110916046325727393e+02
4.388338437295592189e-05	3.009955484038056852e+02
4.492394623529673807e-05	2.912373470080938205e+02
4.598915811566594902e-05	2.818055208284106925e+02
4.707960297806214876e-05	2.726889836647706602e+02
4.819587753347830529e-05	2.638770290756420991e+02
4.933859256243794785e-05	2.553593172634752477e+02
5.050837324503263721e-05	2.471258625861064502e+02
5.170585949863110153e-05	2.391670213136051757e+02
5.293170632343638317e-05	2.314734799105721663e+02
5.418658415606967974e-05	2.240362433838234324e+02
5.547117923136499055e-05	2.168466248218358601e+02
5.678619395256159330e-05	2.098962345516604557e+02
5.813234727008540767e-05	2.031769697324278070e+02
5.951037506911632682e-05	1.966810047342558789e+02
6.092103056614044072e-05	1.904007816542738567e+02
6.236508471469233645e-05	1.843290007776358266e+02
6.384332662049629307e-05	1.784586122294242898e+02
6.535656396621995865e-05	1.727828068158073620e+02
6.690562344605881370e-05	1.672950081196650274e+02
6.849135121037525445e-05	1.619888643913661497e+02
7.011461332061830480e-05	1.568582408553528751e+02
7.177629621475952013e-05	1.518972122329458898e+02
7.347730718348107306e-05	1.471000554887452552e+02
7.521857485736023789e-05	1.424612430579685736e+02
7.700104970529840671e-05	1.379754358988645322e+02
7.882570454444861176e-05	1.336374771920651199e+02
8.069353506190135572e-05	1.294423860603329217e+02
8.260556034839259089e-05	1.253853514361455410e+02
8.456282344430602227e-05	1.214617263398671980e+02
8.656639189824547455e-05	1.176670221622798067e+02
8.861735833845974398e-05	1.139969032850580390e+02
9.071684105740906480e-05	1.104471817861259382e+02
9.286598460976721225e-05	1.070138125083833813e+02
9.506596042416155844e-05	1.036928878710103987e+02
9.731796742895620260e-05	1.004806335132821005e+02
9.962323269239519656e-05	9.737340339382998877e+01
1.019830120774245123e-04	9.436767563269548020e+01
1.043985909115206551e-04	9.146004812441859144e+01
1.068712846718606696e-04	8.864723448743870904e+01
1.094024396861753069e-04	8.592606004700436984e+01
1.119934338496334072e-04	8.329345807565836424e+01
1.146456773581131053e-04	8.074646603656594834e+01
1.173606134582252459e-04	7.828222201154679283e+01
1.201397192144579643e-04	7.589796135272851529e+01
1.229845062938227844e-04	7.359101318541775072e+01
1.258965217683877345e-04	7.135879731954827321e+01
1.288773489360933505e-04	6.919882115277690104e+01
1.319286081602543488e-04	6.710867656072849741e+01
1.350519577281564297e-04	6.508603713571510241e+01
1.382490947291708616e-04	6.312865529529519648e+01
1.415217559528131536e-04	6.123435958567468873e+01
1.448717188071830218e-04	5.940105224631108172e+01
1.483008022582326378e-04	5.762670638695801983e+01
1.518108677903173321e-04	5.590936383366908302e+01
1.554038203884934967e-04	5.424713265440063026e+01
1.590816095430379958e-04	5.263818492292961793e+01
1.628462302766697952e-04	5.108075450571574549e+01
1.666997241949709702e-04	4.957313500179408550e+01
1.706441805605059877e-04	4.811367765012476383e+01
1.746817373911546103e-04	4.670078938858294748e+01
1.788145825831801968e-04	4.533293094827859449e+01
1.830449550595669858e-04	4.400861499071446303e+01
1.873751459441722349e-04	4.272640443945322630e+01
1.918074997622428216e-04	4.148491058562033373e+01
1.963444156678685495e-04	4.028279158169474528e+01
2.009883486989433711e-04	3.911875073485298770e+01
2.057418118506189114e-04	3.799153516448767931e+01
2.106073743097243000e-04	3.689993414291616602e+01
2.155876672935829331e-04	3.584277759259989438e+01
2.206853824966154140e-04	3.481893483318971505e+01
2.259032742055196001e-04	3.382731323423504932e+01
2.312441607320395187e-04	3.286685688169634290e+01
2.367109258776013963e-04	3.193654535177438802e+01
2.423065204304876256e-04	3.103539245224748910e+01
2.480339636962339668e-04	3.016244509653452610e+01
2.538963450619434112e-04	2.931678221306459164e+01
2.598968255952292458e-04	2.849751355907301331e+01
2.660386396785030549e-04	2.770377875646934740e+01
2.723250966793498208e-04	2.693474625379845477e+01
2.787595826577334273e-04	2.618961233383132026e+01
2.853455621107963314e-04	2.546760017412535149e+01
2.920865797560291493e-04	2.476795894022239253e+01
2.989862623535985355e-04	2.408996288792198470e+01
3.060483205686378321e-04	2.343291052520115159e+01
3.132765508743184111e-04	2.279612378299786357e+01
3.206748374965289546e-04	2.217894724984360977e+01
3.282471544010169724e-04	2.158074732771731519e+01
3.359975673238454422e-04	2.100091158105962208e+01
3.439302358460447290e-04	2.043884795408740729e+01
3.520494155133473114e-04	1.989398411888605267e+01
3.603594600019122498e-04	1.936576679589499150e+01
3.688648233309601556e-04	1.885366109581156380e+01
3.775700621232480928e-04	1.835714992046582950e+01
3.864798379143455039e-04	1.787573333644417417e+01
3.955989195116668298e-04	1.740892801888853469e+01
4.049321854042486945e-04	1.695626665782426201e+01
4.144846262242665724e-04	1.651729746781538566e+01
4.242613472613020664e-04	1.609158359457100573e+01
4.342675710303938764e-04	1.567870267644953408e+01
4.445086398949081455e-04	1.527824631344138240e+01
4.549900187452982341e-04	1.488981961351922045e+01
4.657172977348212131e-04	1.451304073048170373e+01
4.766961950733081786e-04	1.414754042053996841e+01
4.879325598800911853e-04	1.379296163169241574e+01
4.994323750972144227e-04	1.344895908027373821e+01
5.112017604640684259e-04	1.311519885185484569e+01
5.232469755545943527e-04	1.279135801961936103e+01
5.355744236930486688e-04	1.247712428016322761e+01
5.481906519462981025e-04	1.217219566230235550e+01
5.611023589959482664e-04	1.187627999594827699e+01
5.743163954197695814e-04	1.158909475609077333e+01
5.878397677963557305e-04	1.131036668471477924e+01
6.016796421429364099e-04	1.103983146689968642e+01
6.158433474242790487e-04	1.077723343846457205e+01
6.303383791339802139e-04	1.052232529591390175e+01
6.451724029494271435e-04	1.027486781245277925e+01
6.603532584617394490e-04	1.003462957451879412e+01
6.758889629820185934e-04	9.801386711625170278e+00
6.917877154252380627e-04	9.574922643208685358e+00
7.080579002731251462e-04	9.355027840371148429e+00
7.247080916174084442e-04	9.141499589726217678e+00
7.417470572847867892e-04	8.934141750840934648e+00
7.591837630450374999e-04	8.732764558354876527e+00
7.770273769036486035e-04	8.537184386617095555e+00
7.952872734803947876e-04	8.347223560662555997e+00
8.139730384752861701e-04	8.162710146687420121e+00
8.330944732233237435e-04	7.983477763862746102e+00
8.526615993395176858e-04	7.809365397123905872e+00
8.726846634556091175e-04	7.640217220002795351e+00
8.931741420499842397e-04	7.475882417668558766e+00
9.141407463722426826e-04	7.316215020029931182e+00
9.355954274639056382e-04	7.161073742004993470e+00
9.575493812767596523e-04	7.010321822694796090e+00
9.800140538903255507e-04	6.863826877828454798e+00
1.003001146829969300e-03	6.721460748425490017e+00
1.026522622487134953e-03	6.583099367780579136e+00
1.050590709643244676e-03	6.448622613754580790e+00
1.075217909098754015e-03	6.317914183190264765e+00
1.100416999408883236e-03	6.190861462933149539e+00
1.126201042727548564e-03	6.067355400043446423e+00
1.152583390760993434e-03	5.947290419504834169e+00
1.179577690832649345e-03	5.830564224392385420e+00
1.207197892060710371e-03	5.717077768083049349e+00
1.235458251649953956e-03	5.606735125344772364e+00
1.264373341299284900e-03	5.499443344265776190e+00
1.293958053726500896e-03	5.395112415819735219e+00
1.324227609311757819e-03	5.293655106204767868e+00
1.355197562861201700e-03	5.194986910936469471e+00
1.386883811305043325e-03	5.099025935905299178e+00
1.419302597539596469e-03	5.005692844803287578e+00
1.452470522190152640e-03	4.914910727558780223e+00
1.486404547857887726e-03	4.826605035924512066e+00
1.521122007241143418e-03	4.740703515126973855e+00
1.556640610650077573e-03	4.657136126021874212e+00
1.592978453651291548e-03	4.575834931837524877e+00
1.630154024843749215e-03	4.496734087412566971e+00
1.668186213767276554e-03	4.419769721986282818e+00
1.707094318944847025e-03	4.344879891129433069e+00
1.746898056059916242e-03	4.272004497606445739e+00
1.787617566269941553e-03	4.201085243933884605e+00
1.829273424657220813e-03	4.132065560335218102e+00
1.871886648818142131e-03	4.064890556039682856e+00
1.915478707591874823e-03	3.999506927049448102e+00
1.960071529929501184e-03	3.935862969828283653e+00
2.005687513904481391e-03	3.873908450798501768e+00
2.052349535865380468e-03	3.813594591904269748e+00
2.100080959731614322e-03	3.754874033890843066e+00
2.148905646432994806e-03	3.697700752316175343e+00
2.198847963493730413e-03	3.642030039773861638e+00
2.249932794761481513e-03	3.587818436648285036e+00
2.302185550282017431e-03	3.535023709858659213e+00
2.355632176319862221e-03	3.483604797015769972e+00
2.410299165525337222e-03	3.433521747251781164e+00
2.466213567248235448e-03	3.384735736111927462e+00
2.523402997998268338e-03	3.337208968861512748e+00
2.581895652052392832e-03	3.290904671571668771e+00
2.641720312208916885e-03	3.245787050793314865e+00
2.702906360688283206e-03	3.201821272980197808e+00
2.765483790180176503e-03	3.158973359171467266e+00
2.829483215036632856e-03	3.117210296322436403e+00
2.894935882610559681e-03	3.076499863339200669e+00
2.961873684739020542e-03	3.036810668578728389e+00
3.030329169370468180e-03	2.998112116615701428e+00
3.100335552334970799e-03	2.960374371658234693e+00
3.171926729256312714e-03	2.923568332940803316e+00
3.245137287604669615e-03	2.887665611723413406e+00
3.320002518888458525e-03	2.852638504926320095e+00
3.396558430983697124e-03	2.818459972246890377e+00
3.474841760599077858e-03	2.785103611147242031e+00
3.554889986672443714e-03	2.752543642746582808e+00
3.636741339993637169e-03	2.720754887979579539e+00
3.720434820608107401e-03	2.689712741044967270e+00
3.806010207846806902e-03	2.659393158318964723e+00
3.893508074157423643e-03	2.629772641010833745e+00
3.982969798334554980e-03	2.600828219137098163e+00
4.074437578867125438e-03	2.572537428684769090e+00
4.167954447399505220e-03	2.544878306022407166e+00
4.263564282302513032e-03	2.517829367575614263e+00
4.361311822350204086e-03	2.491369600536615270e+00
4.461242680498122941e-03	2.465478448161208203e+00
4.563403357758269788e-03	2.440135801119816428e+00
4.667841257165976712e-03	2.415321983739826539e+00
4.774604697833325848e-03	2.391017747447261588e+00
4.883742929083624215e-03	2.367204260336342347e+00
4.995306144660988622e-03	2.343863099036448183e+00
5.109345497008880611e-03	2.320976241851945066e+00
5.225913111610989113e-03	2.298526062388419167e+00
5.345062101387513219e-03	2.276495322297318769e+00
5.466846581139635577e-03	2.254867168689052903e+00
5.591321682034472960e-03	2.233625126777743830e+00
5.718543566122454014e-03	2.212753097141118896e+00
5.848569440878713388e-03	2.192235353285310495e+00
5.981457573759626535e-03	2.172056538060513908e+00
6.117267306765249504e-03	2.152201661354250728e+00
6.256059070997905917e-03	2.132656098957229407e+00
6.397894401206877073e-03	2.113405591553652041e+00
6.542835950308544847e-03	2.094436243792628272e+00
6.690947503870983172e-03	2.075734523086352645e+00
6.842293994551469118e-03	2.057287262271962014e+00
6.996941516474926639e-03	2.039081657023995575e+00
7.154957339540839872e-03	2.021105268874400007e+00
7.316409923645673247e-03	2.003346024772581391e+00
7.481368932807206870e-03	1.985792219722016805e+00
7.649905249176944949e-03	1.968432516652466990e+00
7.822090986925926692e-03	1.951255948700673759e+00
7.997999505988950819e-03	1.934251923277342300e+00
8.177705425651536977e-03	1.917410210806294257e+00
8.361284637963491140e-03	1.900720972739417869e+00
8.548814320962392146e-03	1.884174735860881134e+00
8.740372951689509909e-03	1.867762405464280073e+00
8.936040319756989245e-03	1.851475269361123832e+00
9.135897536870114799e-03	1.835304995644893689e+00
9.340027053534351309e-03	1.819243632777485908e+00
9.548512668179832963e-03	1.803283606533896188e+00
9.761439539562700302e-03	1.787417729216307816e+00
9.978894198140488697e-03	1.771639194812632434e+00
1.020096455710242656e-02	1.755941578798602132e+00
1.042773992292209823e-02	1.740318833929724418e+00
1.065931100594880686e-02	1.724765294299601681e+00
1.089576992993970816e-02	1.709275679023883221e+00
1.113721024163124435e-02	1.693845051758612330e+00
1.138372691998327385e-02	1.678468892660053280e+00
1.163541638348143670e-02	1.663143020927744686e+00
1.189237650012333128e-02	1.647863629979483102e+00
1.215470659243709541e-02	1.632627261944092689e+00
1.242250744693290491e-02	1.617430838930525194e+00
1.269588131758160945e-02	1.602271606962008210e+00
1.297493193445505011e-02	1.587147164006014854e+00
1.325976450550727520e-02	1.572055448442801984e+00
1.355048572433826051e-02	1.556994725883063424e+00
1.384720377061657293e-02	1.541963570860350963e+00
1.415002831436455374e-02	1.526960891976854251e+00
1.445907051948336873e-02	1.511985879775014308e+00
1.477444304213079360e-02	1.497038032241652328e+00
1.509626003268508751e-02	1.482117125497066423e+00
1.542463713684087516e-02	1.467223208943525092e+00
1.575969149124050589e-02	1.452356589378090757e+00
1.610154172282636520e-02	1.437517834789702631e+00
1.645030794720340681e-02	1.422707742766487815e+00
1.680611176124477413e-02	1.407927344165334160e+00
1.716907623952356604e-02	1.393177878106804712e+00
1.753932592961685022e-02	1.378460786489737133e+00
1.791698684141737608e-02	1.363777711262776027e+00
1.830218644031877603e-02	1.349130453343041491e+00
1.869505363911009438e-02	1.334520988979530864e+00
1.909571878375017351e-02	1.319951440758173611e+00
1.950431364296137740e-02	1.305424068212686528e+00
1.992097139633388497e-02	1.290941253628289820e+00
2.034582661636069253e-02	1.276505492173823919e+00
2.077901525406824004e-02	1.262119375993668191e+00
2.122067462293297443e-02	1.247785574554602706e+00
2.167094338009976223e-02	1.233506840973543461e+00
2.212996149564623247e-02	1.219285988878816784e+00
2.259787024945320022e-02	1.205125865439816257e+00
2.307481219352847113e-02	1.191029359278544364e+00
2.356093113308155296e-02	1.176999385290493416e+00
2.405637209709860641e-02	1.163038869315978552e+00
2.456128131264533401e-02	1.149150737653215737e+00
2.507580617350406785e-02	1.135337905425888083e+00
2.560009520953993034e-02	1.121603269383109946e+00
2.613429805307487808e-02	1.107949696784329641e+00
2.667856540426721476e-02	1.094380017463160382e+00
2.723304899479367380e-02	1.080897010042977335e+00
2.779790154755032439e-02	1.067503399515776552e+00
2.837327673945263043e-02	1.054201845937329240e+00
2.895932915555250037e-02	1.040994937863527703e+00
2.955621424898916688e-02	1.027885186020466302e+00
3.016408829073963585e-02	1.014875015053934959e+00
3.078310832637071517e-02	1.001966758482569553e+00
3.141343212195559648e-02	9.891626562452138227e-01
3.205521811421325334e-02	9.764648439536383062e-01
3.270862535867875148e-02	9.638753521688379067e-01
3.337381346934119308e-02	9.513961023497076175e-01
3.405094256653055235e-02	9.390289012442241123e-01
3.474017321200777164e-02	9.267754415166492565e-01
3.544166634953204581e-02	9.146372943917047138e-01
3.615558324342873359e-02	9.026159100261319512e-01
3.688208540811064445e-02	8.907126173703313610e-01
3.762133454280165018e-02	8.789286188030852598e-01
3.837349246433899991e-02	8.672649907812184367e-01
3.913872103092307791e-02	8.557226844405636523e-01
3.991718207220753406e-02	8.443025181722844108e-01
4.070903732014963250e-02	8.330051002334974974e-01
4.151444834291556640e-02	8.218309041372963142e-01
4.233357658109734162e-02	8.107810129839234659e-01
4.316658167871476048e-02	7.998560714791219661e-01
4.401362500865416832e-02	7.890548313002322400e-01
4.487486797213462858e-02	7.783771603943741013e-01
4.575046839395321974e-02	7.678243786243180713e-01
4.664058516636799406e-02	7.573962518469857796e-01
4.754537622187748197e-02	7.470920298374427171e-01
4.846499859107103458e-02	7.369114044206549474e-01
4.939960832228725701e-02	7.268538833669934141e-01
5.034936039252999040e-02	7.169188047715882028e-01
5.131440875548509001e-02	7.071055120097449187e-01
5.229490566041380961e-02	6.974132995858906003e-01
5.329100243451926483e-02	6.878411627305153209e-01
5.430284878093129958e-02	6.783880480442938676e-01
5.533059283044607091e-02	6.690529007581833554e-01
5.637438103265475509e-02	6.598345338121363035e-01
5.743435805218513601e-02	6.507316758585193206e-01
5.851066665936584255e-02	6.417429741456538439e-01
5.960344762189644097e-02	6.328669988059333340e-01
6.071283959357210575e-02	6.241022473171869978e-01
6.183897900567550399e-02	6.154471467612351310e-01
6.298199995445832866e-02	6.069000603528227344e-01
6.414203408653165739e-02	5.984592895545990388e-01
6.531921049012570646e-02	5.901230795692781195e-01
6.651365557629594638e-02	5.818896227438876689e-01
6.772549297039857918e-02	5.737570635549879006e-01
6.895484339256205408e-02	5.657235027634283098e-01
7.020182454534475147e-02	5.577870028881950493e-01
7.146655100131121818e-02	5.499455902619871939e-01
7.274913408360839107e-02	5.421972628146950468e-01
7.404968175380632900e-02	5.345399925428251375e-01
7.536829849999603093e-02	5.269717306125920597e-01
7.670508521789448642e-02	5.194904137476660244e-01
7.806013909998792133e-02	5.120939667288332275e-01
7.943355352532217861e-02	5.047803081871841124e-01
8.082541794235179045e-02	4.975473567958235699e-01
8.223581776070888749e-02	4.903930351292553058e-01
8.366483424418814929e-02	4.833152753265460566e-01
8.511254439742332867e-02	4.763120194999648227e-01
8.657902086399360542e-02	4.693812434370912556e-01
8.806433183312431523e-02	4.625207848699629531e-01
8.956854098341796022e-02	4.557285031646714502e-01
9.109170826237827923e-02	4.490035621907804142e-01
9.263388199202743367e-02	4.423436868806807643e-01
9.419512005429676871e-02	4.357453061431285080e-01
9.577546211120976927e-02	4.292078060164740139e-01
9.737494786522532531e-02	4.227300150663857448e-01
9.899361163332641433e-02	4.163095857778761344e-01
1.006314817613080115e-01	4.099450379917224385e-01
1.022885819562956572e-01	4.036347261862561209e-01
1.039649302426572386e-01	3.973771136859678976e-01
1.056605391346255446e-01	3.911708120425271273e-01
1.073754155708775970e-01	3.850144686847361553e-01
1.091095608307086628e-01	3.789068178092434014e-01
1.108629704672124128e-01	3.728466771158425730e-01
1.126356342351990392e-01	3.668329544789103447e-01
1.144275360310530870e-01	3.608646490182266242e-01
1.162386538295477056e-01	3.549408537511895001e-01
1.180689596282671616e-01	3.490607579640122582e-01
1.199184193942645360e-01	3.432236481088460911e-01
1.217869930156718489e-01	3.374289095886029433e-01
1.236746342574641250e-01	3.316760274200363789e-01
1.255812907188245675e-01	3.259645863677287370e-01
1.275069038008113942e-01	3.202942711348890081e-01
1.294514086701106792e-01	3.146648660771202977e-01
1.314147342366369653e-01	3.090762503487360369e-01
1.333968031255796105e-01	3.035284055146511006e-01
1.353975316649146110e-01	2.980214036873896077e-01
1.374168298659261267e-01	2.925554107117455116e-01
1.394546014209611662e-01	2.871306808454875958e-01
1.415107436935006124e-01	2.817475562976956005e-01
1.435851477216864014e-01	2.764064583899191185e-01
1.456776982267160014e-01	2.711078903466528911e-01
1.477882736179541578e-01	2.658524324621412416e-01
1.499167459666477520e-01	2.606407243402580343e-01
1.520629811993542135e-01	2.554734639497690529e-01
1.542268388723118944e-01	2.503514234434830454e-01
1.564081723621002507e-01	2.452754252420607239e-01
1.586068288656551084e-01	2.402463278490955811e-01
1.608226494342694657e-01	2.352650373671357487e-01
1.630554690215967883e-01	2.303324848159409854e-01
1.653051165363913222e-01	2.254496393972139356e-01
1.675714148908638013e-01	2.206174842235761047e-01
1.698541810632260007e-01	2.158370193668069370e-01
1.721532261647285844e-01	2.111092462761064992e-01
1.744683555021344923e-01	2.064351790093940653e-01
1.767993686543033183e-01	2.018158137059249957e-01
1.791460595529139055e-01	1.972521466870020002e-01
1.815082165587073859e-01	1.927451520858814715e-01
1.838856225513941511e-01	1.882957783192625856e-01
1.862780550232360777e-01	1.839049518766789348e-01
1.886852861716850627e-01	1.795735623698464511e-01
1.911070829897086598e-01	1.753024625788274782e-01
1.935432073887224103e-01	1.710924628170915895e-01
1.959934162888444520e-01	1.669443256235247641e-01
1.984574617385899686e-01	1.628587642556900417e-01
2.009350910239032784e-01	1.588364389551796818e-01
2.034260467907701708e-01	1.548779527957770685e-01
2.059300671637693814e-01	1.509838490410154721e-01
2.084468858720360251e-01	1.471546115034630675e-01
2.109762323765189684e-01	1.433906599662665704e-01
2.135178320011954789e-01	1.396923500794055584e-01
2.160714060671407311e-01	1.360599729743444397e-01
2.186366720264868724e-01	1.324937537326846826e-01
2.212133436053008717e-01	1.289938526205636760e-01
2.238011309399842164e-01	1.255603614075115060e-01
2.263997407258917238e-01	1.221933092727173209e-01
2.290088763572511454e-01	1.188926594169418816e-01
2.316282380805544938e-01	1.156583124152347486e-01
2.342575231381627821e-01	1.124901056779363806e-01
2.368964259215006751e-01	1.093878155388626067e-01
2.395446381256843005e-01	1.063511614978785158e-01
2.422018488969128192e-01	1.033798033562796648e-01
2.448677449942468776e-01	1.004733468023321086e-01
2.475420109383282274e-01	9.763134606012054129e-02
2.502243291705849582e-01	9.485330539799648186e-02
2.529143801633418898e-01	9.213867888551600938e-02
2.556118427602583343e-01	8.948687189391811569e-02
2.583163940647725809e-01	8.689725396529388024e-02
2.610277097755223652e-01	8.436915285603548142e-02
2.637454642954280559e-01	8.190185660850746174e-02
2.664693308924316328e-01	7.949461908706945135e-02
2.691989818597940731e-01	7.714666198585286294e-02
2.719340886661210099e-01	7.485717465834218487e-02
2.746743221158174930e-01	7.262532823324761855e-02
2.774193525021846352e-01	7.045026040728202821e-02
2.801688497656615873e-01	6.833108976540649970e-02
2.829224836409541810e-01	6.626691560298648975e-02
2.856799238122668116e-01	6.425681986967705928e-02
2.884408400668037054e-01	6.229986957622328514e-02
2.912049024380827245e-01	6.039511916701244959e-02
2.939717813567697680e-01	5.854161237298818182e-02
2.967411477991824809e-01	5.673838427723952582e-02
2.995126734284409009e-01	5.498446351805063442e-02
3.022860307309658823e-01	5.327887395201170995e-02
3.050608931685806491e-01	5.162063619173817147e-02
3.078369353108078577e-01	5.000876944642824312e-02
3.106138329678014842e-01	4.844229321801622745e-02
3.133912633290045213e-01	4.692022857997773383e-02
3.161689050896836495e-01	4.544159957562489416e-02
3.189464385832229132e-01	4.400543455657272840e-02
3.217235459050429291e-01	4.261076729124367579e-02
3.244999110367436934e-01	4.125663819800152315e-02
3.272752199650492688e-01	3.994209534395015693e-02
3.300491608023023993e-01	3.866619521427238498e-02
3.328214239004089192e-01	3.742800390421904128e-02
3.355917019602703277e-01	3.622659761367263975e-02
3.383596901460441120e-01	3.506106357552646324e-02
3.411250861858605710e-01	3.393050064095661650e-02
3.438875904771722669e-01	3.283401983427573778e-02
3.466469061890647407e-01	3.177074497259799873e-02
3.494027393531814463e-01	3.073981307861025150e-02
3.521547989643782350e-01	2.974037478852422159e-02
3.549027970646342345e-01	2.877159476573593402e-02
3.576464488331563829e-01	2.783265195714904397e-02
3.603854726733048408e-01	2.692273996424103533e-02
3.631195902873828874e-01	2.604106774492552859e-02
3.658485267103898653e-01	2.518685832238557257e-02
3.685720105659803236e-01	2.435934925715553187e-02
3.712897738741027243e-01	2.355779501899472536e-02
3.740015522870357989e-01	2.278146516420546247e-02
3.767070851172533152e-01	2.202964376249498188e-02
3.794061153921538532e-01	2.130163069405929463e-02
3.820983899155160901e-01	2.059674116778753908e-02
3.847836593256399040e-01	1.991430568273775542e-02
3.874616781402833721e-01	1.925367006128787112e-02
3.901322048086977579e-01	1.861419527025883966e-02
3.927950017602936383e-01	1.799525731562401018e-02
3.954498354401373983e-01	1.739624722312401589e-02
3.980964763517350069e-01	1.681657081795650752e-02
4.007346990963461253e-01	1.625564851474865444e-02
4.033642823995580717e-01	1.571291532672066532e-02
4.059850091450047938e-01	1.518782051732283679e-02
4.085966664044990981e-01	1.467982745209283658e-02
4.111990454595063627e-01	1.418841349381110874e-02
4.137919418136526972e-01	1.371306972541502106e-02
4.163751552319409077e-01	1.325330063964729951e-02
4.189484897390375884e-01	1.280862406971121532e-02
4.215117536420323052e-01	1.237857089803749873e-02
4.240647595351281218e-01	1.196268481432596897e-02
4.266073243126995984e-01	1.156052208614158708e-02
4.291392691717079155e-01	1.117165133298822326e-02
4.316604196161311080e-01	1.079565325921263801e-02
4.341706054570283468e-01	1.043212042260696290e-02
4.366696608112711209e-01	1.008065698961913698e-02
4.391574240979767563e-01	9.740878480627294597e-03
4.416337380297516435e-01	9.412411524860426690e-03
4.440984496084687261e-01	9.094893615978585574e-03
4.465514101095751087e-01	8.787972864747722879e-03
4.489924750748612303e-01	8.491307756022987291e-03
4.514215042918664489e-01	8.204566883312844686e-03
4.538383617835194395e-01	7.927428744124033477e-03
4.562429157828001847e-01	7.659581463399259445e-03
4.586350387195837208e-01	7.400722574242786338e-03
4.610146071917725075e-01	7.150558787138531873e-03
4.633815019443617289e-01	6.908805721790286028e-03
4.657356078469081506e-01	6.675187718699425454e-03
4.680768138602450223e-01	6.449437782724296540e-03
4.704050129667628477e-01	6.231296869718593902e-03
4.727201023121275214e-01	6.020513831585363844e-03
4.750219829242097180e-01	5.816845796930875633e-03
4.773105598395703253e-01	5.620057418959718831e-03
4.795857420347921507e-01	5.429920532251817679e-03
4.818474423842323828e-01	5.246214264155656462e-03
4.840955776268195954e-01	5.068724732902715226e-03
4.863300683316044704e-01	4.897244833164931394e-03
4.885508388519269052e-01	4.731574085093788462e-03
4.907578172890961210e-01	4.571518399644113051e-03
4.929509354548760047e-01	4.416889910011879451e-03
4.951301288227001329e-01	4.267506809769975804e-03
4.972953364886643635e-01	4.123193149217036120e-03
4.994465011312837488e-01	3.983778666385394233e-03
5.015835689604704051e-01	3.849098634735599600e-03
5.037064896761860311e-01	3.718993684480967864e-03
5.058152164257613270e-01	3.593309635713564515e-03
5.079097057513912716e-01	3.471897356607431782e-03
5.099899175501333426e-01	3.354612599717600539e-03
5.120558150158175392e-01	3.241315879770128531e-03
5.141073646043827772e-01	3.131872268820337906e-03
5.161445359798361165e-01	3.026151303506835477e-03
5.181673019625162580e-01	2.924026841867190685e-03
5.201756384852046500e-01	2.825376911191408453e-03
5.221695245406022812e-01	2.730083598373047194e-03
5.241489421331492204e-01	2.638032899727730043e-03
5.261138762286196036e-01	2.549114620504938991e-03
5.280643147045950281e-01	2.463222235139737697e-03
5.300002483007779652e-01	2.380252779456643129e-03
5.319216705661798938e-01	2.300106742277163024e-03
5.338285778130996695e-01	2.222687942712422982e-03
5.357209690615520881e-01	2.147903437108875189e-03
5.375988459943681352e-01	2.075663398609470679e-03
5.394622129007325961e-01	2.005881032048000261e-03
5.413110766323253609e-01	1.938472461856621419e-03
5.431454465467093762e-01	1.873356653371049171e-03
5.449653344602024552e-01	1.810455306052042310e-03
5.467707545998933272e-01	1.749692766385304568e-03
5.485617235477273645e-01	1.690995945948178987e-03
5.503382601979346367e-01	1.634294225926229008e-03
5.521003857008363047e-01	1.579519406533618549e-03
5.538481234160631539e-01	1.526605646045976587e-03
5.555814988177069091e-01	1.475489250755615241e-03
5.573005396265898748e-01	1.426108642274072618e-03
5.590052754946880365e-01	1.378404501454542127e-03
5.606957381340424984e-01	1.332319497747745359e-03
5.623719612193294193e-01	1.287798194472936607e-03
5.640339803440705957e-01	1.244787073646856212e-03
5.656818329771567955e-01	1.203234444327101662e-03
5.673155584080894487e-01	1.163090387812841823e-03
5.689351977055998599e-01	1.124306693157306339e-03
5.705407936695869875e-01	1.086836797046925951e-03
5.721323907889943605e-01	1.050635730362430324e-03
5.737100351902141293e-01	1.015660069708220576e-03
5.752737745960811999e-01	9.818678762629322061e-04
5.768236582837918958e-01	9.492186508795557014e-04
5.783597370348527722e-01	9.176732865277918705e-04
5.798820630954036881e-01	8.871940166557487238e-04
5.813906901352766665e-01	8.577443685826721068e-04
5.828856732023770526e-01	8.292891269799680795e-04
5.843670686753941190e-01	8.017942910535986361e-04
5.858349342347752842e-01	7.752270213173615820e-04
5.872893288118528066e-01	7.495556064917567205e-04
5.887303125538861925e-01	7.247494288185611817e-04
5.901579467809728863e-01	7.007789253221744516e-04
5.915722939457598306e-01	6.776155492807157564e-04
5.929734175984511246e-01	6.552317344261861416e-04
5.943613823439015675e-01	6.336008644819943495e-04
5.957362538100803295e-01	6.126972387081913891e-04
5.970980986021907633e-01	5.924960413718249929e-04
5.984469842762549785e-01	5.729733102610522601e-04
5.997829792902313883e-01	5.541059096404652145e-04
6.011061529830037387e-01	5.358714989552630040e-04
6.024165755284394130e-01	5.182485046530543871e-04
6.037143179044274222e-01	5.012161003413559586e-04
6.049994518587965553e-01	4.847541748063432837e-04
6.062720498767586452e-01	4.688433064453151789e-04
6.075321851484196678e-01	4.534647448230759849e-04
6.087799315352828700e-01	4.386003830338137412e-04
6.100153635360835436e-01	4.242327408575125177e-04
6.112385562624081947e-01	4.103449312878852825e-04
6.124495854026897890e-01	3.969206569736439855e-04
6.136485271916523043e-01	3.839441993444043144e-04
6.148354583394259887e-01	3.714003442833819970e-04
6.160104561761461373e-01	3.592743828170403587e-04
6.171735983665108671e-01	3.475521699769745483e-04
6.183249630515437190e-01	3.362200337283526605e-04
6.194646287784872918e-01	3.252647490823696143e-04
6.205926744703286202e-01	3.146735562757632058e-04
6.217091794072562294e-01	3.044341324274071133e-04
6.228142231970433818e-01	2.945345782522661073e-04
6.239078857455250260e-01	2.849634041843439282e-04
6.249902472404821330e-01	2.757095130201785431e-04
6.260613881234038391e-01	2.667621891612221457e-04
6.271213890610549679e-01	2.581110852110670936e-04
6.281703309315831429e-01	2.497462066423116237e-04
6.292082947971245899e-01	2.416579021282476945e-04
6.302353618776271871e-01	2.338368520827552267e-04
6.312516135380009663e-01	2.262740542675053884e-04
6.322571312612417227e-01	2.189608153922467009e-04
6.332519966282514901e-01	2.118887396842204242e-04
6.342362912991340584e-01	2.050497188955011064e-04
6.352100969891746329e-01	1.984359228845766006e-04
6.361734954575601897e-01	1.920397860668198397e-04
6.371265684834628296e-01	1.858540025262374383e-04
6.380693978480155293e-01	1.798715172023317296e-04
6.390020653159452779e-01	1.740855147932784920e-04
6.399246526195153661e-01	1.684894122425064809e-04
6.408372414450496102e-01	1.630768505690052925e-04
6.417399134046612996e-01	1.578416895272413841e-04
6.426327500347684962e-01	1.527779956459291647e-04
6.435158327717965809e-01	1.478800386945118420e-04
6.443892429370794428e-01	1.431422831191569631e-04
6.452530617264449209e-01	1.385593816011375021e-04
6.461073701906810962e-01	1.341261692550622866e-04
6.469522492237477218e-01	1.298376550795035786e-04
6.477877795557874796e-01	1.256890187770226975e-04
6.486140417195132013e-01	1.216756037627948354e-04
6.494311160650844128e-01	1.177929109176088801e-04
6.502390827288736519e-01	1.140365977842489444e-04
6.510380215965175799e-01	1.104024632712103927e-04
6.518280123981246010e-01	1.068864415921093753e-04
6.526091345501093821e-01	1.034846191231533394e-04
6.533814672305722215e-01	1.001932130170018863e-04
6.541450893581857162e-01	9.700856027374551950e-05
6.549000795732928815e-01	9.392712610741769117e-05
6.556465162245237455e-01	9.094549490413621770e-05
6.563844773713665148e-01	8.806036473072650385e-05
6.571140407665454486e-01	8.526854668029419757e-05
6.578352838416758885e-01	8.256695991524389921e-05
6.585482837108713738e-01	7.995262416498000527e-05
6.592531171640497734e-01	7.742266190410654889e-05
6.599498606298335179e-01	7.497429434530805984e-05
6.606385902064969562e-01	7.260483129540867429e-05
6.613193816401141678e-01	7.031167582676566940e-05
6.619923102928143566e-01	6.809231976132241234e-05
6.626574511765979114e-01	6.594433534909361835e-05
6.633148789282329316e-01	6.386537794236755972e-05
6.639646677821735565e-01	6.185318334675474921e-05
6.646068916033583962e-01	5.990556036379978528e-05
6.652416238552111283e-01	5.802039212573679191e-05
6.658689375958982692e-01	5.619563320315634422e-05
6.664889054886077302e-01	5.442930507466774099e-05
6.671015997747127280e-01	5.271949761990207968e-05
6.677070922805858899e-01	5.106436281287212331e-05
6.683054544184041657e-01	4.946211450701139143e-05
6.688967571682351565e-01	4.791102598611769953e-05
6.694810710866999637e-01	4.640942802385376219e-05
6.700584662926190038e-01	4.495570752466459424e-05
6.706290124665831298e-01	4.354830495586607144e-05
6.711927788517475513e-01	4.218571228081550940e-05
6.717498342441119430e-01	4.086647165113074012e-05
6.723002469910309697e-01	3.958917373644962791e-05
6.728440849923514877e-01	3.835245607155933099e-05
6.733814156898587644e-01	3.715500066734999063e-05
6.739123060782559183e-01	3.599553399057960876e-05
6.744368226777416320e-01	3.487282503853826875e-05
6.749550315627684816e-01	3.378568215637210920e-05
6.754669983374539388e-01	3.273295368143910172e-05
6.759727881386562443e-01	3.171352678678492179e-05
6.764724656435437966e-01	3.072632636111515187e-05
6.769660950314401182e-01	2.977031014018463302e-05
6.774537400760667349e-01	2.884446811469689454e-05
6.779354640308400404e-01	2.794782817200338603e-05
6.784113296719258557e-01	2.707944829845747143e-05
6.788813993635970379e-01	2.623842164341382309e-05
6.793457348319145161e-01	2.542387005096689764e-05
6.798043975533654137e-01	2.463493297867521084e-05
6.802574483845928999e-01	2.387078795470611158e-05
6.807049477450074493e-01	2.313064221924506953e-05
6.811469555671837428e-01	2.241372410458523242e-05
6.815835313103522086e-01	2.171928788246440151e-05
6.820147339655360241e-01	2.104661205045463106e-05
6.824406220353766983e-01	2.039499957272455379e-05
6.828612535484552826e-01	1.976377609258088723e-05
6.832766860615697713e-01	1.915228850728940778e-05
6.836869766512161384e-01	1.855990575044667336e-05
6.840921819156124961e-01	1.798601715141822199e-05
6.844923579835893168e-01	1.743003186729471290e-05
6.848875605055770865e-01	1.689137831713625942e-05
6.852778446553873248e-01	1.636950359327794067e-05
6.856632651432813530e-01	1.586387264279996367e-05
6.860438761914070538e-01	1.537396817037380077e-05
6.864197315670615973e-01	1.489928882466355452e-05
6.867908845598192924e-01	1.443935031413910499e-05
6.871573879856637257e-01	1.399368417534541944e-05
6.875192941991787876e-01	1.356183651985030284e-05
6.878766550875705654e-01	1.314336817087669241e-05
6.882295220714962358e-01	1.273785459369615984e-05
6.885779461086569686e-01	1.234488468355837236e-05
6.889219776950450402e-01	1.196406067677134252e-05
6.892616668643865019e-01	1.159499777153977557e-05
6.895970631935530726e-01	1.123732334903203634e-05
6.899282158005201060e-01	1.089067684543737599e-05
6.902551733532582556e-01	1.055470940873039923e-05
6.905779840531159897e-01	1.022908354714316187e-05
6.908966956659473579e-01	9.913472249797277870e-06
6.912113554988215114e-01	9.607558977614256309e-06
6.915220104124604195e-01	9.311037870668094514e-06
6.918287068223730740e-01	9.023612450410187081e-06
6.921314906987426907e-01	8.744995925707428852e-06
6.924304075757061749e-01	8.474911193862615181e-06
6.927255025226018992e-01	8.213089055038528120e-06
6.930168202314400672e-01	7.959267966289536422e-06
6.933044049070242743e-01	7.713196795700096053e-06
6.935883003359887278e-01	7.474632509277524898e-06
6.938685498730526868e-01	7.243338552521137705e-06
6.941451964518997597e-01	7.019086136507047429e-06
6.944182825769416034e-01	6.801653946286998528e-06
6.946878503271768368e-01	6.590827959634752043e-06
6.949539413676683042e-01	6.386400292537213030e-06
6.952165969427663850e-01	6.188170241642692433e-06
6.954758578776401023e-01	5.995943240024019097e-06
6.957317645917706628e-01	5.809530832721010601e-06
6.959843570920466460e-01	5.628750529748553311e-06
6.962336749727346952e-01	5.453425804651592975e-06
6.964797574312103778e-01	5.283385275253651795e-06
6.967226432603516040e-01	5.118463328875102935e-06
6.969623708471650581e-01	4.958499513784157134e-06
6.971989781909707640e-01	4.803338134332434045e-06
6.974325028937331528e-01	4.652828680725256301e-06
6.976629821607560622e-01	4.506825284411356061e-06
6.978904528171903099e-01	4.365186407309653722e-06
6.981149512979051286e-01	4.227775193919123606e-06
6.983365136540572449e-01	4.094458914266749491e-06
6.985551755590144740e-01	3.965109036502081861e-06
6.987709723029945641e-01	3.839601074221687927e-06
6.989839388075087534e-01	3.717814080363963751e-06
6.991941096200716688e-01	3.599631108700427210e-06
6.994015189187181569e-01	3.484938750751513083e-06
6.996062005150075480e-01	3.373627082456095019e-06
6.998081878561358549e-01	3.265589431070423175e-06
7.000075140337366220e-01	3.160722494002361677e-06
7.002042117717657277e-01	3.058926119561589236e-06
7.003983134481528428e-01	2.960103054644754390e-06
7.005898510848191929e-01	2.864159054184855572e-06
7.007788563538265292e-01	2.771002701213680765e-06
7.009653605826359213e-01	2.680545257587424289e-06
7.011493947530852422e-01	2.592700661090076380e-06
7.013309895052044496e-01	2.507385365305884008e-06
7.015101751467568425e-01	2.424518094828817533e-06
7.016869816443348506e-01	2.344020146689079880e-06
7.018614386326986754e-01	2.265814999203921766e-06
7.020335754220790037e-01	2.189828830046978518e-06
7.022034209621403900e-01	2.115988953538599238e-06
7.023710039587206522e-01	2.044224297873613470e-06
7.025363527257908469e-01	1.974467090818968790e-06
7.026994952745819756e-01	1.906651249274624990e-06
7.028604593107924403e-01	1.840711529792737087e-06
7.030192722234388514e-01	1.776584823518650942e-06
7.031759610854491083e-01	1.714209711235799367e-06
7.033305526688117260e-01	1.653525814425991047e-06
7.034830734523491724e-01	1.594474481562981308e-06
7.036335495845031929e-01	1.536998576935417005e-06
7.037820069377531684e-01	1.481041583677922665e-06
7.039284710920660215e-01	1.426548419316687627e-06
7.040729673077790185e-01	1.373465201615734016e-06
7.042155205791391648e-01	1.321738420214410100e-06
7.043561556129809276e-01	1.271315616323570513e-06
7.044948968048901916e-01	1.222145164358020341e-06
7.046317682949061467e-01	1.174175397389857847e-06
7.047667939409798521e-01	1.127355205223438637e-06
7.048999973013371223e-01	1.081633850253748752e-06
7.050314016845034004e-01	1.036960046728508577e-06
7.051610301171028494e-01	9.932823153514936769e-07
7.052889053518636153e-01	9.505486020820665434e-07
7.054150498885007892e-01	9.087057157404548772e-07
7.055394859455949019e-01	8.676991237184954486e-07
7.056622354934443120e-01	8.274722578300275619e-07
7.057833202355355828e-01	7.879658990740069435e-07
7.059027616237000258e-01	7.491173434521183118e-07
7.060205808553740026e-01	7.108594030886490445e-07
7.061367988757121239e-01	6.731190267542856408e-07
7.062514363791014826e-01	6.358153227144984526e-07
7.063645138169476478e-01	5.988571255417878995e-07
7.064760514006296344e-01	5.621395675577857482e-07
7.065860690876566430e-01	5.255391764511261561e-07
7.066945866092478878e-01	4.889063543976759974e-07
7.068016234522073171e-01	4.515531968921792639e-07
7.069071988800732509e-01	4.142549075896692980e-07
7.070113319072240943e-01	3.761687059277289029e-07
7.071140413363763422e-01	3.368285480392921706e-07
7.072153457353832495e-01	2.955212602565290697e-07
7.073152634448520715e-01	2.510408057234177648e-07
7.074138125918350006e-01	2.010247935540714935e-07
7.075110110540545616e-01	1.393391415295998955e-07
7.076068765553147344e-01	0.000000000000000000e+00
