# Data associated with arXiv:2208.14002
# 
# Scale-free J-factor angular distribution, J_S(theta), of a nfw0-6rhos8e6 dark matter distribution (see Eq. 2.4 and the surrounding discussion)
# 
# Published: 8/25/22, Jack Runburg and Kenny Kiriu, contact: runburg@hawaii.edu
# 
# 
# -----------------------------------------------------------------
# 
# 	 tilde theta 		 | 	 tilde J s-wave 		 | 	 tilde J p-wave 		 | 	 tilde J d-wave 		 | 	 tilde J sommerfeld 
# 
# -----------------------------------------------------------------
1.000000000000000021e-03	5.213425338857725677e+01	2.092181151861644040e+01	3.478518892817441355e+01	4.724995627885505201e+02
1.021192151037671062e-03	5.195988113511179307e+01	2.091573538309195257e+01	3.478050304073417465e+01	4.681760398480654999e+02
1.042833409340945643e-03	5.178135557055499305e+01	2.090950269932764627e+01	3.477569652597988181e+01	4.637557201908932143e+02
1.064933292458827233e-03	5.159867615884874681e+01	2.090311228811656008e+01	3.477076850167001965e+01	4.592392433838982697e+02
1.087501519637659123e-03	5.141185598211465901e+01	2.089656337056948843e+01	3.476571840321601314e+01	4.546276436718973173e+02
1.110548016095517111e-03	5.122092422164408276e+01	2.088985565768157571e+01	3.476054605580531387e+01	4.499224159551861817e+02
1.134082917387199208e-03	5.102592924462695123e+01	2.088298946601409511e+01	3.475525176793878757e+01	4.451255966034011635e+02
1.158116573861711456e-03	5.082694253745080459e+01	2.087596587132852122e+01	3.474983645619819583e+01	4.402398645476833394e+02
1.182659555214217667e-03	5.062406387067030522e+01	2.086878691968798805e+01	3.474430181746478752e+01	4.352686711566981899e+02
1.207722655134462354e-03	5.041742834515599014e+01	2.086145592992935605e+01	3.473865057682919399e+01	4.302164129081056672e+02
1.233316896053688856e-03	5.020721648761421818e+01	2.085397795021009770e+01	3.473288686351940413e+01	4.250886714642257971e+02
1.259453533992170365e-03	4.999366966974214677e+01	2.084636049390886470e+01	3.472701681956508679e+01	4.198925679478002166e+02
1.286144063509461061e-03	4.977711574600166955e+01	2.083861483090048594e+01	3.472104967224817074e+01	4.146373298915290206e+02
1.313400222759557485e-03	4.955801693919158879e+01	2.083075852649714577e+01	3.471499985051713821e+01	4.093353078485714605e+02
1.341233998653187541e-03	4.933707559139192256e+01	2.082282131308410911e+01	3.470889189434038968e+01	4.040041305224671646e+02
1.369657632129505243e-03	4.911553900914283588e+01	2.081486267197350770e+01	3.470277518889165691e+01	3.986726885412398929e+02
1.398683623539492566e-03	4.889671313975616584e+01	2.080706155339396801e+01	3.469679926340608489e+01	3.934099687601902815e+02
1.428324738143458596e-03	4.867064915004142733e+01	2.079879772854356546e+01	3.469044263207799617e+01	3.880382998041635005e+02
1.458594011725036863e-03	4.844157629717364699e+01	2.079025359588886701e+01	3.468385482052782720e+01	3.826611144070176351e+02
1.489504756324154782e-03	4.820560491307867323e+01	2.078115915660141511e+01	3.467680695694503612e+01	3.772169735584046180e+02
1.521070566091505720e-03	4.797393567325198660e+01	2.077219493860992472e+01	3.466987113593213365e+01	3.719123817026707002e+02
1.553305323267072666e-03	4.774472099747122655e+01	2.076325422860663394e+01	3.466295805903776284e+01	3.667103808657741411e+02
1.586223204285366938e-03	4.751208507076029974e+01	2.075396400094764715e+01	3.465575288433869616e+01	3.615052136779069656e+02
1.619838686010041055e-03	4.728045835171912614e+01	2.074459802971422917e+01	3.464848613735728833e+01	3.563766370731540860e+02
1.654166552100628336e-03	4.704982688061804197e+01	2.073515547778735879e+01	3.464115707267406208e+01	3.513234998788690859e+02
1.689221899514206692e-03	4.682011904493726462e+01	2.072563407215375264e+01	3.463376385023367732e+01	3.463425695632962515e+02
1.725020145144853453e-03	4.659135359614980132e+01	2.071603374971723355e+01	3.462630630838631163e+01	3.414334278613602578e+02
1.761577032603788440e-03	4.636358216049407588e+01	2.070635531515562633e+01	3.461878494767341863e+01	3.365968959500385154e+02
1.798908639143220224e-03	4.613678699399447680e+01	2.069659780508396452e+01	3.461119891453741104e+01	3.318313146702834047e+02
1.837031382726912916e-03	4.591090042784846048e+01	2.068675895372304652e+01	3.460354635636846155e+01	3.271340221089273541e+02
1.875962029250603357e-03	4.568594109730696573e+01	2.067683870297005200e+01	3.459582710552845697e+01	3.225044672703299966e+02
1.915717699915417882e-03	4.546196077529207002e+01	2.066683790761752348e+01	3.458804169498016989e+01	3.179434528656017847e+02
1.956315878757565116e-03	4.523893812897411237e+01	2.065675536799010814e+01	3.458018914375941932e+01	3.134492603451549826e+02
1.997774420337589726e-03	4.501680929500818706e+01	2.064658871576007115e+01	3.457226757216650270e+01	3.090191705423538338e+02
2.040111557592579582e-03	4.479559279581517472e+01	2.063633789966271692e+01	3.456427680520602763e+01	3.046530880986348393e+02
2.083345909854779961e-03	4.457534048552192729e+01	2.062600383063497489e+01	3.455621740830234501e+01	3.003513523470802511e+02
2.127496491040134757e-03	4.435602763667102977e+01	2.061558527549166442e+01	3.454808829332687736e+01	2.961126783422661788e+02
2.172582718010372237e-03	4.413759405554421278e+01	2.060507995958561622e+01	3.453988757910912000e+01	2.919346031247570181e+02
2.218624419112281976e-03	4.392005815474539787e+01	2.059448783620100798e+01	3.453161508246598999e+01	2.878167121281690015e+02
2.265641842897974604e-03	4.370347180704884948e+01	2.058380988664920253e+01	3.452327140381213155e+01	2.837598481701821811e+02
2.313655667029933423e-03	4.348780707777138588e+01	2.057304472339897927e+01	3.451485532746972495e+01	2.797622800382067112e+02
2.362687007374795686e-03	4.327300730937339068e+01	2.056219008113375324e+01	3.450636495989024866e+01	2.758219727098867224e+02
2.412757427289825233e-03	4.305909081017998830e+01	2.055124592689039886e+01	3.449780011144678582e+01	2.719385649068249222e+02
2.463888947106213784e-03	4.284610941111321836e+01	2.054021327162983468e+01	3.448916141178903416e+01	2.681126738489466561e+02
2.516104053813336943e-03	4.263403215038715643e+01	2.052909043039121784e+01	3.448044749155324240e+01	2.643425927270200759e+02
2.569425710948245768e-03	4.242280578146464620e+01	2.051787507213101946e+01	3.447165643321751105e+01	2.606262879975541296e+02
2.623877368694733318e-03	4.221244850449478747e+01	2.050656716064242957e+01	3.446278803567500404e+01	2.569636405458100512e+02
2.679482974196439188e-03	4.200301205758834300e+01	2.049516780530588633e+01	3.445384296749583086e+01	2.533550590427518898e+02
2.736266982088478034e-03	4.179446262479730478e+01	2.048367530394328995e+01	3.444481973986035683e+01	2.497991985723157882e+02
2.794254365252289707e-03	4.158675024456973546e+01	2.047208739906518105e+01	3.443571643175422281e+01	2.462941888943933861e+02
2.853470625798387814e-03	4.137989301756032035e+01	2.046040407452348475e+01	3.442653283465148917e+01	2.428396743492795053e+02
2.913941806281861776e-03	4.117394252595504156e+01	2.044862649089924389e+01	3.441726964765498309e+01	2.394364209012449862e+02
2.975694501155571117e-03	4.096886227539940251e+01	2.043675279742914697e+01	3.440792523933625091e+01	2.360827478873079883e+02
3.038755868466027146e-03	4.076460546428749865e+01	2.042478074353340389e+01	3.439849767505067035e+01	2.327770889748722993e+02
3.103153641797168783e-03	4.056119009769928851e+01	2.041271032318385537e+01	3.438898673622705360e+01	2.295191824169282881e+02
3.168916142467233243e-03	4.035866754961712388e+01	2.040054268494948175e+01	3.437939314367615395e+01	2.263095705562818125e+02
3.236072291984112663e-03	4.015699881043358488e+01	2.038827560223488788e+01	3.436971507748815213e+01	2.231465509985487188e+02
3.304651624764658874e-03	3.995614012331629539e+01	2.037590681743778731e+01	3.435995058453390527e+01	2.200286288017296386e+02
3.374684301123556836e-03	3.975610939876482064e+01	2.036343632843191642e+01	3.435009943174367208e+01	2.169557152648985436e+02
3.446201120537424525e-03	3.955695774925752772e+01	2.035086544792529040e+01	3.434016238734287185e+01	2.139281984622964501e+02
3.519233535190044709e-03	3.935864381254857847e+01	2.033819196459483791e+01	3.433013750299862465e+01	2.109447797334953805e+02
3.593813663804625805e-03	3.916112676070923015e+01	2.032541365181469217e+01	3.432002281617919692e+01	2.080040269436000528e+02
3.669974305769219299e-03	3.896442441120626654e+01	2.031253052271266668e+01	3.430981808236574437e+01	2.051056476965580373e+02
3.747748955561452412e-03	3.876858757062730376e+01	2.029954395748533358e+01	3.429952410193848067e+01	2.022503217900645893e+02
3.827171817478984984e-03	3.857357267342304397e+01	2.028645157515443742e+01	3.428913876233364277e+01	1.994364667523656465e+02
3.908277820682117681e-03	3.837934170987448113e+01	2.027325115657207988e+01	3.427866008594199343e+01	1.966628808892776590e+02
3.991102634555192957e-03	3.818591241122928892e+01	2.025994262070460294e+01	3.426808779242882252e+01	1.939293320929724302e+02
4.075682684393532908e-03	3.799333521984723916e+01	2.024652720648296622e+01	3.425742267164431354e+01	1.912362353211775883e+02
4.162055167422817371e-03	3.780156452838861725e+01	2.023300229707536957e+01	3.424666242559968765e+01	1.885821318990684574e+02
4.250258069157961290e-03	3.761056503216825320e+01	2.021936569010259177e+01	3.423580506039249371e+01	1.859658365211442401e+02
4.340330180108637088e-03	3.742035437913391149e+01	2.020561742775045388e+01	3.422485030235239378e+01	1.833873113998684801e+02
4.432311112838861061e-03	3.723098260299845919e+01	2.019175903845259512e+01	3.421379901154465131e+01	1.808469041655736191e+02
4.526241319388085715e-03	3.704240219739494222e+01	2.017778773453642316e+01	3.420264870914866862e+01	1.783433652143005474e+02
4.622162109061505458e-03	3.685458045923105175e+01	2.016370135156046572e+01	3.419139739156221225e+01	1.758756407765134782e+02
4.720115666597336779e-03	3.666753495246319261e+01	2.014949993357825164e+01	3.418004476318547802e+01	1.734434826784386985e+02
4.820145070719144588e-03	3.648131526377869704e+01	2.013518510073901524e+01	3.416859171931763228e+01	1.710474815772558941e+02
4.922294313081310678e-03	3.629587212376491578e+01	2.012075387375972824e+01	3.415703559347236506e+01	1.686861817901329630e+02
5.026608317615998724e-03	3.611117532926603246e+01	2.010620387313148072e+01	3.414537431378521148e+01	1.663585826906148384e+02
5.133132960290130720e-03	3.592724236851731234e+01	2.009153497782059006e+01	3.413360752513572294e+01	1.640645012701063195e+02
5.241915089281041530e-03	3.574412232411277301e+01	2.007674885560326672e+01	3.412173614180043302e+01	1.618043514164906469e+02
5.353002545579732367e-03	3.556176431398493776e+01	2.006184231269366691e+01	3.410975729228737663e+01	1.595768531646621398e+02
5.466444184030696055e-03	3.538014052955099942e+01	2.004681322387164499e+01	3.409766893704068025e+01	1.573810753312989732e+02
5.582289894817666839e-03	3.519926838710932770e+01	2.003166168076151621e+01	3.408547074374006769e+01	1.552169847620426424e+02
5.700590625404708227e-03	3.501919642572686797e+01	2.001638944973272771e+01	3.407316365776295441e+01	1.530849128674303756e+02
5.821398402942216249e-03	3.483987228059529428e+01	2.000099311218143683e+01	3.406074459459664183e+01	1.509836772264813192e+02
5.944766357147824969e-03	3.466127044106646338e+01	1.998547058443055846e+01	3.404821150069819424e+01	1.489125008087256958e+02
6.070748743672167193e-03	3.448340825231637297e+01	1.996982199134145475e+01	3.403556402745258680e+01	1.468711876843017023e+02
6.199400967959818945e-03	3.430633367254525012e+01	1.995404905277964147e+01	3.402280311134355628e+01	1.448601937164228275e+02
6.330779609615908021e-03	3.412999298159440542e+01	1.993814777513275516e+01	3.400992535698494379e+01	1.428781275387303538e+02
6.464942447289089879e-03	3.395436287287005683e+01	1.992211606205474794e+01	3.399692868015514335e+01	1.409242739871929473e+02
6.601948484081890736e-03	3.377946062735665578e+01	1.990595405831049192e+01	3.398381270457264947e+01	1.389985662389642584e+02
6.741857973499477616e-03	3.360533357252379716e+01	1.988966365630487232e+01	3.397057840331630985e+01	1.371013321842152095e+02
6.884732445948405985e-03	3.343192676792882878e+01	1.987324097961083424e+01	3.395722223957777430e+01	1.352314360563916011e+02
7.030634735796891313e-03	3.325921901538371372e+01	1.985668400573669246e+01	3.394374211930087171e+01	1.333881720892789247e+02
7.179629009008595825e-03	3.308722753248285642e+01	1.983999292032273587e+01	3.393013764234093088e+01	1.315715059178796196e+02
7.331780791361950343e-03	3.291599898435831051e+01	1.982316975059006126e+01	3.391640981988066983e+01	1.297817313073878438e+02
7.487156997267587974e-03	3.274547732553047297e+01	1.980621037544480245e+01	3.390255487260800749e+01	1.280177647813153499e+02
7.645825959196438613e-03	3.257564337852222280e+01	1.978911260271445016e+01	3.388857062427357647e+01	1.262789894695618358e+02
7.807857457731475631e-03	3.240651430467648453e+01	1.977187630152677400e+01	3.387445654805638640e+01	1.245651785420287752e+02
7.973322752256328111e-03	3.223813606046303448e+01	1.975450346817751779e+01	3.386021363228672243e+01	1.228767320347679828e+02
8.142294612294233985e-03	3.207045162198833310e+01	1.973698973745182172e+01	3.384583784005255325e+01	1.212124884674710614e+02
8.314847349511189298e-03	3.190344374211739265e+01	1.971933317038185862e+01	3.383132702813431791e+01	1.195719291251200929e+02
8.491056850397209546e-03	3.173712952644270047e+01	1.970153402431633793e+01	3.381668074144324976e+01	1.179550143443389771e+02
8.671000609640279119e-03	3.157155419475554581e+01	1.968359446660853962e+01	3.380190000519755955e+01	1.163620084560673718e+02
8.854757764207504128e-03	3.140665985097835744e+01	1.966550988530701005e+01	3.378698052286272002e+01	1.147918939038595738e+02
9.042409128148579806e-03	3.124243109831870768e+01	1.964727838700458307e+01	3.377192012874456140e+01	1.132441455527315526e+02
9.234037228136720080e-03	3.107888499212290867e+01	1.962890022519744804e+01	3.375671832665872074e+01	1.117187298716427932e+02
9.429726339762870002e-03	3.091606596786765948e+01	1.961037720593142453e+01	3.374137601155739929e+01	1.102158124548738272e+02
9.629562524599030379e-03	3.075391538357857613e+01	1.959170421479501201e+01	3.372588852423333350e+01	1.087343928950522667e+02
9.833633668047030499e-03	3.059241960226801993e+01	1.957287943030435429e+01	3.371025367140421736e+01	1.072740559011726020e+02
1.004202951798940403e-02	3.043159563274496904e+01	1.955390315402734558e+01	3.369447091363429081e+01	1.058346589771371953e+02
1.025484172425938229e-02	3.027148709840716734e+01	1.953477768017542360e+01	3.367854125612366545e+01	1.044165853747574744e+02
1.047216387894729824e-02	3.011203471193795167e+01	1.951549788689366594e+01	3.366245984424980264e+01	1.030187828273618607e+02
1.069409155756119272e-02	2.995322651931795477e+01	1.949606203933464599e+01	3.364622446806192357e+01	1.016408696035395423e+02
1.092072236105970547e-02	2.979507948682408625e+01	1.947647049355765247e+01	3.362983454937063499e+01	1.002828247078237496e+02
1.115215595877575537e-02	2.963763638906143782e+01	1.945672560116593175e+01	3.361329108324208192e+01	9.894485974563163211e+01
1.138849413224978825e-02	2.948083740256133822e+01	1.943682147955495054e+01	3.359658873679465785e+01	9.762600334650333878e+01
1.162984081999205582e-02	2.932467217606853893e+01	1.941675610980079725e+01	3.357972514895961069e+01	9.632582002474856608e+01
1.187630216319339981e-02	2.916915764067303840e+01	1.939652985240385874e+01	3.356269967210491956e+01	9.504429631232716247e+01
1.212798655240480798e-02	2.901433567914279266e+01	1.937614516719585112e+01	3.354551328636667762e+01	9.378165504066717517e+01
1.238500467520621366e-02	2.886014604443789011e+01	1.935559640207036480e+01	3.352816053128506013e+01	9.253702487545051270e+01
1.264746956488544717e-02	2.870657990786627067e+01	1.933488189274450875e+01	3.351063910557225256e+01	9.131010380974312568e+01
1.291549665014883955e-02	2.855365417044552245e+01	1.931400211595556726e+01	3.349294834624811301e+01	9.010078086825976129e+01
1.318920380588532899e-02	2.840140979324059245e+01	1.929295965018583203e+01	3.347508924375988926e+01	8.890938028663990167e+01
1.346871140500627631e-02	2.824978620111599170e+01	1.927174833662029840e+01	3.345705592754455182e+01	8.773494899494548349e+01
1.375414237138396570e-02	2.809877601624705434e+01	1.925036600709193380e+01	3.343884581601671613e+01	8.657714010817710459e+01
1.404562223391196511e-02	2.794839611100254828e+01	1.922881301077157090e+01	3.342045812092847257e+01	8.543592735295223406e+01
1.434327918171109106e-02	2.779868649461273122e+01	1.920709203262745746e+01	3.340189380674246422e+01	8.431150692499984700e+01
1.464724412050539583e-02	2.764958636221765076e+01	1.918519676557284370e+01	3.338314669746597474e+01	8.320305622668108469e+01
1.495765073019278586e-02	2.750108971311451711e+01	1.916312565273452506e+01	3.336421437689097758e+01	8.211029723937008384e+01
1.527463552363575450e-02	2.735321339767258664e+01	1.914087932311821305e+01	3.334509609272453901e+01	8.103323277067755726e+01
1.559833790669801906e-02	2.720599643837963555e+01	1.911846056764478519e+01	3.332579279259013560e+01	7.997206117869090747e+01
1.592890023955338338e-02	2.705937789839072849e+01	1.909586269677522097e+01	3.330629791569300124e+01	7.892597036276495714e+01
1.626646789929399317e-02	2.691335308144870808e+01	1.907308363809502438e+01	3.328660875075260606e+01	7.789469454965777118e+01
1.661118934386526108e-02	2.676793882473851127e+01	1.905012369005606487e+01	3.326672431048668699e+01	7.687812238591722291e+01
1.696321617735579643e-02	2.662317312401004443e+01	1.902698565781686213e+01	3.324664545978760088e+01	7.587652461679336113e+01
1.732270321667098503e-02	2.647899501141963796e+01	1.900366270973957583e+01	3.322636534323621049e+01	7.488908145178697850e+01
1.768980855961942850e-02	2.633540102553212492e+01	1.898015349898702908e+01	3.320588146482056402e+01	7.391560991079484211e+01
1.806469365444235767e-02	2.619240798996412067e+01	1.895645880233635339e+01	3.318519294003865383e+01	7.295609650432911053e+01
1.844752337081655841e-02	2.605005285059089459e+01	1.893258145941249282e+01	3.316430053208829065e+01	7.201070706154320078e+01
1.883846607236187159e-02	2.590827469410426076e+01	1.890851406230228804e+01	3.314319685898960444e+01	7.107869078299627574e+01
1.923769369068539445e-02	2.576707122527187366e+01	1.888425468555800535e+01	3.312187905175094471e+01	7.015980620988356975e+01
1.964538180099485026e-02	2.562645926694653653e+01	1.885980389870304208e+01	3.310034603611321558e+01	6.925405456020121164e+01
2.006170969931423895e-02	2.548647467302968295e+01	1.883516458204908872e+01	3.307859849769195648e+01	6.836156090067102298e+01
2.048686048133601528e-02	2.534705668111084975e+01	1.881032922945008323e+01	3.305662874017667718e+01	6.748164816994639637e+01
2.092102112294418406e-02	2.520820409666790596e+01	1.878529671244106680e+01	3.303443414446847726e+01	6.661417832560930208e+01
2.136438256244391209e-02	2.506993374411229425e+01	1.876006803164700543e+01	3.301201373562746966e+01	6.575909858075691261e+01
2.181713978453380873e-02	2.493228035743401350e+01	1.873464609028804517e+01	3.298936809710480844e+01	6.491660997680178014e+01
2.227949190605761978e-02	2.479518341033719508e+01	1.870902249335875212e+01	3.296648883117381956e+01	6.408596879226541887e+01
2.275164226357336353e-02	2.465864274607870499e+01	1.868319552071297096e+01	3.294337290128905948e+01	6.326698521885209914e+01
2.323379850277806913e-02	2.452267519604626855e+01	1.865716617475331063e+01	3.292001919854728698e+01	6.245967284970089395e+01
2.372617266982774559e-02	2.438731433850972152e+01	1.863093752102280831e+01	3.289642826817761545e+01	6.166415045877350565e+01
2.422898130459259780e-02	2.425249997744493058e+01	1.860450152562115989e+01	3.287259161584535860e+01	6.087981180358268318e+01
2.474244553588843265e-02	2.411823292407721553e+01	1.857785734150540691e+01	3.284850653934172726e+01	6.010651595380888068e+01
2.526679117872631872e-02	2.398453002811391954e+01	1.855100595126726049e+01	3.282417176047511731e+01	5.934429585952920405e+01
2.580224883362318075e-02	2.385142367970982491e+01	1.852394981838226684e+01	3.279958732512118047e+01	5.859318460002767637e+01
2.634905398801689475e-02	2.371885409377351905e+01	1.849667967604673890e+01	3.277474377587210341e+01	5.785256970490336670e+01
2.690744711983068457e-02	2.358682299201398180e+01	1.846919483054324829e+01	3.274963833510901168e+01	5.712235300617457767e+01
2.747767380323228384e-02	2.345534724862243081e+01	1.844149650440738597e+01	3.272426975665056403e+01	5.640251521343670049e+01
2.805998481663422514e-02	2.332445802977007077e+01	1.841358787781450701e+01	3.269863833392410868e+01	5.569318025525575422e+01
2.865463625298309350e-02	2.319409604927036384e+01	1.838546025127245898e+01	3.267273462941599149e+01	5.499376755069827993e+01
2.926188963238583740e-02	2.306426387762043362e+01	1.835711291916017629e+01	3.264655569009158853e+01	5.430419403937320766e+01
2.988201201712300387e-02	2.293497842978291601e+01	1.832854605427262129e+01	3.262009943977789561e+01	5.362440160227652797e+01
3.051527612909937445e-02	2.280626958453817466e+01	1.829976231184501856e+01	3.259336568171395498e+01	5.295447416840236343e+01
3.116196046978347151e-02	2.267807866961687324e+01	1.827075273897319363e+01	3.256634449666017161e+01	5.229387243789872031e+01
3.182234944268905880e-02	2.255040903272220021e+01	1.824151674495995579e+01	3.253903283585841422e+01	5.164249982465690181e+01
3.249673347845206950e-02	2.242327762328910978e+01	1.821205593588977578e+01	3.251142937083609752e+01	5.100040200240136556e+01
3.318540916255835471e-02	2.229671304765597029e+01	1.818237368300495049e+01	3.248353417116586428e+01	5.036764332027740920e+01
3.388867936577820428e-02	2.217065727843498024e+01	1.815245985235682724e+01	3.245533625776499065e+01	4.974369936449437546e+01
3.460685337736497946e-02	2.204511440025259716e+01	1.812231299901631232e+01	3.242683183198040808e+01	4.912843682813739576e+01
3.534024704107661952e-02	2.192010141524495737e+01	1.809193463042778305e+01	3.239801927442426432e+01	4.852185753479638208e+01
3.608918289407971741e-02	2.179564559171157256e+01	1.806132797683534719e+01	3.236889829243071404e+01	4.792405794653960527e+01
3.685399030879719234e-02	2.167168965976574668e+01	1.803048357269755897e+01	3.233945806271590584e+01	4.733455561614426443e+01
3.763500563776207147e-02	2.154823837316922663e+01	1.799940115802318985e+01	3.230969534793052134e+01	4.675330100625371443e+01
3.843257236154112161e-02	2.142530879854722770e+01	1.796808197275153063e+01	3.227960808608688126e+01	4.618026082655917008e+01
3.924704123979310538e-02	2.130292682244355618e+01	1.793652784496196162e+01	3.224919486180200323e+01	4.561547601740016944e+01
4.007877046552850431e-02	2.118103602095504101e+01	1.790472883827325745e+01	3.221844419362888345e+01	4.505849027727189338e+01
4.092812582263813392e-02	2.105964175926291304e+01	1.787268494237282468e+01	3.218735273221113857e+01	4.450923261524587815e+01
4.179548084676026898e-02	2.093876118145457355e+01	1.784039821719625607e+01	3.215591887436369944e+01	4.396774582239095963e+01
4.268121698955689575e-02	2.081841874038723006e+01	1.780787194577854393e+01	3.212414193972938392e+01	4.343406042569340997e+01
4.358572378647117967e-02	2.069855895635703291e+01	1.777509509018013745e+01	3.209200933740227413e+01	4.290774291058025369e+01
4.450939902804028347e-02	2.057918774223770697e+01	1.774206655034737778e+01	3.205951668298868640e+01	4.238869612596685243e+01
4.545264893483848267e-02	2.046032233395145994e+01	1.770878816164088221e+01	3.202666190817722480e+01	4.187694244513635766e+01
4.641588833612779463e-02	2.034198570896373326e+01	1.767526331563319886e+01	3.199344417834822352e+01	4.137251968743053254e+01
4.739954085229469011e-02	2.022412341246685585e+01	1.764148179763821744e+01	3.195985110051398337e+01	4.087504858876143032e+01
4.840403908115278181e-02	2.010674185257946078e+01	1.760744368326988862e+01	3.192587899855191935e+01	4.038449780486983087e+01
4.942982478819387543e-02	1.998985837327633064e+01	1.757314974903201943e+01	3.189152470205788958e+01	3.990080232723842357e+01
5.047734910087089966e-02	1.987349441618847834e+01	1.753860246205377393e+01	3.185678641197895189e+01	3.942401042285781188e+01
5.154707270699779992e-02	1.975759665449632507e+01	1.750379141429790408e+01	3.182165129282367744e+01	3.895373130582431287e+01
5.263946605735428386e-02	1.964217192897424979e+01	1.746871700175010744e+01	3.178611555293149848e+01	3.848995116090256374e+01
5.375500957258409762e-02	1.952723768973573115e+01	1.743338172344548909e+01	3.175017717281090768e+01	3.803268042462168808e+01
5.489419385447772554e-02	1.941281384411617950e+01	1.739778765805894523e+01	3.171383374111109887e+01	3.758192676080154371e+01
5.605751990173300781e-02	1.929884823118664272e+01	1.736192260976485713e+01	3.167707056117777853e+01	3.713730258638569381e+01
5.724549933028778848e-02	1.918534808607080677e+01	1.732578712357853590e+01	3.163988367044006367e+01	3.669876986818441367e+01
5.845865459832211286e-02	1.907233102353389143e+01	1.728938420313263435e+01	3.160227125497803513e+01	3.626638254995121713e+01
5.969751923602879817e-02	1.895981523541598435e+01	1.725271718120162845e+01	3.156423164607869936e+01	3.584013925033639936e+01
6.096263808025296355e-02	1.884774994582505414e+01	1.721577393860046001e+01	3.152574984215058862e+01	3.541969958785789174e+01
6.225456751410456124e-02	1.873614268576717379e+01	1.717855345344424833e+01	3.148682011512998713e+01	3.500498942046468898e+01
6.357387571164835327e-02	1.862501125364901355e+01	1.714105869890914136e+01	3.144744010465491968e+01	3.459603878856399461e+01
6.492114288777969811e-02	1.851437206253688217e+01	1.710329282449465538e+01	3.140760767068738346e+01	3.419287077968726862e+01
6.629696155339574737e-02	1.840417582273316555e+01	1.706524501136761529e+01	3.136730853871229385e+01	3.379518298954651101e+01
6.770193677597398374e-02	1.829443030157235484e+01	1.702691466118044517e+01	3.132653708210729349e+01	3.340293193548583872e+01
6.913668644567325106e-02	1.818513903976790402e+01	1.698830379578972938e+01	3.128528985813153795e+01	3.301604915986284539e+01
7.060184154707406512e-02	1.807635999652029568e+01	1.694941504818123335e+01	3.124356396951361248e+01	3.263469129604342100e+01
7.209804643667737378e-02	1.796800207750187539e+01	1.691023732258878454e+01	3.120134444219463887e+01	3.225843834750406103e+01
7.362595912628441819e-02	1.786008769469426127e+01	1.687077165787008681e+01	3.115862675600408593e+01	3.188731700107532063e+01
7.518625157238204015e-02	1.775263517961749571e+01	1.683101963122116018e+01	3.111540673390920730e+01	3.152130584070784991e+01
7.677960997166025092e-02	1.764565687890674184e+01	1.679098301632596701e+01	3.107168053440192779e+01	3.116040231865127197e+01
7.840673506279315086e-02	1.753910709009554125e+01	1.675065095046258179e+01	3.102743302946240789e+01	3.080434550904372770e+01
8.006834243461452560e-02	1.743299377794929583e+01	1.671002489408569502e+01	3.098265995280836194e+01	3.045311662849843870e+01
8.176516284082480102e-02	1.732733564480244937e+01	1.666910796085097601e+01	3.093735815520303944e+01	3.010674986437827627e+01
8.349794252136732986e-02	1.722214269270551057e+01	1.662789995431708689e+01	3.089152130612865577e+01	2.976516890339676991e+01
8.526744353061486981e-02	1.711737137400568898e+01	1.658639024386466332e+01	3.084513414115335905e+01	2.942814656554472208e+01
8.707444407251174745e-02	1.701302959619301092e+01	1.654458047236461837e+01	3.079819205702484197e+01	2.909566470700578833e+01
8.891973884281766105e-02	1.690913639678772995e+01	1.650247461662060289e+01	3.075069215670117373e+01	2.876776932501364215e+01
9.080413937860487561e-02	1.680569953686348583e+01	1.646007182811376168e+01	3.070262706976036426e+01	2.844438676346323192e+01
9.272847441516200717e-02	1.670267755220620742e+01	1.641736080778948548e+01	3.065398033524578381e+01	2.812529004095656759e+01
9.469359025046093781e-02	1.660007829585122963e+01	1.637434349372372111e+01	3.060474732763086791e+01	2.781049016702682408e+01
9.670035111734798239e-02	1.649792110355598496e+01	1.633102462376258757e+01	3.055492604837542459e+01	2.749999724329898143e+01
9.874963956362264872e-02	1.639621159874557677e+01	1.628740293629563496e+01	3.050450816613839677e+01	2.719375577521486065e+01
1.008423568401705106e-01	1.629491033032707037e+01	1.624346695711607325e+01	3.045347655945050391e+01	2.689154702583474688e+01
1.029794232973221257e-01	1.619402509860164585e+01	1.619921915247727640e+01	3.040182712343489513e+01	2.659337802255415184e+01
1.051617787896111378e-01	1.609357550465388798e+01	1.615466504931148251e+01	3.034955844397737579e+01	2.629927345099344294e+01
1.073903830891107247e-01	1.599356513105983701e+01	1.610980286165269248e+01	3.029666132526843825e+01	2.600918128311862532e+01
1.096662163075285135e-01	1.589395647376890075e+01	1.606462118505258729e+01	3.024311817620035114e+01	2.572288820258802389e+01
1.119902793272475605e-01	1.579475728047429861e+01	1.601912274979481055e+01	3.018892459959548802e+01	2.544039527508358844e+01
1.143635942415015677e-01	1.569598738680922168e+01	1.597331285429180880e+01	3.013407811870035502e+01	2.516173787779187165e+01
1.167872048038782751e-01	1.559764842847325106e+01	1.592718853895554609e+01	3.007856749968886589e+01	2.488683353110854668e+01
1.192621768873494831e-01	1.549970478322040357e+01	1.588073928328021189e+01	3.002237595917954138e+01	2.461551930415138045e+01
1.217895989530276418e-01	1.540216414761414931e+01	1.583396809184544374e+01	2.996549918213412411e+01	2.434779155884572788e+01
1.243705825288575900e-01	1.530504656206961833e+01	1.578688020347773779e+01	2.990793435254483867e+01	2.408367933094474722e+01
1.270062626984522769e-01	1.520835180593723024e+01	1.573947294064737079e+01	2.984967082305793085e+01	2.382309336359532281e+01
1.296977986002878502e-01	1.511204607591803040e+01	1.569173685255108630e+01	2.979069279994281416e+01	2.356589220751977365e+01
1.324463739374786009e-01	1.501613701863434613e+01	1.564367503386659308e+01	2.973099579551385219e+01	2.331206601114549670e+01
1.352531974983535168e-01	1.492064484775698396e+01	1.559529121018735509e+01	2.967057451221974063e+01	2.306163355074937726e+01
1.381195036880665805e-01	1.482556757840359651e+01	1.554658378126369200e+01	2.960941893020000037e+01	2.281452918409570785e+01
1.410465530714722360e-01	1.473087316294107474e+01	1.549754332140510193e+01	2.954751239113477368e+01	2.257062415430137392e+01
1.440356329275057634e-01	1.463656919971432657e+01	1.544817137228255177e+01	2.948484796198489732e+01	2.232989406902313334e+01
1.470880578153118678e-01	1.454267604703515282e+01	1.539847254039584001e+01	2.942142121657485276e+01	2.209234378438784319e+01
1.502051701523716420e-01	1.444919004204169077e+01	1.534844690597124917e+01	2.935722466967747479e+01	2.185793503104623525e+01
1.533883408048797858e-01	1.435608083283405101e+01	1.529808512902619633e+01	2.929224188964331788e+01	2.162653972669425784e+01
1.566389696906345663e-01	1.426335597150123924e+01	1.524738701495689597e+01	2.922646307836170720e+01	2.139812895556747563e+01
1.599584863947036695e-01	1.417103593163084341e+01	1.519635971620637704e+01	2.915988684818626098e+01	2.117271997386249893e+01
1.633483507981373095e-01	1.407911545784544494e+01	1.514500233634864301e+01	2.909250390299890654e+01	2.095027697692442459e+01
1.668100537200059019e-01	1.398756583536657416e+01	1.509330325976263509e+01	2.902429389025674666e+01	2.073065041798395214e+01
1.703451175730422984e-01	1.389639457024322056e+01	1.504126418531732945e+01	2.895524899418351694e+01	2.051383063690195740e+01
1.739550970331800450e-01	1.380562222620377710e+01	1.498889436994810254e+01	2.888537074782701097e+01	2.029985556574058947e+01
1.776415797232799298e-01	1.371524203646692364e+01	1.493619144122375886e+01	2.881464868770927623e+01	2.008866956913758273e+01
1.814061869113461622e-01	1.362522686593657362e+01	1.488314277509616979e+01	2.874305984234073463e+01	1.988012379545167718e+01
1.852505742235391883e-01	1.353558417596127228e+01	1.482975273058010757e+01	2.867060032310135753e+01	1.967423421006964901e+01
1.891764323722997243e-01	1.344633459487257277e+01	1.477602939481025324e+01	2.859726947155574095e+01	1.947101789780612791e+01
1.931854878999012814e-01	1.335746992413101708e+01	1.472196815789165392e+01	2.852305299531803229e+01	1.927040825110241684e+01
1.972795039377621684e-01	1.326896455218331994e+01	1.466756139012308324e+01	2.844793505851282944e+01	1.907230897863203367e+01
2.014602809818480389e-01	1.318082589938901883e+01	1.461281106424864262e+01	2.837190866680731816e+01	1.887670248779932791e+01
2.057296576845067948e-01	1.309307462943761990e+01	1.455772425012271931e+01	2.829497099485231004e+01	1.868359859153747493e+01
2.100895116630852322e-01	1.300570119269666947e+01	1.450229958107403583e+01	2.821711246584401422e+01	1.849296601802386775e+01
2.145417603256798977e-01	1.291868144622027970e+01	1.444652615315591326e+01	2.813831198495706332e+01	1.830468733373962209e+01
2.190883617143895290e-01	1.283202276972528288e+01	1.439040741523123579e+01	2.805856458523656727e+01	1.811874624869787098e+01
2.237313153664367560e-01	1.274574583974847997e+01	1.433395425267783985e+01	2.797787364609553862e+01	1.793518519812769796e+01
2.284726631935388719e-01	1.265983982968805321e+01	1.427716025055412885e+01	2.789622177557678384e+01	1.775392699955450126e+01
2.333144903799153069e-01	1.257428201316824357e+01	1.422001643458786369e+01	2.781359019166374580e+01	1.757488642844663218e+01
2.382589262993237145e-01	1.248907973006913785e+01	1.416252820434917403e+01	2.772997650633952915e+01	1.739806184198643280e+01
2.433081454515323150e-01	1.240425364680952924e+01	1.410470350253701355e+01	2.764537966883697351e+01	1.722345652996667908e+01
2.484643684186368384e-01	1.231979173275971284e+01	1.404653966120956099e+01	2.755978904963066611e+01	1.705102893226508343e+01
2.537298628416438939e-01	1.223567262702628256e+01	1.398802656041505799e+01	2.747318370585081837e+01	1.688069083175933827e+01
2.591069444177515613e-01	1.215190363087894809e+01	1.392916743830901893e+01	2.738555721837709100e+01	1.671242152299009476e+01
2.645979779187619951e-01	1.206850537790020006e+01	1.386997510548110313e+01	2.729691646486807599e+01	1.654626128831548115e+01
2.702053782310787078e-01	1.198546470545199227e+01	1.381044294532484962e+01	2.720724448067537082e+01	1.638213549895728605e+01
2.759316114177428059e-01	1.190276156690765852e+01	1.375056291216603910e+01	2.711652396195333026e+01	1.621997599279626101e+01
2.817791958029755572e-01	1.182040322804296650e+01	1.369033980558432795e+01	2.702475156086804375e+01	1.605977338162960066e+01
2.877507030797054055e-01	1.173841026514516273e+01	1.362978387771020294e+01	2.693192936372194524e+01	1.590154077708549529e+01
2.938487594405665426e-01	1.165676845524273197e+01	1.356889125072433444e+01	2.683804530325107152e+01	1.574523468594111186e+01
3.000760467328633108e-01	1.157545901680489209e+01	1.350765212553542050e+01	2.674307897698796310e+01	1.559076899144693584e+01
3.064353036380134121e-01	1.149448918024101651e+01	1.344607282116647795e+01	2.664703024689779198e+01	1.543814391307654432e+01
3.129293268759847368e-01	1.141387944611556549e+01	1.338416544090877025e+01	2.654990469501117190e+01	1.528738100597016292e+01
3.195609724352570513e-01	1.133361459665557014e+01	1.332192275048757857e+01	2.645168470004094274e+01	1.513842000166679114e+01
3.263331568288500573e-01	1.125367706840227910e+01	1.325933796993834335e+01	2.635235471842043609e+01	1.499119426633919971e+01
3.332488583769670498e-01	1.117407405837905365e+01	1.319641612077520243e+01	2.625191253605477471e+01	1.484569504530555584e+01
3.403111185168231634e-01	1.109482596913773378e+01	1.313317224817702922e+01	2.615037055464874172e+01	1.470195590384304651e+01
3.475230431402304698e-01	1.101591665647486273e+01	1.306959633110643715e+01	2.604770584385116194e+01	1.455990486927564653e+01
3.548878039595292910e-01	1.093732972695434036e+01	1.300568352255389293e+01	2.594390593634545894e+01	1.441948575548054556e+01
3.624086399024666338e-01	1.085907234653754649e+01	1.294143954082362136e+01	2.583897137157144996e+01	1.428069519512951757e+01
3.700888585366366446e-01	1.078116480056247184e+01	1.287687854862164372e+01	2.573291321422321332e+01	1.414355299143142553e+01
3.779318375241043637e-01	1.070359008156343350e+01	1.281199212493700301e+01	2.562571110809190245e+01	1.400800056727578458e+01
3.859410261068597081e-01	1.062633292247521055e+01	1.274677476889460515e+01	2.551735278115635808e+01	1.387398159920595830e+01
3.941199466237500504e-01	1.054940045848377039e+01	1.268123358784126786e+01	2.540784242372924240e+01	1.374149590963897793e+01
4.024721960595590287e-01	1.047281283703369859e+01	1.261538214066650276e+01	2.529718880288206861e+01	1.361055554191502637e+01
4.110014476269163164e-01	1.039655225374038494e+01	1.254921315225482203e+01	2.518537529742720338e+01	1.348111398366896019e+01
4.197114523817274123e-01	1.032060452052356325e+01	1.248272089941689877e+01	2.507239097067820310e+01	1.335311186884075063e+01
4.286060408728412652e-01	1.024497674515942336e+01	1.241591356037028149e+01	2.495824148346255100e+01	1.322654730816836377e+01
4.376891248266767120e-01	1.016968892119483314e+01	1.234880453144067225e+01	2.484293413490932423e+01	1.310144333415611051e+01
4.469646988675492483e-01	1.009472250444093433e+01	1.228138714225339179e+01	2.472645854078421479e+01	1.297774113326206091e+01
4.564368422744575216e-01	1.002006434562388826e+01	1.221365694238025590e+01	2.460880540816734552e+01	1.285539348328570775e+01
4.661097207750954374e-01	9.945721524429359306e+00	1.214562011682351539e+01	2.448997353423972001e+01	1.273439804440613798e+01
4.759875883778879602e-01	9.871713863188691818e+00	1.207729312758819873e+01	2.436998206550471124e+01	1.261477399613222872e+01
4.860747892428489703e-01	9.798022139560449872e+00	1.200866973924058811e+01	2.424882227749293051e+01	1.249646770886772451e+01
4.963757595920870180e-01	9.724634199097975440e+00	1.193974253623664517e+01	2.412647441418760863e+01	1.237943465241886010e+01
5.068950296608012440e-01	9.651557097619070547e+00	1.187052159063677870e+01	2.400295224318659493e+01	1.226367004810326122e+01
5.176372256896176749e-01	9.578810465791161022e+00	1.180102491075406768e+01	2.387827793501110563e+01	1.214919630701914244e+01
5.286070719591531297e-01	9.506374464215628706e+00	1.173124102339454033e+01	2.375242854675947868e+01	1.203595865288602695e+01
5.398093928676924724e-01	9.434237891858476388e+00	1.166116959575697898e+01	2.362540656027473673e+01	1.192391833461524620e+01
5.512491150528981976e-01	9.362407780513605005e+00	1.159081664004638412e+01	2.349721359286253985e+01	1.181306930891221540e+01
5.629312695584811621e-01	9.290903556220225568e+00	1.152020244456696041e+01	2.336787827803792439e+01	1.170343597005494551e+01
5.748609940467923618e-01	9.219704817433491684e+00	1.144931658535210595e+01	2.323738466286457083e+01	1.159495923778312054e+01
5.870435350582976497e-01	9.148801276279122874e+00	1.137815644152892069e+01	2.310572706140937171e+01	1.148760654079980981e+01
5.994842503189414806e-01	9.078199943284493756e+00	1.130673165276126291e+01	2.297291822400337935e+01	1.138137225280033960e+01
6.121886110964055439e-01	9.007920023063267223e+00	1.123506193930930763e+01	2.283898757504818988e+01	1.127628070475195798e+01
6.251622046063020077e-01	8.937940609942831571e+00	1.116313690199811504e+01	2.270391884083443301e+01	1.117227546816345196e+01
6.384107364693620834e-01	8.868252287921430721e+00	1.109095468786723515e+01	2.256771053993918486e+01	1.106932439538395485e+01
6.519400332206916060e-01	8.798862048912754474e+00	1.101852587934698846e+01	2.243037819167051694e+01	1.096742741345871508e+01
6.657560448722088520e-01	8.729788861174824888e+00	1.094587030628331625e+01	2.229195274059084042e+01	1.086659929749013642e+01
6.798648475293831428e-01	8.661011369672408478e+00	1.087297836710572696e+01	2.215242258864245528e+01	1.076679273444841201e+01
6.942726460634290886e-01	8.592520992871230945e+00	1.079984824321962478e+01	2.201178587772816186e+01	1.066797591846130899e+01
7.089857768401280902e-01	8.524324703709300621e+00	1.072649103747797561e+01	2.187006150390151404e+01	1.057014457098220817e+01
7.240107105064845783e-01	8.456441222031758187e+00	1.065292822192911792e+01	2.172728574617425679e+01	1.047332365521929987e+01
7.393540548364295750e-01	8.388848797016320802e+00	1.057914848265783903e+01	2.158344434374015464e+01	1.037745439273320081e+01
7.550225576368376768e-01	8.321539642360669120e+00	1.050515224198261599e+01	2.143854230695082208e+01	1.028251690664559703e+01
7.710231097151263313e-01	8.254520714971185669e+00	1.043095080956552323e+01	2.129260037857045873e+01	1.018850575495186028e+01
7.873627479097432547e-01	8.187810473040718406e+00	1.035656710009015846e+01	2.114566053556710656e+01	1.009544008045434360e+01
8.040486581848822478e-01	8.121386823128606380e+00	1.028198872989274903e+01	2.099770706837357537e+01	1.000327040735201400e+01
8.210881787907730045e-01	8.055242736652720836e+00	1.020721654383295984e+01	2.084874694905402492e+01	9.911970800560936823e+00
8.384888034909533383e-01	7.989385159464561070e+00	1.013226416252629214e+01	2.069880872378450576e+01	9.821542054937882682e+00
8.562581848579297050e-01	7.923832265615744497e+00	1.005715353332420570e+01	2.054793388234623919e+01	9.732001863188942892e+00
8.744041376386801900e-01	7.858561682045525743e+00	9.981873475141256336e+00	2.039611159162281595e+01	9.643300234552073746e+00
8.929346421914835519e-01	7.793567097446918446e+00	9.906424625432929787e+00	2.024334835974284985e+01	9.555414697621866793e+00
9.118578479955742333e-01	7.728855441607089816e+00	9.830821986783586652e+00	2.008967965912984255e+01	9.468348002225271287e+00
9.311820772351820930e-01	7.664444611574866784e+00	9.755087574075794521e+00	1.993514671769565183e+01	9.382111653477645419e+00
9.509158284595223831e-01	7.600311989103799348e+00	9.679210124730278864e+00	1.977974190530261822e+01	9.296661900885675678e+00
9.710677803203476843e-01	7.536451948136853041e+00	9.603192355364942756e+00	1.962347848535621253e+01	9.211980352607072930e+00
9.916467953887124764e-01	7.472871409179118629e+00	9.527047256929920493e+00	1.946638602850535449e+01	9.128061752251019456e+00
1.012661924052612461e+00	7.409587970440563609e+00	9.450800708067212952e+00	1.930852090785684183e+01	9.044925921143001091e+00
1.034122408497234025e+00	7.346578830568311069e+00	9.374438796234615623e+00	1.914986805323525942e+01	8.962526155963848495e+00
1.056037686769547568e+00	7.283839008754487310e+00	9.297965626906199432e+00	1.899044562077580522e+01	8.880845007400237634e+00
1.078417396929040706e+00	7.221375414842756690e+00	9.221395744439387698e+00	1.883028988883436483e+01	8.799880085351842851e+00
1.101271381286411888e+00	7.159205347089827143e+00	9.144754810945087797e+00	1.866945771721491454e+01	8.719650633158067876e+00
1.124609690732098155e+00	7.097305864333104175e+00	9.068029233999324035e+00	1.850793707767825680e+01	8.640109694274629604e+00
1.148442589156521310e+00	7.035672597230594683e+00	8.991223460936634382e+00	1.834574787426177878e+01	8.561241086400979583e+00
1.172780557964020254e+00	6.974312451372871813e+00	8.914352303006252143e+00	1.818292793712155131e+01	8.483045470503046914e+00
1.197634300682437924e+00	6.913242401424391836e+00	8.837442671156756191e+00	1.801954040989215144e+01	8.405537970756924437e+00
1.223014747670394531e+00	6.852439433277374370e+00	8.760480819965682286e+00	1.785557377489078590e+01	8.328676369860037454e+00
1.248933060924324545e+00	6.791899746361342416e+00	8.683470104417263968e+00	1.769104505444589037e+01	8.252442095009421053e+00
1.275400638987373769e+00	6.731630233254207063e+00	8.606429566481773819e+00	1.752600751979691651e+01	8.176842391358693618e+00
1.302429121962336289e+00	6.671647570266251215e+00	8.529383038000254658e+00	1.736051499784663221e+01	8.101885855492927391e+00
1.330030396630823342e+00	6.611928688918312425e+00	8.452317618537717792e+00	1.719456065272296641e+01	8.027532501494999195e+00
1.358216601680917401e+00	6.552470331677419324e+00	8.375238985121495006e+00	1.702816949598355123e+01	7.953770448260077508e+00
1.387000133045610317e+00	6.493279383553480777e+00	8.298162726279887380e+00	1.686138397520067045e+01	7.880598409614639088e+00
1.416393649354382722e+00	6.434372203124929968e+00	8.221118021527985320e+00	1.669427766057124884e+01	7.808033414342921752e+00
1.446410077500298819e+00	6.375725732289528658e+00	8.144087662073269840e+00	1.652683039364882234e+01	7.736030305781393501e+00
1.477062618325094778e+00	6.317337214326376404e+00	8.067079892534518848e+00	1.635907579419126989e+01	7.664581572390225084e+00
1.508364752424737887e+00	6.259213526164955077e+00	7.990110724195793601e+00	1.619105870896051869e+01	7.593687283853468806e+00
1.540330246078020826e+00	6.201370711392210744e+00	7.913208952515801364e+00	1.602285375163041437e+01	7.523359127525831802e+00
1.572973157300799230e+00	6.143785766028326378e+00	7.836357646654922071e+00	1.585444115636566131e+01	7.453559499882626227e+00
1.606307842028519950e+00	6.086456398505345256e+00	7.759564974192811881e+00	1.568585514692391492e+01	7.384278122484191798e+00
1.640348960429783842e+00	6.029389472378827719e+00	7.682846709252544315e+00	1.551714015343363329e+01	7.315514434559634793e+00
1.675111483353698638e+00	5.972600733041482535e+00	7.606234070050470031e+00	1.534838077144882895e+01	7.247284715829363400e+00
1.710610698913865635e+00	5.916067263000689636e+00	7.529707428479884612e+00	1.517954781925854846e+01	7.179548296197668655e+00
1.746862219211904321e+00	5.859787203124346533e+00	7.453276490945885513e+00	1.501068188616321741e+01	7.112295750641029812e+00
1.783881987203444153e+00	5.803767414971558125e+00	7.376957536518359504e+00	1.484182885977578437e+01	7.045530636311456263e+00
1.821686283709640364e+00	5.748023312890876646e+00	7.300780537613690058e+00	1.467306961891369177e+01	6.979265957539020349e+00
1.860291734577268707e+00	5.692532150348250219e+00	7.224727116753425271e+00	1.450438162605197334e+01	6.913462099443747455e+00
1.899715317990559260e+00	5.637292450116745179e+00	7.148805727842352908e+00	1.433579872803511002e+01	6.848112166091308239e+00
1.939974371937992492e+00	5.582311061333755653e+00	7.073034668841395423e+00	1.416737558075890568e+01	6.783219079465427015e+00
1.981086601837313665e+00	5.527603098734076070e+00	6.997442155490735338e+00	1.399918755017135297e+01	6.718794995413003512e+00
2.023070088322156401e+00	5.473146010304423825e+00	6.922009834510943094e+00	1.383121162031391549e+01	6.654803176542747778e+00
2.065943295193674256e+00	5.418938668633460409e+00	6.846746798225992414e+00	1.366348421066394003e+01	6.591236823867200556e+00
2.109725077540682392e+00	5.364987907744624529e+00	6.771671252219563009e+00	1.349605928112126385e+01	6.528099357023209315e+00
2.154434690031884259e+00	5.311308553930254028e+00	6.696810777948013715e+00	1.332901121460678517e+01	6.465400785551732810e+00
2.200091795383838367e+00	5.257878296578831545e+00	6.622147146648509342e+00	1.316231650908884454e+01	6.403107992736772225e+00
2.246716473008353532e+00	5.204696316606863604e+00	6.547689082288582263e+00	1.299601023439120695e+01	6.341214878523695475e+00
2.294329227843169949e+00	5.151769429626679830e+00	6.473455287215561071e+00	1.283014854920064352e+01	6.279723985597267522e+00
2.342950999369765697e+00	5.099112186680038405e+00	6.399472393681875815e+00	1.266480168544410745e+01	6.218646447169235536e+00
2.392603170822269476e+00	5.046702567830682717e+00	6.325722169988586607e+00	1.249994688379400287e+01	6.157949235426016799e+00
2.443307578591545681e+00	4.994540017589033987e+00	6.252213762549049925e+00	1.233561956611070620e+01	6.097626525676631104e+00
2.495086521828544068e+00	4.942631327994541302e+00	6.178963051035004206e+00	1.217186484057384632e+01	6.037681192085613269e+00
2.547962772251191943e+00	4.890990795606064978e+00	6.105999751621244975e+00	1.200876545715119725e+01	5.978126555864129443e+00
2.601959584159102334e+00	4.839596736904689500e+00	6.033304335708063348e+00	1.184629280804404061e+01	5.918929821354114829e+00
2.657100704660517732e+00	4.788448815361021182e+00	5.960883117403907860e+00	1.168447088279860324e+01	5.860084673836596814e+00
2.713410384115983121e+00	4.737553791089013977e+00	5.888755217059200575e+00	1.152335738105815466e+01	5.801594981932113981e+00
2.770913386803353973e+00	4.686925730419943648e+00	5.816948328264998302e+00	1.136302732625095580e+01	5.743472697383928072e+00
2.829635001808795014e+00	4.636543336323629028e+00	5.745440624492708537e+00	1.120344167623521869e+01	5.685687197403391124e+00
2.889601054148607684e+00	4.586406440492292624e+00	5.674241448738927218e+00	1.104463549528592559e+01	5.628234435981619654e+00
2.950837916126738403e+00	4.536521761983378198e+00	5.603367743009163959e+00	1.088665842361618452e+01	5.571116995459330923e+00
3.013372518932980082e+00	4.486903167690103444e+00	5.532845790571370159e+00	1.072957987032566862e+01	5.514346380289111060e+00
3.077232364486974792e+00	4.437529796188934839e+00	5.462655175937539020e+00	1.057336503405647399e+01	5.457894110384764019e+00
3.142445537533192557e+00	4.388401594277021367e+00	5.392803147370323735e+00	1.041804037627649926e+01	5.401755573409134037e+00
3.209040717992251324e+00	4.339525228921456979e+00	5.323306303555715324e+00	1.026365372691688016e+01	5.345934183949141882e+00
3.277047193573979555e+00	4.290914397916846923e+00	5.254192017828495764e+00	1.011027809805521294e+01	5.290442996017141297e+00
3.346494872657771680e+00	4.242548734867273907e+00	5.185438222406388853e+00	9.957871724081138964e+00	5.235253132651894070e+00
3.417414297445926952e+00	4.194428239932438629e+00	5.117050923116839733e+00	9.806455745069314389e+00	5.180360125854996056e+00
3.489836657395697816e+00	4.146559515103507287e+00	5.049047020133847319e+00	9.656078004494405675e+00	5.125768890913560583e+00
3.563793802936028321e+00	4.098956123134970042e+00	4.981452414489153213e+00	9.506806322788744268e+00	5.071491168803526683e+00
3.639318259474964901e+00	4.051598258192726121e+00	4.914245116443491490e+00	9.358597551637027223e+00	5.017499957347131279e+00
3.716443241703908829e+00	4.004485904787895123e+00	4.847430428518477719e+00	9.211469636103675640e+00	4.963791612313229074e+00
3.795202668205029717e+00	3.957625584379749650e+00	4.781023936318449685e+00	9.065465257163054957e+00	4.910370793161874303e+00
3.875631176368202979e+00	3.911030759672645463e+00	4.715050842506116169e+00	8.920648486746912909e+00	4.857249907663248933e+00
3.957764137624104617e+00	3.864682263097492410e+00	4.649489814627502327e+00	8.776977358046853084e+00	4.804403726067643987e+00
4.041637673000112230e+00	3.818579983832326441e+00	4.584345559046170138e+00	8.634467451154407058e+00	4.751828827539856803e+00
4.127288669005872102e+00	3.772730345864789392e+00	4.519631591316304764e+00	8.493153422420972376e+00	4.699529041543802244e+00
4.214754793855508552e+00	3.727146741651373052e+00	4.455372208323599814e+00	8.353095452125723241e+00	4.647516597387745030e+00
4.304074514033643162e+00	3.681810740689822392e+00	4.391546371471310550e+00	8.214250434820915103e+00	4.595768500514330945e+00
4.395287111212434539e+00	3.636722041668728700e+00	4.328157930399319397e+00	8.076630700479066505e+00	4.544281676874684983e+00
4.488432699527177050e+00	3.591886954370314466e+00	4.265219446122247682e+00	7.940267324234360657e+00	4.493059970899980549e+00
4.583552243217979161e+00	3.547318818926913586e+00	4.202754336393925705e+00	7.805216790624535328e+00	4.442115956879058025e+00
4.680687574645305382e+00	3.503000071374062330e+00	4.140741214667680303e+00	7.671432623570765053e+00	4.391427764553934132e+00
4.779881412687339015e+00	3.458930105684668632e+00	4.079183596341243501e+00	7.538925800787594333e+00	4.340993234160994696e+00
4.881177381527165515e+00	3.415115097378940590e+00	4.018092810470808018e+00	7.407722596784047653e+00	4.290816266679822633e+00
4.984620029838152888e+00	3.371568340789833140e+00	3.957490752704725168e+00	7.277873541746051167e+00	4.240909094005855806e+00
5.090254850375883322e+00	3.328273304894124873e+00	3.897356398073026362e+00	7.149331413180400219e+00	4.191251340034608752e+00
5.198128299985286915e+00	3.285228939665096881e+00	3.837691476910095378e+00	7.022101145327517280e+00	4.141840657442997120e+00
5.308287820031761584e+00	3.242441267520550063e+00	3.778508157127169920e+00	6.896211725340001486e+00	4.092682462430747847e+00
5.420781857265304815e+00	3.199923516093158948e+00	3.719827283246549765e+00	6.771709586112460322e+00	4.043789046700929646e+00
5.535659885126738011e+00	3.157660411496673536e+00	3.661627740401322662e+00	6.648544679399452484e+00	3.995141269681075080e+00
5.652972425505520704e+00	3.115650287205023794e+00	3.603909261274458764e+00	6.526715853279039692e+00	3.946736229388758233e+00
5.772771070958623518e+00	3.073898994112754579e+00	3.546682221538997926e+00	6.406245182211902645e+00	3.898579334854953338e+00
5.895108507400270703e+00	3.032419636685257380e+00	3.489967578656062219e+00	6.287179104790606488e+00	3.850683939902927122e+00
6.020038537272556667e+00	2.991198495910558197e+00	3.433746255847997642e+00	6.169472134071159353e+00	3.803033081084334910e+00
6.147616103207036886e+00	2.950233074986174930e+00	3.378015028798925012e+00	6.053114019299496107e+00	3.755622494598109817e+00
6.277897312187818990e+00	2.909529035076797499e+00	3.322783466380133444e+00	5.938124300190713356e+00	3.708457966066936340e+00
6.410939460226692255e+00	2.869099250098084308e+00	3.268071153052012789e+00	5.824544305108111608e+00	3.661553137948276415e+00
6.546801057561175696e+00	2.828931955026671385e+00	3.213861016727337816e+00	5.712331783879229796e+00	3.614893911278911798e+00
6.685541854386596761e+00	2.789023553734579774e+00	3.160147885100908827e+00	5.601471781559156149e+00	3.568475030943354831e+00
6.827222867133428963e+00	2.749379502640238115e+00	3.106940341498773073e+00	5.491980728262793043e+00	3.522302223693571044e+00
6.971906405301561804e+00	2.710012264627690293e+00	3.054256547801214250e+00	5.383895400040748846e+00	3.476389016960507394e+00
7.119656098863218929e+00	2.670912563362685788e+00	3.002082738956163954e+00	5.277180533542748186e+00	3.430724835468085043e+00
7.270536926246596643e+00	2.632075363687381486e+00	2.950410528762176465e+00	5.171812538601016307e+00	3.385303039103055411e+00
7.424615242912579127e+00	2.593505904560674313e+00	2.899246650524867075e+00	5.067801675204260725e+00	3.340128842774174878e+00
7.581958810536977289e+00	2.555215965403313305e+00	2.848607933083818988e+00	4.965181259923142854e+00	3.295215597264392837e+00
7.742636826811277295e+00	2.517199464922212915e+00	2.798484878159339218e+00	4.863925291032609621e+00	3.250556617654455582e+00
7.906719955874896399e+00	2.479449501509345399e+00	2.748866864243143748e+00	4.764005692575109308e+00	3.206144448150840987e+00
8.074280359392364659e+00	2.441971085851362133e+00	2.699759555114554566e+00	4.665429481350603425e+00	3.161984170224969137e+00
8.245391728289099831e+00	2.404774920396569371e+00	2.651176364059555812e+00	4.568220113921548808e+00	3.118087300135227391e+00
8.420129315159766037e+00	2.367859049429142715e+00	2.603113119613317483e+00	4.472362903882908469e+00	3.074452068668899418e+00
8.598569967363353328e+00	2.331214163209729850e+00	2.555555328142496307e+00	4.377820692309345674e+00	3.031068796149963163e+00
8.780792160819700598e+00	2.294845037951357636e+00	2.508508292724902500e+00	4.284599631779816953e+00	2.987943153474034386e+00
8.966876034522190508e+00	2.258760749657410472e+00	2.461982604375628103e+00	4.192716512485248792e+00	2.945085013220601233e+00
9.156903425781846906e+00	2.222964683802687080e+00	2.415981242885482327e+00	4.102171848397904164e+00	2.902498758232055387e+00
9.350957906218383187e+00	2.187444439269576435e+00	2.370484699702221310e+00	4.012917547143598718e+00	2.860171019626805755e+00
9.549124818513869073e+00	2.152204550089261037e+00	2.325497494142182653e+00	3.924957357896080801e+00	2.818107764652952874e+00
9.751491313945386707e+00	2.117252254036256165e+00	2.281027899355350108e+00	3.838303110584490696e+00	2.776318131085393492e+00
9.958146390713055851e+00	2.082596274094551170e+00	2.237085355208078941e+00	3.752968164194356415e+00	2.734812061201470357e+00
1.016918093308028581e+01	2.048221829911724079e+00	2.193646392743055618e+00	3.668895682283694448e+00	2.693573273530656564e+00
1.038468775134352740e+01	2.014132688769845636e+00	2.150714076532152408e+00	3.586086080490358707e+00	2.652606946764800799e+00
1.060476162264905220e+01	1.980334969232317777e+00	2.108294508593813621e+00	3.504546031106758885e+00	2.611920993735418417e+00
1.082949933267470577e+01	1.946839624765921428e+00	2.066400410893384887e+00	3.424296014651824649e+00	2.571528994362604070e+00
1.105899971819510696e+01	1.913633552190227238e+00	2.025010829736108242e+00	3.345285156430737761e+00	2.531416661163147008e+00
1.129336371054865928e+01	1.880718035562678248e+00	1.984124888880482773e+00	3.267505215467610302e+00	2.491586280317093838e+00
1.153269438002595848e+01	1.848098364724462428e+00	1.943747423628652937e+00	3.190960132682543193e+00	2.452045235324512795e+00
1.177709698119876869e+01	1.815785565516548017e+00	1.903890553576954359e+00	3.115668345640431269e+00	2.412807178857435897e+00
1.202667899920963279e+01	1.783771606740405913e+00	1.864540193024222248e+00	3.041593618749275585e+00	2.373863933542963434e+00
1.228155019704247053e+01	1.752053694586642729e+00	1.825689682422099613e+00	2.968715633819257516e+00	2.335213405391713959e+00
1.254182266379493349e+01	1.720636486350978656e+00	1.787342336061109371e+00	2.897034674924645614e+00	2.296861780021258959e+00
1.280761086397376225e+01	1.689528813832384735e+00	1.749507570326865880e+00	2.826563905650034680e+00	2.258820716315696586e+00
1.307903168783481007e+01	1.658731573054105457e+00	1.712183528578463454e+00	2.757292823386304992e+00	2.221092403814409977e+00
1.335620450278989146e+01	1.628236040838610510e+00	1.675355162224429817e+00	2.689183740362597330e+00	2.183667805159386077e+00
1.363925120590300821e+01	1.598046331006661047e+00	1.639024970111223611e+00	2.622235232070365019e+00	2.146552904489820612e+00
1.392829627749924271e+01	1.568168250088166404e+00	1.603197758094694114e+00	2.556450603398863652e+00	2.109755840228445312e+00
1.422346683590943783e+01	1.538611105982197413e+00	1.567882757946941874e+00	2.491841913587653945e+00	2.073288609549429395e+00
1.452489269337533528e+01	1.509363108633723138e+00	1.533061502844625501e+00	2.428365610678916209e+00	2.037138867480469795e+00
1.483270641313931115e+01	1.480426204194351891e+00	1.498733777675321788e+00	2.366015162961486062e+00	2.001310423289352602e+00
1.514704336774399174e+01	1.451804878284710609e+00	1.464902344109331400e+00	2.304789629334555556e+00	1.965809756431417643e+00
1.546804179856737527e+01	1.423508108759635959e+00	1.431575635723686402e+00	2.244699150091383544e+00	1.930648375801833350e+00
1.579584287661962527e+01	1.395532706853014115e+00	1.398746341902619372e+00	2.185722712445434812e+00	1.895823816040169474e+00
1.613059076462826624e+01	1.367873671461036222e+00	1.366405062157993955e+00	2.127835424526316022e+00	1.861331911124533445e+00
1.647243268043913034e+01	1.340534672332569510e+00	1.334553438527225966e+00	2.071034155017755118e+00	1.827178282980192359e+00
1.682151896176083383e+01	1.313520672958315094e+00	1.303194968128054576e+00	2.015319721769170513e+00	1.793370114118099989e+00
1.717800313228151410e+01	1.286840165415354509e+00	1.272337503884410026e+00	1.960701268815749465e+00	1.759918711839346672e+00
1.754204196918641045e+01	1.260483265886323423e+00	1.241965264253913626e+00	1.907141621106029694e+00	1.726813737542824745e+00
1.791379557210657580e+01	1.234450929666905949e+00	1.212076534227011004e+00	1.854631420473104031e+00	1.694057610095682120e+00
1.829342743352862044e+01	1.208746665719572233e+00	1.182672879268005461e+00	1.803167726814149718e+00	1.661655979721006871e+00
1.868110451069663469e+01	1.183375871573181470e+00	1.153758216172965145e+00	1.752752017222240166e+00	1.629616776864858174e+00
1.907699729903783492e+01	1.158343778450990458e+00	1.125336030273027532e+00	1.703384702215716695e+00	1.597947784834114815e+00
1.948127990714428748e+01	1.133640702754077134e+00	1.097390930986521962e+00	1.655030005452588160e+00	1.566638479354065971e+00
1.989413013334363711e+01	1.109269232954972484e+00	1.069923240707028267e+00	1.607682707569008107e+00	1.535693134304715102e+00
2.031572954389253738e+01	1.085232466776504534e+00	1.042933956221486769e+00	1.561338896361327500e+00	1.505116814378973045e+00
2.074626355282718393e+01	1.061532845175679807e+00	1.016423736838303338e+00	1.515994750636609822e+00	1.474913568171454692e+00
2.118592150350598402e+01	1.038181639298163539e+00	9.904021481878981792e-01	1.471660147121259365e+00	1.445099137847339898e+00
2.163489675188052530e+01	1.015162929361151489e+00	9.648479050178445648e-01	1.428291088479063387e+00	1.415655024913864635e+00
2.209338675153079734e+01	9.924813481025578366e-01	9.397635694862985778e-01	1.385886118159470826e+00	1.386588721238179778e+00
2.256159314050291798e+01	9.701392979972217612e-01	9.151492551344698745e-01	1.344439770045002147e+00	1.357904348890271118e+00
2.303972182998693796e+01	9.481400153178787260e-01	8.910060872263961818e-01	1.303948548187461753e+00	1.329607075358288704e+00
2.352798309487394945e+01	9.264890140209649516e-01	8.673377554179492188e-01	1.264413387616914131e+00	1.301704862824047959e+00
2.402659166623228870e+01	9.051787784695335404e-01	8.441321671656701886e-01	1.225806083758627096e+00	1.274189859741549080e+00
2.453576682574353285e+01	8.842094133679283541e-01	8.213866431180200101e-01	1.188116145275227131e+00	1.247063612454389681e+00
2.505573250213976877e+01	8.635825262600869134e-01	7.991003454620275726e-01	1.151336564429092935e+00	1.220329465832927562e+00
2.558671736968459953e+01	8.432998784957042027e-01	7.772725511478255633e-01	1.115460420608346714e+00	1.193991003106865234e+00
2.612895494874115698e+01	8.233641796466711904e-01	7.559036490901127614e-01	1.080479631832206300e+00	1.168053009075380233e+00
2.668268370847132687e+01	8.037782643530767546e-01	7.349942394579001004e-01	1.046399329234648512e+00	1.142520273370258410e+00
2.724814717171165412e+01	7.845352167210193350e-01	7.145331156120339200e-01	1.013184105291414339e+00	1.117385554088273114e+00
2.782559402207125743e+01	7.656357032475896718e-01	6.945182307574696567e-01	9.808280257824303350e-01	1.092650986144963365e+00
2.841527821329990999e+01	7.470804933842442042e-01	6.749476468518325056e-01	9.493221501150751473e-01	1.068318905419100462e+00
2.901745908097360527e+01	7.288703281152280056e-01	6.558195416797385491e-01	9.186580096234836512e-01	1.044391659177820397e+00
2.963240145654703639e+01	7.110060515065405040e-01	6.371320463731291461e-01	8.888269136404564064e-01	1.020871684249607947e+00
3.026037578382308624e+01	6.934897917081579433e-01	6.188848438319136669e-01	8.598230133969240185e-01	9.977630208917698251e-01
3.090165823789054755e+01	6.763198944259485312e-01	6.010732144621100392e-01	8.316327184043855736e-01	9.750651759529849194e-01
3.155653084658241525e+01	6.594926880593448004e-01	5.836898847893674525e-01	8.042376851317358799e-01	9.527750356085362693e-01
3.222528161450811979e+01	6.430080951056033056e-01	5.667319154039672791e-01	7.776275694628032031e-01	9.308938858469606448e-01
3.290820464971425707e+01	6.268659068555182401e-01	5.501963531114497652e-01	7.517922414127027331e-01	9.094228616893187400e-01
3.360560029302952501e+01	6.110657844732174659e-01	5.340799936823955596e-01	7.267210493440625640e-01	8.883630182183497315e-01
3.431777525015100849e+01	5.956072624421739903e-01	5.183794586048613429e-01	7.024030162505814356e-01	8.677152396861388395e-01
3.504504272652905428e+01	5.804897597828816425e-01	5.030912199596335732e-01	6.788269831759232709e-01	8.474802953076546741e-01
3.578772256511129513e+01	5.657126052593632881e-01	4.882115279113002360e-01	6.559813580197402239e-01	8.276587379655391263e-01
3.654614138700539883e+01	5.512751871954291172e-01	4.737369599749176041e-01	6.338554657164078288e-01	8.082514258295527831e-01
3.732063273512289925e+01	5.371769822931831140e-01	4.596641104977176040e-01	6.124386396090397700e-01	7.892593068888226204e-01
3.811153722086707774e+01	5.234146644580884855e-01	4.459863249809027375e-01	5.917145895897462093e-01	7.706797183026329323e-01
3.891920267392951160e+01	5.099869230815954335e-01	4.326993567012247244e-01	5.716714142296962509e-01	7.525126523062253270e-01
3.974398429526115706e+01	4.968925156565546231e-01	4.197988939151635068e-01	5.522970208568944717e-01	7.347580759361300728e-01
4.058624481328516254e+01	4.841300990951954430e-01	4.072806689682222370e-01	5.335796544235640315e-01	7.174159020837425071e-01
4.144635464342010778e+01	4.716982377674014404e-01	3.951403118220627730e-01	5.155074401466298584e-01	7.004859887604404367e-01
4.232469205098434628e+01	4.595954123483229070e-01	3.833733071294264660e-01	4.980682593718299134e-01	6.839681138668384230e-01
4.322164331755172384e+01	4.478200290062694933e-01	3.719750591236639647e-01	4.812499794096892769e-01	6.678619233124912791e-01
4.413760291083362119e+01	4.363704285319212062e-01	3.609409261003471148e-01	4.650404885669638944e-01	6.521670137478995377e-01
4.507297365816076251e+01	4.252448947952555125e-01	3.502662852427780305e-01	4.494278971592551297e-01	6.368829383949070611e-01
4.602816692364147144e+01	4.144416620321479949e-01	3.399462928467777423e-01	4.343998361381902762e-01	6.220090459841589592e-01
4.700360278907441369e+01	4.039589203654435079e-01	3.299761215508558165e-01	4.199441074888256020e-01	6.075447037937072858e-01
4.799971023869517950e+01	3.937948194509486854e-01	3.203510283357465793e-01	4.060488815648943817e-01	5.934893463398510649e-01
4.901692734783804895e+01	3.839474700341428126e-01	3.110662645918680358e-01	3.927024390283481714e-01	5.798423862549815233e-01
5.005570147559598126e+01	3.744149435832884176e-01	3.021170007679129244e-01	3.798929655737271482e-01	5.666031527798014444e-01
5.111648946156338980e+01	3.651956997576580322e-01	2.934987831962332372e-01	3.676092791677206262e-01	5.537714398622627376e-01
5.219975782674825382e+01	3.562905369408690959e-01	2.852097907916844588e-01	3.558446531804280166e-01	5.413501716785318330e-01
5.330598297874255564e+01	3.476969537477683225e-01	2.772446356392028188e-01	3.445866440612473935e-01	5.293380110237322356e-01
5.443565142123959077e+01	3.394128600453273359e-01	2.695982915972500726e-01	3.338234111788198621e-01	5.177340793325837520e-01
5.558925996799251124e+01	3.314362855833611343e-01	2.622659088965296204e-01	3.235435312846262623e-01	5.065376744143784693e-01
5.676731596130657209e+01	3.237652398877486348e-01	2.552427250588402696e-01	3.137358823495745019e-01	4.957481521864073315e-01
5.797033749516177181e+01	3.163976715010690666e-01	2.485239228991470428e-01	3.043893461614733398e-01	4.853647703693468873e-01
5.919885364306400533e+01	3.093361281644159688e-01	2.421094955503825530e-01	2.955004484702774548e-01	4.753928137351957628e-01
6.045340469072480261e+01	3.025828262954203263e-01	2.359990491483877351e-01	2.870650961198050743e-01	4.658371974701370211e-01
6.173454237367209885e+01	2.961328749017772544e-01	2.301848459874480668e-01	2.790678095848792006e-01	4.566935850459788448e-01
6.304283011989645757e+01	2.899834443714606746e-01	2.246612843297638717e-01	2.714965430561012694e-01	4.479602456276542966e-01
6.437884329763940627e+01	2.841415117794259815e-01	2.194328778859122031e-01	2.643550052044512100e-01	4.396483700151880281e-01
6.574316946843353549e+01	2.786083860484990793e-01	2.144981451406008655e-01	2.576374581288256582e-01	4.317617008477194207e-01
6.713640864550379206e+01	2.733773237359107267e-01	2.098475148101922871e-01	2.513259340054836977e-01	4.242934856750474326e-01
6.855917355764610477e+01	2.684599451899903899e-01	2.054902003725583570e-01	2.454314217231544637e-01	4.172612294968104374e-01
7.001208991869765441e+01	2.638547859135557672e-01	2.014219072041302239e-01	2.399440020530914375e-01	4.106652211300060862e-01
7.149579670271769771e+01	2.595621906260720535e-01	1.976402649459881311e-01	2.348568680700600653e-01	4.045081391438674623e-01
7.301094642500031284e+01	2.555944556592407713e-01	1.941549503306580216e-01	2.301815067528441006e-01	3.988086019373810465e-01
7.455820542904223203e+01	2.519476735792365862e-01	1.909591542483985160e-01	2.259042654175039688e-01	3.935637336555872778e-01
7.613825417959219521e+01	2.486364900766858399e-01	1.880647693233421514e-01	2.220398572974006945e-01	3.887954094428520690e-01
7.775178756191070306e+01	2.456639663467485024e-01	1.854719086755922675e-01	2.185850628538800744e-01	3.845101268986462206e-01
7.939951518737163383e+01	2.430373427253401664e-01	1.831847938689436794e-01	2.155427704503779518e-01	3.807200447041278468e-01
8.108216170554010205e+01	2.407765154003862484e-01	1.812202961427797354e-01	2.129349053520344370e-01	3.774542812873684094e-01
8.280046712286477373e+01	2.388858347380912184e-01	1.795795738251458051e-01	2.107595644796739776e-01	3.747213483713610627e-01
8.455518712812224180e+01	2.373810545243101033e-01	1.782750816133818195e-01	2.090317089046990762e-01	3.725450634810014705e-01
8.634709342475994731e+01	2.362816702069537034e-01	1.773228750067763204e-01	2.077715443634388370e-01	3.709543530316285476e-01
8.817697407028136070e+01	2.356088926462585054e-01	1.767405656367551092e-01	2.070014185207787183e-01	3.699805616410452025e-01
9.004563382282356088e+01	2.353864544725277064e-01	1.765481146704564741e-01	2.067469922311474528e-01	3.696585349237644369e-01
9.195389449507966617e+01	2.356420209855740466e-01	1.767692313170134977e-01	2.070393198474546059e-01	3.700285191073921509e-01
9.390259531572145590e+01	2.364085986973414599e-01	1.774327713598142231e-01	2.079169321957551608e-01	3.711380412900759374e-01
9.589259329848152902e+01	2.377245318189860346e-01	1.785727287562694776e-01	2.094258125718758967e-01	3.730419138320164585e-01
9.792476361905691817e+01	2.396330777626562158e-01	1.802278125663666075e-01	2.116187577674149556e-01	3.758016552946460975e-01
