# Data associated with arXiv:2208.14002
# 
# Scale-free velocity distribution, f(E), of a nfw1-2rhos4e6 dark matter distribution (see Eq. 2.7 and the surrounding discussion)
# 
# Published: 8/25/22, Jack Runburg and Kenny Kiriu, contact: runburg@hawaii.edu
# 
# 
# -----------------------------------------------------------------
# 
# 	 tilde E 		 | 		 tilde f
# 
# -----------------------------------------------------------------
6.944412415864362003e-05	1.035796791789915085e+10
7.038156879579440263e-05	9.935196277756055832e+09
7.133166812709149248e-05	9.518372042099428177e+09
7.229459297722660256e-05	9.110043757791185379e+09
7.327051647673489608e-05	8.718026335827823639e+09
7.425961409311614245e-05	8.337387255220127106e+09
7.526206366237757372e-05	7.973356493468190193e+09
7.627804542100082670e-05	7.625210708334527969e+09
7.730774203834148172e-05	7.292253780266443253e+09
7.835133864946526388e-05	6.973822928367054939e+09
7.940902288842670710e-05	6.669286866419581413e+09
8.048098492199843982e-05	6.378042022658804893e+09
8.156741748385366712e-05	6.099507746136507988e+09
8.266851590921195955e-05	5.833126756929496765e+09
8.378447816995016474e-05	5.578371122228894234e+09
8.491550491018960895e-05	5.334734933614847183e+09
8.606179948236154027e-05	5.101732636661095619e+09
8.722356798375959538e-05	4.878898525808806419e+09
8.840101929358677095e-05	4.665790766558361053e+09
8.959436511049993540e-05	4.461986718702434540e+09
9.080381999066353626e-05	4.267078377342730999e+09
9.202960138631423770e-05	4.080677405830992699e+09
9.327192968484798101e-05	3.902414065599018574e+09
9.453102824843326248e-05	3.731932937282713413e+09
9.580712345415859778e-05	3.568895022495597363e+09
9.710044473472311736e-05	3.412976040152612209e+09
9.841122461967435875e-05	3.263863351503454208e+09
9.973969877720409763e-05	3.121260714123686314e+09
1.010861060565063920e-04	2.984885583911313534e+09
1.024506885307091694e-04	2.854465308714980125e+09
1.038336915403824466e-04	2.729739165016755581e+09
1.052353637376361392e-04	2.610459730519649506e+09
1.066559571308111460e-04	2.496389817841445923e+09
1.080957271297732500e-04	2.387301461346078396e+09
1.095549325918197700e-04	2.282976865482504845e+09
1.110338358682032175e-04	2.183208252027006149e+09
1.125327028512849303e-04	2.087797388864480495e+09
1.140518030223222043e-04	1.996553895542358398e+09
1.155914094999031555e-04	1.909295304396853924e+09
1.171517990890320762e-04	1.825848079597176313e+09
1.187332523308784850e-04	1.746046221691277027e+09
1.203360535531980576e-04	1.669730331554620266e+09
1.219604909214308714e-04	1.596747941876798630e+09
1.236068564904927954e-04	1.526953635224750042e+09
1.252754462572612288e-04	1.460208688230890751e+09
1.269665602137731611e-04	1.396379735779876471e+09
1.286805024011378304e-04	1.335339106465637922e+09
1.304175809641766907e-04	1.276965410829450846e+09
1.321781082068029952e-04	1.221142243008104563e+09
1.339624006481447086e-04	1.167758108993986607e+09
1.357707790794278791e-04	1.116706602406668425e+09
1.376035686216242095e-04	1.067885769363478303e+09
1.394610987838788754e-04	1.021198199919617414e+09
1.413437035227247144e-04	9.765508214640632868e+08
1.432517213020946599e-04	9.338544684181237221e+08
1.451854951541461328e-04	8.930240047887350321e+08
1.471453727409021100e-04	8.539779734049019814e+08
1.491317064167273524e-04	8.166383357166851759e+08
1.511448532916436437e-04	7.809305188866567612e+08
1.531851752955021989e-04	7.467833022832632065e+08
1.552530392430192066e-04	7.141286246491913795e+08
1.573488168996886529e-04	6.829012515409255028e+08
1.594728850485860349e-04	6.530387462091147900e+08
1.616256255580697391e-04	6.244815012125152349e+08
1.638074254503992205e-04	5.971725665301970243e+08
1.660186769712742130e-04	5.710573974237276316e+08
1.682597776603158386e-04	5.460837839535773993e+08
1.705311304224954192e-04	5.222018884224117398e+08
1.728331436005262761e-04	4.993640358929195404e+08
1.751662310482347807e-04	4.775245745517649055e+08
1.775308122049162407e-04	4.566398799468908310e+08
1.799273121706977934e-04	4.366682538828037381e+08
1.823561617829134009e-04	4.175697939078697562e+08
1.848177976935121993e-04	3.993063405362366438e+08
1.873126624475084947e-04	3.818414234017795920e+08
1.898412045624884767e-04	3.651401278802977800e+08
1.924038786091925696e-04	3.491690837397088408e+08
1.950011452931796536e-04	3.338963861244096756e+08
1.976334715375963600e-04	3.192915016326528788e+08
2.003013305670584324e-04	3.053252550663141012e+08
2.030052019926664340e-04	2.919697414016756415e+08
2.057455718981653970e-04	2.791982550605230927e+08
2.085229329272650020e-04	2.669852548568431735e+08
2.113377843721407786e-04	2.553063501644297242e+08
2.141906322631229953e-04	2.441382058330652118e+08
2.170819894596000732e-04	2.334584706419870257e+08
2.200123757421414551e-04	2.232457997143366933e+08
2.229823179058678501e-04	2.134797863695161045e+08
2.259923498550764419e-04	2.041409022628614902e+08
2.290430126991406848e-04	1.952104676485272050e+08
2.321348548497069149e-04	1.866706222803599834e+08
2.352684321191961768e-04	1.785043005349048674e+08
2.384443078206371263e-04	1.706951700398276150e+08
2.416630528688411207e-04	1.632276087496894300e+08
2.449252458829441633e-04	1.560866862464420795e+08
2.482314732903274641e-04	1.492581203249984384e+08
2.515823294319411763e-04	1.427282513366544247e+08
2.549784166690461057e-04	1.364840214631511867e+08
2.584203454913915001e-04	1.305129370053225309e+08
2.619087346268562954e-04	1.248030534384206980e+08
2.654442111525592385e-04	1.193429540115676820e+08
2.690274106074761590e-04	1.141217114020809233e+08
2.726589771065654759e-04	1.091288785779365003e+08
2.763395634564350047e-04	1.043544714970574975e+08
2.800698312725682817e-04	9.978893533451408148e+07
2.838504510981284027e-04	9.542313391487704217e+07
2.876821025243621430e-04	9.124833359150563180e+07
2.915654743126260451e-04	8.725618009770235419e+07
2.955012645180581077e-04	8.343868499021537602e+07
2.994901806149129664e-04	7.978820903014922142e+07
3.035329396235839842e-04	7.629744638234500587e+07
3.076302682393432610e-04	7.295941211826266348e+07
3.117829029628032471e-04	6.976742507043205202e+07
3.159915902321505936e-04	6.671509655158396065e+07
3.202570865571447594e-04	6.379631847476015985e+07
3.245801586549353665e-04	6.100524859975838661e+07
3.289615835876991720e-04	5.833630022236933559e+07
3.334021489021330863e-04	5.578413089240427315e+07
3.379026527708277393e-04	5.334363230663973838e+07
3.424639041355380755e-04	5.100991912802929431e+07
3.470867228523941291e-04	4.877831926014786959e+07
3.517719398390527371e-04	4.664436589332683384e+07
3.565203972238412578e-04	4.460378695221776515e+07
3.613329484969064124e-04	4.265249724028370529e+07
3.662104586633905851e-04	4.078659051023258269e+07
3.711538043986828514e-04	3.900233051031029224e+07
3.761638742057473394e-04	3.729614522948452085e+07
3.812415685745779268e-04	3.566461921516962349e+07
3.863878001437914193e-04	3.410448546261201799e+07
3.916034938644036615e-04	3.261262007664271444e+07
3.968895871658020239e-04	3.118603613879181072e+07
4.022470301239551419e-04	2.982187706251001358e+07
4.076767856318873362e-04	2.851741128301605955e+07
4.131798295724399398e-04	2.727002721483197063e+07
4.187571509933681068e-04	2.607722712221655995e+07
4.244097522847804717e-04	2.493662197061109915e+07
4.301386493589779325e-04	2.384592786340688169e+07
4.359448718327001214e-04	2.280296104457634687e+07
4.418294632118345317e-04	2.180563303047959134e+07
4.477934810785999032e-04	2.085194650780923665e+07
4.538379972812534133e-04	1.993999151433007419e+07
4.599640981263488867e-04	1.906794195546418428e+07
4.661728845735738894e-04	1.823405156002218649e+07
4.724654724332178553e-04	1.743665029886163026e+07
4.788429925662834440e-04	1.667414136898424290e+07
4.853065910872991881e-04	1.594499788699839637e+07
4.918574295698473079e-04	1.524775956436071359e+07
4.984966852548661622e-04	1.458103000429799594e+07
5.052255512617455499e-04	1.394347417104459181e+07
5.120452368022578504e-04	1.333381523164921068e+07
5.189569673973729253e-04	1.275083226929477043e+07
5.259619850969771094e-04	1.219335791951429471e+07
5.330615487025501227e-04	1.166027568533350527e+07
5.402569339928341629e-04	1.115051802446662448e+07
5.475494339525322591e-04	1.066306422782430798e+07
5.549403590040829408e-04	1.019693807748633809e+07
5.624310372425430976e-04	9.751206131538404152e+06
5.700228146736332395e-04	9.324975860073909163e+06
5.777170554549724809e-04	8.917393702493857592e+06
5.855151421405585402e-04	8.527643506008712575e+06
5.934184759285298380e-04	8.154944859137030318e+06
6.014284769122519745e-04	7.798551447547643445e+06
6.095465843347812806e-04	7.457749657542925328e+06
6.177742568467347152e-04	7.131857112782780081e+06
6.261129727676354980e-04	6.820221261030437425e+06
6.345642303507511737e-04	6.522218142509841360e+06
6.431295480515006541e-04	6.237251109247557819e+06
6.518104647994523533e-04	5.964749602061914280e+06
6.606085402739782534e-04	5.704168062181401066e+06
6.695253551836064009e-04	5.454984803838886321e+06
6.785625115491162847e-04	5.216700970795323141e+06
6.877216329904412831e-04	4.988839548056199215e+06
6.970043650174065830e-04	4.770944380947809666e+06
7.064123753243812870e-04	4.562579291249198839e+06
7.159473540888689922e-04	4.363327208076647483e+06
7.256110142741081835e-04	4.172789292853226885e+06
7.354050919357340470e-04	3.990584182379867882e+06
7.453313465325372674e-04	3.816347202144199982e+06
7.553915612414089297e-04	3.649729631590726320e+06
7.655875432764830185e-04	3.490398030855665915e+06
7.759211242125799461e-04	3.338033546778789721e+06
7.863941603129623878e-04	3.192331275342983659e+06
7.970085328614973140e-04	3.052999668847502675e+06
8.077661484992606491e-04	2.919759943642990664e+06
8.186689395656517780e-04	2.792345516977536026e+06
8.297188644440799165e-04	2.670501476248900406e+06
8.409179079122698327e-04	2.553984064138337504e+06
8.522680814972725732e-04	2.442560192069529556e+06
8.637714238352137185e-04	2.336006979583701584e+06
8.754300010358674220e-04	2.234111305851077661e+06
8.872459070521043724e-04	2.136669373122913763e+06
8.992212640542845839e-04	2.043486302151497453e+06
9.113582228096622382e-04	1.954375754256151384e+06
9.236589630668572181e-04	1.869159540790909668e+06
9.361256939454820234e-04	1.787667271981493104e+06
9.487606543309670031e-04	1.709736019958584104e+06
9.615661132746704210e-04	1.635209991135561606e+06
9.745443703993394947e-04	1.563940207227764418e+06
9.876977563099830111e-04	1.495784211041801143e+06
1.001028633010249630e-03	1.430605783450152958e+06
1.014539394324345594e-03	1.368274668886664556e+06
1.028232466324618044e-03	1.308666311561554903e+06
1.042110307764825298e-03	1.251661608112660469e+06
1.056175410519209030e-03	1.197146669031716418e+06
1.070430300027420045e-03	1.145012590172835859e+06
1.084877535745387657e-03	1.095155233427398838e+06
1.099519711602210074e-03	1.047475020081688883e+06
1.114359456463127809e-03	1.001876728706110967e+06
1.129399434598697205e-03	9.582693078218030278e+05
1.144642346160198564e-03	9.165656887775483774e+05
1.160090927661401377e-03	8.766826151174408151e+05
1.175747952466745438e-03	8.385404747979352251e+05
1.191616231286029984e-03	8.020631400329952594e+05
1.207698612675704762e-03	7.671778146194422152e+05
1.223997983546822000e-03	7.338148882115548477e+05
1.240517269679781770e-03	7.019077974360993830e+05
1.257259436245907391e-03	6.713928917594952509e+05
1.274227488335984452e-03	6.422093068382545607e+05
1.291424471495827841e-03	6.142988408252445515e+05
1.308853472268978061e-03	5.876058431694358587e+05
1.326517618746625698e-03	5.620770913527074736e+05
1.344420081124834314e-03	5.376616973727139411e+05
1.362564072269201610e-03	5.143109991457166034e+05
1.380952848287000717e-03	4.919784631585628376e+05
1.399589709106946250e-03	4.706195926123635145e+05
1.418477999066656463e-03	4.501918372126374743e+05
1.437621107507922524e-03	4.306545093564672279e+05
1.457022469379891166e-03	4.119687013112878776e+05
1.476685565850235525e-03	3.940972077109483071e+05
1.496613924924473970e-03	3.770044508742364123e+05
1.516811122073472495e-03	3.606564097320766305e+05
1.537280780869295033e-03	3.450205519805531367e+05
1.558026573629480186e-03	3.300657680956120021e+05
1.579052222069859740e-03	3.157623096557607059e+05
1.600361497966038210e-03	3.020817297434902866e+05
1.621958223823614974e-03	2.889968259007511078e+05
1.643846273557323734e-03	2.764815851319220965e+05
1.666029573179122298e-03	2.645111325727559160e+05
1.688512101495426515e-03	2.530616815102936234e+05
1.711297890813551258e-03	2.421104851326220378e+05
1.734391027657497661e-03	2.316357922600735910e+05
1.757795653493226693e-03	2.216168022698586574e+05
1.781515965463482390e-03	2.120336244512092380e+05
1.805556217132375059e-03	2.028672378349069040e+05
1.829920719239750077e-03	1.940994533300164621e+05
1.854613840465564297e-03	1.857128772627147264e+05
1.879640008204314745e-03	1.776908763311445364e+05
1.905003709349710863e-03	1.700175443837472703e+05
1.930709491089693071e-03	1.626776709773319308e+05
1.956761961711908030e-03	1.556567104431072657e+05
1.983165791419849201e-03	1.489407530442650022e+05
2.009925713159693272e-03	1.425164970812682004e+05
2.037046523458074018e-03	1.363712222269735939e+05
2.064533083270844987e-03	1.304927642284737667e+05
2.092390318843032233e-03	1.248694904287951358e+05
2.120623222580089642e-03	1.194902765492434846e+05
2.149236853930602993e-03	1.143444844997208565e+05
2.178236340280607572e-03	1.094219413716228155e+05
2.207626877859616456e-03	1.047129173660902015e+05
2.237413732658593245e-03	1.002081098833566793e+05
2.267602241359916934e-03	9.589862136363872560e+04
2.298197812279574852e-03	9.177594331722125935e+04
2.329205926321695989e-03	8.783193890863629349e+04
2.360632137945584737e-03	8.405882676518254448e+04
2.392482076145431135e-03	8.044916531921355636e+04
2.424761445442809044e-03	7.699583804820360092e+04
2.457476026892208617e-03	7.369203920525511785e+04
2.490631679099655511e-03	7.053126023227398400e+04
2.524234339254682272e-03	6.750727674588789523e+04
2.558290024175754237e-03	6.461413610126652202e+04
2.592804831369338592e-03	6.184614561000612593e+04
2.627784940102803092e-03	5.919786097187959967e+04
2.663236612491260216e-03	5.666407558480041916e+04
2.699166194598629550e-03	5.423981011324847350e+04
2.735580117552970439e-03	5.192030248635363387e+04
2.772484898676370706e-03	4.970099841512018611e+04
2.809887142629500286e-03	4.757754237736450887e+04
2.847793542571054864e-03	4.554576885441382910e+04
2.886210881332234354e-03	4.360169404101900000e+04
2.925146032606483482e-03	4.174150791686589946e+04
2.964605962154631940e-03	3.996156662584161677e+04
3.004597729025675675e-03	3.825838523155928124e+04
3.045128486793348063e-03	3.662863075607615610e+04
3.086205484808702583e-03	3.506911554808900837e+04
3.127836069468875255e-03	3.357679093204360834e+04
3.170027685502247589e-03	3.214874111088832069e+04
3.212787877270213005e-03	3.078217740436054009e+04
3.256124290085696347e-03	2.947443264255771646e+04
3.300044671548708810e-03	2.822295588632838553e+04
3.344556872899070565e-03	2.702530734922502597e+04
3.389668850386566047e-03	2.587915353314119420e+04
3.435388666658686745e-03	2.478226258026839423e+04
3.481724492166224285e-03	2.373249984331323503e+04
3.528684606586879931e-03	2.272782363047622857e+04
3.576277400267157194e-03	2.176628115551742303e+04
3.624511375682687182e-03	2.084600465058223563e+04
3.673395148917277253e-03	1.996520763770939811e+04
3.722937451160858186e-03	1.912218140578030579e+04
3.773147130226567510e-03	1.831529161677143929e+04
3.824033152087189750e-03	1.754297497897555513e+04
3.875604602431189510e-03	1.680373630683739975e+04
3.927870688238568539e-03	1.609614538046013513e+04
3.980840739376749308e-03	1.541883420354074951e+04
4.034524210216762670e-03	1.477049426586358459e+04
4.088930681269944273e-03	1.414987394236298678e+04
4.144069860845389988e-03	1.355577602773082072e+04
4.199951586728401486e-03	1.298705531047785553e+04
4.256585827880170030e-03	1.244261639416419894e+04
4.313982686158955235e-03	1.192141145046079691e+04
4.372152398062960008e-03	1.142243815241416814e+04
4.431105336495203516e-03	1.094473772113897940e+04
4.490852012467949454e-03	1.048739302589476029e+04
4.551403077227368470e-03	1.004952671618709428e+04
4.612769323633770895e-03	9.630299539882720637e+03
4.674961688305911446e-03	9.228908688109089780e+03
4.737991253430049073e-03	8.844586147351914406e+03
4.801869248661931600e-03	8.476597238257094432e+03
4.866607053052592058e-03	8.124239146188502673e+03
4.932216196998135370e-03	7.786839529837553528e+03
4.998708364213818103e-03	7.463755194993285841e+03
5.066095393732695379e-03	7.154370823072279563e+03
5.134389281929063915e-03	6.858097759575341115e+03
5.203602184567057698e-03	6.574372854801404173e+03
5.273746418874517700e-03	6.302657347199877222e+03
5.344834465642579746e-03	6.042435807883482994e+03
5.416878971351135781e-03	5.793215114961984000e+03
5.489892750320500732e-03	5.554523507385431913e+03
5.563888786889529571e-03	5.325909614412851624e+03
5.638880237620502896e-03	5.106941607218977879e+03
5.714880433531019550e-03	4.897206327803425665e+03
5.791902882353226756e-03	4.696308482489748712e+03
5.869961270820607188e-03	4.503869866752483176e+03
5.949069466982679494e-03	4.319528614079741601e+03
6.029241522547849029e-03	4.142938498636346594e+03
6.110491675254712401e-03	3.973768246010256007e+03
6.192834351272108982e-03	3.811700880924179728e+03
6.276284167628196943e-03	3.656433116832861288e+03
6.360855934668866937e-03	3.507674750586991649e+03
6.446564658545731949e-03	3.365148100982250980e+03
6.533425543734087092e-03	3.228587460377375464e+03
6.621453995580986809e-03	3.097738576975757042e+03
6.710665622883897445e-03	2.972358158754966098e+03
6.801076240500085641e-03	2.852213394102338953e+03
6.892701871987086046e-03	2.737081498610077233e+03
6.985558752274611746e-03	2.626749284946682565e+03
7.079663330368031471e-03	2.521012735774801968e+03
7.175032272083913150e-03	2.419676616099404782e+03
7.271682462817784763e-03	2.322554088055236662e+03
7.369631010344469824e-03	2.229466344539918737e+03
7.468895247651272454e-03	2.140242270688607732e+03
7.569492735804311291e-03	2.054718097176453739e+03
7.671441266756137342e-03	1.972737092259667634e+03
7.774758866631403462e-03	1.894149251490461438e+03
7.879463798188334617e-03	1.818811010340392613e+03
7.985574564144694992e-03	1.746584960952942311e+03
8.093109910136337196e-03	1.677339590593223193e+03
8.202088827788608233e-03	1.610949022782971497e+03
8.312530557822965169e-03	1.547292774501330086e+03
8.424454593199137004e-03	1.486255525024226245e+03
8.537880682292973283e-03	1.427726886881237760e+03
8.652828832110425264e-03	1.371601201378542555e+03
8.769319311537850450e-03	1.317777326863538292e+03
8.887372654628956231e-03	1.266158446847265395e+03
9.007009663928611590e-03	1.216651882178921369e+03
9.128251413833882513e-03	1.169168913605051557e+03
9.251119253992504468e-03	1.123624609271500731e+03
9.375634812739107662e-03	1.079937662349687571e+03
9.501820000569356425e-03	1.038030234512597190e+03
9.629697013652439852e-03	9.978278058214332304e+02
9.759288337382035147e-03	9.592590329628492327e+02
9.890616749966040303e-03	9.222556102797465201e+02
1.002370532605531377e-02	8.867521409654088984e+02
1.015857744041175244e-02	8.526860104816596504e+02
1.029525677161584156e-02	8.199972673305327362e+02
1.043376730581388988e-02	7.886285075183179742e+02
1.057413334050541324e-02	7.585247667220629637e+02
1.071637948837053482e-02	7.296334141322354299e+02
1.086053068113800035e-02	7.019040519071836570e+02
1.100661217349369059e-02	6.752884196249611932e+02
1.115464954703005405e-02	6.497403033069602998e+02
1.130466871423665975e-02	6.252154450777804868e+02
1.145669592253181594e-02	6.016714621703852117e+02
1.161075775833580494e-02	5.790677640302552618e+02
1.176688115118562118e-02	5.573654776466432850e+02
1.192509337789153696e-02	5.365273711615020602e+02
1.208542206673555823e-02	5.165177864057666284e+02
1.224789520171203246e-02	4.973025693011524027e+02
1.241254112681043804e-02	4.788490066712294038e+02
1.257938855034052179e-02	4.611257640092079555e+02
1.274846654929995098e-02	4.441028266028337725e+02
1.291980457378454072e-02	4.277514430949595976e+02
1.309343245135335780e-02	4.120440715370442604e+02
1.326938039185993935e-02	3.969543276470807314e+02
1.344767899150827416e-02	3.824569351756875903e+02
1.362835923774336280e-02	3.685276789408048330e+02
1.381145251380115277e-02	3.551433595089506525e+02
1.399699060337573214e-02	3.422817493745976094e+02
1.418500569532970754e-02	3.299215522716151554e+02
1.437553038844743142e-02	3.180423626777200070e+02
1.456859769623122629e-02	3.066246286025381664e+02
1.476424105174051378e-02	2.956496149071509763e+02
1.496249431247388163e-02	2.850993686895548649e+02
1.516339176529389078e-02	2.749566856492403986e+02
1.536696813139459307e-02	2.652050787391812605e+02
1.557325857131170929e-02	2.558287474866412481e+02
1.578229868998368840e-02	2.468125487320859293e+02
1.599412454181456736e-02	2.381419691531345393e+02
1.620877263585685651e-02	2.298030978308635497e+02
1.642627994096141145e-02	2.217826015244103246e+02
1.664668389100519563e-02	2.140676994993235667e+02
1.687002239015349125e-02	2.066461407464382489e+02
1.709633381816336520e-02	1.995061812235227023e+02
1.732565703572803983e-02	1.926365623274933796e+02
1.755803138986186673e-02	1.860264906541012522e+02
1.779349671932551474e-02	1.796656182619612707e+02
1.803209336009100466e-02	1.735440236400085610e+02
1.827386215084623317e-02	1.676521942028167871e+02
1.851884443853843085e-02	1.619810085320202404e+02
1.876708208395616931e-02	1.565217203216606947e+02
1.901861746734936909e-02	1.512659422440068511e+02
1.927349349408681231e-02	1.462056311418404846e+02
1.953175360035046618e-02	1.413330733224046298e+02
1.979344175886607257e-02	1.366408709520937634e+02
2.005860248466949727e-02	1.321219285396070973e+02
2.032728084090778056e-02	1.277694404935228647e+02
2.059952244467442781e-02	1.235768788180962474e+02
2.087537347287821490e-02	1.195379814281320421e+02
2.115488066814444693e-02	1.156467413893351903e+02
2.143809134474792752e-02	1.118973956941019878e+02
2.172505339457684453e-02	1.082844155885543103e+02
2.201581529312626739e-02	1.048024963280203821e+02
2.231042610552081557e-02	1.014465482915341852e+02
2.260893549247454046e-02	9.821168761518059398e+01
2.291139371671269478e-02	9.509322785810969947e+01
2.321785164857805353e-02	9.208667174440662961e+01
2.352836077247564411e-02	8.918770321808881363e+01
2.384297319294557266e-02	8.639217998501089824e+01
2.416174164083453174e-02	8.369612628807401222e+01
2.448471947948729910e-02	8.109572595959943442e+01
2.481196071095714828e-02	7.858731593513732605e+01
2.514351998223344001e-02	7.616737968611695919e+01
2.547945259148510708e-02	7.383254139748203215e+01
2.581981449432199302e-02	7.157955993937854089e+01
2.616466231254121685e-02	6.940532346386028451e+01
2.651405333372094594e-02	6.730684407989043905e+01
2.686804552404620933e-02	6.528125268083547894e+01
2.722669753158720243e-02	6.332579413545905567e+01
2.759006868679073077e-02	6.143782247314938161e+01
2.795821903389661411e-02	5.961479591194024152e+01
2.833120929333842603e-02	5.785427412562496841e+01
2.870910092096321670e-02	5.615391241755898477e+01
2.909195605680758162e-02	5.451145862721940460e+01
2.947983759324178735e-02	5.292474921907487584e+01
2.987280911541450798e-02	5.139170559760089674e+01
3.027093497694775814e-02	4.991033067365985687e+01
3.067428023361966002e-02	4.847870571120106575e+01
3.108291071472464584e-02	4.709498659027570255e+01
3.149689300251339724e-02	4.575740129093090047e+01
3.191629440580336097e-02	4.446424736499430708e+01
3.234118302823831698e-02	4.321388763408950950e+01
3.277162774473306450e-02	4.200474914104015056e+01
3.320769817307939881e-02	4.083531986256962654e+01
3.364946474628602996e-02	3.970414586946731816e+01
3.409699868659953059e-02	3.860982970607763320e+01
3.455037197591757231e-02	3.755102800860540668e+01
3.500965743060478058e-02	3.652644848193520488e+01
3.547492867381377146e-02	3.553484894218650680e+01
3.594626010552987722e-02	3.457503503678625378e+01
3.642372697817077704e-02	3.364585753807907764e+01
3.690740536797570276e-02	3.274621157100928315e+01
3.739737214551981659e-02	3.187503428511102399e+01
3.789370505035666303e-02	3.103130332321937601e+01
3.839648266224667678e-02	3.021403511220980320e+01
3.890578437296950826e-02	2.942228376236005971e+01
3.942169045847242898e-02	2.865513840087291442e+01
3.994428205030459839e-02	2.791172347422734745e+01
4.047364111010422205e-02	2.719119622301937156e+01
4.100985049662749654e-02	2.649274507216191665e+01
4.155299393924802992e-02	2.581558968791406272e+01
4.210315601513809486e-02	2.515897878427631795e+01
4.266042221790670302e-02	2.452218915699086921e+01
4.322487889392880034e-02	2.390452468287641707e+01
4.379661330827897686e-02	2.330531530341666624e+01
4.437571359834659862e-02	2.272391586108191319e+01
4.496226881151640931e-02	2.215970530088459256e+01
4.555636889181174931e-02	2.161208558141004588e+01
4.615810469311004693e-02	2.108048089218827670e+01
4.676756797659732678e-02	2.056433680936572728e+01
4.738485140688208225e-02	2.006311934779105499e+01
4.801004859278992093e-02	1.957631423175614316e+01
4.864325402490848188e-02	1.910342625755863466e+01
4.928456315757768352e-02	1.864397840623969316e+01
4.993407232567297072e-02	1.819751123690134165e+01
5.059187883951220960e-02	1.776358221577854479e+01
5.125808088880783736e-02	1.734176515971085308e+01
5.193277763402548430e-02	1.693164915824504035e+01
5.261606917173899944e-02	1.653283875704512695e+01
5.330805648963084231e-02	1.614495290387043624e+01
5.400884157162499227e-02	1.576762441506891754e+01
5.471852727840869485e-02	1.540049961629252095e+01
5.543721745525664879e-02	1.504323764103905248e+01
5.616501688819514060e-02	1.469551013880969847e+01
5.690203125272638024e-02	1.435700094767484458e+01
5.764836721259015279e-02	1.402740514707781294e+01
5.840413237157097981e-02	1.370642910625496036e+01
5.916943521969131314e-02	1.339379012836912963e+01
5.994438523484692249e-02	1.308921537331632656e+01
6.072909283129374752e-02	1.279244236317855332e+01
6.152366930482632695e-02	1.250321824201657428e+01
6.232822693343529480e-02	1.222129913969430248e+01
6.314287892541467495e-02	1.194645026615833316e+01
6.396773936287694640e-02	1.167844558076268946e+01
6.480292330163528458e-02	1.141706707606536852e+01
6.564854671635030059e-02	1.116210488606225226e+01
6.650472644630883723e-02	1.091335700424987820e+01
6.737158029016676597e-02	1.067062862565567016e+01
6.824922695073391832e-02	1.043373222257922883e+01
6.913778598357650518e-02	1.020248737851530407e+01
7.003737788335190340e-02	9.976720101356606918e+00
7.094812403043029847e-02	9.756262974285286660e+00
7.187014664269110453e-02	9.540954913711527041e+00
7.280356886315114684e-02	9.330640660168645795e+00
7.374851465077426893e-02	9.125170456999624591e+00
7.470510900499036100e-02	8.924400771720289782e+00
7.567347732698131990e-02	8.728193822849769745e+00
7.665374626440246697e-02	8.536415947077321320e+00
7.764604316928580552e-02	8.348938679795981699e+00
7.865049619390683533e-02	8.165638907727716500e+00
7.966723429349799324e-02	7.986397983274799550e+00
8.069638723760279297e-02	7.811101650272240349e+00
8.173808554844032292e-02	7.639640154092569801e+00
8.279246050667102286e-02	7.471907850623220604e+00
8.385964418088964756e-02	7.307803050762439412e+00
8.493976932281901981e-02	7.147228027918198556e+00
8.603296945841756860e-02	6.990088823349007718e+00
8.713937875782416798e-02	6.836294873522044568e+00
8.825913212144903541e-02	6.685758329342161410e+00
8.939236550063749120e-02	6.538396688966062520e+00
9.053921407072566818e-02	6.394132570633257018e+00
9.169981433123298997e-02	6.252885367177270837e+00
9.287430570779259265e-02	6.114577287759336066e+00
9.406282517213641892e-02	5.979140104011772650e+00
9.526551133164976037e-02	5.846506276519275680e+00
9.648250327830718009e-02	5.716608349325455585e+00
9.771394067908256709e-02	5.589382530870079080e+00
9.895996369608535403e-02	5.464767460533349386e+00
1.002207128996928515e-01	5.342704154649512205e+00
1.014963293606748751e-01	5.223135694525738337e+00
1.027869545444523580e-01	5.106007282125886171e+00
1.040927303001137616e-01	4.991266175565640673e+00
1.054137988365771161e-01	4.878861493037548236e+00
1.067503026869486976e-01	4.768744167756088892e+00
1.081023846999668026e-01	4.660866900514188060e+00
1.094701879242019199e-01	4.555184072345176638e+00
1.108538556985338291e-01	4.451651528125701418e+00
1.122535315563408936e-01	4.350226669148231196e+00
1.136693591297479600e-01	4.250868351976802018e+00
1.151014822326371367e-01	4.153536697935228617e+00
1.165500447630931635e-01	4.058193082240126870e+00
1.180151906093380998e-01	3.964800206392290693e+00
1.194970637375595696e-01	3.873321809664105775e+00
1.209958080127347818e-01	3.783722761689313430e+00
1.225115672711423465e-01	3.695968857686120490e+00
1.240444852277847315e-01	3.610026936443043954e+00
1.255947054022084342e-01	3.525864574560015008e+00
1.271623712818799601e-01	3.443450442549263801e+00
1.287476256465045765e-01	3.362754114963683705e+00
1.303506113993260773e-01	3.283745523626548479e+00
1.319714709616308657e-01	3.206395377245470524e+00
1.336103463484300535e-01	3.130675220810458459e+00
1.352673791198799325e-01	3.056557155433009765e+00
1.369427103302475190e-01	2.984013859803243296e+00
1.386364804604902634e-01	2.913018541940934902e+00
1.403488294180658957e-01	2.843544918778267760e+00
1.420798963861313324e-01	2.775567193620691153e+00
1.438298198636271397e-01	2.709059929757588137e+00
1.455987375684076879e-01	2.643998267203901076e+00
1.473867863257351807e-01	2.580358369886364578e+00
1.491941010193960360e-01	2.518115603796966973e+00
1.510208185722173579e-01	2.457245062433072835e+00
1.528670720303949848e-01	2.397724033305315583e+00
1.547329942653270507e-01	2.339529845645212269e+00
1.566187169289909031e-01	2.282639260559284011e+00
1.585243705056391950e-01	2.227029615745339086e+00
1.604500841878104545e-01	2.172678589454969611e+00
1.623959857421843345e-01	2.119564101451740790e+00
1.643622015658372237e-01	2.067664270501243795e+00
1.663488565546215048e-01	2.016957463495248959e+00
1.683560739638060577e-01	1.967422303513182147e+00
1.703839754660511352e-01	1.919037571749593996e+00
1.724326810137640775e-01	1.871782285507040067e+00
1.745023086963354286e-01	1.825635697380218359e+00
1.765929747734876487e-01	1.780577193368986011e+00
1.787047936238691237e-01	1.736586376432355694e+00
1.808378774691902502e-01	1.693643083365313107e+00
1.829923365117752387e-01	1.651727298417766665e+00
1.851682787700289767e-01	1.610819210247530053e+00
1.873658099338084970e-01	1.570899215198237941e+00
1.895850334099448697e-01	1.531947862146765260e+00
1.918260501778487337e-01	1.493945915345119113e+00
1.940889586479225548e-01	1.456874341985735732e+00
1.963738546963446352e-01	1.420714280373691851e+00
1.986808315218649701e-01	1.385447047748392002e+00
2.010099795092978869e-01	1.351054215585038687e+00
2.033613862659565952e-01	1.317517504714180054e+00
2.057351364072515787e-01	1.284818854566011970e+00
2.081313115876163022e-01	1.252940398886953188e+00
2.105499903186223709e-01	1.221864441394516998e+00
2.129912479440853046e-01	1.191573545677099055e+00
2.154551567387251454e-01	1.162051001388190619e+00
2.179417831428279717e-01	1.133279475258300639e+00
2.204511963596865742e-01	1.105241288177504444e+00
2.229834561942234394e-01	1.077920529059676724e+00
2.255386207649637820e-01	1.051301234169638832e+00
2.281167444421554891e-01	1.025366955914692291e+00
2.307178778502796401e-01	1.000101788276073211e+00
2.333420676736950028e-01	9.754900612532030335e-01
2.359893566916775320e-01	9.515163349753142930e-01
2.386597835709030335e-01	9.281654271032602210e-01
2.413533828961558492e-01	9.054223314765907915e-01
2.440701849685084357e-01	8.832720559994845511e-01
2.468102171815517720e-01	8.617003000909795318e-01
2.495734985490601632e-01	8.406932294745440570e-01
2.523600475138776389e-01	8.202364806018639376e-01
2.551698767108834809e-01	8.003160472336777742e-01
2.580029941429726192e-01	7.809185597345663643e-01
2.608594030346254034e-01	7.620307224702402848e-01
2.637391018818696087e-01	7.436394583030691008e-01
2.666420843130037355e-01	7.257319434448354922e-01
2.695683389438139343e-01	7.082956009735128511e-01
2.725178494364620674e-01	6.913180775042245818e-01
2.754905943614646691e-01	6.747872562094107129e-01
2.784865470570422885e-01	6.586912830655283768e-01
2.815056756712098207e-01	6.430185099547948147e-01
2.845479431175979013e-01	6.277575351439639295e-01
2.876133068105253821e-01	6.128972013841175182e-01
2.907017188191672874e-01	5.984265689428932555e-01
2.938131257186997747e-01	5.843349335780111398e-01
2.969474684658729435e-01	5.706118236544642786e-01
3.001046824692142900e-01	5.572469843369699527e-01
3.032846974703997112e-01	5.442303928207672392e-01
3.064874374309616289e-01	5.315522526371222467e-01
3.097128206020881014e-01	5.192029755756368825e-01
3.129607594162254203e-01	5.071732000513782257e-01
3.162311603887611455e-01	4.954537820425382044e-01
3.195239241993423351e-01	4.840357855097131567e-01
3.228389455208220959e-01	4.729104879478490675e-01
3.261761131016794879e-01	4.620693689170827789e-01
3.295353096349055155e-01	4.515041291708351556e-01
3.329164117866426631e-01	4.412067182249685970e-01
3.363192895978333041e-01	4.311691867722924898e-01
3.397438086817386460e-01	4.213837421312572329e-01
3.431898268541172525e-01	4.118429532035013385e-01
3.466571963862962735e-01	4.025395454427906361e-01
3.501457633771155042e-01	3.934663620326212530e-01
3.536553677647197858e-01	3.846164690954297916e-01
3.571858433669111155e-01	3.759831200609332624e-01
3.607370177818224333e-01	3.675597463469286730e-01
3.643087125044578989e-01	3.593399313008532325e-01
3.679007432319877369e-01	3.513175007000436945e-01
3.715129182872820013e-01	3.434864782994302423e-01
3.751450411382011296e-01	3.358409627857149582e-01
3.787969086494081816e-01	3.283752456809193587e-01
3.824683116604716826e-01	3.210838307473313225e-01
3.861590348600533740e-01	3.139613800463111892e-01
3.898688569477198329e-01	3.070027572371827884e-01
3.935975498966228781e-01	3.002028963696679598e-01
3.973448818867615917e-01	2.935568599064666828e-01
4.011106128456699005e-01	2.870600192513684812e-01
4.048944976659384909e-01	2.807078399302071481e-01
4.086962857722285514e-01	2.744959452895343599e-01
4.125157190852543621e-01	2.684201141584769412e-01
4.163525364316273958e-01	2.624761660788282880e-01
4.202064692134203638e-01	2.566601713392003825e-01
4.240772435996967848e-01	2.509683498553610392e-01
4.279645806001566299e-01	2.453970329190441335e-01
4.318681948097768397e-01	2.399427269499958271e-01
4.357877963310531344e-01	2.346020194491184319e-01
4.397230896974257397e-01	2.293716397062431078e-01
4.436737742192313760e-01	2.242484769547505585e-01
4.476395440066814335e-01	2.192295373910116418e-01
4.516200881923793653e-01	2.143119503597365749e-01
4.556150909598256638e-01	2.094929636657374417e-01
4.596242315852903104e-01	2.047699540977456212e-01
4.636471846814398390e-01	2.001404070559020254e-01
4.676836201490923717e-01	1.956019239267301757e-01
4.717332034131092033e-01	1.911522136312417408e-01
4.757955954880569438e-01	1.867890945908657896e-01
4.798704529991160150e-01	1.825104876987974911e-01
4.839574285608065352e-01	1.783144066630132363e-01
4.880561706150240986e-01	1.741989696403292709e-01
4.921663236921474671e-01	1.701623846573699361e-01
4.962875285436882944e-01	1.662029458169923257e-01
5.004194222437995387e-01	1.623190330864094921e-01
5.045616383390514326e-01	1.585091080445040490e-01
5.087138069684501440e-01	1.547717070666511374e-01
5.128755550440381450e-01	1.511054404619273928e-01
5.170465063385613069e-01	1.475089892238531930e-01
5.212262816401619370e-01	1.439810968183292961e-01
5.254144989493209073e-01	1.405205672510036752e-01
5.296107735909254544e-01	1.371262645373139410e-01
5.338147183152323061e-01	1.337971135576186965e-01
5.380259433158945948e-01	1.305320723126061622e-01
5.422440572388509405e-01	1.273301402156585549e-01
5.464686659637709720e-01	1.241903820492565313e-01
5.506993737090341012e-01	1.211118955582735357e-01
5.549357828849602603e-01	1.180938048395359652e-01
5.591774943630271055e-01	1.151352668745409258e-01
5.634241075702131063e-01	1.122354705877898068e-01
5.676752205970895249e-01	1.093936295878057269e-01
5.719304304770724823e-01	1.066089787181318388e-01
5.761893332784879806e-01	1.038807735053755704e-01
5.804515242112882056e-01	1.012082874809679678e-01
5.847165979123426505e-01	9.859080729159429290e-02
5.889841485354696538e-01	9.602763201487680977e-02
5.932537698589098740e-01	9.351807211504997719e-02
5.975250555624084248e-01	9.106144237231071636e-02
6.017975994365616366e-01	8.865706845324945740e-02
6.060709950586011807e-01	8.630428464827757939e-02
6.103448367034447486e-01	8.400241860417109740e-02
6.146187190238214804e-01	8.175080329136791280e-02
6.188922372210950984e-01	7.954877680077311608e-02
6.231649874133765588e-01	7.739567192029335463e-02
6.274365666015329079e-01	7.529082423346404596e-02
6.317065728491870757e-01	7.323356808473736879e-02
6.359746055298982625e-01	7.122323279621697867e-02
6.402402654166963192e-01	6.925914678681353853e-02
6.445031547820123663e-01	6.734063664956228823e-02
6.487628776603849845e-01	6.546702480703311955e-02
6.530190398712565347e-01	6.363763076829284659e-02
6.572712492682328822e-01	6.185177145705146595e-02
6.615191157994094739e-01	6.010875909640458342e-02
6.657622516806948054e-01	5.840790918973668561e-02
6.700002715383424068e-01	5.674852829683582622e-02
6.742327925315307890e-01	5.512992333278082108e-02
6.784594344790170206e-01	5.355139943832636085e-02
6.826798199809273049e-01	5.201225948094583690e-02
6.868935746688910049e-01	5.051180843096170908e-02
6.911003268505657715e-01	4.904934925300043214e-02
6.952997085770999952e-01	4.762418076497261510e-02
6.994913547318382108e-01	4.623560763213083180e-02
7.036749037623730718e-01	4.488293569194099636e-02
7.078499975759908747e-01	4.356546976650436942e-02
7.120162817403558053e-01	4.228251822658439518e-02
7.161734054820686479e-01	4.103339193768473087e-02
7.203210219215214760e-01	3.981740434368086223e-02
7.244587880809258973e-01	3.863387345288144675e-02
7.285863649497649197e-01	3.748212153116452922e-02
7.327034177047339059e-01	3.636147455111820442e-02
7.368096157012643532e-01	3.527126451841814531e-02
7.409046325260890686e-01	3.421082907206469265e-02
7.449881462152297962e-01	3.317951000673627360e-02
7.490598393233047769e-01	3.217665794763098497e-02
7.531193985964605986e-01	3.120163112175891942e-02
7.571665157335796259e-01	3.025379140699698682e-02
7.612008869865862781e-01	2.933251027079996492e-02
7.652222131734236488e-01	2.843716669505163760e-02
7.692302003019330092e-01	2.756714513399024374e-02
7.732245589327882973e-01	2.672184235755988707e-02
7.772050044889904363e-01	2.590066336712182685e-02
7.811712575192042429e-01	2.510301908987624606e-02
7.851230435418788955e-01	2.432833085864788067e-02
7.890600930349024322e-01	2.357602936977446287e-02
7.929821417383161597e-01	2.284555337345383838e-02
7.968889304226816073e-01	2.213635209509949228e-02
8.007802050173921105e-01	2.144788433422503693e-02
8.046557166986102461e-01	2.077961755099354269e-02
8.085152218840422345e-01	2.013102922240568235e-02
8.123584821959601854e-01	1.950160666667994855e-02
8.161852646017554447e-01	1.889084666933352544e-02
8.199953413135279146e-01	1.829825581530910086e-02
8.237884899096300506e-01	1.772335035607984846e-02
8.275644932715751079e-01	1.716565636111257870e-02
8.313231396228610848e-01	1.662470959410699417e-02
8.350642225586967227e-01	1.610005540954487571e-02
8.387875410039556945e-01	1.559124892567199765e-02
8.424928992494846725e-01	1.509785473046847647e-02
8.461801069543450904e-01	1.461944673477702863e-02
8.498489791480994260e-01	1.415560878189814006e-02
8.534993360945478669e-01	1.370593405169486488e-02
8.571310035504883240e-01	1.327002446061097650e-02
8.607438124867611284e-01	1.284749146162599172e-02
8.643375992523626428e-01	1.243795563518904426e-02
8.679122054532497632e-01	1.204104648270290512e-02
8.714674779912428004e-01	1.165640232167068809e-02
8.750032690346628561e-01	1.128367027467465020e-02
8.785194359557541022e-01	1.092250618549499112e-02
8.820158413551635324e-01	1.057257421503632853e-02
8.854923530360812034e-01	1.023354696371015643e-02
8.889488439020004629e-01	9.905105399724280571e-03
8.923851920334172627e-01	9.586938533282457833e-03
8.958012805329096384e-01	9.278743357571827069e-03
8.991969976226801275e-01	8.980224512896275990e-03
9.025722365302712991e-01	8.691094591912888398e-03
9.059268953854353601e-01	8.411073815529048620e-03
9.092608773539248013e-01	8.139889516690109947e-03
9.125740904400740927e-01	7.877276337092018257e-03
9.158664475290382301e-01	7.622975951050364046e-03
9.191378663838802865e-01	7.376737879687376293e-03
9.223882691084813734e-01	7.138318003892183718e-03
9.256175832097570666e-01	6.907477716299702253e-03
9.288257403539250667e-01	6.683986297562139259e-03
9.320126769822950630e-01	6.467619551643574542e-03
9.351783340648186504e-01	6.258158858026001588e-03
9.383226571301735985e-01	6.055391973372022119e-03
9.414455961082843771e-01	5.859112673514143416e-03
9.445471053867459110e-01	5.669120623991536975e-03
9.476271436167812423e-01	5.485221210897448137e-03
9.506856738309092947e-01	5.307225315226140813e-03
9.537226632219981681e-01	5.134949348908575406e-03
9.567380831993588242e-01	4.968214964569288468e-03
9.597319093016483116e-01	4.806849020295325507e-03
9.627041210726792198e-01	4.650683508583981426e-03
9.656547021089522120e-01	4.499555281794063478e-03
9.685836399060806512e-01	4.353306023487998368e-03
9.714909258545283421e-01	4.211782106585173699e-03
9.743765551597783903e-01	4.074834424959459384e-03
9.772405267806026918e-01	3.942318363179054749e-03
9.800828433635516701e-01	3.814093581730665546e-03
9.829035112111663697e-01	3.690024022367600909e-03
9.857025401306944712e-01	3.569977760349004464e-03
9.884799434841725629e-01	3.453826768765987619e-03
9.912357380649335914e-01	3.341446909107166803e-03
9.939699440437596012e-01	3.232717822424181243e-03
9.966825849263039050e-01	3.127522855935919131e-03
9.993736874285871208e-01	3.025748947583970904e-03
1.002043281494613414e+00	2.927286478260566430e-03
1.004691400160669490e+00	2.832029208445697565e-03
1.007318079554831547e+00	2.739874146686016414e-03
1.009923358799198256e+00	2.650721536080915750e-03
1.012507279926089021e+00	2.564474725463430395e-03
1.015069887874833654e+00	2.481039994149082054e-03
1.017611230396212596e+00	2.400326630897187292e-03
1.020131357936734817e+00	2.322246750390141116e-03
1.022630323701073429e+00	2.246715134424430611e-03
1.025108183495689218e+00	2.173649325771776029e-03
1.027564995640568357e+00	2.102969482729359196e-03
1.030000821031325842e+00	2.034598173986729413e-03
1.032415722981969486e+00	1.968460476803447854e-03
1.034809767152829796e+00	1.904483903292129464e-03
1.037183021548953255e+00	1.842598184854405199e-03
1.039535556447525044e+00	1.782735284306197644e-03
1.041867444311485036e+00	1.724829348631125477e-03
1.044178759762367514e+00	1.668816612349674272e-03
1.046469579509347270e+00	1.614635405322336357e-03
1.048739982218918732e+00	1.562225983850859057e-03
1.050990048657082454e+00	1.511530445752791094e-03
1.053219861416079928e+00	1.462492858052222722e-03
1.055429504934423557e+00	1.415059095466640647e-03
1.057619065486092857e+00	1.369176679795361222e-03
1.059788631107969836e+00	1.324794863816867660e-03
1.061938291468768947e+00	1.281864566876020481e-03
1.064068137941488912e+00	1.240338259683538679e-03
1.066178263426636796e+00	1.200169962326137459e-03
1.068268762407084127e+00	1.161315173210846928e-03
1.070339730814340973e+00	1.123730847759408114e-03
1.072391266013207556e+00	1.087375336067593476e-03
1.074423466758685608e+00	1.052208327319823812e-03
1.076436433128201919e+00	1.018190829010672807e-03
1.078430266479200039e+00	9.852851291585664611e-04
1.080405069379748006e+00	9.534547339677282383e-04
1.082360945629868842e+00	9.226643312894033683e-04
1.084298000097439818e+00	8.928797722986283290e-04
1.086216338818641436e+00	8.640680188476766287e-04
1.088116068787071677e+00	8.361971219275346956e-04
1.089997298062385989e+00	8.092361672561703551e-04
1.091860135616611993e+00	7.831552570144684157e-04
1.093704691342720858e+00	7.579254650342280358e-04
1.095531076023864792e+00	7.335188145884983862e-04
1.097339401220334798e+00	7.099082612174229976e-04
1.099129779319074407e+00	6.870676382695939432e-04
1.100902323394648663e+00	6.649716288496160298e-04
1.102657147308957253e+00	6.435957455889582558e-04
1.104394365484741458e+00	6.229163509098953767e-04
1.106114092999574972e+00	6.029105473546706069e-04
1.107816445555939611e+00	5.835561576028584383e-04
1.109501539387357738e+00	5.648317875780611581e-04
1.111169491177057544e+00	5.467167467472036115e-04
1.112820418164838898e+00	5.291909829942954661e-04
1.114454437997101532e+00	5.122351429112446779e-04
1.116071668672806272e+00	4.958305155901476715e-04
1.117672228641320320e+00	4.799589603950673482e-04
1.119256236659597725e+00	4.646029813382413485e-04
1.120823811726953334e+00	4.497456568532264714e-04
1.122375073204594953e+00	4.353705862795507055e-04
1.123910140662812251e+00	4.214619506855708840e-04
1.125429133795905035e+00	4.080044468334347875e-04
1.126932172642628460e+00	3.949832286523698339e-04
1.128419377275989177e+00	3.823839948637677844e-04
1.129890867887088035e+00	3.701929252013713353e-04
1.131346764789362247e+00	3.583966086125587084e-04
1.132787188387447186e+00	3.469820967652368477e-04
1.134212259052491234e+00	3.359368818070355435e-04
1.135622097237201533e+00	3.252488568491391000e-04
1.137016823327010373e+00	3.149063133180206135e-04
1.138396557712723967e+00	3.048979349327763711e-04
1.139761420683016002e+00	2.952127759572545514e-04
1.141111532475733048e+00	2.858402523748253439e-04
1.142447013188709670e+00	2.767701334520238131e-04
1.143767982798888472e+00	2.679925269164963207e-04
1.145074561123017309e+00	2.594978605476170241e-04
1.146366867813721768e+00	2.512768804436088998e-04
1.147645022319959907e+00	2.433206434384601409e-04
1.148909143850340708e+00	2.356204990852565451e-04
1.150159351421143228e+00	2.281680795725164106e-04
1.151395763741452916e+00	2.209552963043195960e-04
1.152618499288421861e+00	2.139743277949101880e-04
1.153827676210780195e+00	2.072176106969881963e-04
1.155023412363467061e+00	2.006778285281187423e-04
1.156205825283178612e+00	1.943479070379441442e-04
1.157375032130999015e+00	1.882210115967915330e-04
1.158531149718327269e+00	1.822905251399513447e-04
1.159674294511461312e+00	1.765500489899305022e-04
1.160804582515980732e+00	1.709934017690594896e-04
1.161922129410075222e+00	1.656146035136482533e-04
1.163027050357711811e+00	1.604078673697178494e-04
1.164119460193001832e+00	1.553675947611665102e-04
1.165199473217061188e+00	1.504883872812021433e-04
1.166267203271632802e+00	1.457650173368419614e-04
1.167322763775407335e+00	1.411924118422245482e-04
1.168366267648082379e+00	1.367656767337868836e-04
1.169397827296744685e+00	1.324800908628414263e-04
1.170417554581833608e+00	1.283310800135584163e-04
1.171425560923222697e+00	1.243142082025834453e-04
1.172421957163073625e+00	1.204252002918882451e-04
1.173406853579986864e+00	1.166599202253323860e-04
1.174380359962007958e+00	1.130143632043540970e-04
1.175342585466159884e+00	1.094846573372565098e-04
1.176293638760185889e+00	1.060670524043481129e-04
1.177233627881870248e+00	1.027579261745240427e-04
1.178162660315478227e+00	9.955378161544744132e-05
1.179080842879148605e+00	9.645122973322394204e-05
1.179988281909302827e+00	9.344698958770607689e-05
1.180885083009123537e+00	9.053789758904496449e-05
1.181771351240462176e+00	8.772088145019208598e-05
1.182647191073907589e+00	8.499297169099982719e-05
1.183512706252326074e+00	8.235130946263613809e-05
1.184367999965503904e+00	7.979311394025386537e-05
1.185213174750913145e+00	7.731569952142452377e-05
1.186048332471916211e+00	7.491647454964119968e-05
1.186873574359921246e+00	7.259292406295718729e-05
1.187689001019821555e+00	7.034261690951614540e-05
1.188494712343952875e+00	6.816320685027518061e-05
1.189290807595883015e+00	6.605241669179810174e-05
1.190077385393629505e+00	6.400804675866661475e-05
1.190854543613152794e+00	6.202797109233772167e-05
1.191622379555421496e+00	6.011012829334242650e-05
1.192380989744608710e+00	5.825252883533257788e-05
1.193130470110210561e+00	5.645324502915720501e-05
1.193870915831494850e+00	5.471041279816982221e-05
1.194602421457278574e+00	5.302222851758549153e-05
1.195325080808061324e+00	5.138694751945969513e-05
1.196038987040217938e+00	4.980287962323414359e-05
1.196744232629664451e+00	4.826839235322847178e-05
1.197440909312410096e+00	4.678190700615413408e-05
1.198129108184293301e+00	4.534189122389586902e-05
1.198808919632136538e+00	4.394686602310555920e-05
1.199480433307411387e+00	4.259540013950999454e-05
1.200143738248421021e+00	4.128610507285133664e-05
1.200798922705718974e+00	4.001764657492542935e-05
1.201446074253237795e+00	3.878872605861269579e-05
1.202085279825660047e+00	3.759808236945133553e-05
1.202716625618435842e+00	3.644450411964337405e-05
1.203340197100268849e+00	3.532681719054829648e-05
1.203956079109674615e+00	3.424388037939739157e-05
1.204564355747193227e+00	3.319459475980970160e-05
1.205165110394553096e+00	3.217789612945518078e-05
1.205758425797276434e+00	3.119275024125559047e-05
1.206344383967989486e+00	3.023816242413475413e-05
1.206923066190924487e+00	2.931316638233638411e-05
1.207494553165709528e+00	2.841682215364352881e-05
1.208058924814930712e+00	2.754822831757056315e-05
1.208616260368853945e+00	2.670651211641010490e-05
1.209166638398570859e+00	2.589082289630569375e-05
1.209710136799532876e+00	2.510034039503565516e-05
1.210246832729179101e+00	2.433427089818783145e-05
1.210776802735664237e+00	2.359184577130265856e-05
1.211300122604147100e+00	2.287232167477057807e-05
1.211816867508906492e+00	2.217497689981111413e-05
1.212327111923977130e+00	2.149911454012352232e-05
1.212830929622099152e+00	2.084406172078827945e-05
1.213328393742653777e+00	2.020916291899070577e-05
1.213819576741214323e+00	1.959378543028760517e-05
1.214304550402106830e+00	1.899731931962503036e-05
1.214783385821730066e+00	1.841917030382296549e-05
1.215256153510971160e+00	1.785876398558010843e-05
1.215722923213503615e+00	1.731554564070665505e-05
1.216183764130554623e+00	1.678897692474510211e-05
1.216638744695026642e+00	1.627853813622619881e-05
1.217087932790076987e+00	1.578372397194423421e-05
1.217531395582953202e+00	1.530404713676384015e-05
1.217969199620125842e+00	1.483903423908093055e-05
1.218401410841654986e+00	1.438822663822968824e-05
1.218828094481285262e+00	1.395118274410849689e-05
1.219249315196530681e+00	1.352747380173507024e-05
1.219665136963880459e+00	1.311668377512138770e-05
1.220075623186307689e+00	1.271840906741387981e-05
1.220480836617250153e+00	1.233226125191163934e-05
1.220880839359988812e+00	1.195786374069862819e-05
1.221275692951576675e+00	1.159484809836062780e-05
1.221665458334070253e+00	1.124286224495951915e-05
1.222050195701331665e+00	1.090156680673919805e-05
1.222429964794124579e+00	1.057062596843824577e-05
1.222804824714514238e+00	1.024971822992188805e-05
1.223174833896099933e+00	9.938534584702047055e-06
1.223540050263125956e+00	9.636771147299764376e-06
1.223900531132030789e+00	9.344136663519062364e-06
1.224256333157260901e+00	9.060349827744051428e-06
1.224607512517206676e+00	8.785135374920752512e-06
1.224954124732218430e+00	8.518228299776616009e-06
1.225296224777878695e+00	8.259371085032051832e-06
1.225633867094875429e+00	8.008313613358947349e-06
1.225967105486095221e+00	7.764816856347581578e-06
1.226295993223849301e+00	7.528647237583541693e-06
1.226620583018406707e+00	7.299576734626771398e-06
1.226940927063511655e+00	7.077386489508416919e-06
1.227257076910471811e+00	6.861865257584730528e-06
1.227569083661018468e+00	6.652806309300163044e-06
1.227876997806386150e+00	6.450010466338391919e-06
1.228180869336577663e+00	6.253284703413886565e-06
1.228480747679505214e+00	6.062441421021418904e-06
1.228776681772252743e+00	5.877299110964865382e-06
1.229068719981653013e+00	5.697682863222523052e-06
1.229356910161941929e+00	5.523422419009154345e-06
1.229641299675618971e+00	5.354351707148783220e-06
1.229921935349443496e+00	5.190311361555862103e-06
1.230198863497436568e+00	5.031147034142392310e-06
1.230472129924365055e+00	4.876708074499334074e-06
1.230741779967106320e+00	4.726848820224461890e-06
1.231007858407454636e+00	4.581428540902772441e-06
1.231270409594613202e+00	4.440310214630051551e-06
1.231529477346115176e+00	4.303361653843610805e-06
1.231785104998308178e+00	4.170454365384845691e-06
1.232037335441902748e+00	4.041463424120269003e-06
1.232286211043416513e+00	3.916268806817893973e-06
1.232531773712239875e+00	3.794753207986257055e-06
1.232774064922505408e+00	3.676802951602488507e-06
1.233013125618422245e+00	3.562308589365897796e-06
1.233248996342524384e+00	3.451162863585336352e-06
1.233481717163353197e+00	3.343262716826475133e-06
1.233711327663226331e+00	3.238508301787992141e-06
1.233937867020274526e+00	3.136800985172069506e-06
1.234161373996284228e+00	3.038046956575139652e-06
1.234381886782390136e+00	2.942156254005990951e-06
1.234599443260404161e+00	2.849038730290843002e-06
1.234814080851055706e+00	2.758607986120123781e-06
1.235025836497174900e+00	2.670781272870729699e-06
1.235234746784620530e+00	2.585476697618599726e-06
1.235440847846082768e+00	2.502615680059602425e-06
1.235644175380547383e+00	2.422122288199632564e-06
1.235844764707218602e+00	2.343922310767858186e-06
1.236042650692170675e+00	2.267943417852471506e-06
1.236237867875479068e+00	2.194115052412496847e-06
1.236430450315003871e+00	2.122369599711816571e-06
1.236620431729483771e+00	2.052641255917864266e-06
1.236807845377363213e+00	1.984865858504806088e-06
1.236992724200673077e+00	1.918980397604295016e-06
1.237175100718066023e+00	1.854924455186823602e-06
1.237355007046577082e+00	1.792638892753229601e-06
1.237532474990391762e+00	1.732065937103185874e-06
1.237707535892470290e+00	1.673149793333186988e-06
1.237880220802196618e+00	1.615835423728480008e-06
1.238050560365453912e+00	1.560069589276380720e-06
1.238218584859354321e+00	1.505800591217374036e-06
1.238384324211843301e+00	1.452977232532724110e-06
1.238547808008711781e+00	1.401549661667621087e-06
1.238709065460277925e+00	1.351469741200073766e-06
1.238868125413132626e+00	1.302689511074698353e-06
1.239025016443012550e+00	1.255161923766060738e-06
1.239179766674363137e+00	1.208841305107459245e-06
1.239332404000610621e+00	1.163682223583052342e-06
1.239482955887387883e+00	1.119639840992868874e-06
1.239631449554364773e+00	1.076669943097776742e-06
1.239777911810780342e+00	1.034728654506450730e-06
1.239922369214376596e+00	9.937722557953128624e-07
1.240064847936997561e+00	9.537571168228869553e-07
1.240205373880590489e+00	9.146389647055227431e-07
1.240343972643275672e+00	8.763737461496921505e-07
1.240480669425380933e+00	8.389169558624566920e-07
1.240615489226700285e+00	8.022220550977033276e-07
1.240748456691484147e+00	7.662420913227497011e-07
1.240879596130429974e+00	7.309283873425402494e-07
1.241008931628170942e+00	6.962287882325088819e-07
1.241136486942295614e+00	6.620887608573680957e-07
1.241262285522783504e+00	6.284504180858383455e-07
1.241386350504270819e+00	5.952495272443295301e-07
1.241508704839149990e+00	5.624148656858731075e-07
1.241629371072791477e+00	5.293656938123350118e-07
1.241748371569603382e+00	4.970259349331728284e-07
1.241865728373140909e+00	4.647708279552624044e-07
1.241981463240534822e+00	4.324684439665443436e-07
1.242095597701141863e+00	3.999533461052811587e-07
1.242208152992106962e+00	3.670120012604167937e-07
1.242319150040792408e+00	3.333548655262097121e-07
1.242428609630951808e+00	2.985679606820094532e-07
1.242536552198908018e+00	2.620189892829265787e-07
1.242642997921877601e+00	2.226382256590395238e-07
1.242747966756233335e+00	1.783282031697426256e-07
1.242851478415923472e+00	1.234934044151972759e-07
1.242953552313269538e+00	0.000000000000000000e+00
