# Data associated with arXiv:2208.14002
# 
# Scale-free J-factor angular distribution, J_S(theta), of a nfw1-2rhos4e6 dark matter distribution (see Eq. 2.4 and the surrounding discussion)
# 
# Published: 8/25/22, Jack Runburg and Kenny Kiriu, contact: runburg@hawaii.edu
# 
# 
# -----------------------------------------------------------------
# 
# 	 tilde theta 		 | 	 tilde J s-wave 		 | 	 tilde J p-wave 		 | 	 tilde J d-wave 		 | 	 tilde J sommerfeld 
# 
# -----------------------------------------------------------------
1.000000000000000021e-03	1.815024122858022898e+07	2.898178075398732908e+05	1.195090949592981342e+05	3.760468513589680791e+08
1.021192151037671062e-03	1.784750736651672050e+07	2.877370654841271462e+05	1.190749701269322832e+05	3.682025024116500020e+08
1.042833409340945643e-03	1.753850097658303380e+07	2.856084658401887864e+05	1.186304930942274805e+05	3.602029912070140243e+08
1.064933292458827233e-03	1.722332227541507408e+07	2.834321801784212003e+05	1.181756613426520053e+05	3.520517423058409095e+08
1.087501519637659123e-03	1.690210448879570141e+07	2.812085576164819649e+05	1.177105061765653954e+05	3.437531201101491451e+08
1.110548016095517111e-03	1.657501905147519708e+07	2.789381554465347435e+05	1.172350989005898882e+05	3.353125738044667840e+08
1.134082917387199208e-03	1.624228190965612419e+07	2.766217768615048262e+05	1.167495585089953383e+05	3.267368124002789855e+08
1.158116573861711456e-03	1.590416130214074440e+07	2.742605184686515131e+05	1.162540614895371546e+05	3.180340198281096220e+08
1.182659555214217667e-03	1.556098759347160719e+07	2.718558318321831175e+05	1.157488547056204698e+05	3.092141250554929376e+08
1.207722655134462354e-03	1.521316607824627869e+07	2.694096061025162344e+05	1.152342729833113845e+05	3.002891509048846960e+08
1.233316896053688856e-03	1.486119432425431907e+07	2.669242842550221249e+05	1.147107643302049546e+05	2.912736812965466380e+08
1.259453533992170365e-03	1.450568694418914802e+07	2.644030369980614050e+05	1.141789284873688885e+05	2.821855188223674297e+08
1.286144063509461061e-03	1.414741368506523967e+07	2.618500454909028776e+05	1.136395810910728324e+05	2.730466763005006313e+08
1.313400222759557485e-03	1.378736456325949170e+07	2.592710171157715959e+05	1.130938736263342580e+05	2.638850301925404966e+08
1.341233998653187541e-03	1.342688075912676938e+07	2.566742985243480070e+05	1.125435585711187741e+05	2.547375411425134838e+08
1.369657632129505243e-03	1.306799845452866703e+07	2.540740184369025810e+05	1.119917543110056577e+05	2.456584154559929371e+08
1.398683623539492566e-03	1.271502448158334754e+07	2.515054424837933329e+05	1.114467454370471387e+05	2.367551771732966006e+08
1.428324738143458596e-03	1.235941677138481662e+07	2.488710000521926850e+05	1.108835258614906634e+05	2.278524460919783711e+08
1.458594011725036863e-03	1.200889856965318322e+07	2.462202289261088881e+05	1.103126520173038589e+05	2.191613066535400152e+08
1.489504756324154782e-03	1.166101996241084300e+07	2.435172746869587863e+05	1.097243240060771932e+05	2.106416326281627119e+08
1.521070566091505720e-03	1.132631219079160690e+07	2.408739653258007893e+05	1.091466790543232346e+05	2.025201906058301926e+08
1.553305323267072666e-03	1.100247121736524440e+07	2.382711642823057191e+05	1.085750822500895592e+05	1.947381861778623164e+08
1.586223204285366938e-03	1.068404456468873285e+07	2.356511863209425646e+05	1.079947606819981738e+05	1.871730904530004263e+08
1.619838686010041055e-03	1.037492552345404960e+07	2.330576031016224588e+05	1.074168425456213154e+05	1.799047391626759768e+08
1.654166552100628336e-03	1.007481672248121537e+07	2.304899477930538123e+05	1.068412902065851085e+05	1.729203037199992537e+08
1.689221899514206692e-03	9.783284903555219993e+06	2.279471271047285409e+05	1.062679268135930761e+05	1.662040378956158757e+08
1.725020145144853453e-03	9.500141349980976433e+06	2.254292549483282492e+05	1.056967993942545727e+05	1.597470901132595837e+08
1.761577032603788440e-03	9.225277848037004471e+06	2.229368965376609121e+05	1.051280372174226795e+05	1.535433026121938229e+08
1.798908639143220224e-03	8.958420456782724708e+06	2.204696997034730448e+05	1.045615977653029549e+05	1.475820757693554759e+08
1.837031382726912916e-03	8.699190511982226744e+06	2.180266307497301896e+05	1.039973135892872233e+05	1.418497991829391122e+08
1.875962029250603357e-03	8.447420588269960135e+06	2.156076567430428404e+05	1.034352272517434612e+05	1.363392205236369967e+08
1.915717699915417882e-03	8.203016571432381868e+06	2.132131308427032200e+05	1.028754620830243657e+05	1.310445275569871664e+08
1.956315878757565116e-03	7.965726470232646912e+06	2.108426337231234065e+05	1.023179652730604430e+05	1.259567714874489754e+08
1.997774420337589726e-03	7.735219403739131056e+06	2.084952133081162174e+05	1.017625790578690794e+05	1.210641702297625989e+08
2.040111557592579582e-03	7.511346846736002713e+06	2.061709968221735326e+05	1.012093506438746408e+05	1.163606823203550726e+08
2.083345909854779961e-03	7.294026896291420795e+06	2.038705380116269807e+05	1.006584104609572823e+05	1.118418358210541308e+08
2.127496491040134757e-03	7.083028147762482055e+06	2.015933940080339380e+05	1.001096980356740678e+05	1.074994862133652866e+08
2.172582718010372237e-03	6.878061507430097088e+06	1.993385915959181439e+05	9.956306152928790834e+04	1.033239927779491693e+08
2.218624419112281976e-03	6.678995236839259043e+06	1.971060436355531565e+05	9.901854008839621383e+04	9.930973255727511644e+07
2.265641842897974604e-03	6.485757979858924635e+06	1.948962270767227747e+05	9.847626187183098227e+04	9.545330898959401250e+07
2.313655667029933423e-03	6.298137604678452015e+06	1.927086697729275911e+05	9.793615828582830727e+04	9.174701310459651053e+07
2.362687007374795686e-03	6.115881545913986862e+06	1.905425715695465042e+05	9.739809005897732277e+04	8.818314218402782083e+07
2.412757427289825233e-03	5.938872948738085106e+06	1.883980594962601317e+05	9.686210421530877647e+04	8.475705340750460327e+07
2.463888947106213784e-03	5.767049644151677378e+06	1.862756505097608606e+05	9.632833105629784404e+04	8.146573808846229315e+07
2.516104053813336943e-03	5.600217407041219063e+06	1.841748000625370478e+05	9.579669259892856644e+04	7.830266742557923496e+07
2.569425710948245768e-03	5.438155663524581119e+06	1.820945712311573152e+05	9.526704969882653677e+04	7.526108542594273388e+07
2.623877368694733318e-03	5.280760656924446113e+06	1.800349891780838079e+05	9.473944523757167917e+04	7.233726964504405856e+07
2.679482974196439188e-03	5.127978287189171650e+06	1.779965497798653669e+05	9.421400866336764011e+04	6.952813916622890532e+07
2.736266982088478034e-03	4.979630938732462004e+06	1.759787445949014509e+05	9.369065719342936063e+04	6.682846973969414830e+07
2.794254365252289707e-03	4.835525966027759016e+06	1.739808968348171911e+05	9.316926842694441439e+04	6.423251386905315518e+07
2.853470625798387814e-03	4.695571347938532010e+06	1.720031140834926919e+05	9.264988839070228278e+04	6.173712728325007856e+07
2.913941806281861776e-03	4.559719867437864654e+06	1.700458687765608774e+05	9.213264623835831298e+04	5.933977229919424653e+07
2.975694501155571117e-03	4.427809347683562897e+06	1.681084810862508602e+05	9.161744537787606532e+04	5.703579298930979520e+07
3.038755868466027146e-03	4.299671551738477312e+06	1.661901770611904503e+05	9.110416364586522104e+04	5.482040735401361436e+07
3.103153641797168783e-03	4.175224877586597577e+06	1.642910657707624778e+05	9.059284728922924842e+04	5.269062134361893684e+07
3.168916142467233243e-03	4.054428070000608452e+06	1.624116195045988134e+05	9.008362556133908220e+04	5.064459933414781094e+07
3.236072291984112663e-03	3.937133234334710520e+06	1.605513095218569506e+05	8.957640341461832577e+04	4.867815310712981969e+07
3.304651624764658874e-03	3.823193464974770322e+06	1.587095508976464334e+05	8.907107324047696602e+04	4.678739759473274648e+07
3.374684301123556836e-03	3.712536411861503031e+06	1.568864400729692425e+05	8.856768115013696661e+04	4.496976985341076553e+07
3.446201120537424525e-03	3.605125972139110789e+06	1.550823333922589663e+05	8.806635005710711994e+04	4.322371099049360305e+07
3.519233535190044709e-03	3.500827450601634104e+06	1.532965130750208045e+05	8.756696919120707025e+04	4.154552597640575469e+07
3.593813663804625805e-03	3.399512576040107291e+06	1.515284350277404301e+05	8.706943793394898239e+04	3.993183609313491732e+07
3.669974305769219299e-03	3.301117192887704354e+06	1.497781941301175975e+05	8.657380164784543740e+04	3.838058549153780192e+07
3.747748955561452412e-03	3.205609712681272067e+06	1.480462468914240599e+05	8.608018848643709498e+04	3.689035006111967564e+07
3.827171817478984984e-03	3.112867554325686768e+06	1.463320417661105166e+05	8.558849218487623148e+04	3.545808532331053913e+07
3.908277820682117681e-03	3.022778742023659870e+06	1.446350796014053922e+05	8.509861959168924659e+04	3.408089995463430136e+07
3.991102634555192957e-03	2.935286401672242209e+06	1.429553722496166592e+05	8.461061112843657611e+04	3.275706909845388681e+07
4.075682684393532908e-03	2.850362834883407690e+06	1.412932015661855985e+05	8.412458450209841249e+04	3.148529383099675179e+07
4.162055167422817371e-03	2.767896628953088075e+06	1.396479728184916021e+05	8.364042571320365823e+04	3.026295496501543745e+07
4.250258069157961290e-03	2.687790035110953264e+06	1.380192313477662392e+05	8.315804842290142551e+04	2.908758870616842434e+07
4.340330180108637088e-03	2.609992635538387578e+06	1.364070744504268805e+05	8.267749869914572628e+04	2.795771247199866548e+07
4.432311112838861061e-03	2.534480120450335555e+06	1.348119397578366625e+05	8.219890383888967335e+04	2.687233625332364067e+07
4.526241319388085715e-03	2.461151320124413352e+06	1.332332588764795801e+05	8.172214771129321889e+04	2.582913998669642210e+07
4.622162109061505458e-03	2.389920916429040488e+06	1.316705341211087652e+05	8.124714480099911452e+04	2.482607983819904923e+07
4.720115666597336779e-03	2.320744218153898604e+06	1.301237141039682610e+05	8.077393004129105248e+04	2.386181245635506511e+07
4.820145070719144588e-03	2.253599862794424873e+06	1.285931784755136032e+05	8.030262670793781581e+04	2.293556944422229752e+07
4.922294313081310678e-03	2.188396067457018886e+06	1.270783517031334341e+05	7.983311331859510392e+04	2.204523177064298838e+07
5.026608317615998724e-03	2.125058371397992130e+06	1.255788486298500356e+05	7.936531650250087841e+04	2.118913922389774770e+07
5.133132960290130720e-03	2.063547166564733488e+06	1.240947703685950692e+05	7.889928232719883090e+04	2.036619241737047210e+07
5.241915089281041530e-03	2.003843644659647951e+06	1.226265277393111319e+05	7.843513671707408503e+04	1.957571244098330289e+07
5.353002545579732367e-03	1.945864623450332321e+06	1.211734754482493881e+05	7.797274958062231599e+04	1.881589256091280282e+07
5.466444184030696055e-03	1.889545120596654713e+06	1.197351202299672732e+05	7.751204161943150393e+04	1.808527042700032517e+07
5.582289894817666839e-03	1.834850035302037373e+06	1.183115196987328527e+05	7.705305516151856864e+04	1.738297808705534413e+07
5.700590625404708227e-03	1.781762788496414199e+06	1.169030654089994496e+05	7.659591373798306449e+04	1.670832862774398364e+07
5.821398402942216249e-03	1.730208052496006014e+06	1.155091722768500767e+05	7.614048823174562131e+04	1.605984616408901103e+07
5.944766357147824969e-03	1.680129123542348156e+06	1.141295288835970277e+05	7.568671757045526465e+04	1.543629503398285620e+07
6.070748743672167193e-03	1.631494899170096032e+06	1.127642311495351023e+05	7.523464788149255037e+04	1.483693279024657607e+07
6.199400967959818945e-03	1.584290740237906342e+06	1.114136077718930319e+05	7.478439811100045335e+04	1.426119516140251793e+07
6.330779609615908021e-03	1.538448491427115630e+06	1.100769179217580240e+05	7.433582052134262631e+04	1.370775036982686631e+07
6.464942447289089879e-03	1.493918676324465312e+06	1.087538558624743746e+05	7.388885723809215415e+04	1.317560579423528537e+07
6.601948484081890736e-03	1.450673739843517775e+06	1.074445219118443492e+05	7.344355512645520503e+04	1.266406081123574637e+07
6.741857973499477616e-03	1.408700729070316069e+06	1.061492670660971344e+05	7.300003487647286966e+04	1.217270380951186828e+07
6.884732445948405985e-03	1.367938033918926958e+06	1.048675196727750736e+05	7.255816161237761844e+04	1.170035705805688351e+07
7.030634735796891313e-03	1.328342485116799828e+06	1.035990290035676735e+05	7.211788587166494108e+04	1.124620480002393760e+07
7.179629009008595825e-03	1.289889672524695052e+06	1.023438222436808865e+05	7.167924662178904691e+04	1.080965082836369425e+07
7.331780791361950343e-03	1.252568118636616273e+06	1.011020947815465333e+05	7.124234752068376110e+04	1.039030953084795736e+07
7.487156997267587974e-03	1.216322170234397752e+06	9.987327092756837374e+04	7.080704956917602976e+04	9.987188670044481754e+06
7.645825959196438613e-03	1.181114164768982911e+06	9.865712496500997804e+04	7.037330824799199763e+04	9.599575523675184697e+06
7.807857457731475631e-03	1.146922480541148921e+06	9.745373991561178991e+04	6.994116943623116822e+04	9.227000689130840823e+06
7.973322752256328111e-03	1.113736929751269519e+06	9.626344462883762026e+04	6.951075150928027870e+04	8.869107633576808497e+06
8.142294612294233985e-03	1.081507278129589511e+06	9.508568417222234712e+04	6.908191493189669563e+04	8.525072269828760996e+06
8.314847349511189298e-03	1.050200669244508492e+06	9.392015686333509802e+04	6.865460852485499345e+04	8.194272944220166653e+06
8.491056850397209546e-03	1.019797954091296182e+06	9.276683975775908038e+04	6.822886521130251640e+04	7.876297231517882086e+06
8.671000609640279119e-03	9.902900725246068323e+05	9.162604678291277378e+04	6.780480108046435635e+04	7.570848599378891289e+06
8.854757764207504128e-03	9.616317157323739957e+05	9.049723058380151633e+04	6.738227417179914482e+04	7.277217555398369208e+06
9.042409128148579806e-03	9.337942215220028302e+05	8.938020160179931554e+04	6.696124917163506325e+04	6.994892754774841480e+06
9.234037228136720080e-03	9.067606347903413698e+05	8.827504008163092658e+04	6.654177293758641463e+04	6.723507769477085210e+06
9.429726339762870002e-03	8.805228767963221762e+05	8.718204469445250288e+04	6.612396003901887161e+04	6.462836507004234008e+06
9.629562524599030379e-03	8.550401176220952766e+05	8.610055841464587138e+04	6.570765010947057453e+04	6.212235393572439440e+06
9.833633668047030499e-03	8.302873522557264660e+05	8.503033597869017103e+04	6.529280140156317793e+04	5.971276489859928377e+06
1.004202951798940403e-02	8.062495683334202040e+05	8.397146534382387472e+04	6.487946165710272180e+04	5.739647354714786634e+06
1.025484172425938229e-02	7.829195555255574873e+05	8.292424390802159905e+04	6.446774554063277901e+04	5.517169496644855477e+06
1.047216387894729824e-02	7.602605386299336096e+05	8.188814124747156166e+04	6.405750787225149543e+04	5.303284125485410914e+06
1.069409155756119272e-02	7.382507061702221399e+05	8.086299837491856306e+04	6.364872178534640261e+04	5.097631869683170691e+06
1.092072236105970547e-02	7.168767691214245278e+05	7.984885912514445954e+04	6.324142820405463135e+04	4.899955598865337670e+06
1.115215595877575537e-02	6.961322760075618280e+05	7.884587956951583328e+04	6.283571979943475162e+04	4.710075837890230119e+06
1.138849413224978825e-02	6.759841305174207082e+05	7.785351388470944948e+04	6.243144621272094810e+04	4.527522434632723220e+06
1.162984081999205582e-02	6.564133056801258354e+05	7.687163157136681548e+04	6.202858549511864840e+04	4.351987823607938364e+06
1.187630216319339981e-02	6.374080395672466839e+05	7.590031324142492667e+04	6.162718512146935245e+04	4.183270898884272669e+06
1.212798655240480798e-02	6.189625501229307847e+05	7.493983659437678580e+04	6.122735706480180670e+04	4.021209242675941437e+06
1.238500467520621366e-02	6.010470702764098532e+05	7.398966350628186774e+04	6.082894936629641597e+04	3.865406835078512784e+06
1.264746956488544717e-02	5.836450030844899593e+05	7.304957920230973104e+04	6.043192784761851362e+04	3.715594108669640031e+06
1.291549665014883955e-02	5.667459411122406600e+05	7.211960433902397926e+04	6.003633011960527801e+04	3.571590750709914137e+06
1.318920380588532899e-02	5.503446865296427859e+05	7.119999140399797761e+04	5.964226420032452006e+04	3.433266486413774081e+06
1.346871140500627631e-02	5.344144909560213564e+05	7.029023768091460806e+04	5.924958163684827014e+04	3.300274272765771952e+06
1.375414237138396570e-02	5.189408744159643538e+05	6.939024093924379849e+04	5.885826788062946434e+04	3.172406214724577498e+06
1.404562223391196511e-02	5.039146296193150920e+05	6.850008029396213533e+04	5.846837120793795475e+04	3.049497191220799461e+06
1.434327918171109106e-02	4.893310764463382075e+05	6.761994125847610121e+04	5.807998814913222304e+04	2.931444492571891285e+06
1.464724412050539583e-02	4.751661929346487159e+05	6.674922339555357757e+04	5.769294849690635601e+04	2.817931715543035883e+06
1.495765073019278586e-02	4.614073463791325339e+05	6.588783634773441008e+04	5.730724087744659482e+04	2.708787235884280875e+06
1.527463552363575450e-02	4.480463930374538177e+05	6.503585646929771610e+04	5.692291341081057908e+04	2.603874731724950019e+06
1.559833790669801906e-02	4.350791097765727318e+05	6.419351719286653679e+04	5.654007197281604022e+04	2.503103726522629149e+06
1.592890023955338338e-02	4.224839384811829077e+05	6.336034057580129593e+04	5.615856771371683135e+04	2.406216421739834826e+06
1.626646789929399317e-02	4.102498569047689089e+05	6.253621110315369879e+04	5.577838529242774530e+04	2.313058559089657385e+06
1.661118934386526108e-02	3.983696636091605178e+05	6.172109815278046881e+04	5.539955028992924053e+04	2.223515500747215468e+06
1.696321617735579643e-02	3.868395409549982287e+05	6.091520073782763939e+04	5.502216114734736766e+04	2.137498627611198463e+06
1.732270321667098503e-02	3.756401539888063562e+05	6.011805738568153902e+04	5.464606940206779109e+04	2.054793530267879367e+06
1.768980855961942850e-02	3.647618852924907696e+05	5.932960504778474569e+04	5.427127350566633686e+04	1.975270371412782697e+06
1.806469365444235767e-02	3.541983685511777876e+05	5.854991607653337996e+04	5.389782238287832297e+04	1.898836147818231490e+06
1.844752337081655841e-02	3.439461439003724954e+05	5.777916644408628053e+04	5.352580934452156362e+04	1.825415729932980845e+06
1.883846607236187159e-02	3.339878842199097271e+05	5.701680565067193675e+04	5.315506125325928588e+04	1.754820958673672983e+06
1.923769369068539445e-02	3.243151964464489720e+05	5.626275423539713665e+04	5.278557270245650579e+04	1.686940952568044420e+06
1.964538180099485026e-02	3.149224528227675473e+05	5.551708242711468483e+04	5.241739270896984090e+04	1.621691690093683777e+06
2.006170969931423895e-02	3.058065132224079571e+05	5.477999448657327594e+04	5.205062304593722365e+04	1.559016605969663709e+06
2.048686048133601528e-02	2.969518594427247881e+05	5.405104931758601742e+04	5.168511521526253637e+04	1.498752655240700347e+06
2.092102112294418406e-02	2.883511655710393097e+05	5.333016195409667853e+04	5.132086286018481042e+04	1.440809413952876348e+06
2.136438256244391209e-02	2.799994596707646269e+05	5.261731232368613564e+04	5.095789134204729635e+04	1.385109631420766469e+06
2.181713978453380873e-02	2.718938846679739072e+05	5.191267572079452657e+04	5.059629524932162167e+04	1.331609043373725610e+06
2.227949190605761978e-02	2.640205525403011707e+05	5.121582141475652315e+04	5.023592573021663702e+04	1.280161912163149100e+06
2.275164226357336353e-02	2.563730678954291507e+05	5.052670827572666894e+04	4.987678680571095174e+04	1.230694028704826254e+06
2.323379850277806913e-02	2.489470395951780374e+05	4.984541053849365562e+04	4.951893143702986708e+04	1.183146285328327445e+06
2.372617266982774559e-02	2.417398618885432370e+05	4.917204991095566947e+04	4.916243889269049396e+04	1.137473271413424052e+06
2.422898130459259780e-02	2.347391160659122397e+05	4.850612804388191580e+04	4.880713694591609237e+04	1.093553328291086713e+06
2.474244553588843265e-02	2.279392173490625864e+05	4.784761914147786592e+04	4.845303663125002640e+04	1.051320225783182774e+06
2.526679117872631872e-02	2.213362884390863765e+05	4.719659388633303024e+04	4.810018882415789994e+04	1.010728973038393888e+06
2.580224883362318075e-02	2.149279491097769351e+05	4.655320907094777067e+04	4.774868463587216684e+04	9.717352465673866682e+05
2.634905398801689475e-02	2.087031019572244841e+05	4.591706010598951980e+04	4.739837700244892039e+04	9.342396930804010481e+05
2.690744711983068457e-02	2.026568688490299974e+05	4.528804209098020510e+04	4.704925203994116600e+04	8.981847753966872115e+05
2.747767380323228384e-02	1.967858278455995314e+05	4.466618252613529330e+04	4.670134867652077810e+04	8.635281705402346561e+05
2.805998481663422514e-02	1.910878003755428945e+05	4.405163258387997485e+04	4.635475698995078710e+04	8.302354686967512826e+05
2.865463625298309350e-02	1.855528771550923702e+05	4.344401597902811045e+04	4.600933533754997916e+04	7.982204363047468942e+05
2.926188963238583740e-02	1.801767962183141208e+05	4.284331586523534497e+04	4.566509964162769757e+04	7.674382552909163060e+05
2.988201201712300387e-02	1.749565383931222314e+05	4.224955493652863515e+04	4.532208838259572076e+04	7.378491718492610380e+05
3.051527612909937445e-02	1.698901060098613671e+05	4.166279177824685758e+04	4.498035812391334184e+04	7.094243817781961989e+05
3.116196046978347151e-02	1.649686579137246881e+05	4.108265560923195881e+04	4.463976715556961426e+04	6.820879938057563268e+05
3.182234944268905880e-02	1.601884689137462410e+05	4.050913739898907806e+04	4.430033425796699157e+04	6.558029817091656150e+05
3.249673347845206950e-02	1.555468763644288410e+05	3.994230542025004979e+04	4.396211412525818741e+04	6.305370297581985360e+05
3.318540916255835471e-02	1.510420456641047203e+05	3.938227180365969252e+04	4.362518482639930880e+04	6.062675358551056124e+05
3.388867936577820428e-02	1.466660943708378181e+05	3.882859896194182511e+04	4.328937487724226958e+04	5.829264731125454418e+05
3.460685337736497946e-02	1.424157653646719700e+05	3.828125913769488398e+04	4.295469557085011184e+04	5.604812745963179041e+05
3.534024704107661952e-02	1.382887117708513106e+05	3.774032033911540930e+04	4.262120314121117553e+04	5.389064818429686129e+05
3.608918289407971741e-02	1.342832451751788321e+05	3.720590505191858392e+04	4.228898138599250524e+04	5.181803374814751442e+05
3.685399030879719234e-02	1.303923443526871706e+05	3.667766302700928645e+04	4.195788985861902620e+04	4.982486129972689669e+05
3.763500563776207147e-02	1.266131598582110746e+05	3.615552332151710289e+04	4.162792238315663417e+04	4.790816527743294719e+05
3.843257236154112161e-02	1.229436245295157278e+05	3.563951507321810641e+04	4.129912065856411937e+04	4.606581814210334560e+05
3.924704123979310538e-02	1.193821814245353889e+05	3.512974923891024082e+04	4.097156400308190496e+04	4.429580768123239395e+05
4.007877046552850431e-02	1.159225822048747214e+05	3.462590273654391058e+04	4.064511835996916489e+04	4.259355152159563149e+05
4.092812582263813392e-02	1.125623326845808770e+05	3.412796925503008242e+04	4.031980545307473221e+04	4.095667503050444648e+05
4.179548084676026898e-02	1.092996132815847668e+05	3.363594004992265400e+04	3.999565022304199374e+04	3.938324723882897524e+05
4.268121698955689575e-02	1.061329855344406969e+05	3.314988481041057094e+04	3.967271347048841562e+04	3.787155390177516383e+05
4.358572378647117967e-02	1.030568944566065329e+05	3.266949620535862778e+04	3.935086574932629446e+04	3.641765425722622313e+05
4.450939902804028347e-02	1.000691553775008215e+05	3.219478464463262571e+04	3.903013820333171316e+04	3.501962453038924141e+05
4.545264893483848267e-02	9.716816775244902237e+04	3.172579733240903806e+04	3.871058048441127903e+04	3.367576076723011793e+05
4.641588833612779463e-02	9.435260029621572176e+04	3.126254923609987236e+04	3.839222889819783450e+04	3.238462386687485268e+05
4.739954085229469011e-02	9.161751945839400287e+04	3.080472179966677868e+04	3.807494196293529239e+04	3.114271706868071342e+05
4.840403908115278181e-02	8.896101031867173151e+04	3.035232821495810276e+04	3.775875122039011330e+04	2.994851224618138513e+05
4.942982478819387543e-02	8.638166616358635656e+04	2.990543678992495916e+04	3.744372164762102329e+04	2.880058080990361050e+05
5.047734910087089966e-02	8.387825254247688281e+04	2.946409720924078647e+04	3.712990818742421106e+04	2.769772464860341861e+05
5.154707270699779992e-02	8.144639287547013373e+04	2.902795756230771804e+04	3.681714859007146879e+04	2.663689951151623973e+05
5.263946605735428386e-02	7.908440724031218269e+04	2.859702735090891292e+04	3.650547452840988262e+04	2.561671672355271876e+05
5.375500957258409762e-02	7.679106020104860363e+04	2.817137070687243977e+04	3.619494869438248134e+04	2.463603210310322465e+05
5.489419385447772554e-02	7.456520560547515925e+04	2.775106087490295249e+04	3.588564095307188836e+04	2.369383457203277212e+05
5.605751990173300781e-02	7.240296513515067636e+04	2.733576644727099847e+04	3.557739065519404539e+04	2.278756917327816191e+05
5.724549933028778848e-02	7.030286377343302593e+04	2.692546460096288138e+04	3.527021200965074240e+04	2.191597438986491761e+05
5.845865459832211286e-02	6.826381832036605920e+04	2.652022183452383615e+04	3.496417234252252820e+04	2.107816318074699084e+05
5.969751923602879817e-02	6.628476079903519712e+04	2.612010207926112707e+04	3.465933687425972312e+04	2.027311821425073140e+05
6.096263808025296355e-02	6.436226073604940757e+04	2.572481956306831853e+04	3.435556940243428835e+04	1.949876519106452761e+05
6.225456751410456124e-02	6.249502103379739856e+04	2.533433812638894597e+04	3.405287596977107751e+04	1.875403130276566662e+05
6.357387571164835327e-02	6.068209343423871906e+04	2.494871246509819321e+04	3.375131806033594330e+04	1.803814441407528357e+05
6.492114288777969811e-02	5.892248034653749346e+04	2.456799370072466627e+04	3.345095257638661860e+04	1.735023346889246895e+05
6.629696155339574737e-02	5.721315255937924667e+04	2.419193367937160292e+04	3.315166101708146743e+04	1.668855118554262153e+05
6.770193677597398374e-02	5.555296779803231038e+04	2.382048595597250824e+04	3.285343892732793756e+04	1.605214260703158216e+05
6.913668644567325106e-02	5.394096144616122183e+04	2.345365221350501815e+04	3.255629979993801317e+04	1.544029503766793932e+05
7.060184154707406512e-02	5.237660720952721022e+04	2.309160196637861009e+04	3.226042227801358604e+04	1.485243337184656702e+05
7.209804643667737378e-02	5.085682740921535151e+04	2.273398885334443912e+04	3.196558012130175484e+04	1.428690758863274823e+05
7.362595912628441819e-02	4.938075051974619419e+04	2.238081182505347169e+04	3.167181021921582578e+04	1.374302406940234359e+05
7.518625157238204015e-02	4.794765561570086720e+04	2.203210294105494177e+04	3.137916267920424434e+04	1.322012884778048028e+05
7.677960997166025092e-02	4.655666000901361986e+04	2.168790220505709294e+04	3.108769694658962908e+04	1.271760997014790482e+05
7.840673506279315086e-02	4.520542158109165030e+04	2.134800227247958173e+04	3.079731229682320918e+04	1.223420600929606735e+05
8.006834243461452560e-02	4.389304802262659359e+04	2.101236494996976035e+04	3.050800771981521393e+04	1.176928260254604538e+05
8.176516284082480102e-02	4.261891407309281931e+04	2.068102470456822994e+04	3.021983475131381419e+04	1.132230146756890608e+05
8.349794252136732986e-02	4.138218362867098767e+04	2.035400582996412413e+04	2.993284090744905188e+04	1.089273462917035067e+05
8.526744353061486981e-02	4.018080759349551954e+04	2.003111354602263236e+04	2.964693169975170531e+04	1.047947372176864155e+05
8.707444407251174745e-02	3.901399396688624984e+04	1.971231544684887558e+04	2.936211108524864540e+04	1.008198326750196866e+05
8.891973884281766105e-02	3.788120027177168231e+04	1.939764322253274077e+04	2.907842827886252053e+04	9.699823153094864392e+04
9.080413937860487561e-02	3.678163826005921874e+04	1.908711578738783282e+04	2.879592633196031238e+04	9.332529816183799994e+04
9.272847441516200717e-02	3.571351537557458505e+04	1.878054618782447869e+04	2.851450931133796621e+04	8.979183523311153112e+04
9.469359025046093781e-02	3.467612865353812231e+04	1.847789793960051975e+04	2.823417800310282473e+04	8.639290826288268727e+04
9.670035111734798239e-02	3.366900746096407966e+04	1.817921822081520804e+04	2.795499651030746099e+04	8.312509624850426917e+04
9.874963956362264872e-02	3.269141153892618968e+04	1.788451417126234446e+04	2.767700321752500531e+04	7.998400280243120505e+04
1.008423568401705106e-01	3.174177297555566838e+04	1.759360118161633363e+04	2.740009937888986315e+04	7.696206147830108239e+04
1.029794232973221257e-01	3.081946789253757015e+04	1.730645293184059483e+04	2.712429265325033703e+04	7.405514838471845724e+04
1.051617787896111378e-01	2.992408782665380932e+04	1.702312151847217683e+04	2.684965596965790246e+04	7.126035710396924696e+04
1.073903830891107247e-01	2.905494014567614431e+04	1.674360811086497051e+04	2.657622435405717260e+04	6.857372187839366961e+04
1.096662163075285135e-01	2.821065357111790945e+04	1.646771891511502326e+04	2.630388131348929892e+04	6.598874418659113871e+04
1.119902793272475605e-01	2.739067443600159095e+04	1.619543930501417162e+04	2.603264436520630261e+04	6.350198156501498306e+04
1.143635942415015677e-01	2.659464816371187408e+04	1.592683559228215381e+04	2.576260091696177915e+04	6.111127508994156960e+04
1.167872048038782751e-01	2.582192873224505820e+04	1.566188143419745757e+04	2.549376074462626275e+04	5.881285042460220575e+04
1.192621768873494831e-01	2.507131698524146123e+04	1.540039098340938835e+04	2.522601016735257508e+04	5.660118755615434202e+04
1.217895989530276418e-01	2.434232155897303892e+04	1.514237575348999599e+04	2.495939390004724919e+04	5.447346099012635386e+04
1.243705825288575900e-01	2.363463467060776020e+04	1.488789559184223617e+04	2.469399335656809853e+04	5.242787594672170235e+04
1.270062626984522769e-01	2.294765539509779774e+04	1.463689575630895160e+04	2.442979378547107262e+04	5.046104348469082470e+04
1.296977986002878502e-01	2.228033525623647802e+04	1.438922425777748867e+04	2.416670803188774153e+04	4.856839747272914974e+04
1.324463739374786009e-01	2.163223822296383878e+04	1.414489673812954607e+04	2.390478427077781089e+04	4.674753433714966377e+04
1.352531974983535168e-01	2.100309699097317935e+04	1.390394916190851472e+04	2.364408238777840234e+04	4.499677936542249518e+04
1.381195036880665805e-01	2.039235410392399353e+04	1.366632186643499517e+04	2.338458134826588139e+04	4.331322935004867031e+04
1.410465530714722360e-01	1.979909292313850528e+04	1.343190293908121203e+04	2.312623073651855520e+04	4.169321334242026933e+04
1.440356329275057634e-01	1.922292653323998456e+04	1.320069074390963215e+04	2.286906116985402332e+04	4.013457645417423919e+04
1.470880578153118678e-01	1.866362272129041594e+04	1.297269997763677202e+04	2.261311359180161890e+04	3.863572248373090406e+04
1.502051701523716420e-01	1.812066555982645514e+04	1.274790820485908989e+04	2.235840917149211964e+04	3.719435157522551162e+04
1.533883408048797858e-01	1.759325377359025515e+04	1.252619454787593349e+04	2.210487746943652019e+04	3.580730134835158970e+04
1.566389696906345663e-01	1.708104407265042028e+04	1.230753289915626556e+04	2.185252183596690520e+04	3.447265873841062421e+04
1.599584863947036695e-01	1.658383457691370859e+04	1.209197161563026930e+04	2.160142464057456891e+04	3.318918185631088272e+04
1.633483507981373095e-01	1.610114890027753790e+04	1.187947645592604204e+04	2.135159244597977158e+04	3.195484185259251171e+04
1.668100537200059019e-01	1.563228667351614968e+04	1.166991324214445376e+04	2.110293717724586895e+04	3.076681513328609435e+04
1.703451175730422984e-01	1.517694329935363021e+04	1.146328552378449240e+04	2.085549788861617708e+04	2.962367367031130925e+04
1.739550970331800450e-01	1.473494327409868129e+04	1.125964192305509823e+04	2.060935741310352023e+04	2.852435435366753154e+04
1.776415797232799298e-01	1.430584750896719561e+04	1.105891042040419052e+04	2.036447610162621640e+04	2.746690262921146496e+04
1.814061869113461622e-01	1.388904393484673528e+04	1.086099334131914839e+04	2.012080230132835641e+04	2.644907931668404490e+04
1.852505742235391883e-01	1.348426230646073600e+04	1.066590070864563313e+04	1.987838669260396273e+04	2.546971490202201312e+04
1.891764323722997243e-01	1.309134995384841750e+04	1.047364328370501426e+04	1.963726705159566336e+04	2.452772274984364776e+04
1.931854878999012814e-01	1.270990293462540831e+04	1.028418617216343409e+04	1.939745072957298180e+04	2.362156705881656671e+04
1.972795039377621684e-01	1.233938640265580580e+04	1.009743084043274030e+04	1.915888067653684266e+04	2.274931489834108288e+04
2.014602809818480389e-01	1.197956063324109527e+04	9.913357033215514093e+03	1.892156336573100998e+04	2.190985985416339099e+04
2.057296576845067948e-01	1.163029265899412712e+04	9.732014588501913749e+03	1.868559135036714724e+04	2.110246154149562426e+04
2.100895116630852322e-01	1.129121159090936635e+04	9.553347277777473209e+03	1.845094594825190507e+04	2.032568930358950092e+04
2.145417603256798977e-01	1.096185008945520167e+04	9.377253818070937996e+03	1.821756038139648444e+04	1.957786545100281364e+04
2.190883617143895290e-01	1.064199547878822159e+04	9.203749529742537561e+03	1.798549298998485028e+04	1.885816662159034604e+04
2.237313153664367560e-01	1.033153198275092109e+04	9.032843590545780899e+03	1.775477534381856822e+04	1.816583485872807796e+04
2.284726631935388719e-01	1.003011949362114137e+04	8.864491978497615492e+03	1.752540680866107868e+04	1.749968753757195009e+04
2.333144903799153069e-01	9.737349738784183501e+03	8.698613269266748830e+03	1.729734346224751789e+04	1.685836038942740925e+04
2.382589262993237145e-01	9.453034064756291627e+03	8.535194841373104282e+03	1.707060590140957720e+04	1.624102123164249133e+04
2.433081454515323150e-01	9.177071548590076418e+03	8.374278127894987847e+03	1.684527947141132972e+04	1.564716051409296597e+04
2.484643684186368384e-01	8.909150823551373833e+03	8.215799284618744423e+03	1.662132537364607560e+04	1.507567973852205250e+04
2.537298628416438939e-01	8.648915304613426997e+03	8.059675347182896985e+03	1.639869066068240500e+04	1.452541090652816638e+04
2.591069444177515613e-01	8.396197471045194106e+03	7.905916779191900787e+03	1.617743461662570371e+04	1.399570359932234715e+04
2.645979779187619951e-01	8.150909462185544726e+03	7.754538125549849610e+03	1.595760421171555572e+04	1.348606716740774391e+04
2.702053782310787078e-01	7.912766565062230256e+03	7.605495890040287122e+03	1.573919454882204991e+04	1.299559348368030078e+04
2.759316114177428059e-01	7.681457315401809865e+03	7.458704141744455228e+03	1.552213626435727383e+04	1.252327668804978930e+04
2.817791958029755572e-01	7.456833141979655920e+03	7.314162270175324920e+03	1.530647064694138498e+04	1.206852050586480982e+04
2.877507030797054055e-01	7.238817303486397577e+03	7.171908646881845925e+03	1.509228708757075219e+04	1.163101071998890075e+04
2.938487594405665426e-01	7.027149888246160117e+03	7.031872197352891817e+03	1.487953639752077652e+04	1.120983656554657864e+04
3.000760467328633108e-01	6.821558859209984803e+03	6.893995611657620429e+03	1.466819078290613834e+04	1.080423745291931664e+04
3.064353036380134121e-01	6.621912454973075910e+03	6.758264087000274230e+03	1.445826493702289554e+04	1.041366791812491829e+04
3.129293268759847368e-01	6.428143607343761687e+03	6.624714925511964793e+03	1.424984941765415897e+04	1.003786197135595830e+04
3.195609724352570513e-01	6.240015312840774641e+03	6.493285344101720511e+03	1.404290700126708907e+04	9.676047644821663198e+03
3.263331568288500573e-01	6.057290006128861933e+03	6.363912065141626954e+03	1.383739590311224129e+04	9.327559095332864672e+03
3.332488583769670498e-01	5.879850835898249898e+03	6.236593684694875265e+03	1.363335406570223313e+04	8.991964650613381309e+03
3.403111185168231634e-01	5.707639119537843726e+03	6.111351496411127300e+03	1.343084448646917917e+04	8.668985787165043803e+03
3.475230431402304698e-01	5.540439016940213151e+03	5.988133134630613313e+03	1.322984535190287897e+04	8.358008950284389357e+03
3.548878039595292910e-01	5.378043073997038846e+03	5.866874067088646370e+03	1.303030892700604636e+04	8.058433385403306602e+03
3.624086399024666338e-01	5.220347681424950679e+03	5.747579983085551248e+03	1.283228701282290604e+04	7.769920820445239769e+03
3.700888585366366446e-01	5.067301415099732367e+03	5.630262709897399873e+03	1.263582447343170861e+04	7.492201492082605000e+03
3.779318375241043637e-01	4.918707948113958082e+03	5.514873206073013534e+03	1.244090427183634165e+04	7.224775793332909416e+03
3.859410261068597081e-01	4.774386130970743579e+03	5.401353450865445666e+03	1.224748658898162830e+04	6.967101851115210593e+03
3.941199466237500504e-01	4.634244088061715956e+03	5.289704379970142327e+03	1.205561180536927350e+04	6.718920642268479241e+03
4.024721960595590287e-01	4.498236733791607548e+03	5.179940860377515492e+03	1.186533418292412171e+04	6.479991115514530975e+03
4.110014476269163164e-01	4.366185654853843516e+03	5.072012642323775253e+03	1.167663251318541552e+04	6.249870753768339455e+03
4.197114523817274123e-01	4.237932688154404786e+03	4.965865742610380039e+03	1.148946578214256078e+04	6.028119143631950465e+03
4.286060408728412652e-01	4.113396375017176979e+03	4.861499277216977134e+03	1.130387251259150980e+04	5.814497235436506344e+03
4.376891248266767120e-01	3.992537124835862414e+03	4.758930771450859538e+03	1.111991709735739278e+04	5.608817266232686052e+03
4.469646988675492483e-01	3.875192983113572609e+03	4.658106518129739015e+03	1.093756223611887435e+04	5.410681532388113737e+03
4.564368422744575216e-01	3.761225861035501566e+03	4.558977060968458318e+03	1.075677315364973401e+04	5.219725754900989159e+03
4.661097207750954374e-01	3.650563541698707013e+03	4.461546000075078155e+03	1.057760219337973831e+04	5.035738206705942503e+03
4.759875883778879602e-01	3.543171204850163576e+03	4.365822403163460876e+03	1.040008821573079149e+04	4.858571217931791580e+03
4.860747892428489703e-01	3.438901994089048003e+03	4.271756407248023606e+03	1.022420556164558366e+04	4.687862295934071881e+03
4.963757595920870180e-01	3.337635347384259603e+03	4.179305311391740361e+03	1.004992811257799622e+04	4.523319027582585477e+03
5.068950296608012440e-01	3.239307246167709764e+03	4.088464333562025786e+03	9.877283561059770363e+03	4.364753277490803157e+03
5.176372256896176749e-01	3.143887020207430396e+03	3.999249963122555073e+03	9.706336881970872128e+03	4.212033097254254244e+03
5.286070719591531297e-01	3.051241634933277965e+03	3.911610052267879837e+03	9.537048463471432115e+03	4.064865397365924309e+03
5.398093928676924724e-01	2.961265831230159165e+03	3.825504101251385237e+03	9.369390518921740295e+03	3.922981109799405658e+03
5.512491150528981976e-01	2.873902863086074376e+03	3.740927308953682768e+03	9.203395717424064060e+03	3.786227177252074398e+03
5.629312695584811621e-01	2.789125673000181450e+03	3.657896254490981391e+03	9.039124789117049659e+03	3.654499998153407887e+03
5.748609940467923618e-01	2.706813863006542306e+03	3.576356767565240716e+03	8.876530758689988943e+03	3.527526326359188261e+03
5.870435350582976497e-01	2.626875533884673132e+03	3.496274545274988213e+03	8.715597580423695035e+03	3.405097383062489826e+03
5.994842503189414806e-01	2.549260386648388703e+03	3.417642995039387642e+03	8.556347960111022985e+03	3.287068197104070350e+03
6.121886110964055439e-01	2.473944517662323051e+03	3.340478887780312107e+03	8.398848594333006986e+03	3.173360939259096085e+03
6.251622046063020077e-01	2.400819063221876149e+03	3.264728409254336384e+03	8.243047534058885503e+03	3.063735861026011207e+03
6.384107364693620834e-01	2.329803785905121003e+03	3.190357860558343873e+03	8.088922172935146591e+03	2.958007648208544651e+03
6.519400332206916060e-01	2.260854106099865476e+03	3.117365882587420401e+03	7.936511830147961518e+03	2.856072052509786317e+03
6.657560448722088520e-01	2.193948868055115781e+03	3.045761683612992783e+03	7.785862088725579270e+03	2.757841131317260533e+03
6.798648475293831428e-01	2.128989730032387797e+03	2.975496078557581313e+03	7.636927770726894778e+03	2.663118673482562372e+03
6.942726460634290886e-01	2.065906631180524073e+03	2.906539776066957074e+03	7.489694598371695065e+03	2.571751876423964859e+03
7.089857768401280902e-01	2.004660063705571929e+03	2.838883933215135585e+03	7.344176440841168187e+03	2.483632707052015121e+03
7.240107105064845783e-01	1.945231271704834398e+03	2.772546276919097181e+03	7.200448592808897047e+03	2.398711258173688293e+03
7.393540548364295750e-01	1.887531498306978392e+03	2.707471806329250285e+03	7.058439269853305632e+03	2.316800578705436237e+03
7.550225576368376768e-01	1.831499562266305247e+03	2.643635787498350510e+03	6.918144748376364078e+03	2.237771146564267838e+03
7.710231097151263313e-01	1.777100451884052973e+03	2.581031501356974331e+03	6.779581532030985727e+03	2.161545858024204790e+03
7.873627479097432547e-01	1.724317513045800069e+03	2.519670164873961312e+03	6.642807534389869033e+03	2.088061649071917600e+03
8.040486581848822478e-01	1.673070707520631004e+03	2.459503354785975716e+03	6.507764847495861432e+03	2.017170389441042062e+03
8.210881787907730045e-01	1.623306601902441116e+03	2.400505445340150345e+03	6.374440190415658435e+03	1.948760454706888140e+03
8.384888034909533383e-01	1.574994173013552427e+03	2.342671539231860606e+03	6.242855442732905431e+03	1.882759926875841074e+03
8.562581848579297050e-01	1.528118599859295273e+03	2.286009459163973133e+03	6.113057442033044936e+03	1.819121226367296231e+03
8.744041376386801900e-01	1.482607777190970864e+03	2.230474562593146857e+03	5.984995227448492187e+03	1.757714094151237759e+03
8.929346421914835519e-01	1.438415028162254657e+03	2.176043275591964175e+03	5.858654693373223381e+03	1.698442956434665120e+03
9.118578479955742333e-01	1.395512860962239984e+03	2.122708328584588799e+03	5.734050023244109980e+03	1.641247419142341869e+03
9.311820772351820930e-01	1.353888069993963654e+03	2.070478791531363640e+03	5.611231217629661842e+03	1.586088887146520847e+03
9.509158284595223831e-01	1.313475748131848832e+03	2.019309406489441471e+03	5.490139339431807457e+03	1.532847412181779191e+03
9.710677803203476843e-01	1.274235111462907525e+03	1.969179976433046704e+03	5.370765804538223165e+03	1.481450278179306451e+03
9.916467953887124764e-01	1.236141800110614668e+03	1.920081559957845002e+03	5.253116985551148900e+03	1.431839618823367800e+03
1.012661924052612461e+00	1.199184028892950892e+03	1.872024787681566522e+03	5.137248889540260279e+03	1.383985600532039598e+03
1.034122408497234025e+00	1.163303417873232092e+03	1.824963630215456988e+03	5.023092727676818868e+03	1.337784362186852604e+03
1.056037686769547568e+00	1.128464323118254924e+03	1.778879845432905540e+03	4.910641028011892558e+03	1.293172430735062790e+03
1.078417396929040706e+00	1.094645160634783679e+03	1.733766239429453890e+03	4.799904700051692998e+03	1.250101428096457994e+03
1.101271381286411888e+00	1.061835393687842043e+03	1.689630082840148816e+03	4.690928108155057998e+03	1.208546132306120626e+03
1.124609690732098155e+00	1.029982561032030617e+03	1.646428800774082902e+03	4.583646978640025736e+03	1.168417117569292941e+03
1.148442589156521310e+00	9.990555015771813032e+02	1.604144681493389726e+03	4.478050192845890706e+03	1.129658562428897312e+03
1.172780557964020254e+00	9.690350826604186523e+02	1.562771060326732595e+03	4.374149533491431612e+03	1.092230254901034186e+03
1.197634300682437924e+00	9.399118777552623669e+02	1.522312571208560485e+03	4.271978749186290770e+03	1.056110078108328253e+03
1.223014747670394531e+00	9.116387820548673062e+02	1.482730198457195002e+03	4.171479471161705987e+03	1.021220593955297545e+03
1.248933060924324545e+00	8.841885372186982295e+02	1.444007464728752893e+03	4.072640663020166812e+03	9.875148899189767917e+02
1.275400638987373769e+00	8.575441970820446613e+02	1.406136943611131528e+03	3.975466975178268513e+03	9.549589545886109363e+02
1.302429121962336289e+00	8.316973013017851599e+02	1.369123089095005980e+03	3.879994248577431335e+03	9.235332118346001380e+02
1.330030396630823342e+00	8.066055975107427685e+02	1.332928573409759565e+03	3.786160460209701341e+03	8.931710425815317649e+02
1.358216601680917401e+00	7.822452303090102532e+02	1.297536566238575006e+03	3.693949750307697741e+03	8.638302342473823501e+02
1.387000133045610317e+00	7.586011830560418048e+02	1.262942213523873761e+03	3.603374161323077715e+03	8.354856262149492068e+02
1.416393649354382722e+00	7.356658594098180401e+02	1.229147271882636460e+03	3.514457833011539151e+03	8.081174887915319687e+02
1.446410077500298819e+00	7.134013907316758605e+02	1.196116451180987497e+03	3.427140496454694130e+03	7.816681515476309414e+02
1.477062618325094778e+00	6.917868870974795072e+02	1.163835688714365460e+03	3.341411254405772979e+03	7.561042277041319721e+02
1.508364752424737887e+00	6.708090371014912989e+02	1.132296731299857584e+03	3.257266609015339782e+03	7.314003798332632869e+02
1.540330246078020826e+00	6.504610198214950287e+02	1.101504194053987248e+03	3.174742067894178490e+03	7.075431045293729539e+02
1.572973157300799230e+00	6.307089198040677047e+02	1.071422680522562587e+03	3.093768633276079072e+03	6.844809866894584047e+02
1.606307842028519950e+00	6.115344318391419165e+02	1.042038692174772677e+03	3.014334110400018290e+03	6.621842649617422012e+02
1.640348960429783842e+00	5.929257576132223448e+02	1.013346431725233856e+03	2.936441472378340677e+03	6.406343272100132253e+02
1.675111483353698638e+00	5.748767591048723489e+02	9.853465135650104685e+02	2.860109833579664155e+03	6.198166829665353816e+02
1.710610698913865635e+00	5.573570964704504149e+02	9.580077825218477301e+02	2.785280952630972934e+03	5.996877622503080829e+02
1.746862219211904321e+00	5.403507142062342155e+02	9.313170339265604980e+02	2.711937926186907589e+03	5.802234087652623202e+02
1.783881987203444153e+00	5.238471492895605479e+02	9.052682387251129512e+02	2.640082306156576124e+03	5.614050723222253509e+02
1.821686283709640364e+00	5.078408780803680429e+02	8.798613638310628176e+02	2.569728150453100625e+03	5.432221790668390895e+02
1.860291734577268707e+00	4.923047841225611023e+02	8.550679078962579069e+02	2.500821448432532634e+03	5.256375842058687340e+02
1.899715317990559260e+00	4.772247678870393770e+02	8.308743561412458121e+02	2.433340604600380630e+03	5.086286560951709816e+02
1.939974371937992492e+00	4.625915513401881185e+02	8.072750458325257341e+02	2.367285777889719157e+03	4.921805329636205784e+02
1.981086601837313665e+00	4.484001660862783751e+02	7.842706572045362918e+02	2.302673193003203778e+03	4.762845732839063544e+02
2.023070088322156401e+00	4.346263912056330128e+02	7.618323439223883042e+02	2.239440942423306296e+03	4.609072643366739044e+02
2.065943295193674256e+00	4.212578345074875301e+02	7.399488377082301440e+02	2.177572914451433007e+03	4.460303225566153742e+02
2.109725077540682392e+00	4.082862648815830653e+02	7.186146806594387044e+02	2.117067854647247259e+03	4.316410749550445303e+02
2.154434690031884259e+00	3.957072092492406341e+02	6.978289433118668512e+02	2.057933982787791138e+03	4.177311769293515340e+02
2.200091795383838367e+00	3.834990610195918066e+02	6.775657909703510313e+02	2.000116393091991313e+03	4.042719235572756702e+02
2.246716473008353532e+00	3.716509105601379588e+02	6.578138484669258332e+02	1.943594508231826467e+03	3.912477726450154023e+02
2.294329227843169949e+00	3.601554509659241603e+02	6.385679319197398627e+02	1.888365696254017166e+03	3.786481996872188347e+02
2.342950999369765697e+00	3.490086605697186997e+02	6.198274187762872316e+02	1.834439506237428532e+03	3.664658635325908449e+02
2.392603170822269476e+00	3.381912810949363006e+02	6.015668697427903453e+02	1.781755528016503831e+03	3.546752379887363418e+02
2.443307578591545681e+00	3.276936933883900451e+02	5.837768760026644941e+02	1.730299339412047630e+03	3.432634405119410985e+02
2.495086521828544068e+00	3.175094067086984637e+02	5.664518966232051298e+02	1.680064458201277830e+03	3.322211234759596437e+02
2.547962772251191943e+00	3.076348098496747525e+02	5.495905133918114416e+02	1.631055492173195262e+03	3.215423484762376347e+02
2.601959584159102334e+00	2.980527547950320013e+02	5.331699008243352864e+02	1.583218335919233141e+03	3.112051914103643639e+02
2.657100704660517732e+00	2.887547443693509877e+02	5.171807539040679558e+02	1.536535541110450140e+03	3.011981208864278301e+02
2.713410384115983121e+00	2.797350090773675220e+02	5.016174522334398489e+02	1.490998773917663584e+03	2.915128968027030965e+02
2.770913386803353973e+00	2.709903094134884896e+02	4.864786595966484128e+02	1.446611592009669948e+03	2.821447787988843174e+02
2.829635001808795014e+00	2.625053953499428872e+02	4.717436181094201402e+02	1.403324004976144806e+03	2.730747037019044683e+02
2.889601054148607684e+00	2.542727435017482378e+02	4.574029292143079601e+02	1.361115263410561511e+03	2.642925893612236337e+02
2.950837916126738403e+00	2.462872206971113371e+02	4.434512459943139788e+02	1.319976371366230069e+03	2.557913711690377454e+02
3.013372518932980082e+00	2.385459275817552509e+02	4.298874387099146475e+02	1.279911318460475513e+03	2.475670039331858732e+02
3.077232364486974792e+00	2.310353178122549309e+02	4.166919009202317739e+02	1.240869639022515685e+03	2.396031102296867630e+02
3.142445537533192557e+00	2.237487136269455448e+02	4.038560673225055098e+02	1.202832112047536157e+03	2.318908219054754909e+02
3.209040717992251324e+00	2.166815425816029403e+02	3.913750584755879345e+02	1.165790389632629285e+03	2.244241011753310318e+02
3.277047193573979555e+00	2.098312159638090861e+02	3.792470293535495784e+02	1.129743914631230155e+03	2.171992172246697521e+02
3.346494872657771680e+00	2.031857184927442574e+02	3.674539811822288584e+02	1.094645362794901303e+03	2.102018182363661083e+02
3.417414297445926952e+00	1.967391046445504230e+02	3.559881296202978547e+02	1.060476775981263017e+03	2.034245333595484908e+02
3.489836657395697816e+00	1.904872965529598901e+02	3.448449801782852546e+02	1.027229615186253795e+03	1.968623841739851343e+02
3.563793802936028321e+00	1.844279893660383607e+02	3.340223523451563779e+02	9.949012028113692168e+02	1.905119119608498295e+02
3.639318259474964901e+00	1.785505434666856388e+02	3.235038763658149037e+02	9.634475289837404262e+02	1.843607413866672005e+02
3.716443241703908829e+00	1.728496469597124587e+02	3.132821335031482590e+02	9.328501722540604533e+02	1.784023682779777857e+02
3.795202668205029717e+00	1.673216567253051608e+02	3.033527200937546695e+02	9.030999165021653425e+02	1.726322606105238719e+02
3.875631176368202979e+00	1.619645282305805836e+02	2.937135471605902808e+02	8.741935266977365018e+02	1.670475357857520464e+02
3.957764137624104617e+00	1.567688587258079167e+02	2.843497110365070171e+02	8.460898117264678149e+02	1.616375211838115717e+02
4.041637673000112230e+00	1.517298822188550105e+02	2.752545001839188217e+02	8.187719036037012756e+02	1.563967438393161729e+02
4.127288669005872102e+00	1.468443415186829384e+02	2.664235649848087633e+02	7.922296476321704404e+02	1.513211835604654141e+02
4.214754793855508552e+00	1.421104235659578592e+02	2.578546829513582566e+02	7.664583848072056753e+02	1.464082366728577540e+02
4.304074514033643162e+00	1.375198442435234938e+02	2.495344426873587338e+02	7.414204162156137272e+02	1.416486369076686458e+02
4.395287111212434539e+00	1.330683056617382363e+02	2.414565069549589111e+02	7.170992428575281110e+02	1.370374808809993965e+02
4.488432699527177050e+00	1.287528890550104279e+02	2.336167038025397176e+02	6.934844016957929398e+02	1.325712912581215903e+02
4.583552243217979161e+00	1.245719931791145569e+02	2.260129910649131091e+02	6.705711868096177568e+02	1.282480140518662779e+02
4.680687574645305382e+00	1.205183428077193071e+02	2.186332951213467481e+02	6.483250843377389856e+02	1.240596163170806818e+02
4.779881412687339015e+00	1.165880404730911408e+02	2.114717023038966772e+02	6.267302648361858246e+02	1.200017818775920233e+02
4.881177381527165515e+00	1.127784666392548729e+02	2.045242540665807667e+02	6.057762024998271499e+02	1.160714292712944911e+02
4.984620029838152888e+00	1.090882059092465823e+02	1.977888680795354617e+02	5.854574534483125490e+02	1.122666767427176922e+02
5.090254850375883322e+00	1.055109021974140688e+02	1.912548799988975077e+02	5.657432881274075953e+02	1.085806605923847314e+02
5.198128299985286915e+00	1.020429961268962842e+02	1.849165790237545082e+02	5.466177498486439390e+02	1.050094365082925663e+02
5.308287820031761584e+00	9.868213277361849123e+01	1.787702171544477778e+02	5.280704243578079513e+02	1.015503116654580538e+02
5.420781857265304815e+00	9.542705758938723193e+01	1.728140043772681906e+02	5.100967291899327165e+02	9.820174264508975170e+01
5.535659885126738011e+00	9.227225597207629448e+01	1.670384168717204432e+02	4.926686034052922309e+02	9.495779799244031949e+01
5.652972425505520704e+00	8.921445093255553616e+01	1.614380418260060139e+02	4.757705543794542109e+02	9.181496779669575403e+01
5.772771070958623518e+00	8.625152189378040646e+01	1.560094330558307263e+02	4.593928007995491498e+02	8.877093646215993772e+01
5.895108507400270703e+00	8.338234869262035431e+01	1.507507970171999432e+02	4.435302542985118066e+02	8.582434227043819419e+01
6.020038537272556667e+00	8.060219439134073127e+01	1.456538797097487361e+02	4.281585449169130015e+02	8.297009629479323678e+01
6.147616103207036886e+00	7.790801316849004365e+01	1.407134938990322439e+02	4.132624928930115971e+02	8.020496435439474681e+01
6.277897312187818990e+00	7.529789244696675610e+01	1.359263721924741901e+02	3.988325085701218882e+02	7.752684590033300083e+01
6.410939460226692255e+00	7.277081917705770309e+01	1.312908361456875923e+02	3.848636830527294137e+02	7.493457288577798181e+01
6.546801057561175696e+00	7.032278217265840681e+01	1.267997726404435213e+02	3.713347309763277053e+02	7.242390328853052495e+01
6.685541854386596761e+00	6.795091971217763671e+01	1.224482156512740545e+02	3.582309882978515816e+02	6.999183114759775037e+01
6.827222867133428963e+00	6.565350521895899760e+01	1.182332388947195909e+02	3.455438447677851173e+02	6.763654158820291684e+01
6.971906405301561804e+00	6.342960097831057453e+01	1.141531728050406969e+02	3.332681538269964676e+02	6.535697786296519496e+01
7.119656098863218929e+00	6.127588472408154274e+01	1.102020486468199465e+02	3.213859081688000288e+02	6.314965683558297371e+01
7.270536926246596643e+00	5.918963376533144327e+01	1.063750270063669632e+02	3.098825876712140825e+02	6.101173697780771477e+01
7.424615242912579127e+00	5.716928764262595308e+01	1.026693701093214202e+02	2.987500128507855379e+02	5.894155085267858851e+01
7.581958810536977289e+00	5.521395297701072735e+01	9.908350448536761235e+01	2.879833913265944147e+02	5.693811891144394366e+01
7.742636826811277295e+00	5.332096869502827019e+01	9.561257060956585008e+01	2.775678953040768420e+02	5.499865229861850224e+01
7.906719955874896399e+00	5.148770915109120239e+01	9.225178661978951311e+01	2.674889673965618044e+02	5.312041884354970023e+01
8.074280359392364659e+00	4.971276321323648517e+01	8.899868134770517258e+01	2.577392010208400848e+02	5.130198442305177764e+01
8.245391728289099831e+00	4.799524719029586350e+01	8.585168980938030359e+01	2.483138248075950969e+02	4.954242138793874517e+01
8.420129315159766037e+00	4.633314650048155414e+01	8.280710094033580049e+01	2.392014237771479372e+02	4.783963664564269180e+01
8.598569967363353328e+00	4.472389099687715230e+01	7.986021438428294061e+01	2.303876478720723355e+02	4.619098425284661857e+01
8.780792160819700598e+00	4.316620561974075088e+01	7.700866444185726323e+01	2.218651811746642579e+02	4.459510973910938958e+01
8.966876034522190508e+00	4.165917839003118672e+01	7.425083731162261813e+01	2.136291450210028700e+02	4.305109531545874546e+01
9.156903425781846906e+00	4.020143780405204836e+01	7.158422009467074076e+01	2.056718286577848573e+02	4.155751923600692521e+01
9.350957906218383187e+00	3.879042947767884897e+01	6.900405441500514314e+01	1.979785804285052961e+02	4.011172345706965103e+01
9.549124818513869073e+00	3.742500035033677364e+01	6.650822200334440026e+01	1.905428636833768792e+02	3.871252458754744197e+01
9.751491313945386707e+00	3.610420977869813441e+01	6.409498557582310241e+01	1.833592894840415113e+02	3.735895820719292715e+01
9.958146390713055851e+00	3.482722401203619000e+01	6.176285147301015144e+01	1.764232977623419742e+02	3.605020053388275159e+01
1.016918093308028581e+01	3.359157634754084398e+01	5.950729007640952517e+01	1.697210497746397095e+02	3.478376471107105772e+01
1.038468775134352740e+01	3.239618716247858288e+01	5.732623811754870502e+01	1.632460820052862687e+02	3.355849034084014448e+01
1.060476162264905220e+01	3.124015032312237494e+01	5.521800931425082837e+01	1.569931632782412407e+02	3.237342951491710608e+01
1.082949933267470577e+01	3.012287442647799907e+01	5.318149139462656905e+01	1.509587736855210096e+02	3.122797480168461348e+01
1.105899971819510696e+01	2.904225282040997413e+01	5.121278372128548995e+01	1.451309786420238765e+02	3.011997450757900552e+01
1.129336371054865928e+01	2.799716523832470116e+01	4.930984165537400798e+01	1.395035323162311443e+02	2.904830476347558488e+01
1.153269438002595848e+01	2.698676028202101307e+01	4.747106499379279398e+01	1.340714118767517391e+02	2.801209681118659134e+01
1.177709698119876869e+01	2.601052511813653112e+01	4.569548171294830752e+01	1.288315236811095872e+02	2.701082361528658282e+01
1.202667899920963279e+01	2.506686343685130325e+01	4.398015421088794596e+01	1.237749035027042765e+02	2.604286391869042561e+01
1.228155019704247053e+01	2.415454164453070263e+01	4.232276532252944889e+01	1.188944048454807785e+02	2.510693510914234494e+01
1.254182266379493349e+01	2.327277118462784955e+01	4.072183695343105825e+01	1.141854183712367643e+02	2.420222841038785333e+01
1.280761086397376225e+01	2.242099366748231049e+01	3.917633670694588233e+01	1.096447241207400225e+02	2.332818616332334116e+01
1.307903168783481007e+01	2.159824235148304084e+01	3.768446167138777980e+01	1.052667479896498435e+02	2.248381475471034463e+01
1.335620450278989146e+01	2.080310821321624104e+01	3.624360379514568820e+01	1.010435135472508108e+02	2.166767726707890773e+01
1.363925120590300821e+01	2.003486866578751702e+01	3.485243503264652531e+01	9.697093167801101288e+01	2.087904698595545128e+01
1.392829627749924271e+01	1.929289337672656757e+01	3.350975976281827684e+01	9.304523322077352532e+01	2.011728387745467117e+01
1.422346683590943783e+01	1.857671703897078075e+01	3.221470392292076212e+01	8.926367797202806287e+01	1.938191003138942392e+01
1.452489269337533528e+01	1.788493343736602625e+01	3.096465626874001842e+01	8.561828904384351802e+01	1.867147816657133674e+01
1.483270641313931115e+01	1.721680601422880130e+01	2.975824974666418399e+01	8.210485603620406891e+01	1.798523060068823654e+01
1.514704336774399174e+01	1.657172553302601870e+01	2.859435539428056927e+01	7.871988935120468511e+01	1.732254621758137958e+01
1.546804179856737527e+01	1.594927647631500633e+01	2.747219620712925803e+01	7.546092357851553345e+01	1.668300674585447396e+01
1.579584287661962527e+01	1.534855353025848324e+01	2.639009680564232951e+01	7.232283117476244172e+01	1.606569057199628148e+01
1.613059076462826624e+01	1.476861871280932270e+01	2.534632437529218052e+01	6.930031812781889755e+01	1.546964394601967285e+01
1.647243268043913034e+01	1.420890603016950315e+01	2.433982732770397561e+01	6.639013647521481687e+01	1.489428215704109348e+01
1.682151896176083383e+01	1.366890915461257272e+01	2.336964353902391522e+01	6.358925873904262716e+01	1.433907894699522778e+01
1.717800313228151410e+01	1.314825611002489048e+01	2.243508112698818024e+01	6.089552670738623164e+01	1.380365300270097606e+01
1.754204196918641045e+01	1.264592841220826891e+01	2.153426088981724718e+01	5.830322847558117161e+01	1.328695757734696770e+01
1.791379557210657580e+01	1.216133214111082772e+01	2.066608775965679357e+01	5.580900033112423131e+01	1.278838796892286211e+01
1.829342743352862044e+01	1.169397770771580802e+01	1.982964581867231502e+01	5.340998970767764575e+01	1.230744249022726322e+01
1.868110451069663469e+01	1.124344719481439725e+01	1.902417464020165028e+01	5.110386571445698678e+01	1.184370485081151614e+01
1.907699729903783492e+01	1.080932334713035026e+01	1.824889219154550091e+01	4.888817190441850613e+01	1.139675254988689268e+01
1.948127990714428748e+01	1.039073572144901902e+01	1.750218258262785653e+01	4.675799682519108558e+01	1.096568073776555075e+01
1.989413013334363711e+01	9.987229472616348858e+00	1.678320700251926922e+01	4.471076169913146714e+01	1.055002206818173605e+01
2.031572954389253738e+01	9.598376667740021517e+00	1.609116521021529067e+01	4.274398024994936662e+01	1.014933686141006319e+01
2.074626355282718393e+01	9.223781031358059934e+00	1.542532709400274094e+01	4.085541013302081836e+01	9.763217809304620687e+00
2.118592150350598402e+01	8.863143912587210238e+00	1.478512656171341533e+01	3.904323801399046090e+01	9.391361163747019347e+00
2.163489675188052530e+01	8.515658914788010847e+00	1.416908468946848210e+01	3.730302051239894467e+01	9.032936272906294306e+00
2.209338675153079734e+01	8.180960352099150512e+00	1.357652326892014649e+01	3.563265407109685157e+01	8.687572682929880941e+00
2.256159314050291798e+01	7.858669843245102093e+00	1.300673829228562539e+01	3.402995821009762523e+01	8.354882765420104107e+00
2.303972182998693796e+01	7.548439955503932985e+00	1.245908854699103330e+01	3.249295072892547864e+01	8.034515044194403544e+00
2.352798309487394945e+01	7.249987455234484734e+00	1.193304025646211919e+01	3.101995674632960132e+01	7.726175169550256960e+00
2.402659166623228870e+01	6.962721825990204394e+00	1.142749946364614466e+01	2.960765745429931783e+01	7.429254857959529446e+00
2.453576682574353285e+01	6.686260624141034725e+00	1.094175655719275220e+01	2.825387483109008713e+01	7.143361988400521945e+00
2.505573250213976877e+01	6.420269201739816189e+00	1.047518877512613322e+01	2.695668671059273080e+01	6.868153357297028805e+00
2.558671736968459953e+01	6.164426606003141629e+00	1.002720257170944684e+01	2.571426681102210310e+01	6.603302816999282676e+00
2.612895494874115698e+01	5.918422287976166984e+00	9.597214908815109524e+00	2.452480789558674701e+01	6.348492604561195130e+00
2.668268370847132687e+01	5.682034089343402705e+00	9.184801694105404479e+00	2.338695274914274691e+01	6.103497338265349015e+00
2.724814717171165412e+01	5.454729747858173994e+00	8.788991133698591085e+00	2.229780166410611386e+01	5.867770616189033284e+00
2.782559402207125743e+01	5.236231619847007579e+00	8.409261585413856821e+00	2.125573584894831214e+01	5.641028972600203417e+00
2.841527821329990999e+01	5.026254629751404579e+00	8.045078180184242811e+00	2.025910171749200828e+01	5.422981471484940030e+00
2.901745908097360527e+01	4.824522471038484639e+00	7.695927998107897849e+00	1.930632312992759836e+01	5.213347891484265695e+00
2.963240145654703639e+01	4.630770352752284325e+00	7.361309191015077857e+00	1.839584101161793228e+01	5.011855226767644389e+00
3.026037578382308624e+01	4.444765325140417112e+00	7.040783183297038228e+00	1.752629363581704425e+01	4.818266045340283021e+00
3.090165823789054755e+01	4.266213874700493847e+00	6.733804209681730768e+00	1.669601687981750260e+01	4.632283519372209390e+00
3.155653084658241525e+01	4.094799768562468856e+00	6.439784797096840485e+00	1.590322649642783404e+01	4.453585750373228791e+00
3.222528161450811979e+01	3.930282061866626542e+00	6.158269647878741537e+00	1.514651798770445623e+01	4.281926365390189559e+00
3.290820464971425707e+01	3.772426320073761996e+00	5.888821690779967533e+00	1.442455425656183543e+01	4.117068666876624761e+00
3.360560029302952501e+01	3.621004573186721309e+00	5.631011510841220868e+00	1.373601420744688362e+01	3.958782048331766390e+00
3.431777525015100849e+01	3.475795093947721348e+00	5.384416614359843756e+00	1.307959307752799738e+01	3.806839489228647455e+00
3.504504272652905428e+01	3.336582710380227468e+00	5.148633669665285240e+00	1.245405814760318997e+01	3.661023393365832934e+00
3.578772256511129513e+01	3.203158910470371712e+00	4.923268810358718994e+00	1.185820073891676252e+01	3.521122251926087632e+00
3.654614138700539883e+01	3.075323828698588002e+00	4.707943491113095291e+00	1.129085698927913306e+01	3.386935239431541067e+00
3.732063273512289925e+01	2.952886308212271160e+00	4.502300173372308478e+00	1.075093664458143472e+01	3.258270742383547969e+00
3.811153722086707774e+01	2.835622779650523562e+00	4.305915216613738217e+00	1.023715225273917895e+01	3.134900837144988461e+00
3.891920267392951160e+01	2.723347481457312647e+00	4.118439478040684776e+00	9.748441703741390185e+00	3.016638903537680605e+00
3.974398429526115706e+01	2.615882772029219261e+00	3.939533660961564543e+00	9.283765799203427704e+00	2.903305304546428545e+00
4.058624481328516254e+01	2.513056544786738122e+00	3.768874510055453708e+00	8.842144318455693153e+00	2.794728044097638531e+00
4.144635464342010778e+01	2.414702175257384731e+00	3.606146239032528733e+00	8.422615942960796076e+00	2.690740310099398513e+00
4.232469205098434628e+01	2.320658467268638336e+00	3.451040953188927229e+00	8.024242064241473571e+00	2.591179968620344720e+00
4.322164331755172384e+01	2.230769593689174712e+00	3.303262782495827388e+00	7.646126277119457804e+00	2.495890186303403979e+00
4.413760291083362119e+01	2.144885026715039889e+00	3.162525164798299482e+00	7.287400116755831547e+00	2.404720194946259326e+00
4.507297365816076251e+01	2.062859452288852147e+00	3.028553763190434900e+00	6.947235711176616313e+00	2.317525886838029514e+00
4.602816692364147144e+01	1.984552664693165269e+00	2.901081963682309084e+00	6.624827863480002854e+00	2.234166950527380457e+00
4.700360278907441369e+01	1.909829438837454818e+00	2.779851108868691689e+00	6.319395957727241608e+00	2.154507798049860590e+00
4.799971023869517950e+01	1.838559380974331914e+00	2.664612033992599827e+00	6.030189365107911925e+00	2.078418229779646076e+00
4.901692734783804895e+01	1.770616760400293366e+00	2.555127175167166698e+00	5.756496335473522130e+00	2.005774007934580272e+00
5.005570147559598126e+01	1.705880360130020312e+00	2.451166624918629022e+00	5.497630223064851940e+00	1.936455188271850592e+00
5.111648946156338980e+01	1.644237609986020310e+00	2.352513298957394472e+00	5.252937255013569562e+00	1.870349432939764522e+00
5.219975782674825382e+01	1.585604496783492356e+00	2.259002286132042236e+00	5.021911677322659528e+00	1.807374723783220505e+00
5.330598297874255564e+01	1.529865567428512207e+00	2.170413645742293784e+00	4.803899597985026304e+00	1.747416429973733143e+00
5.443565142123959077e+01	1.476914188573132281e+00	2.086547748247610912e+00	4.598313199206867985e+00	1.690370372945358080e+00
5.558925996799251124e+01	1.426649027854386631e+00	2.007208477712645767e+00	4.404567877583314583e+00	1.636134979104155951e+00
5.676731596130657209e+01	1.378972527917162960e+00	1.932210263469224198e+00	4.222115521355625845e+00	1.584614287415358369e+00
5.797033749516177181e+01	1.333790278063805124e+00	1.861373371533154408e+00	4.050426617672338914e+00	1.535715510504453984e+00
5.919885364306400533e+01	1.291054268978185426e+00	1.794597918238852730e+00	3.889186674063884297e+00	1.489393992093453134e+00
6.045340469072480261e+01	1.250713799708557117e+00	1.731780264447871476e+00	3.738073545567309530e+00	1.445602463513487645e+00
6.173454237367209885e+01	1.212654788226546598e+00	1.672706359075383897e+00	3.596471587029072214e+00	1.404225773763002394e+00
6.304283011989645757e+01	1.176786846595280212e+00	1.617206379782302639e+00	3.463889782668414963e+00	1.365175244545442368e+00
6.437884329763940627e+01	1.143109242884843502e+00	1.565262478001262725e+00	3.340238094800618729e+00	1.328455668830633263e+00
6.574316946843353549e+01	1.111569576568982365e+00	1.516768450581951644e+00	3.225193456523409719e+00	1.294018036875233202e+00
6.713640864550379206e+01	1.082048448664800100e+00	1.471505458504467567e+00	3.118141626942427358e+00	1.261742238724873344e+00
6.855917355764610477e+01	1.054587069031456492e+00	1.429526138148772052e+00	3.019178990977701815e+00	1.231676619329392652e+00
7.001208991869765441e+01	1.029112515364251301e+00	1.390691518556192552e+00	2.927902812940985200e+00	1.203751169254558162e+00
7.149579670271769771e+01	1.005570715690449646e+00	1.354893938247213381e+00	2.843994142000820791e+00	1.177914365128870600e+00
7.301094642500031284e+01	9.840054643015007096e-01	1.322189294599668052e+00	2.767556319689745692e+00	1.154217497875883014e+00
7.455820542904223203e+01	9.643272818544483815e-01	1.292411065071688459e+00	2.698119626699459594e+00	1.132572390878445301e+00
7.613825417959219521e+01	9.465974628281801362e-01	1.265644077992266636e+00	2.635862251387239841e+00	1.113049218585419053e+00
7.775178756191070306e+01	9.307828631655700180e-01	1.241815355319163761e+00	2.580555703552805280e+00	1.095619091455573901e+00
7.939951518737163383e+01	9.168820852658962073e-01	1.220904287568005619e+00	2.532104917222144813e+00	1.080286618951355804e+00
8.108216170554010205e+01	9.049937233244957913e-01	1.203056175751457291e+00	2.490839935102564517e+00	1.067161792580165081e+00
8.280046712286477373e+01	8.950902291004766420e-01	1.188205909962232631e+00	2.456550155012878545e+00	1.056222050999805706e+00
8.455518712812224180e+01	8.872319847304762641e-01	1.176433715372429356e+00	2.429395084803878557e+00	1.047537661684476928e+00
8.634709342475994731e+01	8.815059110133653952e-01	1.167862784463027825e+00	2.409641889924948543e+00	1.041207129261475073e+00
8.817697407028136070e+01	8.780090111120325558e-01	1.162631947131745891e+00	2.397594934043064896e+00	1.037339910876324600e+00
9.004563382282356088e+01	8.768542171891515746e-01	1.160905199274502753e+00	2.393619755558969775e+00	1.036062601744317968e+00
9.195389449507966617e+01	8.781810603035095086e-01	1.162889237447228385e+00	2.398187322274990319e+00	1.037530203230050629e+00
9.390259531572145590e+01	8.821662952207978137e-01	1.168850926598943296e+00	2.411918403194468041e+00	1.041937341963985908e+00
9.589259329848152902e+01	8.890236833586117049e-01	1.179116864300283396e+00	2.435582019904335649e+00	1.049518051799728235e+00
9.792476361905691817e+01	8.990005403943535089e-01	1.194067622855415900e+00	2.470080721620365960e+00	1.060542136297453197e+00
