# Data associated with arXiv:2208.14002
# 
# Scale-free velocity distribution, f(E), of a nfw1-3rhos4e6 dark matter distribution (see Eq. 2.7 and the surrounding discussion)
# 
# Published: 8/25/22, Jack Runburg and Kenny Kiriu, contact: runburg@hawaii.edu
# 
# 
# -----------------------------------------------------------------
# 
# 	 tilde E 		 | 		 tilde f
# 
# -----------------------------------------------------------------
2.657368327459346327e-04	2.488310753653500748e+10
2.688730436243690763e-04	2.386782840819414139e+10
2.720462674146819412e-04	2.286753122065975952e+10
2.752569409293227198e-04	2.188814466564028931e+10
2.785055061354913377e-04	2.094812425042344666e+10
2.817924102159595099e-04	2.003512443653597260e+10
2.851181056306134175e-04	1.916176698989044189e+10
2.884830501787174865e-04	1.832633900378571320e+10
2.918877070619174847e-04	1.752719349604711914e+10
2.953325449479831527e-04	1.676275953465548515e+10
2.988180380353035962e-04	1.603153927503937531e+10
3.023446661181451982e-04	1.533209969752801323e+10
3.059129146526754113e-04	1.466306309697850990e+10
3.095232748237710784e-04	1.402310762482951546e+10
3.131762436126065124e-04	1.341097785747905350e+10
3.168723238650478962e-04	1.282547074996295166e+10
3.206120243608477161e-04	1.226543190048137665e+10
3.243958598836563581e-04	1.172975422830455589e+10
3.282243512918632273e-04	1.121738521143974876e+10
3.320980255902676072e-04	1.072731760250549698e+10
3.360174160026007262e-04	1.025858047322914124e+10
3.399830620448967004e-04	9.810248383817356110e+09
3.439955095997353912e-04	9.381439042895843506e+09
3.480553109913562572e-04	8.971304821118768692e+09
3.521630250616575655e-04	8.579036502077907562e+09
3.563192172470973883e-04	8.203859695987852097e+09
3.605244596564937277e-04	7.845028728745423317e+09
3.647793311497499538e-04	7.501835441510832787e+09
3.690844174175005130e-04	7.173603778020499229e+09
3.734403110617046627e-04	6.859682275315252304e+09
3.778476116771808599e-04	6.559447728114270210e+09
3.823069259341123783e-04	6.272307586749588966e+09
3.868188676615191661e-04	5.997693894273964882e+09
3.913840579317135089e-04	5.735061088859323502e+09
3.960031251457590135e-04	5.483887686304163933e+09
4.006767051199266777e-04	5.243675761478164673e+09
4.054054411731812784e-04	5.013949896083763123e+09
4.101899842156879385e-04	4.794253708852256775e+09
4.150309928383738405e-04	4.584149880522594452e+09
4.199291334035370072e-04	4.383221856586343765e+09
4.248850801365260045e-04	4.191071105827606201e+09
4.298995152185044956e-04	4.007315122449921608e+09
4.349731288803015700e-04	3.831587943035912037e+09
4.401066194973778795e-04	3.663540239378018856e+09
4.453006936859019963e-04	3.502838516053967953e+09
4.505560663999679492e-04	3.349162390100859642e+09
4.558734610299527978e-04	3.202205140970845699e+09
4.612536095020347907e-04	3.061674741264160633e+09
4.666972523788895637e-04	2.927291217253112793e+09
4.722051389615643247e-04	2.798786435296753407e+09
4.777780273925637949e-04	2.675904330086381912e+09
4.834166847601400509e-04	2.558399584096588135e+09
4.891218872038219324e-04	2.446037721296501160e+09
4.948944200211825026e-04	2.338594615670405388e+09
5.007350777758633143e-04	2.235855579508319855e+09
5.066446644068797701e-04	2.137615527496422529e+09
5.126239933392048647e-04	2.043678208863077641e+09
5.186738875956668727e-04	1.953855641105415583e+09
5.247951799101539328e-04	1.867968130407019615e+09
5.309887128421656452e-04	1.785843987967992306e+09
5.372553388927049601e-04	1.707319093012681484e+09
5.435959206215378947e-04	1.632236178257669687e+09
5.500113307658408132e-04	1.560444725893391371e+09
5.565024523602370024e-04	1.491800967253324509e+09
5.630701788582570229e-04	1.426167502867976427e+09
5.697154142552208816e-04	1.363412754514273882e+09
5.764390732125778067e-04	1.303410781816954136e+09
5.832420811837051413e-04	1.246041310510228634e+09
5.901253745411867398e-04	1.191189283164050579e+09
5.970899007056031755e-04	1.138744533454076767e+09
6.041366182758231345e-04	1.088601766406189442e+09
6.112664971608460862e-04	1.040660317870623350e+09
6.184805187131827862e-04	9.948238592749409676e+08
6.257796758638224004e-04	9.510002658919951916e+08
6.331649732587780110e-04	9.091014729538474083e+08
6.406374273972436804e-04	8.690431835790926218e+08
6.481980667713860582e-04	8.307448162783745527e+08
6.558479320077696640e-04	7.941293225980769396e+08
6.635880760104635517e-04	7.591229692252835035e+08
6.714195641058174268e-04	7.256552917030738592e+08
6.793434741889588279e-04	6.936588929243046045e+08
6.873608968720048640e-04	6.630692791062546968e+08
6.954729356340206030e-04	6.338247685864099264e+08
7.036807069727527312e-04	6.058664422976268530e+08
7.119853405581361020e-04	5.791379354895169735e+08
7.203879793876230434e-04	5.535852754233577251e+08
7.288897799433274047e-04	5.291569059482372999e+08
7.374919123510329964e-04	5.058035361951050758e+08
7.461955605410651232e-04	4.834780038516086340e+08
7.550019224110549173e-04	4.621351983010767102e+08
7.639122099906331181e-04	4.417319892549056411e+08
7.729276496080452743e-04	4.222271596365578771e+08
7.820494820587451821e-04	4.035812711186785698e+08
7.912789627759596192e-04	3.857566039979505539e+08
8.006173620032720805e-04	3.687171068609109521e+08
8.100659649692320196e-04	3.524282975032709241e+08
8.196260720640164863e-04	3.368571992864388824e+08
8.292989990181849234e-04	3.219722907343340516e+08
8.390860770835184513e-04	3.077434150238007307e+08
8.489886532160082584e-04	2.941417434892895222e+08
8.590080902609790016e-04	2.811397215521249771e+08
8.691457671404061993e-04	2.687109821570265293e+08
8.794030790424297835e-04	2.568303196295789778e+08
8.897814376130943866e-04	2.454736443059692681e+08
9.002822711503610320e-04	2.346179088106693029e+08
9.109070248003830724e-04	2.242410776150382757e+08
9.216571607561065485e-04	2.143220878839473724e+08
9.325341584581988731e-04	2.048407951929195821e+08
9.435395147983432432e-04	1.957779400506835580e+08
9.546747443249278386e-04	1.871151074319262207e+08
9.659413794511463938e-04	1.788346892698615491e+08
9.773409706655624037e-04	1.709198530118257105e+08
9.888750867451294793e-04	1.633545013763234317e+08
1.000545314970738113e-03	1.561232446137507260e+08
1.012353261345278442e-03	1.492113707285175323e+08
1.024300550814283631e-03	1.426048114907090366e+08
1.036388827489160593e-03	1.362901165545513034e+08
1.048619754873037976e-03	1.302544260222046822e+08
1.060995016089291698e-03	1.244854462317872345e+08
1.073516314112728937e-03	1.189714224790438265e+08
1.086185372003519931e-03	1.137011159018704593e+08
1.099003933143849823e-03	1.086637835486748517e+08
1.111973761477381625e-03	1.038491532746423036e+08
1.125096641751512951e-03	9.924740476436007023e+07
1.138374379762482902e-03	9.484914980701655149e+07
1.151808802603377681e-03	9.064541148551344872e+07
1.165401758915020174e-03	8.662760931123304367e+07
1.179155119139842396e-03	8.278754082432368398e+07
1.193070775778707834e-03	7.911736252137649059e+07
1.207150643650778659e-03	7.560957656300054491e+07
1.221396660156422176e-03	7.225701559008193016e+07
1.235810785543199879e-03	6.905282704842610657e+07
1.250395003175003728e-03	6.599046022300852090e+07
1.265151319804325766e-03	6.306365375049413741e+07
1.280081765847752157e-03	6.026642118837247044e+07
1.295188395664666030e-03	5.759303857465052605e+07
1.310473287839251499e-03	5.503803535852295160e+07
1.325938545465780646e-03	5.259618229681900144e+07
1.341586296437276716e-03	5.026248019016582519e+07
1.357418693737544400e-03	4.803214955880016088e+07
1.373437915736639651e-03	4.590062159621353447e+07
1.389646166489811110e-03	4.386352942781531811e+07
1.406045676039933533e-03	4.191669852715703100e+07
1.422638700723514310e-03	4.005613812574228644e+07
1.439427523480267448e-03	3.827803374104574323e+07
1.456414454166337410e-03	3.657873918934060633e+07
1.473601829871188425e-03	3.495476867676264793e+07
1.490992015238213481e-03	3.340279019303120300e+07
1.508587402789109827e-03	3.191961924167139083e+07
1.526390413252041826e-03	3.050221141997008026e+07
1.544403495893680901e-03	2.914765673974756896e+07
1.562629128855107848e-03	2.785317393494014442e+07
1.581069819491676392e-03	2.661610406668357924e+07
1.599728104716850556e-03	2.543390577681877837e+07
1.618606551350074401e-03	2.430415015330511704e+07
1.637707756468725732e-03	2.322451517523863912e+07
1.657034347764177202e-03	2.219278154290483892e+07
1.676588983902055005e-03	2.120682804010799155e+07
1.696374354886695610e-03	2.026462703094794601e+07
1.716393182429884218e-03	1.936424054635278881e+07
1.736648220323913118e-03	1.850381630100956932e+07
1.757142254819001135e-03	1.768158376804269850e+07
1.777878105005148337e-03	1.689585075041291490e+07
1.798858623198434665e-03	1.614499986049642786e+07
1.820086695331880888e-03	1.542748514142151363e+07
1.841565241350841091e-03	1.474182906179730408e+07
1.863297215613065683e-03	1.408661941863095015e+07
1.885285607293406317e-03	1.346050643516907096e+07
1.907533440793290642e-03	1.286220009453093074e+07
1.930043776154962993e-03	1.229046742381547950e+07
1.952819709480582092e-03	1.174413000739537552e+07
1.975864373356229966e-03	1.122206158225728199e+07
1.999180937280848561e-03	1.072318568795986287e+07
2.022772608100232867e-03	1.024647353288384713e+07
2.046642630446057331e-03	9.790941903251722455e+06
2.070794287180063083e-03	9.355651047537932172e+06
2.095230899843430247e-03	8.939702872406091541e+06
2.119955829111378701e-03	8.542239040636012331e+06
2.144972475253125680e-03	8.162439211193146184e+06
2.170284278597155950e-03	7.799519409069534391e+06
2.195894720001989337e-03	7.452730367326750420e+06
2.221807321332391807e-03	7.121356003299292177e+06
2.248025645941179301e-03	6.804711971192364581e+06
2.274553299156629061e-03	6.502144258324193768e+06
2.301393928775586923e-03	6.213027835941088386e+06
2.328551225562332152e-03	5.936765366362326778e+06
2.356028923753237126e-03	5.672785995459047146e+06
2.383830801567352834e-03	5.420544167108941823e+06
2.411960681722911514e-03	5.179518524463893846e+06
2.440422431959873937e-03	4.949210832468313165e+06
2.469219965568555161e-03	4.729144938001978211e+06
2.498357241924415491e-03	4.518865804649214260e+06
2.527838267029092981e-03	4.317938591363135725e+06
2.557667094057704347e-03	4.125947740875029936e+06
2.587847823912567836e-03	3.942496121544810478e+06
2.618384605783333294e-03	3.767204234475702047e+06
2.649281637713648673e-03	3.599709421343842521e+06
2.680543167174425419e-03	3.439665109483986162e+06
2.712173491643760873e-03	3.286740106520358473e+06
2.744176959193626950e-03	3.140617927950910293e+06
2.776557969083345064e-03	3.000996135309870820e+06
2.809320972360012953e-03	2.867585715587273240e+06
2.842470472465859991e-03	2.740110487766734790e+06
2.876011025852693182e-03	2.618306533629937563e+06
2.909947242603465063e-03	2.501921657789170276e+06
2.944283787061069326e-03	2.390714859687400050e+06
2.979025378464437903e-03	2.284455847397433128e+06
3.014176791592000203e-03	2.182924557903193403e+06
3.049742857412649378e-03	2.085910702581651509e+06
3.085728463744222532e-03	1.993213333448398160e+06
3.122138555919638878e-03	1.904640434048942989e+06
3.158978137460749600e-03	1.820008518686655676e+06
3.196252270760009586e-03	1.739142257155761821e+06
3.233966077770044755e-03	1.661874108352703508e+06
3.272124740701183501e-03	1.588043979262136389e+06
3.310733502727116178e-03	1.517498891896900721e+06
3.349797668698662693e-03	1.450092669442708837e+06
3.389322605865850279e-03	1.385685633452904178e+06
3.429313744608310146e-03	1.324144316060782876e+06
3.469776579174135237e-03	1.265341182675518794e+06
3.510716668427293647e-03	1.209154368392712204e+06
3.552139636603628050e-03	1.155467430755945155e+06
3.594051174075662321e-03	1.104169104316118639e+06
3.636457038126171114e-03	1.055153071895949543e+06
3.679363053730717089e-03	1.008317745309842285e+06
3.722775114349211305e-03	9.635660553085203283e+05
3.766699182726588723e-03	9.208052510622469708e+05
3.811141291702751458e-03	8.799467081379966112e+05
3.856107545031770695e-03	8.409057446618782124e+05
3.901604118210644755e-03	8.036014465957741486e+05
3.947637259317482786e-03	7.679565004985625856e+05
3.994213289859393362e-03	7.338970332763777114e+05
4.041338605630126132e-03	7.013524592814771459e+05
4.089019677577572336e-03	6.702553341547424207e+05
4.137263052681241712e-03	6.405412156343500828e+05
4.186075354839788668e-03	6.121485294412962394e+05
4.235463285768801059e-03	5.850184420923666330e+05
4.285433625908802169e-03	5.590947392040743725e+05
4.335993235343765101e-03	5.343237088562644785e+05
4.387149054730088427e-03	5.106540299272200791e+05
4.438908106236249054e-03	4.880366667583839153e+05
4.491277494493239875e-03	4.664247668202184723e+05
4.544264407555828611e-03	4.457735630030129105e+05
4.597876117874906757e-03	4.260402828331764322e+05
4.652119983280862681e-03	4.071840569835148053e+05
4.707003447978286813e-03	3.891658371112914174e+05
4.762534043551975085e-03	3.719483133700586623e+05
4.818719389984448334e-03	3.554958375789065030e+05
4.875567196685104757e-03	3.397743490904605715e+05
4.933085263531040987e-03	3.247513045081900200e+05
4.991281481919845366e-03	3.103956096044009319e+05
5.050163835834259318e-03	2.966775550923304399e+05
5.109740402919085017e-03	2.835687552760568215e+05
5.170019355570241310e-03	2.710420885820845142e+05
5.231008962036268889e-03	2.590716413601642998e+05
5.292717587532328946e-03	2.476326548091307050e+05
5.355153695366846218e-03	2.367014726728495443e+05
5.418325848080962973e-03	2.262554926739575749e+05
5.482242708600867237e-03	2.162731191514577949e+05
5.546913041403248555e-03	2.067337188689516915e+05
5.612345713693877788e-03	1.976175774515742087e+05
5.678549696599576382e-03	1.889058590642731579e+05
5.745534066373646220e-03	1.805805669421980565e+05
5.813308005614910116e-03	1.726245059548269492e+05
5.881880804500552902e-03	1.650212472336473002e+05
5.951261862032791727e-03	1.577550936171466019e+05
6.021460687299720789e-03	1.508110475405385077e+05
6.092486900750227266e-03	1.441747794288760342e+05
6.164350235483351433e-03	1.378325981238086533e+05
6.237060538552105689e-03	1.317714224960198335e+05
6.310627772281937262e-03	1.259787541562139522e+05
6.385062015604025393e-03	1.204426515593469667e+05
6.460373465403465056e-03	1.151517050892339030e+05
6.536572437882658126e-03	1.100950135489052045e+05
6.613669369939859100e-03	1.052621612981574435e+05
6.691674820563225760e-03	1.006431966255532461e+05
6.770599472240384359e-03	9.622861151347907435e+04
6.850454132383779031e-03	9.200932097149634501e+04
6.931249734771877460e-03	8.797664504069797113e+04
7.012997341006466968e-03	8.412229038358223625e+04
7.095708141986126899e-03	8.043833299222652568e+04
7.179393459396123632e-03	7.691720188953577599e+04
7.264064747214827970e-03	7.355166325853264425e+04
7.349733593236857862e-03	7.033480550974482321e+04
7.436411720613074830e-03	6.726002486623982259e+04
7.524110989407651814e-03	6.432101166427417047e+04
7.612843398172366820e-03	6.151173721937825030e+04
7.702621085538219510e-03	5.882644133553701249e+04
7.793456331824691677e-03	5.625962029953501042e+04
7.885361560666633365e-03	5.380601547764199495e+04
7.978349340659112929e-03	5.146060235978975106e+04
8.072432387020407954e-03	4.921858017837338411e+04
8.167623563273060730e-03	4.707536185992526589e+04
8.263935882943601943e-03	4.502656454428438155e+04
8.361382511280627747e-03	4.306800047071700828e+04
8.459976766991729805e-03	4.119566829395382229e+04
8.559732123999604439e-03	3.940574476196702017e+04
8.660662213217000874e-03	3.769457673940265522e+04
8.762780824341129607e-03	3.605867370083476271e+04
8.866101907667576013e-03	3.449470043615031318e+04
8.970639575867930468e-03	3.299947011701068550e+04
9.076408106055292371e-03	3.156993770756265440e+04
9.183421941354878368e-03	3.020319361396520253e+04
9.291695692990634484e-03	2.889645770847451058e+04
9.401244142153169017e-03	2.764707350012546885e+04
9.512082241934586777e-03	2.645250260884087038e+04
9.624225119283893667e-03	2.531031957508975756e+04
9.737688076983457355e-03	2.421820677377425818e+04
9.852486595646985437e-03	2.317394962327469329e+04
9.968636335738230089e-03	2.217543191753494466e+04
1.008615313961172023e-02	2.122063165270609534e+04
1.020505303357504591e-02	2.030761657630997070e+04
1.032535222997310077e-02	1.943454034549295466e+04
1.044706712929432436e-02	1.859963864075553647e+04
1.057021432229948883e-02	1.780122554013467015e+04
1.069481059217274911e-02	1.703768999049306149e+04
1.082087291669544572e-02	1.630749250345682412e+04
1.094841847044281287e-02	1.560916195454969238e+04
1.107746462700368549e-02	1.494129253274907205e+04
1.120802896122365284e-02	1.430254084491110189e+04
1.134012925147121799e-02	1.369162312052747802e+04
1.147378348192811155e-02	1.310731256478402065e+04
1.160900984490324632e-02	1.254843681789228140e+04
1.174582674317033344e-02	1.201387553534975996e+04
1.188425279233030173e-02	1.150255806756893435e+04
1.202430682319766651e-02	1.101346122986161208e+04
1.216600788421179184e-02	1.054560723472433529e+04
1.230937524387248037e-02	1.009806162927032710e+04
1.245442839320106028e-02	9.669931376293043286e+03
1.260118704822636888e-02	9.260363017047062385e+03
1.274967115249583428e-02	8.868540910507752415e+03
1.289990087961251190e-02	8.493685537980680238e+03
1.305189663579766311e-02	8.135051911777366513e+03
1.320567906247889674e-02	7.791928026194051199e+03
1.336126903890494551e-02	7.463633396508434089e+03
1.351868768478625867e-02	7.149517657580669038e+03
1.367795636296218094e-02	6.848959215221178965e+03
1.383909668209476647e-02	6.561363979498414665e+03
1.400213049938924849e-02	6.286164131841032031e+03
1.416707992328491289e-02	6.022816961507885935e+03
1.433396731644519945e-02	5.770803745492490634e+03
1.450281529825115170e-02	5.529628689181621667e+03
1.467364674782772882e-02	5.298817899718667832e+03
1.484648480685349034e-02	5.077918414931074039e+03
1.502135288244546216e-02	4.866497276810946460e+03
1.519827465007189335e-02	4.664140639599848328e+03
1.537727405649321616e-02	4.470452919221723278e+03
1.555837532273103563e-02	4.285055985706234424e+03
1.574160294706586014e-02	4.107588388016517456e+03
1.592698170806319119e-02	3.937704609209489718e+03
1.611453666762832637e-02	3.775074364273906667e+03
1.630429317409018419e-02	3.619381922319193563e+03
1.649627686531389067e-02	3.470325458246449671e+03
1.669051367184269663e-02	3.327616439426707984e+03
1.688702982006905912e-02	3.190979033701457411e+03
1.708585183543508135e-02	3.060149548780492296e+03
1.728700654566255393e-02	2.934875888382473931e+03
1.749052108401250374e-02	2.814917044080657888e+03
1.769642289257456966e-02	2.700042601638471297e+03
1.790473972558614263e-02	2.590032271793938435e+03
1.811549965278148530e-02	2.484675438271226085e+03
1.832873106277087272e-02	2.383770738672991683e+03
1.854446266644983396e-02	2.287125640413450128e+03
1.876272350043867165e-02	2.194556063135561544e+03
1.898354293055210668e-02	2.105885997613611835e+03
1.920695065529942971e-02	2.020947149789778905e+03
1.943297670941503130e-02	1.939578600007206660e+03
1.966165146741925135e-02	1.861626476684565205e+03
1.989300564720992287e-02	1.786943644489212829e+03
2.012707031368436705e-02	1.715389406014433916e+03
2.036387688239199925e-02	1.646829218808710039e+03
2.060345712321748693e-02	1.581134421921477269e+03
2.084584316409458793e-02	1.518181976061565592e+03
2.109106749475061354e-02	1.457854216060591170e+03
2.133916297048134639e-02	1.400038614610906279e+03
2.159016281595677739e-02	1.344627552843691319e+03
2.184410062905726632e-02	1.291518105630264017e+03
2.210101038474024393e-02	1.240611834529363023e+03
2.236092643893747983e-02	1.191814589788067451e+03
2.262388353242677716e-02	1.145036320318155504e+03
2.288991679500253229e-02	1.100190894544297180e+03
2.315906174915952770e-02	1.057195927085648918e+03
2.343135431430569057e-02	1.015972613434243385e+03
2.370683081076397844e-02	9.764455731454612533e+02
2.398552796385065855e-02	9.385426985030992455e+02
2.426748290798355981e-02	9.021950107270313310e+02
2.455273319081984276e-02	8.673365226754889363e+02
2.484131677742335703e-02	8.339041071888455008e+02
2.513327205446309887e-02	8.018373698759327226e+02
2.542863783443136128e-02	7.710785354651560510e+02
2.572745335990898885e-02	7.415723208967943947e+02
2.602975830784172093e-02	7.132658381125577307e+02
2.633559279385318252e-02	6.861084820589660467e+02
2.664499737658468717e-02	6.600518327954298456e+02
2.695801306206245529e-02	6.350495591704226399e+02
2.727468130809268185e-02	6.110573275877560491e+02
2.759504402868345752e-02	5.880327143214203716e+02
2.791914359849370642e-02	5.659351222109096398e+02
2.824702285730848125e-02	5.447257003687710721e+02
2.857872511454032788e-02	5.243672682017628404e+02
2.891429415375616763e-02	5.048242420685190268e+02
2.925377423722945458e-02	4.860625656436825466e+02
2.959721011051703876e-02	4.680496433089103334e+02
2.994464700706005872e-02	4.507542761588752569e+02
3.029613065280872472e-02	4.341466013313308849e+02
3.065170727087011132e-02	4.181980342065497211e+02
3.101142358617855338e-02	4.028812111906564155e+02
3.137532683018789958e-02	3.881699380764257512e+02
3.174346474558524533e-02	3.740391385077063546e+02
3.211588559102515616e-02	3.604648053930791320e+02
3.249263814588389948e-02	3.474239543492092821e+02
3.287377171503286233e-02	3.348945795091540276e+02
3.325933613363048214e-02	3.228556106925053655e+02
3.364938177193182306e-02	3.112868731538416114e+02
3.404395954011493058e-02	3.001690481923358220e+02
3.444312089312317332e-02	2.894836367668329444e+02
3.484691783552274630e-02	2.792129233541865005e+02
3.525540292703504414e-02	2.693399422639668046e+02
3.566862928989003589e-02	2.598484446390064022e+02
3.608665060196860480e-02	2.507228698384051597e+02
3.650952111684985929e-02	2.419483128939754124e+02
3.693729565414996530e-02	2.335104964869032926e+02
3.737002963078621398e-02	2.253957447293091150e+02
3.780777902261126672e-02	2.175909577845114882e+02
3.825060042183719283e-02	2.100835858191186674e+02
3.869855098480115552e-02	2.028616063014918609e+02
3.915168849841416804e-02	1.959134996819544483e+02
3.961007131971035905e-02	1.892282309487740974e+02
4.007375844006577648e-02	1.827952242967460847e+02
4.054280946624459064e-02	1.766043469607878080e+02
4.101728459381517866e-02	1.706458901269033106e+02
4.149724468168946440e-02	1.649105485032566776e+02
4.198275117664816009e-02	1.593894051353888983e+02
4.247386618935566210e-02	1.540739125010178157e+02
4.297065247014970890e-02	1.489558792057362950e+02
4.347317337940231202e-02	1.440274547433873806e+02
4.398149295824251709e-02	1.392811115916371705e+02
4.449567590192089056e-02	1.347096349257356565e+02
4.501578752906670866e-02	1.303061092792345619e+02
4.554189385496113657e-02	1.260639023525612714e+02
4.607406156328327368e-02	1.219766563099868932e+02
4.661235797514635265e-02	1.180382762783907538e+02
4.715685112315740751e-02	1.142429157198397291e+02
4.770760972237783615e-02	1.105849692058058480e+02
4.826470313999452200e-02	1.070590620874532704e+02
4.882820146842980352e-02	1.036600378758686105e+02
4.939817549632078558e-02	1.003829518087127894e+02
4.997469667970895479e-02	9.722306179752533239e+01
5.055783721242677192e-02	9.417581768194222036e+01
5.114766999793818325e-02	9.123685493679174385e+01
5.174426862285354256e-02	8.840198737417854602e+01
5.234770742291960238e-02	8.566719734368165007e+01
5.295806145653766256e-02	8.302863052311904823e+01
5.357540648124974048e-02	8.048258910136263466e+01
5.419981902181767591e-02	7.802552395221817960e+01
5.483137630653264760e-02	7.565402950394140191e+01
5.547015633246307753e-02	7.336483699223555277e+01
5.611623781918746723e-02	7.115480945201240104e+01
5.676970024340311644e-02	6.902093561940529298e+01
5.743062383924075337e-02	6.696032524716815715e+01
5.809908958409499419e-02	6.497020291753509014e+01
5.877517921523087857e-02	6.304790539148709883e+01
5.945897525384543497e-02	6.119087442960302781e+01
6.015056096602011682e-02	5.939665454405900391e+01
6.085002038338477998e-02	5.766288755585000558e+01
6.155743834416055327e-02	5.598730854747884678e+01
6.227290041879807170e-02	5.436774276738126588e+01
6.299649300543767871e-02	5.280210136052680525e+01
6.372830323479385106e-02	5.128837815009070056e+01
6.446841906198357008e-02	4.982464570021584649e+01
6.521692923342745085e-02	4.840905195923535587e+01
6.597392324224077287e-02	4.703981909564426900e+01
6.673949143505841786e-02	4.571523791593515540e+01
6.751372489389054210e-02	4.443366649115533562e+01
6.829671554484917362e-02	4.319352666065582724e+01
6.908855611654306228e-02	4.199330226378818054e+01
6.988934009027039651e-02	4.083153643800168453e+01
7.069916180030035024e-02	3.970682821662735762e+01
7.151811638822912209e-02	3.861783146420676616e+01
7.234629975110579148e-02	3.756325262324976677e+01
7.318380864499830774e-02	3.654184735408580309e+01
7.403074063649152381e-02	3.555241977105263373e+01
7.488719405003603502e-02	3.459382064507013155e+01
7.575326807212968971e-02	3.366494420707827118e+01
7.662906268363367523e-02	3.276472722606145282e+01
7.751467869529006516e-02	3.189214779387832976e+01
7.841021767449697644e-02	3.104622324060186500e+01
7.931578205322899200e-02	3.022600781619133414e+01
8.023147507421619917e-02	2.943059231571936962e+01
8.115740073736098237e-02	2.865910255522618755e+01
8.209366390272380964e-02	2.791069703447912076e+01
8.304037023751420499e-02	2.718456650306582389e+01
8.399762616562396478e-02	2.647993282484112854e+01
8.496553897730478588e-02	2.579604694689309596e+01
8.594421670669911972e-02	2.513218841438292017e+01
8.693376824032007788e-02	2.448766402345877324e+01
8.793430321304052111e-02	2.386180681008550764e+01
8.894593209612887408e-02	2.325397494754794181e+01
8.996876611345092090e-02	2.266355090961766194e+01
9.100291730978730953e-02	2.208994037562231227e+01
9.204849848661850187e-02	2.153257156464507815e+01
9.310562323025564635e-02	2.099089409810619600e+01
9.417440589458750400e-02	2.046437836002954569e+01
9.525496162520037668e-02	1.995251449751523509e+01
9.634740630459211197e-02	1.945481206177465694e+01
9.745185656605132030e-02	1.897079889942076392e+01
9.856842983081935683e-02	1.850002048966105406e+01
9.969724421159595340e-02	1.804203943481367745e+01
1.008384186119743314e-01	1.759643478783368664e+01
1.019920726053890614e-01	1.716280137427389363e+01
1.031583265297076613e-01	1.674074910384608117e+01
1.043373014372100255e-01	1.632990236351925617e+01
1.055291190309543825e-01	1.592990022550284479e+01
1.067339017574358284e-01	1.554039443432902523e+01
1.079517727486775935e-01	1.516105035767319720e+01
1.091828557521032778e-01	1.479154577302318252e+01
1.104272752515792350e-01	1.443157043079456692e+01
1.116851563048842227e-01	1.408082580808457784e+01
1.129566246635229920e-01	1.373902444358842523e+01
1.142418066852809305e-01	1.340588952768252895e+01
1.155408293608093939e-01	1.308115488536399518e+01
1.168538202152631655e-01	1.276456426831856916e+01
1.181809074188193698e-01	1.245587081734971591e+01
1.195222197111429630e-01	1.215483694689523553e+01
1.208778863204838239e-01	1.186123425422861288e+01
1.222480370737766830e-01	1.157484235658700555e+01
1.236328023179750074e-01	1.129544950733881414e+01
1.250323128385769089e-01	1.102285182370663641e+01
1.264466999660702196e-01	1.075685283632408584e+01
1.278760954955251439e-01	1.049726348014219823e+01
1.293206316060790950e-01	1.024390193543335847e+01
1.307804409604298723e-01	9.996592700563779132e+00
1.322556566241453180e-01	9.755167160123370707e+00
1.337464119875040602e-01	9.519462776421070416e+00
1.352528408714028796e-01	9.289323088802840189e+00
1.367750773654126117e-01	9.064597357502433894e+00
1.383132559178567866e-01	8.845140321488168311e+00
1.398675112621217131e-01	8.630812100931207098e+00
1.414379783499229437e-01	8.421477928965417803e+00
1.430247924193616960e-01	8.217007874153159364e+00
1.446280888784032548e-01	8.017276733939887379e+00
1.462480033239138832e-01	7.822163801471144318e+00
1.478846715092993203e-01	7.631552678207248697e+00
1.495382293036091048e-01	7.445330975424397479e+00
1.512088126635191265e-01	7.263390500250093140e+00
1.528965575902946628e-01	7.085626663841138928e+00
1.546016001456455569e-01	6.911938509705363387e+00
1.563240763338159256e-01	6.742228621939812427e+00
1.580641221691156395e-01	6.576402829303324538e+00
1.598218735297837756e-01	6.414370151471803005e+00
1.615974662409266627e-01	6.256042610930501624e+00
1.633910359106820753e-01	6.101335159032991839e+00
1.652027180253493044e-01	5.950165448144420388e+00
1.670326477714711710e-01	5.802453844151004070e+00
1.688809601198763277e-01	5.658123056141170615e+00
1.707477897341231066e-01	5.517098327805038060e+00
1.726332708656141135e-01	5.379307191151216472e+00
1.745375374293769433e-01	5.244679219869343711e+00
1.764607229037388481e-01	5.113146147390203566e+00
1.784029602186960051e-01	4.984641666063939880e+00
1.803643818368466933e-01	4.859101307800412606e+00
1.823451196454919654e-01	4.736462386475236208e+00
1.843453048400121863e-01	4.616663985251159730e+00
1.863650680066022136e-01	4.499646699310043019e+00
1.884045390083755878e-01	4.385352665462859179e+00
1.904638468654470951e-01	4.273725564530987953e+00
1.925431198360938179e-01	4.164710395079910477e+00
1.946424852984953713e-01	4.058253476830962825e+00
1.967620696292020910e-01	3.954302450866025165e+00
1.989019982794280883e-01	3.852806059892305957e+00
2.010623956540338875e-01	3.753714259385904306e+00
2.032433849901278122e-01	3.656978052428832449e+00
2.054450884251725340e-01	3.562549512384543871e+00
2.076676268749056420e-01	3.470381629917481003e+00
2.099111199137096151e-01	3.380428462013914892e+00
2.121756858314431393e-01	3.292644851651063131e+00
2.144614415119728834e-01	3.206986552286527736e+00
2.167685023166768810e-01	3.123410170217040260e+00
2.190969821425644004e-01	3.041873048391463552e+00
2.214469932271233843e-01	2.962333346193537942e+00
2.238186461993539045e-01	2.884749923473301614e+00
2.262120499164681775e-01	2.809082368842214184e+00
2.286273114576871934e-01	2.735290941337195747e+00
2.310645360284847294e-01	2.663336560824740573e+00
2.335238269030920633e-01	2.593180789353442428e+00
2.360052853449425558e-01	2.524785818851155828e+00
2.385090105268669047e-01	2.458114429770548170e+00
2.410350995077667480e-01	2.393129999211703218e+00
2.435836470743785731e-01	2.329796475032258840e+00
2.461547457712665032e-01	2.268078371147741468e+00
2.487484857141092354e-01	2.207940731962495295e+00
2.513649546359097986e-01	2.149349168747596295e+00
2.540042376829286241e-01	2.092269815171653669e+00
2.566664174551693267e-01	2.036669301152830069e+00
2.593515738827449901e-01	1.982514790883525446e+00
2.620597840868955641e-01	1.929773959521980498e+00
2.647911224389468132e-01	1.878414972909483893e+00
2.675456603245044418e-01	1.828406501138641227e+00
2.703234662044104453e-01	1.779717683028817277e+00
2.731246054787527244e-01	1.732318164104189817e+00
2.759491403401450049e-01	1.686178080320591910e+00
2.787971298232482797e-01	1.641268018244352866e+00
2.816686296633842956e-01	1.597559057053657305e+00
2.845636921472577963e-01	1.555022765463838441e+00
2.874823661668867714e-01	1.513631147575967395e+00
2.904246970749866374e-01	1.473356694931300170e+00
2.933907265352826976e-01	1.434172383307218634e+00
2.963804925780173516e-01	1.396051608132114819e+00
2.993940294542390967e-01	1.358968264311670282e+00
3.024313674879968161e-01	1.322896695065895578e+00
3.054925331305989866e-01	1.287811690892176397e+00
3.085775488159926971e-01	1.253688510502320552e+00
3.116864328171800036e-01	1.220502873467046001e+00
3.148191992964181618e-01	1.188230923046619703e+00
3.179758581639878234e-01	1.156849266402310672e+00
3.211564149410557900e-01	1.126334969244794593e+00
3.243608708032678090e-01	1.096665516399974782e+00
3.275892224451832369e-01	1.067818842014051306e+00
3.308414619515437916e-01	1.039773329133561353e+00
3.341175768476074559e-01	1.012507781710906718e+00
3.374175498944347873e-01	9.860014407093834476e-01
3.407413591359605420e-01	9.602339718178957151e-01
3.440889777306797015e-01	9.351854671654820095e-01
3.474603739413898995e-01	9.108364417558880710e-01
3.508555110587535664e-01	8.871678193466842055e-01
3.542743473071442439e-01	8.641609461833879013e-01
3.577168357983982472e-01	8.417975700035180697e-01
3.611829244999701372e-01	8.200598406678569763e-01
3.646725561109668834e-01	7.989303204612089315e-01
3.681856679863282356e-01	7.783919547418894913e-01
3.717221922728886074e-01	7.584280763065490705e-01
3.752820555106402001e-01	7.390224227810943125e-01
3.788651788940546328e-01	7.201590776382738035e-01
3.824714782138246560e-01	7.018225232519361700e-01
3.861008632994774592e-01	6.839976266868152965e-01
3.897532388665912451e-01	6.666695925107922749e-01
3.934285034432186690e-01	6.498239998984307597e-01
3.971265503652240403e-01	6.334467677604959102e-01
4.008472667826220581e-01	6.175241714394658077e-01
4.045905344219506983e-01	6.020428305278309189e-01
4.083562288970074006e-01	5.869897104353198891e-01
4.121442200859326555e-01	5.723521012907170080e-01
4.159543720523315447e-01	5.581176192059269514e-01
4.197865427163458563e-01	5.442741894225536781e-01
4.236405844829891909e-01	5.308100564038846780e-01
4.275163433464571061e-01	5.177138184514467056e-01
4.314136594189437734e-01	5.049743224474398939e-01
4.353323672227378816e-01	4.925807073918033185e-01
4.392722947480089402e-01	4.805224778712738343e-01
4.432332641035616194e-01	4.687893650948533608e-01
4.472150918020382226e-01	4.573713706868086648e-01
4.512175877605809626e-01	4.462588474130980143e-01
4.552405560176994714e-01	4.354423520209210752e-01
4.592837951380365769e-01	4.249127064896672801e-01
4.633470968995765382e-01	4.146610834038464977e-01
4.674302472015472998e-01	4.046787993121079285e-01
4.715330271675982066e-01	3.949574271404648895e-01
4.756552101256218412e-01	3.854889154812869978e-01
4.797965646106683857e-01	3.762653594778400112e-01
4.839568530027186788e-01	3.672790653639029235e-01
4.881358318763078241e-01	3.585226418316479480e-01
4.923332515298642353e-01	3.499888603972668433e-01
4.965488577382848323e-01	3.416707247327127051e-01
5.007823887967965959e-01	3.335615503031809648e-01
5.050335782277554086e-01	3.256547870633628161e-01
5.093021540052410367e-01	3.179440794217052169e-01
5.135878379210672140e-01	3.104233042041437685e-01
5.178903471239842959e-01	3.030865426081245095e-01
5.222093921687287477e-01	2.959280898597682063e-01
5.265446789819341333e-01	2.889424136314134306e-01
5.308959078216869409e-01	2.821241678337649272e-01
5.352627736810079417e-01	2.754682050552183514e-01
5.396449665101339388e-01	2.689695369513206979e-01
5.440421711096425916e-01	2.626233844171219078e-01
5.484540668502776439e-01	2.564251419636772722e-01
5.528803286296588571e-01	2.503703349267805689e-01
5.573206264972800916e-01	2.444546781328712504e-01
5.617746252374496985e-01	2.386740659298048350e-01
5.662419855855406192e-01	2.330245292979526983e-01
5.707223630541788939e-01	2.275022463600400446e-01
5.752154096847743592e-01	2.221035479321983030e-01
5.797207720426357236e-01	2.168249473938934635e-01
5.842380929895359953e-01	2.116630646584085340e-01
5.887670114546208477e-01	2.066146301709556876e-01
5.933071623704304631e-01	2.016765800057100655e-01
5.978581755515073315e-01	1.968459591687075350e-01
6.024196791597661305e-01	1.921198898082384088e-01
6.069912957085690230e-01	1.874956201759384600e-01
6.115726467409804412e-01	1.829705415703244131e-01
6.161633472932227518e-01	1.785422179381054575e-01
6.207630111507700388e-01	1.742082449235135000e-01
6.253712486252261948e-01	1.699663081761123573e-01
6.299876670143493840e-01	1.658142325698267194e-01
6.346118709280660353e-01	1.617499469868211026e-01
6.392434615683505461e-01	1.577714578760226471e-01
6.438820388861894450e-01	1.538768294756257260e-01
6.485271995805714784e-01	1.500642498584141005e-01
6.531785380732944013e-01	1.463319807132805184e-01
6.578356472679220968e-01	1.426783339510109272e-01
6.624981177201779703e-01	1.391017154856490634e-01
6.671655381409110630e-01	1.356005916080186280e-01
6.718374960610674629e-01	1.321734751866964486e-01
6.765135772261272606e-01	1.288189612448530363e-01
6.811933658739728337e-01	1.255356927049218752e-01
6.858764457122749070e-01	1.223223565567256033e-01
6.905623985710156454e-01	1.191776779218254173e-01
6.952508070141673047e-01	1.161004303876335825e-01
6.999412509826681283e-01	1.130894630325555567e-01
7.046333109254520055e-01	1.101436268588611572e-01
7.093265672086844775e-01	1.072618019303088893e-01
7.140205991079568992e-01	1.044429227720503478e-01
7.187149868013984477e-01	1.016859320196162042e-01
7.234093100522811515e-01	9.898980752572715536e-02
7.281031490218462521e-01	9.635355754844857068e-02
7.327960842326026736e-01	9.377620159316114867e-02
7.374876969425885331e-01	9.125677627971934269e-02
7.421775692678512781e-01	8.879434084068885125e-02
7.468652836762204039e-01	8.638796652564088852e-02
7.515504248284400335e-01	8.403674575579093975e-02
7.562325765984492243e-01	8.173978117322218406e-02
7.609113268051601597e-01	7.949616488011927717e-02
7.655862626614569066e-01	7.730502385479201544e-02
7.702569742508821315e-01	7.516548936749468945e-02
7.749230528279604790e-01	7.307669205514345789e-02
7.795840919819405634e-01	7.103777246769259202e-02
7.842396873552324177e-01	6.904787852363004907e-02
7.888894365613802195e-01	6.710616505709705859e-02
7.935329399821640095e-01	6.521178751198164480e-02
7.981698002815602599e-01	6.336391260504764533e-02
8.027996226277901437e-01	6.156170618969377534e-02
8.074220154446751785e-01	5.980434049306528749e-02
8.120365897137709066e-01	5.809099429917344293e-02
8.166429593678302679e-01	5.642084950258534348e-02
8.212407419746986514e-01	5.479308756556270504e-02
8.258295579704399980e-01	5.320690317563056548e-02
8.304090312023275633e-01	5.166149091809132954e-02
8.349787895017797279e-01	5.015604750139179141e-02
8.395384637882737922e-01	4.868978320961444423e-02
8.440876889129768079e-01	4.726190776220861450e-02
8.486261038781512944e-01	4.587163477180505183e-02
8.531533512340209180e-01	4.451819133582469307e-02
8.576690776836617403e-01	4.320080520778641492e-02
8.621729344565016717e-01	4.191870931584919940e-02
8.666645765647438271e-01	4.067115104474360726e-02
8.711436634512443877e-01	3.945737955372265182e-02
8.756098594060448548e-01	3.827664916097202330e-02
8.800628327678419183e-01	3.712822969243488591e-02
8.845022565207132370e-01	3.601139509634029845e-02
8.889278087329713918e-01	3.492542537203155439e-02
8.933391717200582782e-01	3.386961301635966343e-02
8.977360330698418434e-01	3.284325839105643741e-02
9.021180848825782750e-01	3.184567157684629196e-02
9.064850244955517944e-01	3.087617159508402459e-02
9.108365541113861985e-01	2.993408639642008637e-02
9.151723811749281623e-01	2.901875544421156361e-02
9.194922180080822294e-01	2.812952851461537201e-02
9.237957823179792083e-01	2.726576300040648576e-02
9.280827971678139443e-01	2.642682823599762712e-02
9.323529904522264156e-01	2.561210543386182106e-02
9.366060959188873269e-01	2.482098458076863884e-02
9.408418521501779042e-01	2.405286674512786479e-02
9.450600036369461998e-01	2.330716355206114213e-02
9.492602998403680825e-01	2.258329699579298203e-02
9.534424960620094813e-01	2.188069873741452925e-02
9.576063530621646835e-01	2.119881684725982360e-02
9.617516360351978655e-01	2.053710791511295652e-02
9.658781175412124442e-01	1.989503183973585776e-02
9.699855742343416187e-01	1.927206574195913444e-02
9.740737891615992572e-01	1.866770004487298962e-02
9.781425500141396334e-01	1.808143314722098979e-02
9.821916509492272240e-01	1.751277055397927954e-02
9.862208914478818311e-01	1.696123117221445473e-02
9.902300761982572030e-01	1.642634819882125147e-02
9.942190155568784160e-01	1.590766024309586690e-02
9.981875259308748971e-01	1.540471613177123514e-02
1.002135428632500158e+00	1.491707903906580590e-02
1.006062550643226361e+00	1.444431822022642156e-02
1.009968725151469959e+00	1.398601343397542184e-02
1.013853789838137454e+00	1.354176061403135518e-02
1.017717587763238063e+00	1.311115437152915973e-02
1.021559970247352123e+00	1.269380039191640372e-02
1.025380789720722108e+00	1.228932645095374455e-02
1.029179907384215609e+00	1.189736311934001811e-02
1.032957187128132670e+00	1.151754552750022635e-02
1.036712501292625044e+00	1.114951626771151262e-02
1.040445725452370684e+00	1.079293161930172315e-02
1.044156741030036972e+00	1.044746111645135367e-02
1.047845434804219655e+00	1.011279126282721604e-02
1.051511694474052794e+00	9.788588831207175114e-03
1.055155426111157313e+00	9.474512337044889432e-03
1.058776529648577158e+00	9.170291501359612366e-03
1.062374907298597959e+00	8.875657400286908125e-03
1.065950473881221772e+00	8.590299809778444845e-03
1.069503147500755036e+00	8.313933449677216383e-03
1.073032850122334958e+00	8.046294349376334129e-03
1.076539509481457380e+00	7.787118576124556039e-03
1.080023057814764043e+00	7.536149296188491935e-03
1.083483432341260322e+00	7.293138505004400501e-03
1.086920574625890978e+00	7.057844629073274124e-03
1.090334431351881017e+00	6.830031018213264526e-03
1.093724954063152621e+00	6.609468499423999839e-03
1.097092098229682344e+00	6.395935669993036907e-03
1.100435824606131208e+00	6.189216776134384181e-03
1.103756097482385679e+00	5.989100044319463703e-03
1.107052887592679502e+00	5.795380667440661916e-03
1.110326167413316245e+00	5.607863580198199638e-03
1.113575915280962558e+00	5.426355689693036083e-03
1.116802113723145196e+00	5.250668492794552562e-03
1.120004749094804186e+00	5.080621838190348301e-03
1.123183811904031604e+00	4.916039254034561268e-03
1.126339297261076178e+00	4.756749056349086208e-03
1.129471203650968869e+00	4.602586027341281673e-03
1.132579533794676463e+00	4.453389057213128638e-03
1.135664294246524486e+00	4.309000906192403564e-03
1.138725495858056158e+00	4.169271915536469988e-03
1.141763151113026398e+00	4.034055554464655545e-03
1.144777279529006542e+00	3.903205993643377083e-03
1.147767902005951246e+00	3.776586146637897750e-03
1.150735043149048176e+00	3.654063154126819309e-03
1.153678731881126573e+00	3.535505468811909417e-03
1.156598999930523508e+00	3.420787448856669501e-03
1.159495882352394203e+00	3.309786953921259583e-03
1.162369417958059925e+00	3.202384636722676713e-03
1.165219648385884987e+00	3.098466241885190504e-03
1.168046618418623561e+00	2.997922398141360245e-03
1.170850374778445335e+00	2.900642789194753535e-03
1.173630971560959191e+00	2.806519767009990184e-03
1.176388460933302849e+00	2.715455167927677705e-03
1.179122900116669204e+00	2.627351861586285815e-03
1.181834348633619358e+00	2.542113523417170642e-03
1.184522869046217064e+00	2.459647730032641245e-03
1.187188526625755136e+00	2.379863994904146771e-03
1.189831390006640843e+00	2.302676833143344707e-03
1.192451527853647164e+00	2.228004247708408048e-03
1.195049013804404092e+00	2.155763368929491334e-03
1.197623923533650325e+00	2.085874395956272692e-03
1.200176334776633658e+00	2.018262077997488510e-03
1.202706327467439218e+00	1.952853004582574175e-03
1.205213983965135904e+00	1.889575526442925386e-03
1.207699388910443927e+00	1.828360265460074940e-03
1.210162629052314420e+00	1.769140444743894699e-03
1.212603792917595236e+00	1.711851203031215882e-03
1.215022971727089951e+00	1.656429800413151835e-03
1.217420257612771728e+00	1.602815593594012107e-03
1.219795745852261915e+00	1.550949505303874298e-03
1.222149532517204928e+00	1.500774801218483778e-03
1.224481716068843040e+00	1.452236389931706477e-03
1.226792396497102589e+00	1.405280629591519614e-03
1.229081675710139043e+00	1.359855981223796967e-03
1.231349656788871760e+00	1.315912775095697505e-03
1.233596444574512452e+00	1.273402556284481237e-03
1.235822145627476276e+00	1.232278306026502379e-03
1.238026867744101978e+00	1.192494950998369352e-03
1.240210720004629952e+00	1.154008690054737513e-03
1.242373813245921443e+00	1.116776909661511144e-03
1.244516259311181594e+00	1.080758753620138972e-03
1.246638171164026643e+00	1.045914557911927162e-03
1.248739663430343594e+00	1.012205730865062877e-03
1.250820851465602956e+00	9.795952871350416431e-04
1.252881851750558884e+00	9.480471874311807495e-04
1.254922782257295477e+00	9.175265494933473051e-04
1.256943761405787452e+00	8.880003588330852163e-04
1.258944908048917233e+00	8.594356095704650412e-04
1.260926344452342640e+00	8.318000037067195540e-04
1.262888191038215924e+00	8.050639292858611119e-04
1.264830569969856988e+00	7.791981055848396344e-04
1.266753604591408289e+00	7.541735917885242354e-04
1.268657418394481207e+00	7.299630723157411001e-04
1.270542135728655042e+00	7.065398063375455135e-04
1.272407882015089253e+00	6.838778209404959736e-04
1.274254782754019599e+00	6.619523745153039086e-04
1.276082964131627362e+00	6.407393399725517169e-04
1.277892553210390858e+00	6.202152213734032481e-04
1.279683677106292494e+00	6.003572949590274023e-04
1.281456464229131731e+00	5.811439125402490967e-04
1.283211041682818410e+00	5.625543208904755900e-04
1.284947538592999150e+00	5.445677795347730280e-04
1.286666083851901066e+00	5.271642996001108840e-04
1.288366806888281202e+00	5.103249540644880450e-04
1.290049836978805819e+00	4.940313764888762350e-04
1.291715303933984371e+00	4.782655525553509372e-04
1.293363338073147073e+00	4.630101710131617754e-04
1.294994069120634306e+00	4.482486604487556300e-04
1.296607627720739897e+00	4.339648034112977295e-04
1.298204144065388199e+00	4.201429426392156840e-04
1.299783748925792848e+00	4.067679648203976106e-04
1.301346572704655147e+00	3.938252350475297163e-04
1.302892746218461406e+00	3.813005681955041002e-04
1.304422400114728431e+00	3.691804051362831225e-04
1.305935664600543111e+00	3.574515542666247881e-04
1.307432670707165290e+00	3.461010292376165312e-04
1.308913548824245376e+00	3.351164959313904582e-04
1.310378429305661285e+00	3.244861324632663992e-04
1.311827442269232868e+00	3.141984017926790053e-04
1.313260717762712693e+00	3.042419995350089225e-04
1.314678386100292862e+00	2.946060401353752661e-04
1.316080576747526987e+00	2.852802088605235547e-04
1.317467419116107319e+00	2.762543464893842506e-04
1.318839042893824143e+00	2.675186712450047387e-04
1.320195576444779695e+00	2.590638142039291278e-04
1.321537148986810406e+00	2.508803734019762603e-04
1.322863889361368672e+00	2.429595201190257864e-04
1.324175924983103991e+00	2.352929701841006830e-04
1.325473383804523397e+00	2.278723576497520479e-04
1.326756393294254321e+00	2.206895646022452064e-04
1.328025080492815313e+00	2.137368650653484708e-04
1.329279572179842273e+00	2.070068781950831446e-04
1.330519993975436188e+00	2.004923768049610979e-04
1.331746472369488288e+00	1.941862131101249793e-04
1.332959132421137616e+00	1.880816740108315398e-04
1.334158099041832912e+00	1.821722591121031150e-04
1.335343496731756563e+00	1.764516204931252188e-04
1.336515449237440034e+00	1.709136175291513444e-04
1.337674080263369092e+00	1.655522363140598900e-04
1.338819512868180350e+00	1.603618725802384570e-04
1.339951868644383426e+00	1.553370914782517250e-04
1.341071269966512380e+00	1.504723475143855595e-04
1.342177838231226605e+00	1.457624415530587019e-04
1.343271693930234489e+00	1.412024843276142767e-04
1.344352957215943167e+00	1.367875761288889843e-04
1.345421747852576955e+00	1.325129364635161560e-04
1.346478184975030912e+00	1.283741086550678544e-04
1.347522386419187868e+00	1.243668061307648376e-04
1.348554470056535060e+00	1.204866742645273206e-04
1.349574553414104594e+00	1.167295777878741994e-04
1.350582752430554034e+00	1.130916198097390880e-04
1.351579183377502824e+00	1.095689228321621326e-04
1.352563961199070963e+00	1.061577854525988832e-04
1.353537200456494949e+00	1.028546225111754217e-04
1.354499015097976100e+00	9.965594620414907040e-05
1.355449518158225342e+00	9.655839722126363254e-05
1.356388822339299471e+00	9.355869857110471791e-05
1.357317039443253881e+00	9.065374831115101449e-05
1.358234280304810415e+00	8.784050434838106447e-05
1.359140655712787638e+00	8.511593416545699920e-05
1.360036275586437249e+00	8.247728953735542542e-05
1.360921247936004663e+00	7.992185535736631230e-05
1.361795682140323871e+00	7.744680248954896400e-05
1.362659685594318271e+00	7.504964414448322865e-05
1.363513364519366222e+00	7.272794984075552451e-05
1.364356825798332729e+00	7.047918535092423896e-05
1.365190174631146336e+00	6.830106992551461986e-05
1.366013515413062596e+00	6.619137854087352309e-05
1.366826952467393275e+00	6.414786421818842075e-05
1.367630588864624741e+00	6.216844804526045734e-05
1.368424526910977379e+00	6.025108956828995559e-05
1.369208868593862372e+00	5.839375710323974230e-05
1.369983714950387510e+00	5.659458015770663228e-05
1.370749165719537421e+00	5.485173554890350391e-05
1.371505320799530914e+00	5.316337535690058988e-05
1.372252278818477667e+00	5.152778382577882896e-05
1.372990137577640990e+00	4.994328565064833710e-05
1.373718994599760101e+00	4.840820290240086242e-05
1.374438946515947446e+00	4.692104150248384319e-05
1.375150087997587534e+00	4.548030124496151667e-05
1.375852515175412627e+00	4.408440859801653256e-05
1.376546321698201014e+00	4.273198638761224982e-05
1.377231601030840302e+00	4.142168486558893165e-05
1.377908445981823160e+00	4.015212087714828149e-05
1.378576948603112085e+00	3.892201245964600385e-05
1.379237199912681566e+00	3.773012859621378243e-05
1.379889290415870384e+00	3.657526086902299919e-05
1.380533309686127863e+00	3.545623402502805579e-05
1.381169346725754865e+00	3.437190656664268522e-05
1.381797489758288977e+00	3.332118912059896400e-05
1.382417825997132699e+00	3.230302057974071669e-05
1.383030442445365882e+00	3.131637212779700457e-05
1.383635424593854912e+00	3.036025670557962174e-05
1.384232858046929637e+00	2.943370094568525079e-05
1.384822826913586935e+00	2.853577848061748055e-05
1.385405415141491625e+00	2.766559330006712622e-05
1.385980705414417535e+00	2.682225973247756890e-05
1.386548780360965072e+00	2.600492837152862938e-05
1.387109721123062522e+00	2.521280616992960179e-05
1.387663608456540576e+00	2.444509571763331000e-05
1.388210522544222503e+00	2.370101048510240245e-05
1.388750542617112504e+00	2.297982717105660994e-05
1.389283747088921661e+00	2.228082733336902275e-05
1.389810214027974666e+00	2.160330099246621764e-05
1.390330020474868089e+00	2.094659004250842602e-05
1.390843242659151269e+00	2.031004073905800483e-05
1.391349956600113291e+00	1.969300828854724655e-05
1.391850237050747952e+00	1.909490182065014962e-05
1.392344158201904936e+00	1.851512220552732879e-05
1.392831793940968232e+00	1.795308398963405027e-05
1.393313216878690142e+00	1.740825577132505526e-05
1.393788499090562905e+00	1.688008658497766661e-05
1.394257712512023906e+00	1.636804513734221780e-05
1.394720927464413451e+00	1.587166043437007913e-05
1.395178214035179831e+00	1.539042787333257971e-05
1.395629642065692400e+00	1.492385769291660718e-05
1.396075279912305067e+00	1.447152244911739101e-05
1.396515195618277971e+00	1.403297079694644464e-05
1.396949456861690475e+00	1.360775599454979194e-05
1.397378130162546528e+00	1.319547575103192630e-05
1.397801281659842410e+00	1.279574333457567749e-05
1.398218976377695544e+00	1.240816521357316938e-05
1.398631279452791976e+00	1.203234132652606354e-05
1.399038254968710371e+00	1.166791689504141706e-05
1.399439966094092158e+00	1.131455109354745645e-05
1.399836475841316208e+00	1.097188734960111948e-05
1.400227846335235782e+00	1.063959583470854188e-05
1.400614139013065973e+00	1.031736418012172771e-05
1.400995414730552335e+00	1.000487623549066247e-05
1.401371733837742051e+00	9.701826919251462842e-06
1.401743155910130101e+00	9.407930036762645029e-06
1.402109739874685346e+00	9.122900328062669278e-06
1.402471544334528808e+00	8.846461862781291184e-06
1.402828626818319879e+00	8.578353690277882963e-06
1.403181044721044879e+00	8.318316941570052310e-06
1.403528854440954099e+00	8.066100143088896890e-06
1.403872112149557427e+00	7.821459194719778516e-06
1.404210873180797625e+00	7.584168720568755717e-06
1.404545192081969374e+00	7.354005594933619180e-06
1.404875123379133894e+00	7.130744644016437446e-06
1.405200720354943700e+00	6.914165032066385371e-06
1.405522036732305136e+00	6.704058857393499368e-06
1.405839124392686657e+00	6.500248592052631362e-06
1.406152035260567867e+00	6.302531119153714588e-06
1.406460821131365613e+00	6.110705263715139679e-06
1.406765532455798606e+00	5.924608847917008461e-06
1.407066219381692296e+00	5.744057419455004500e-06
1.407362932105658881e+00	5.568871953873028773e-06
1.407655719375759951e+00	5.398912842274872238e-06
1.407944629423096616e+00	5.233999000669802277e-06
1.408229711707431164e+00	5.073956075321442277e-06
1.408511012494752190e+00	4.918666263034578566e-06
1.408788579453417400e+00	4.767991127053634576e-06
1.409062458274218166e+00	4.621774309830178083e-06
1.409332695907102195e+00	4.479863700268683208e-06
1.409599337461538315e+00	4.342142737245171806e-06
1.409862427601697554e+00	4.208489096708630163e-06
1.410122011235858341e+00	4.078757781739335964e-06
1.410378132371845394e+00	3.952843173755676520e-06
1.410630833759417557e+00	3.830635435723436559e-06
1.410880159170407655e+00	3.712003813538874269e-06
1.411126150663257528e+00	3.596838726996611445e-06
1.411368850603088587e+00	3.485035043273274688e-06
1.411608300369910474e+00	3.376501192626830926e-06
1.411844540515824642e+00	3.271139813642478525e-06
1.412077612152199402e+00	3.168831386158611345e-06
1.412307555586569396e+00	3.069485336713140505e-06
1.412534410043104094e+00	2.973023784227445755e-06
1.412758214942088308e+00	2.879351442270523425e-06
1.412979009000774555e+00	2.788379009825000604e-06
1.413196830527231995e+00	2.700027105984322957e-06
1.413411717349099650e+00	2.614218309405551884e-06
1.413623706625203091e+00	2.530863092288920118e-06
1.413832836267884918e+00	2.449883354278377386e-06
1.414039141753536732e+00	2.371217264434157538e-06
1.414242659940053271e+00	2.294782522113935198e-06
1.414443426399964121e+00	2.220516107342727153e-06
1.414641475796959647e+00	2.148355117140574617e-06
1.414836843797344201e+00	2.078218782738899463e-06
1.415029564489998171e+00	2.010046363509533482e-06
1.415219672126950989e+00	1.943778415824418094e-06
1.415407200310630609e+00	1.879355773494197490e-06
1.415592182100010810e+00	1.816719484229700789e-06
1.415774650627760867e+00	1.755805155426148997e-06
1.415954638427125323e+00	1.696563403790376927e-06
1.416132177074591159e+00	1.638942137153402067e-06
1.416307298848552998e+00	1.582877749610659070e-06
1.416480034969775703e+00	1.528325012063371762e-06
1.416650415998822909e+00	1.475236710530329496e-06
1.416818473003083279e+00	1.423554587096774072e-06
1.416984236046873402e+00	1.373235278574350705e-06
1.417147734771664114e+00	1.324233270220419516e-06
1.417308998982584889e+00	1.276496639791973013e-06
1.417468057701307238e+00	1.229983606186848174e-06
1.417624939567440068e+00	1.184649712619226584e-06
1.417779673271516216e+00	1.140446450788887588e-06
1.417932286841837586e+00	1.097334245143510132e-06
1.418082807801826162e+00	1.055270811672246404e-06
1.418231263858374280e+00	1.014209003839429460e-06
1.418377681990101280e+00	9.741093975263678879e-07
1.418522088784051505e+00	9.349293310176145033e-07
1.418664510951401780e+00	8.966211921302726356e-07
1.418804974570244015e+00	8.591472044386557938e-07
1.418943504987334014e+00	8.224653820229009742e-07
1.419080128156266607e+00	7.865249285943620799e-07
1.419214868980322120e+00	7.512805553029324294e-07
1.419347752490645487e+00	7.166868033987135926e-07
1.419478802961149810e+00	6.826930909063713834e-07
1.419608044878087894e+00	6.492443210359095514e-07
1.419735502040974540e+00	6.162835411552833117e-07
1.419861198161763260e+00	5.837492478984222683e-07
1.419985156482057143e+00	5.510657728676175811e-07
1.420107400124240193e+00	5.191802574503444424e-07
1.420227951914328601e+00	4.874818473166360545e-07
1.420346834142912629e+00	4.558639882415305658e-07
1.420464069294524068e+00	4.241968394846800560e-07
1.420579678937848422e+00	3.923191409873577315e-07
1.420693685074690515e+00	3.600198964070414813e-07
1.420806108797236789e+00	3.270157480055948186e-07
1.420916971460096878e+00	2.929024250843913130e-07
1.421026293551913122e+00	2.570562277841657635e-07
1.421134096321429396e+00	2.184254612619669123e-07
1.421240399509323904e+00	1.749573616071193176e-07
1.421345223271605063e+00	1.211616856492336865e-07
1.421448587605729674e+00	0.000000000000000000e+00
