# Data associated with arXiv:2208.14002
# 
# Scale-free J-factor angular distribution, J_S(theta), of a nfw1-3rhos4e6 dark matter distribution (see Eq. 2.4 and the surrounding discussion)
# 
# Published: 8/25/22, Jack Runburg and Kenny Kiriu, contact: runburg@hawaii.edu
# 
# 
# -----------------------------------------------------------------
# 
# 	 tilde theta 		 | 	 tilde J s-wave 		 | 	 tilde J p-wave 		 | 	 tilde J d-wave 		 | 	 tilde J sommerfeld 
# 
# -----------------------------------------------------------------
1.000000000000000021e-03	1.745715666560476422e+08	2.183115798729230650e+06	5.623009372121124761e+05	3.522675584326841354e+09
1.021192151037671062e-03	1.713458342657453120e+08	2.162294830167884938e+06	5.595684371908543399e+05	3.444538056939795971e+09
1.042833409340945643e-03	1.680545833750907779e+08	2.141007879389610607e+06	5.567716589092250215e+05	3.364878445789478302e+09
1.064933292458827233e-03	1.646990293475686014e+08	2.119258046572243329e+06	5.539106778386379592e+05	3.283733539002872944e+09
1.087501519637659123e-03	1.612807542401552200e+08	2.097050334926387062e+06	5.509857898304664996e+05	3.201149767938686371e+09
1.110548016095517111e-03	1.578017639963674545e+08	2.074391968782637035e+06	5.479975504305779468e+05	3.117184686938064098e+09
1.134082917387199208e-03	1.542645576503384709e+08	2.051292783200655365e+06	5.449468236062320648e+05	3.031908758996731281e+09
1.158116573861711456e-03	1.506722125790790021e+08	2.027765711326087127e+06	5.418348435618188232e+05	2.945407547585863113e+09
1.182659555214217667e-03	1.470284919253528714e+08	2.003827410479284823e+06	5.386632954945275560e+05	2.857784465046848297e+09
1.207722655134462354e-03	1.433379839452462792e+08	1.979499094477415318e+06	5.354344251112682978e+05	2.769164314312585831e+09
1.233316896053688856e-03	1.396062897980070710e+08	1.954807690718609607e+06	5.321511944884078111e+05	2.679698019243068218e+09
1.259453533992170365e-03	1.358402899865205884e+08	1.929787547366106184e+06	5.288175183466530871e+05	2.589569254939779758e+09
1.286144063509461061e-03	1.320485504869570285e+08	1.904483164687740849e+06	5.254386537636333378e+05	2.499004389817821026e+09
1.313400222759557485e-03	1.282420095852854848e+08	1.878954091084186686e+06	5.220219220786904334e+05	2.408288938516684532e+09
1.341233998653187541e-03	1.244353395730210990e+08	1.853285298042658484e+06	5.185782904963981127e+05	2.317799290939207554e+09
1.369657632129505243e-03	1.206504694165023863e+08	1.827615972940476378e+06	5.151268993611150654e+05	2.228082141004598141e+09
1.398683623539492566e-03	1.169324852021545023e+08	1.802278195709089981e+06	5.117174204100593925e+05	2.140200913135098457e+09
1.428324738143458596e-03	1.131988784709511548e+08	1.776418548557312228e+06	5.082045186689718394e+05	2.052544906069806099e+09
1.458594011725036863e-03	1.095339046769845635e+08	1.750536291616189294e+06	5.046539030178327230e+05	1.967263859221448183e+09
1.489504756324154782e-03	1.059154551563631594e+08	1.724334134043881437e+06	5.010098909545769566e+05	1.884019776606905937e+09
1.521070566091505720e-03	1.024471535333702862e+08	1.698805966931419913e+06	4.974370566158429137e+05	1.804926276705841303e+09
1.553305323267072666e-03	9.910462331498181820e+07	1.673770977731457911e+06	4.939078484309594496e+05	1.729387036799010038e+09
1.586223204285366938e-03	9.583348480440407991e+07	1.648718723069180734e+06	4.903363988869903842e+05	1.656230719923187494e+09
1.619838686010041055e-03	9.267134349281950295e+07	1.624035419721948449e+06	4.867876107854931033e+05	1.586194976903387308e+09
1.654166552100628336e-03	8.961428468921566010e+07	1.599715442207188113e+06	4.832612087208238663e+05	1.519135592731596470e+09
1.689221899514206692e-03	8.665692279373441637e+07	1.575744727291878546e+06	4.797559749485392822e+05	1.454879981237346411e+09
1.725020145144853453e-03	8.379663152419030666e+07	1.552119149873983581e+06	4.762720874600388343e+05	1.393319837084409714e+09
1.761577032603788440e-03	8.103168905120058358e+07	1.528840517210854916e+06	4.728102856146896374e+05	1.334384204703397751e+09
1.798908639143220224e-03	7.835856770905828476e+07	1.505902966262231115e+06	4.693702336507316795e+05	1.277951847796633720e+09
1.837031382726912916e-03	7.577263077826684713e+07	1.483293794533804990e+06	4.659507929469368537e+05	1.223879237804396152e+09
1.875962029250603357e-03	7.327158587211154401e+07	1.461012391345714452e+06	4.625522264860005234e+05	1.172080277357590437e+09
1.915717699915417882e-03	7.085395006262296438e+07	1.439059986777794315e+06	4.591752538051988813e+05	1.122490637149451971e+09
1.956315878757565116e-03	6.851654793585336208e+07	1.417427792778036790e+06	4.558194069245736464e+05	1.075004873311634302e+09
1.997774420337589726e-03	6.625538814106580615e+07	1.396104208321226295e+06	4.524836197365684202e+05	1.029504793102169275e+09
2.040111557592579582e-03	6.406846984918954223e+07	1.375088720421817619e+06	4.491681541210302385e+05	9.859188290188516378e+08
2.083345909854779961e-03	6.195451521031340957e+07	1.354385143006102648e+06	4.458738040825164644e+05	9.441942028373001814e+08
2.127496491040134757e-03	5.991066968374037743e+07	1.333985410869813059e+06	4.426000762672963319e+05	9.042409168481111526e+08
2.172582718010372237e-03	5.793349822471149266e+07	1.313875945585143520e+06	4.393458788975712378e+05	8.659570236065878868e+08
2.218624419112281976e-03	5.602125316894041002e+07	1.294056134241507156e+06	4.361114631308634998e+05	8.292854628662939072e+08
2.265641842897974604e-03	5.417283399012036622e+07	1.274529533151180251e+06	4.328976123585344758e+05	7.941796547111959457e+08
2.313655667029933423e-03	5.238567756965634227e+07	1.255289957064177375e+06	4.297038489972031093e+05	7.605647719241312742e+08
2.362687007374795686e-03	5.065682733007144183e+07	1.236326417010485893e+06	4.265292001984605449e+05	7.283552424211416245e+08
2.412757427289825233e-03	4.898475802444484830e+07	1.217635830425296444e+06	4.233738303633938194e+05	6.975027025106205940e+08
2.463888947106213784e-03	4.736852037453848869e+07	1.199221023552012164e+06	4.202384954931500833e+05	6.679680744575490952e+08
2.516104053813336943e-03	4.580581568447138369e+07	1.181075553149451502e+06	4.171226685030922526e+05	6.396869617770903111e+08
2.569425710948245768e-03	4.429409950930713862e+07	1.163190651851953473e+06	4.140254832791101653e+05	6.125889190192161798e+08
2.623877368694733318e-03	4.283204082753829658e+07	1.145565520362663548e+06	4.109471768846142804e+05	5.866334864089604616e+08
2.679482974196439188e-03	4.141882024407975376e+07	1.128200880929244217e+06	4.078884189230086049e+05	5.617875702341121435e+08
2.736266982088478034e-03	4.005237854295538366e+07	1.111089131211874541e+06	4.048486023309068987e+05	5.379964275738489628e+08
2.794254365252289707e-03	3.873052612721133977e+07	1.094222176172552165e+06	4.018269196093071951e+05	5.152001050045043230e+08
2.853470625798387814e-03	3.745210148770632595e+07	1.077599821086510783e+06	3.988236272119653877e+05	4.933647155812779665e+08
2.913941806281861776e-03	3.621639689695200324e+07	1.061225182593315374e+06	3.958394879123118590e+05	4.724639518650363088e+08
2.975694501155571117e-03	3.502156962012419105e+07	1.045090073257526616e+06	3.928738306226205896e+05	4.524507679373328090e+08
3.038755868466027146e-03	3.386573552992636710e+07	1.029185055850983830e+06	3.899258138091432047e+05	4.332752035775842071e+08
3.103153641797168783e-03	3.274788114117468894e+07	1.013509834908171790e+06	3.869956844484278117e+05	4.149073723014315367e+08
3.168916142467233243e-03	3.166739468926239014e+07	9.980676672318562632e+05	3.840842044884283096e+05	3.973262108258792758e+08
3.236072291984112663e-03	3.062262884298705310e+07	9.828522447079537669e+05	3.811907557113100193e+05	3.804906371337444186e+08
3.304651624764658874e-03	2.961196242709717900e+07	9.678556387777423952e+05	3.783145825306809857e+05	3.643614773194856644e+08
3.374684301123556836e-03	2.863451122001496702e+07	9.530754726631917292e+05	3.754558283575121895e+05	3.489121186335042715e+08
3.446201120537424525e-03	2.768974587248831987e+07	9.385143273373170523e+05	3.726152231535490137e+05	3.341244064273627996e+08
3.519233535190044709e-03	2.677619527077757195e+07	9.241660300979234744e+05	3.697921184598750551e+05	3.199631414834753275e+08
3.593813663804625805e-03	2.589246453714179993e+07	9.100244266806476517e+05	3.669858675451070885e+05	3.063959246325553060e+08
3.669974305769219299e-03	2.503778217507448792e+07	8.960891042684015119e+05	3.641967060147674056e+05	2.934014092815679908e+08
3.747748955561452412e-03	2.421169008561687917e+07	8.823606157814308535e+05	3.614252575559891993e+05	2.809647566291075945e+08
3.827171817478984984e-03	2.341287540788487718e+07	8.688318801124092424e+05	3.586707920886379434e+05	2.690541454217049479e+08
3.908277820682117681e-03	2.264013813831267506e+07	8.554974332606524695e+05	3.559327190846989979e+05	2.576428647663094699e+08
3.991102634555192957e-03	2.189280525668567419e+07	8.423570822222388815e+05	3.532112842390158912e+05	2.467130188510016501e+08
4.075682684393532908e-03	2.117047979122647643e+07	8.294136637508105487e+05	3.505072251339985523e+05	2.362532254963813722e+08
4.162055167422817371e-03	2.047199133203765750e+07	8.166595864462739555e+05	3.478197477638575365e+05	2.262364658855066299e+08
4.250258069157961290e-03	1.979630751950789616e+07	8.040880355151162948e+05	3.451481999758588499e+05	2.166394971266824603e+08
4.340330180108637088e-03	1.914284124839993566e+07	7.916989258422737475e+05	3.424928310098352958e+05	2.074473927277896106e+08
4.432311112838861061e-03	1.851124830390970036e+07	7.794949578764255857e+05	3.398543646144914674e+05	1.986500275896947682e+08
4.526241319388085715e-03	1.790048605432119220e+07	7.674702165848837467e+05	3.372320831136659835e+05	1.902256131457204223e+08
4.622162109061505458e-03	1.730966643678266555e+07	7.556193416970625985e+05	3.346254355864847894e+05	1.821551234512766600e+08
4.720115666597336779e-03	1.673827733318553492e+07	7.439403382069717627e+05	3.320345429809079506e+05	1.744251659516332746e+08
4.820145070719144588e-03	1.618601998854097351e+07	7.324353474701326340e+05	3.294600878858716460e+05	1.670269504036226571e+08
4.922294313081310678e-03	1.565196636054470390e+07	7.210985714601686923e+05	3.269013332073277561e+05	1.599419776833380163e+08
5.026608317615998724e-03	1.513535254325704277e+07	7.099258075226960937e+05	3.243578162184501998e+05	1.531543960280068815e+08
5.133132960290130720e-03	1.463573188184444606e+07	6.989169586577037117e+05	3.218297818699988420e+05	1.466544525456644893e+08
5.241915089281041530e-03	1.415284477373190038e+07	6.880727062157747569e+05	3.193178064979790361e+05	1.404335153183256984e+08
5.353002545579732367e-03	1.368586586660614796e+07	6.773863611874100752e+05	3.168210614629852935e+05	1.344756405831632018e+08
5.466444184030696055e-03	1.323413805979174189e+07	6.668541753880606266e+05	3.143391262731953175e+05	1.287677318440995663e+08
5.582289894817666839e-03	1.279727181383861415e+07	6.564761112568075769e+05	3.118722501743605826e+05	1.233014358193264157e+08
5.700590625404708227e-03	1.237504136636679247e+07	6.462545597947346978e+05	3.094211281627526041e+05	1.180702958863352686e+08
5.821398402942216249e-03	1.196671319230677374e+07	6.361829385591021273e+05	3.069849080924599548e+05	1.130607997960444987e+08
5.944766357147824969e-03	1.157172209816656634e+07	6.262563711776108248e+05	3.045630941009849194e+05	1.082613263477952182e+08
6.070748743672167193e-03	1.118972838929831423e+07	6.164746500278016319e+05	3.021559120976332924e+05	1.036647964737825543e+08
6.199400967959818945e-03	1.082053551493401825e+07	6.068399783647030126e+05	2.997640400776784518e+05	9.926594846994090080e+07
6.330779609615908021e-03	1.046349204756909423e+07	5.973469641931321239e+05	2.973866975611696835e+05	9.505347197121904790e+07
6.464942447289089879e-03	1.011811185604049265e+07	5.879922509516313439e+05	2.950235185174758662e+05	9.101812681262150407e+07
6.601948484081890736e-03	9.784098747887641191e+06	5.787743043888680404e+05	2.926746164495849516e+05	8.715338529448106885e+07
6.741857973499477616e-03	9.461281384144175798e+06	5.696946031074855709e+05	2.903405983873664518e+05	8.345480466848805547e+07
6.884732445948405985e-03	9.149081691712981090e+06	5.607478590807253495e+05	2.880206700580031611e+05	7.991259650268973410e+07
7.030634735796891313e-03	8.847081536016473547e+06	5.519313098258764949e+05	2.857145269409782486e+05	7.651945478432486951e+07
7.179629009008595825e-03	8.555022674782589078e+06	5.432449550527302781e+05	2.834224075697697117e+05	7.327005167049933970e+07
7.331780791361950343e-03	8.272755602479940280e+06	5.346899196083775023e+05	2.811448920977670932e+05	7.016056884613470733e+07
7.487156997267587974e-03	7.999767666420849040e+06	5.262597674503754824e+05	2.788810474613016122e+05	6.718236617896886170e+07
7.645825959196438613e-03	7.735699230433427729e+06	5.179519642358035198e+05	2.766305894045725581e+05	6.432937701923052967e+07
7.807857457731475631e-03	7.480325159668502398e+06	5.097665237534535700e+05	2.743937600506395684e+05	6.159713502816400677e+07
7.973322752256328111e-03	7.233514854892815463e+06	5.017053802798773395e+05	2.721712062468276126e+05	5.898287257680802047e+07
8.142294612294233985e-03	6.994813979827810079e+06	4.937631540061491542e+05	2.699620834052568534e+05	5.647905728330957890e+07
8.314847349511189298e-03	6.763913214317990467e+06	4.859363527065720991e+05	2.677660147382075083e+05	5.408046514440730214e+07
8.491056850397209546e-03	6.540616307856897824e+06	4.782245639703320921e+05	2.655831866314073559e+05	5.178335981601047516e+07
8.671000609640279119e-03	6.324809040136503056e+06	4.706295837427280494e+05	2.634142270968537196e+05	4.958530516448971629e+07
8.854757764207504128e-03	6.116089021864010952e+06	4.631466136827779119e+05	2.612583273414111754e+05	4.748020075475570560e+07
9.042409128148579806e-03	5.914190209016386420e+06	4.557735857833254267e+05	2.591152746949543362e+05	4.546374260925404727e+07
9.234037228136720080e-03	5.718941557759596966e+06	4.485095416699366760e+05	2.569851918941934709e+05	4.353265310764031857e+07
9.429726339762870002e-03	5.530243013676344417e+06	4.413553527663868736e+05	2.548685949899831321e+05	4.168473992611161619e+07
9.629562524599030379e-03	5.347738464365911670e+06	4.343063509950275766e+05	2.527646649519463535e+05	3.991488294011856616e+07
9.833633668047030499e-03	5.171199068041986786e+06	4.273606976156704477e+05	2.506732111976745655e+05	3.821948826343934983e+07
1.004202951798940403e-02	5.000475755679515190e+06	4.205184818957086536e+05	2.485944805048273993e+05	3.659614340702956170e+07
1.025484172425938229e-02	4.835480814541264437e+06	4.137808177017253474e+05	2.465290225170466874e+05	3.504273078904471546e+07
1.047216387894729824e-02	4.675899241613437422e+06	4.071421398033177247e+05	2.444758792330456781e+05	3.355486382159945369e+07
1.069409155756119272e-02	4.521534204330986366e+06	4.006006246453202912e+05	2.424348559672311239e+05	3.212956578859737888e+07
1.092072236105970547e-02	4.372255807053714991e+06	3.941563068012922304e+05	2.404061895356647146e+05	3.076476465393268317e+07
1.115215595877575537e-02	4.227987039607097395e+06	3.878107153469593031e+05	2.383904755996272143e+05	2.945884675590456277e+07
1.138849413224978825e-02	4.088449455850461964e+06	3.815593867421942414e+05	2.363868794676863181e+05	2.820815299472134933e+07
1.162984081999205582e-02	3.953473740867258515e+06	3.753998791461669607e+05	2.343951237256415188e+05	2.701002415404365584e+07
1.187630216319339981e-02	3.822946713814328890e+06	3.693317665361448308e+05	2.324153727249937656e+05	2.586269183254079893e+07
1.212798655240480798e-02	3.696800700513448101e+06	3.633564340311112464e+05	2.304481983937790501e+05	2.476484475333182514e+07
1.238500467520621366e-02	3.574789692150513642e+06	3.574697643137556151e+05	2.284927988830931718e+05	2.371336732268642634e+07
1.264746956488544717e-02	3.456768048695270438e+06	3.516704763717513997e+05	2.265490647167120187e+05	2.270624565050841495e+07
1.291549665014883955e-02	3.342637181258179713e+06	3.459579149707807228e+05	2.246171187228964991e+05	2.174182392712664977e+07
1.318920380588532899e-02	3.232337482897629496e+06	3.403326383614578517e+05	2.226974037508461915e+05	2.081897071145703644e+07
1.346871140500627631e-02	3.125651800082447007e+06	3.347906474804052268e+05	2.207891102000241517e+05	1.993503476065315679e+07
1.375414237138396570e-02	3.022454825219437480e+06	3.293307758647089940e+05	2.188921468901828630e+05	1.908836665833237022e+07
1.404562223391196511e-02	2.922660688220129348e+06	3.239531239897375344e+05	2.170067572301851760e+05	1.827764470979742706e+07
1.434327918171109106e-02	2.826216841306314338e+06	3.186585986395587097e+05	2.151334388488357654e+05	1.750197180481996760e+07
1.464724412050539583e-02	2.732931691279998049e+06	3.134424537449252093e+05	2.132712249930714897e+05	1.675894914761315286e+07
1.495765073019278586e-02	2.642697424422760960e+06	3.083035012761256075e+05	2.114200129857973079e+05	1.604721456128334068e+07
1.527463552363575450e-02	2.555439261127994396e+06	3.032418421854208573e+05	2.095800439249994815e+05	1.536568730311334878e+07
1.559833790669801906e-02	2.471110810100856237e+06	2.982586075639657793e+05	2.077518541144380579e+05	1.471363223507847264e+07
1.592890023955338338e-02	2.389543137313175015e+06	2.933500463130146381e+05	2.059346336131694261e+05	1.408908666355619952e+07
1.626646789929399317e-02	2.310643469361911062e+06	2.885144235542836832e+05	2.041281789604944934e+05	1.349083882539476082e+07
1.661118934386526108e-02	2.234346691219610162e+06	2.837514743402258027e+05	2.023326528942790756e+05	1.291796184970285743e+07
1.696321617735579643e-02	2.160611803088177927e+06	2.790622545052948408e+05	2.005485767092699825e+05	1.236982187807841599e+07
1.732270321667098503e-02	2.089289929321167758e+06	2.744433129594569909e+05	1.987751659061084501e+05	1.184480708204451203e+07
1.768980855961942850e-02	2.020301231564632151e+06	2.698937955899831722e+05	1.970123838373867911e+05	1.134193626404202916e+07
1.806469365444235767e-02	1.953589033271711553e+06	2.654131086658532731e+05	1.952603256773330504e+05	1.086042951218195260e+07
1.844752337081655841e-02	1.889117017034152523e+06	2.610017354796968575e+05	1.935193879353722150e+05	1.039968127667310834e+07
1.883846607236187159e-02	1.826754094908475410e+06	2.566563854449526698e+05	1.917887947825682058e+05	9.958344755341222510e+06
1.923769369068539445e-02	1.766431541369580897e+06	2.523763446568758809e+05	1.900685373618871963e+05	9.535608141249220818e+06
1.964538180099485026e-02	1.708100023273098748e+06	2.481616990841512161e+05	1.883588575735136983e+05	9.130871978479254991e+06
2.006170969931423895e-02	1.651727353607659694e+06	2.440128731635092117e+05	1.866601372929949430e+05	8.743605215224498883e+06
2.048686048133601528e-02	1.597198153488010867e+06	2.399260789599120326e+05	1.849714664758413855e+05	8.372637546097900718e+06
2.092102112294418406e-02	1.544453260799494339e+06	2.359007103857691982e+05	1.832928553391647292e+05	8.017288196172868833e+06
2.136438256244391209e-02	1.493449745932451217e+06	2.319368858962218510e+05	1.816245408553806483e+05	7.677055302435011603e+06
2.181713978453380873e-02	1.444159036284797126e+06	2.280354057367900095e+05	1.799669956441901741e+05	7.351520382775471546e+06
2.227949190605761978e-02	1.396479648966734530e+06	2.241928396071581228e+05	1.783193557934525888e+05	7.039708696977213025e+06
2.275164226357336353e-02	1.350360642573635560e+06	2.204080666743897891e+05	1.766814959087036259e+05	6.741024426019503735e+06
2.323379850277806913e-02	1.305764674217749387e+06	2.166811797043633997e+05	1.750536571039508854e+05	6.455028393772989511e+06
2.372617266982774559e-02	1.262666327838475117e+06	2.130129431787829089e+05	1.734363042311041791e+05	6.181379793392397463e+06
2.422898130459259780e-02	1.220976416037419112e+06	2.094004986258680001e+05	1.718286926167631464e+05	5.919259885584304109e+06
2.474244553588843265e-02	1.180651061196346069e+06	2.058429082250666979e+05	1.702307308935915062e+05	5.668202489924031310e+06
2.526679117872631872e-02	1.141657784863183508e+06	2.023398590477888065e+05	1.686425337896367710e+05	5.427808806017467752e+06
2.580224883362318075e-02	1.103973954249681672e+06	1.988919207213127520e+05	1.670645145781324536e+05	5.197786962811985984e+06
2.634905398801689475e-02	1.067521233103493927e+06	1.954964324880857312e+05	1.654959595050334174e+05	4.977440544294197112e+06
2.690744711983068457e-02	1.032261822633418022e+06	1.921529500119635486e+05	1.639369129103239393e+05	4.766396331434064545e+06
2.747767380323228384e-02	9.981674752333395882e+05	1.888611846740467881e+05	1.623875051273825811e+05	4.564321737770905718e+06
2.805998481663422514e-02	9.652180158217464341e+05	1.856213275183065853e+05	1.608480273575437604e+05	4.370977942882275209e+06
2.865463625298309350e-02	9.333446826920213643e+05	1.824307742419903225e+05	1.593177498613948119e+05	4.185755880820373073e+06
2.926188963238583740e-02	9.025148995025313925e+05	1.792891604632980598e+05	1.577967430375690165e+05	4.008342980411926284e+06
2.988201201712300387e-02	8.727041211586359423e+05	1.761965879984608619e+05	1.562852485090719711e+05	3.838478129662540276e+06
3.051527612909937445e-02	8.438943197084431304e+05	1.731531533797137381e+05	1.547835352412969514e+05	3.675946206756711006e+06
3.116196046978347151e-02	8.160251880483182613e+05	1.701561058640711708e+05	1.532907895108906087e+05	3.520247038287578151e+06
3.182234944268905880e-02	7.890686423983351560e+05	1.672051369772689359e+05	1.518070856665142928e+05	3.371111761163266376e+06
3.249673347845206950e-02	7.630033544282136718e+05	1.643003541229336988e+05	1.503326645397450193e+05	3.228319029160024133e+06
3.318540916255835471e-02	7.378132016515319701e+05	1.614421388173475279e+05	1.488678817355639476e+05	3.091689155988160521e+06
3.388867936577820428e-02	7.134453251866011415e+05	1.586277275245040655e+05	1.474118935245747271e+05	2.960800636032414623e+06
3.460685337736497946e-02	6.898755062119851355e+05	1.558566732388995297e+05	1.459647262916007894e+05	2.835423209614440333e+06
3.534024704107661952e-02	6.670852193393302150e+05	1.531291342465854541e+05	1.445266347864927666e+05	2.715389573390908074e+06
3.608918289407971741e-02	6.450600219255086267e+05	1.504455199996426236e+05	1.430979891354743158e+05	2.600530483215919230e+06
3.685399030879719234e-02	6.237536219622143544e+05	1.478034253177354112e+05	1.416780415186550235e+05	2.490497258994994685e+06
3.763500563776207147e-02	6.031451234495682875e+05	1.452022129462725134e+05	1.402667361691649712e+05	2.385095948614012916e+06
3.843257236154112161e-02	5.832184433982835617e+05	1.426419532277631806e+05	1.388643009204625851e+05	2.284180984532134607e+06
3.924704123979310538e-02	5.639606228895689128e+05	1.401230608640893188e+05	1.374711012304264586e+05	2.187618021958469879e+06
4.007877046552850431e-02	5.453311550124617061e+05	1.376434317046095093e+05	1.360864625404205581e+05	2.095116004088540561e+06
4.092812582263813392e-02	5.273120017502158880e+05	1.352024556052506086e+05	1.347103347519754316e+05	2.006507080098355887e+06
4.179548084676026898e-02	5.098892072730909567e+05	1.328000542224599340e+05	1.333428797260065621e+05	1.921665053643114166e+06
4.268121698955689575e-02	4.930511248916335753e+05	1.304365614357427839e+05	1.319844446962599468e+05	1.840478528617514763e+06
4.358572378647117967e-02	4.767623420230576303e+05	1.281100922735463682e+05	1.306344183431661222e+05	1.762704051001145504e+06
4.450939902804028347e-02	4.610072790521599236e+05	1.258202615937921364e+05	1.292928208643006219e+05	1.688210464521805756e+06
4.545264893483848267e-02	4.457738311957254773e+05	1.235667977190188103e+05	1.279597189311461698e+05	1.616880882045274368e+06
4.641588833612779463e-02	4.310515157680623233e+05	1.213499483656773227e+05	1.266354210862136533e+05	1.548621831498569343e+06
4.739954085229469011e-02	4.168094024094261695e+05	1.191679185100208706e+05	1.253193199969835987e+05	1.483225365640844218e+06
4.840403908115278181e-02	4.030340270141071524e+05	1.170205289063629607e+05	1.240115259198179847e+05	1.420590320342524676e+06
4.942982478819387543e-02	3.897148953144994448e+05	1.149075138606198307e+05	1.227121089568850730e+05	1.360617694018582348e+06
5.047734910087089966e-02	3.768425573361922870e+05	1.128289532680583943e+05	1.214213066747786652e+05	1.303224985975098563e+06
5.154707270699779992e-02	3.643900256511800108e+05	1.107832038468824903e+05	1.201385545016404794e+05	1.248237480138288345e+06
5.263946605735428386e-02	3.523456543046116713e+05	1.087701127725741535e+05	1.188639729783958610e+05	1.195568708194851875e+06
5.375500957258409762e-02	3.407003551202046219e+05	1.067895306508300710e+05	1.175976739281406917e+05	1.145138472365482943e+06
5.489419385447772554e-02	3.294455924200734007e+05	1.048414050085121271e+05	1.163398195046052715e+05	1.096879450478496496e+06
5.605751990173300781e-02	3.185578443649415276e+05	1.029241661903069471e+05	1.150898546317832952e+05	1.050641014810052002e+06
5.724549933028778848e-02	3.080270310678732931e+05	1.010377234199431405e+05	1.138479278299839643e+05	1.006350797057967866e+06
5.845865459832211286e-02	2.978452888294185977e+05	9.918199198427231750e+04	1.126141875535842555e+05	9.639430111624710262e+05
5.969751923602879817e-02	2.880048880113641499e+05	9.735684079663720331e+04	1.113887519962869846e+05	9.233577253029937856e+05
6.096263808025296355e-02	2.784853600216418272e+05	9.556080394094857911e+04	1.101710822742840974e+05	8.844728265670163091e+05
6.225456751410456124e-02	2.692779696154686972e+05	9.379379523629455070e+04	1.089613273219967086e+05	8.472255558170678560e+05
6.357387571164835327e-02	2.603759203129693633e+05	9.205578948790447612e+04	1.077596565987164504e+05	8.115627528189154109e+05
6.492114288777969811e-02	2.517721960919689736e+05	9.034655653429091035e+04	1.065661238541127241e+05	7.774288046188068110e+05
6.629696155339574737e-02	2.434490130071776512e+05	8.866475598022456688e+04	1.053802280313735246e+05	7.447236649776642444e+05
6.770193677597398374e-02	2.353987920906459622e+05	8.701034041720884852e+04	1.042021385070663091e+05	7.133961244236044586e+05
6.913668644567325106e-02	2.276150422824328416e+05	8.538309488987519580e+04	1.030318605172877869e+05	6.833999496309988899e+05
7.060184154707406512e-02	2.200932535554706410e+05	8.378328451390736154e+04	1.018698660372441664e+05	6.546920983236423926e+05
7.209804643667737378e-02	2.128161279182278959e+05	8.220915874397836160e+04	1.007152481599076127e+05	6.271827281600243878e+05
7.362595912628441819e-02	2.057777055334226752e+05	8.066083756964435452e+04	9.956831865062539873e+04	6.008306203346510883e+05
7.518625157238204015e-02	1.989729397570079600e+05	7.913828216908023751e+04	9.842923412004408601e+04	5.756009746498514432e+05
7.677960997166025092e-02	1.923959777189638116e+05	7.764126397951714171e+04	9.729804103250167100e+04	5.514501478799493052e+05
7.840673506279315086e-02	1.860334985152395384e+05	7.616862972905657080e+04	9.617428217030898668e+04	5.283092625873190118e+05
8.006834243461452560e-02	1.798797628791067400e+05	7.472032797292359464e+04	9.505813006012943515e+04	5.061407268709109048e+05
8.176516284082480102e-02	1.739304376485498797e+05	7.329625390387175139e+04	9.394968431015142414e+04	4.849150006943951012e+05
8.349794252136732986e-02	1.681801444280769792e+05	7.189625386394113593e+04	9.284904680857888889e+04	4.645967055685893865e+05
8.526744353061486981e-02	1.626174062953992398e+05	7.051927631648731767e+04	9.175579860168325831e+04	4.451280584297057358e+05
8.707444407251174745e-02	1.572372119109667838e+05	6.916520301957668562e+04	9.067003206411245628e+04	4.264769324463199591e+05
8.891973884281766105e-02	1.520358398412797251e+05	6.783391369574602868e+04	8.959183684063043620e+04	4.086178466041539796e+05
9.080413937860487561e-02	1.470083625841038593e+05	6.652529961300187279e+04	8.852134245707630180e+04	3.915214111398674431e+05
9.272847441516200717e-02	1.421448927986324125e+05	6.523841950094032654e+04	8.745818076260849193e+04	3.751396934507084079e+05
9.469359025046093781e-02	1.374410547798505868e+05	6.397305527164955856e+04	8.640237312596820993e+04	3.594456170332924230e+05
9.670035111734798239e-02	1.328936521372159477e+05	6.272915289943369862e+04	8.535404679419289459e+04	3.444173675609977799e+05
9.874963956362264872e-02	1.284981822267734096e+05	6.150663926472017920e+04	8.431336525271802384e+04	3.300299387227814295e+05
1.008423568401705106e-01	1.242461280327312124e+05	6.030460735768456652e+04	8.327994406386504124e+04	3.162433396955123753e+05
1.029794232973221257e-01	1.201336691345829895e+05	5.912278181964426039e+04	8.225376013562368462e+04	3.030351059785826947e+05
1.051617787896111378e-01	1.161580590527052555e+05	5.796121750504129886e+04	8.123501952066097874e+04	2.903871353743740474e+05
1.073903830891107247e-01	1.123151938448352448e+05	5.681982266622330644e+04	8.022387163359855185e+04	2.782779749280827818e+05
1.096662163075285135e-01	1.085977374458017730e+05	5.569764069999565982e+04	7.921985119424652657e+04	2.666733080141659593e+05
1.119902793272475605e-01	1.050023543285388878e+05	5.459445417889770033e+04	7.822295781565278594e+04	2.555550264178337529e+05
1.143635942415015677e-01	1.015266840834638715e+05	5.351042752954627940e+04	7.723350141973143036e+04	2.449086487943213433e+05
1.167872048038782751e-01	9.816699438814612222e+04	5.244536086251700181e+04	7.625154861010093009e+04	2.347150673233807611e+05
1.192621768873494831e-01	9.491696698595315684e+04	5.139830470962733671e+04	7.527658633140947495e+04	2.249451216864957823e+05
1.217895989530276418e-01	9.177368974758320837e+04	5.036918936914762162e+04	7.430874561537100817e+04	2.155845079489570053e+05
1.243705825288575900e-01	8.873513366851565661e+04	4.935817897542753781e+04	7.334834895151453384e+04	2.066213574183966848e+05
1.270062626984522769e-01	8.579791114003810799e+04	4.836489761991785053e+04	7.239528011967120983e+04	1.980382905869645765e+05
1.296977986002878502e-01	8.295658106372997281e+04	4.738858662609541352e+04	7.144915805182601616e+04	1.898115984391220845e+05
1.324463739374786009e-01	8.020860111556864285e+04	4.642922986809048598e+04	7.051016733445595310e+04	1.819295594935755944e+05
1.352531974983535168e-01	7.755222642095194897e+04	4.548683328541940864e+04	6.957847306277314783e+04	1.743814446230567701e+05
1.381195036880665805e-01	7.498438826210961270e+04	4.456108224916793552e+04	6.865401028846172267e+04	1.671528905122837459e+05
1.410465530714722360e-01	7.250040127204876626e+04	4.365139548320235190e+04	6.773655249609773455e+04	1.602246001019249961e+05
1.440356329275057634e-01	7.009804603807593230e+04	4.275760665941052139e+04	6.682612605310356594e+04	1.535858518909723207e+05
1.470880578153118678e-01	6.777582155931773013e+04	4.187974190534918307e+04	6.592290765083961014e+04	1.472278526794647623e+05
1.502051701523716420e-01	6.553095278458913526e+04	4.101761522577953292e+04	6.502695935441972688e+04	1.411390943154574779e+05
1.533883408048797858e-01	6.335940548253364977e+04	4.017054527266129298e+04	6.413790433979043155e+04	1.353026256582619972e+05
1.566389696906345663e-01	6.125924231309370225e+04	3.933837473029331159e+04	6.325576743174164585e+04	1.297095505915457761e+05
1.599584863947036695e-01	5.922917128145622701e+04	3.852126459536573384e+04	6.238087840506270004e+04	1.243530987504535588e+05
1.633483507981373095e-01	5.726668726306252211e+04	3.771891459212006885e+04	6.151317721316509414e+04	1.192229292883653106e+05
1.668100537200059019e-01	5.536831687503118883e+04	3.693067125451100583e+04	6.065227861588504311e+04	1.143047406229098706e+05
1.703451175730422984e-01	5.353236895989445475e+04	3.615654205042692047e+04	5.979838952940798481e+04	1.095918513579505816e+05
1.739550970331800450e-01	5.175773127715078590e+04	3.539652562148798461e+04	5.895164250096858450e+04	1.050778466868547112e+05
1.776415797232799298e-01	5.004214546725810214e+04	3.465030541688891390e+04	5.811193518067625700e+04	1.007538466773123801e+05
1.814061869113461622e-01	4.838262137710711249e+04	3.391744747821777855e+04	5.727911759179841465e+04	9.660875065757545235e+04
1.852505742235391883e-01	4.677768283344955125e+04	3.319777637232375855e+04	5.645316961355783860e+04	9.263615050467279798e+04
1.891764323722997243e-01	4.522637183606046892e+04	3.249137715516670141e+04	5.563435146129813802e+04	8.883092378167442803e+04
1.931854878999012814e-01	4.372665545477877458e+04	3.179801443036856290e+04	5.482264733137935400e+04	8.518576754418754717e+04
1.972795039377621684e-01	4.227595971597751486e+04	3.111711004023151327e+04	5.401766051237288775e+04	8.169080870612197032e+04
2.014602809818480389e-01	4.087299619304185762e+04	3.044862613132166734e+04	5.321954505602370773e+04	7.834120267366735789e+04
2.057296576845067948e-01	3.951693924050248461e+04	2.979265036890031115e+04	5.242855950144348026e+04	7.513277399246198183e+04
2.100895116630852322e-01	3.820596138397081813e+04	2.914882152435369062e+04	5.164452859128901764e+04	7.205857389256601164e+04
2.145417603256798977e-01	3.693784737192887405e+04	2.851677807051741547e+04	5.086732218819148693e+04	6.911112558542225452e+04
2.190883617143895290e-01	3.571147172141960618e+04	2.789638575214977755e+04	5.009694759534145851e+04	6.628596422485106450e+04
2.237313153664367560e-01	3.452612344630988810e+04	2.728768698306200167e+04	4.933358581230169511e+04	6.357946427867539023e+04
2.284726631935388719e-01	3.338016151047169114e+04	2.669044455842655589e+04	4.857721122610234306e+04	6.098616190622499562e+04
2.333144903799153069e-01	3.227167925026797457e+04	2.610420098090868487e+04	4.782752986768195115e+04	5.849940089358056866e+04
2.382589262993237145e-01	3.119969441540864864e+04	2.552893440847870806e+04	4.708472194910625694e+04	5.611572548327203549e+04
2.433081454515323150e-01	3.016359358326741858e+04	2.496466422065678853e+04	4.634894162759796745e+04	5.383204037997172418e+04
2.484643684186368384e-01	2.916190517640081089e+04	2.441108711453053911e+04	4.562003395614858164e+04	5.164344374172844982e+04
2.537298628416438939e-01	2.819298824334713208e+04	2.386787926453712862e+04	4.489785878212740499e+04	4.954479928910808667e+04
2.591069444177515613e-01	2.725598559621455206e+04	2.333492035880171534e+04	4.418244330871367129e+04	4.753268623433719767e+04
2.645979779187619951e-01	2.635036763848545525e+04	2.281229933364026510e+04	4.347406115223740198e+04	4.560495241102706495e+04
2.702053782310787078e-01	2.547481625780612740e+04	2.229971974137971847e+04	4.277255499064965261e+04	4.375730862158439413e+04
2.759316114177428059e-01	2.462791927354874133e+04	2.179682918335398062e+04	4.207770353275090019e+04	4.198533467409539298e+04
2.817791958029755572e-01	2.380892869101692486e+04	2.130358426167390644e+04	4.138963429627881123e+04	4.028632242249599949e+04
2.877507030797054055e-01	2.301738690919811052e+04	2.082000141856310438e+04	4.070851067729182250e+04	3.865841733111007488e+04
2.938487594405665426e-01	2.225211462852424665e+04	2.034583854765132128e+04	4.003424628179869615e+04	3.709792097084641136e+04
3.000760467328633108e-01	2.151189657818121850e+04	1.988075076251049177e+04	3.936661006898499181e+04	3.560115232662963535e+04
3.064353036380134121e-01	2.079608006643882982e+04	1.942470315986192509e+04	3.870572981909940427e+04	3.416587568865860521e+04
3.129293268759847368e-01	2.010426950654468965e+04	1.897772116332655787e+04	3.805177792236702953e+04	3.279056307747167739e+04
3.195609724352570513e-01	1.943541077428233621e+04	1.853953239469902837e+04	3.740459910392694292e+04	3.147193501635484790e+04
3.263331568288500573e-01	1.878845815194446914e+04	1.810986714598315666e+04	3.676406158258362120e+04	3.020710360827994737e+04
3.332488583769670498e-01	1.816284212002921413e+04	1.768865322194920736e+04	3.613022840049868682e+04	2.899406029507947096e+04
3.403111185168231634e-01	1.755822042230479929e+04	1.727594518013653942e+04	3.550330953730108740e+04	2.783155930106753294e+04
3.475230431402304698e-01	1.697365180419604076e+04	1.687144738239541766e+04	3.488309618038557528e+04	2.671683771316861385e+04
3.548878039595292910e-01	1.640823645229392059e+04	1.647494294559534683e+04	3.426952032199495443e+04	2.564744734687582240e+04
3.624086399024666338e-01	1.586147748748704907e+04	1.608633749500502017e+04	3.366259467760012922e+04	2.462172502966851971e+04
3.700888585366366446e-01	1.533307849408572474e+04	1.570569061744832652e+04	3.306253687413981970e+04	2.363861556843442304e+04
3.779318375241043637e-01	1.482219984613725137e+04	1.533272203529486251e+04	3.246915057993655500e+04	2.269579681383329807e+04
3.859410261068597081e-01	1.432806729319633814e+04	1.496723704399323833e+04	3.188238233949823552e+04	2.179117142627868816e+04
3.941199466237500504e-01	1.385024731234771025e+04	1.460913159540990091e+04	3.130219653217938685e+04	2.092341846403959426e+04
4.024721960595590287e-01	1.338848307510639279e+04	1.425846821549717424e+04	3.072884048012409403e+04	2.009158063767671410e+04
4.110014476269163164e-01	1.294202620201082755e+04	1.391498500674525712e+04	3.016213069292577711e+04	1.929369042948916831e+04
4.197114523817274123e-01	1.251021052206802051e+04	1.357848762162222738e+04	2.960196424733807726e+04	1.852806625622631327e+04
4.286060408728412652e-01	1.209265783137510152e+04	1.324888634513211946e+04	2.904833832640575929e+04	1.779347683675722146e+04
4.376891248266767120e-01	1.168914537356792971e+04	1.292624740103376826e+04	2.850151764843136698e+04	1.708926650059531312e+04
4.469646988675492483e-01	1.129900671687571776e+04	1.261030383807642647e+04	2.796126542415914446e+04	1.641364990238178143e+04
4.564368422744575216e-01	1.092166868317811713e+04	1.230087927041344847e+04	2.742749543898220509e+04	1.576525398340452011e+04
4.661097207750954374e-01	1.055680135123625223e+04	1.199790786590518110e+04	2.690025316273816497e+04	1.514308834108532938e+04
4.759875883778879602e-01	1.020421131579263420e+04	1.170142798172939365e+04	2.637973359877902476e+04	1.454652915953720913e+04
4.860747892428489703e-01	9.863305658089208009e+03	1.141119515103050981e+04	2.586572674420247859e+04	1.397412442366916548e+04
4.963757595920870180e-01	9.533591198487452857e+03	1.112704212386640029e+04	2.535814139866711776e+04	1.342466604907370493e+04
5.068950296608012440e-01	9.214780153282894389e+03	1.084891032535214617e+04	2.485702505008416847e+04	1.289738025786637809e+04
5.176372256896176749e-01	8.906704436948653893e+03	1.057683093861439920e+04	2.436255663473355526e+04	1.239170685005227097e+04
5.286070719591531297e-01	8.608836978889426973e+03	1.031057594437986336e+04	2.387453809615775026e+04	1.190642526948466002e+04
5.398093928676924724e-01	8.320753421551318752e+03	1.004998599833100707e+04	2.339287371619619444e+04	1.144052612626327391e+04
5.512491150528981976e-01	8.042202754704391737e+03	9.795014937477921194e+03	2.291761944129461335e+04	1.099334691734578701e+04
5.629312695584811621e-01	7.773038748821807530e+03	9.545672341752082502e+03	2.244891209687475930e+04	1.056443490537333855e+04
5.748609940467923618e-01	7.512793254434823211e+03	9.301759375276091305e+03	2.198659798817167757e+04	1.015272910352144027e+04
5.870435350582976497e-01	7.261101118298099209e+03	9.063116749906788755e+03	2.153053904724928361e+04	9.757410972555298940e+03
5.994842503189414806e-01	7.017743408935013576e+03	8.829705141237576754e+03	2.108081827571502072e+04	9.377911070721451324e+03
6.121886110964055439e-01	6.782592794848517769e+03	8.601538113684335258e+03	2.063756913344244822e+04	9.013843249488989386e+03
6.251622046063020077e-01	6.555233785032493870e+03	8.378412079689409438e+03	2.020059468879762062e+04	8.664328438174832627e+03
6.384107364693620834e-01	6.335352152423868574e+03	8.160197286392096430e+03	1.976982134750143450e+04	8.328650876813906507e+03
6.519400332206916060e-01	6.122756960975221773e+03	7.946839552142549110e+03	1.934526253158277541e+04	8.006346751943890922e+03
6.657560448722088520e-01	5.917337207863738513e+03	7.738364619318567748e+03	1.892709876473400072e+04	7.697113624850234373e+03
6.798648475293831428e-01	5.718724438429776455e+03	7.534569174731454950e+03	1.851510024974475527e+04	7.400158869559229061e+03
6.942726460634290886e-01	5.526648223006399348e+03	7.335332764750102797e+03	1.810918587293669771e+04	7.114922277539878451e+03
7.089857768401280902e-01	5.340942051472991807e+03	7.140617490929320411e+03	1.770941509840257277e+04	6.841000960882172876e+03
7.240107105064845783e-01	5.161509049923478415e+03	6.950426830778490512e+03	1.731589322854212151e+04	6.578118401815980178e+03
7.393540548364295750e-01	4.988022732536185686e+03	6.764580666660788665e+03	1.692843278899638608e+04	6.325643567213496681e+03
7.550225576368376768e-01	4.820250334582385221e+03	6.582967077249326394e+03	1.654695098589314148e+04	6.083069177290406515e+03
7.710231097151263313e-01	4.658046652270422783e+03	6.405542510028411925e+03	1.617147429121512869e+04	5.850076252440338976e+03
7.873627479097432547e-01	4.501327059003068825e+03	6.232318250499666647e+03	1.580213781957460378e+04	5.626439911130245491e+03
8.040486581848822478e-01	4.349802473286055829e+03	6.063116228238960502e+03	1.543872201197379218e+04	5.411590591946027416e+03
8.210881787907730045e-01	4.203272522495599333e+03	5.897840117944395388e+03	1.508116925147595612e+04	5.205145020257128635e+03
8.384888034909533383e-01	4.061610596015831561e+03	5.736441469086370489e+03	1.472947998124299374e+04	5.006804184451818401e+03
8.562581848579297050e-01	3.924742664125183182e+03	5.578935897384292730e+03	1.438379696614191926e+04	4.816388601241648757e+03
8.744041376386801900e-01	3.792412983862381680e+03	5.425150703628766678e+03	1.404389030868932059e+04	4.633422403750548256e+03
8.929346421914835519e-01	3.664449030023619798e+03	5.274996993368044969e+03	1.370970194506392181e+04	4.457567442769463923e+03
9.118578479955742333e-01	3.540740397677560850e+03	5.128434489869162462e+03	1.338124411937833793e+04	4.288582940194239200e+03
9.311820772351820930e-01	3.421222276500047428e+03	4.985465489829558464e+03	1.305861509785430280e+04	4.126319865594733528e+03
9.509158284595223831e-01	3.305668576889611813e+03	4.845935839258753731e+03	1.274161453415289543e+04	3.970364286199591788e+03
9.710677803203476843e-01	3.193930717876296967e+03	4.709761234850934670e+03	1.243017668608458553e+04	3.820432829179107102e+03
9.916467953887124764e-01	3.085912434618662701e+03	4.576904584403388071e+03	1.212430739033840837e+04	3.676343880406702738e+03
1.012661924052612461e+00	2.981556928338808575e+03	4.447365720599666929e+03	1.182410092577263094e+04	3.537945198840981902e+03
1.034122408497234025e+00	2.880664472766581639e+03	4.320999081356558236e+03	1.152935157468673060e+04	3.404895735691042773e+03
1.056037686769547568e+00	2.783107075659927887e+03	4.197725821924829688e+03	1.123998772056931557e+04	3.276962423135895278e+03
1.078417396929040706e+00	2.688800803900126994e+03	4.077515279376591934e+03	1.095603148557171335e+04	3.153985213824588300e+03
1.101271381286411888e+00	2.597695824331385666e+03	3.960359983835548974e+03	1.067754242634586990e+04	3.035835955197798285e+03
1.124609690732098155e+00	2.509615842032897945e+03	3.846126814389651827e+03	1.040433173358943350e+04	2.922228869562249656e+03
1.148442589156521310e+00	2.424450567964192487e+03	3.734742523228104801e+03	1.013632306032406996e+04	2.812965839862727535e+03
1.172780557964020254e+00	2.342126802889736609e+03	3.626175245072372945e+03	9.873526314714676118e+03	2.707905972879952060e+03
1.197634300682437924e+00	2.262600802236492200e+03	3.520421481468194543e+03	9.616006298788017375e+03	2.606953535084540817e+03
1.223014747670394531e+00	2.185717067393864909e+03	3.417352998200953607e+03	9.363566612735774470e+03	2.509857767020448591e+03
1.248933060924324545e+00	2.111380516444541172e+03	3.316904442510883655e+03	9.116135987165838742e+03	2.416454016932179456e+03
1.275400638987373769e+00	2.039527348244024779e+03	3.219042584307901507e+03	8.873710775146106243e+03	2.326620188236465310e+03
1.302429121962336289e+00	1.970119076398206744e+03	3.123765368277622656e+03	8.636353723739613997e+03	2.240281714565197035e+03
1.330030396630823342e+00	1.903018684978236479e+03	3.030950242847516620e+03	8.403863744018352008e+03	2.157218666063977253e+03
1.358216601680917401e+00	1.838144161242888231e+03	2.940540172025832362e+03	8.176179246427013823e+03	2.077296924854179906e+03
1.387000133045610317e+00	1.775439869570013343e+03	2.852502687593927931e+03	7.953287909742416559e+03	2.000412443876156658e+03
1.416393649354382722e+00	1.714871967659173379e+03	2.766831831278525897e+03	7.735235992536121557e+03	1.926500021261585289e+03
1.446410077500298819e+00	1.656319785641102271e+03	2.683418429130475033e+03	7.521841477253363337e+03	1.855377769499132683e+03
1.477062618325094778e+00	1.599712555797743562e+03	2.602203639147019658e+03	7.313020935438797096e+03	1.786924813689072835e+03
1.508364752424737887e+00	1.545001755131114578e+03	2.523164224356446539e+03	7.108784874966252573e+03	1.721062450760652382e+03
1.540330246078020826e+00	1.492157611674147120e+03	2.446287176307468144e+03	6.909147978940376561e+03	1.657729288222333025e+03
1.572973157300799230e+00	1.441073932838094379e+03	2.371472479316984845e+03	6.713938111438025771e+03	1.596770977562736562e+03
1.606307842028519950e+00	1.391689615081424108e+03	2.298669045983569049e+03	6.523083288805258235e+03	1.538089970738313241e+03
1.640348960429783842e+00	1.343962344478159821e+03	2.227848928113757665e+03	6.336567920005822089e+03	1.481612635118122853e+03
1.675111483353698638e+00	1.297865889878316011e+03	2.159004301453446715e+03	6.154418807279144858e+03	1.427293682608414201e+03
1.710610698913865635e+00	1.253306900351875811e+03	2.092040147258734123e+03	5.976460231496140295e+03	1.374999390952207932e+03
1.746862219211904321e+00	1.210232571797324226e+03	2.026908538286278372e+03	5.802618625196262656e+03	1.324644451198334991e+03
1.783881987203444153e+00	1.168605990584930623e+03	1.963585765861505934e+03	5.632881197251174854e+03	1.276173580428870991e+03
1.821686283709640364e+00	1.128404047832673996e+03	1.902061951851977938e+03	5.467265786261568792e+03	1.229542141003666075e+03
1.860291734577268707e+00	1.089544744785167495e+03	1.842246720124677950e+03	5.305589421983451757e+03	1.184635951982660117e+03
1.899715317990559260e+00	1.051982405653501019e+03	1.784101564265844900e+03	5.147801499897364920e+03	1.141389814065386417e+03
1.939974371937992492e+00	1.015684827222529407e+03	1.727598583465752654e+03	4.993864588504701715e+03	1.099749539421491363e+03
1.981086601837313665e+00	9.806316584529422471e+02	1.672729464014126052e+03	4.843796941817321567e+03	1.059679939095708960e+03
2.023070088322156401e+00	9.467509147679602393e+02	1.619413186885531331e+03	4.697431552137525614e+03	1.021084962233840884e+03
2.065943295193674256e+00	9.140030563075659984e+02	1.567611228539228250e+03	4.554704654930613287e+03	9.839078313229640571e+02
2.109725077540682392e+00	8.823599827038791545e+02	1.517299332992645077e+03	4.415585719576518386e+03	9.481040604739584978e+02
2.154434690031884259e+00	8.518037563750601748e+02	1.468467660329133196e+03	4.280080476577116315e+03	9.136434689192276437e+02
2.200091795383838367e+00	8.222712616427510284e+02	1.421043066119873401e+03	4.148034242859231199e+03	8.804439373705304206e+02
2.246716473008353532e+00	7.937282219029848420e+02	1.374988737310247870e+03	4.019379342540571088e+03	8.484557141766249515e+02
2.294329227843169949e+00	7.661501048898435329e+02	1.330281620742745190e+03	3.894080838466501973e+03	8.176423456253621680e+02
2.342950999369765697e+00	7.395211170144474409e+02	1.286914906514801260e+03	3.772152939806394443e+03	7.879806268231607191e+02
2.392603170822269476e+00	7.137859592350964704e+02	1.244817518718806014e+03	3.653430445607557886e+03	7.593976217422424497e+02
2.443307578591545681e+00	6.889148803250365063e+02	1.203957929061970617e+03	3.537856969282765931e+03	7.318516444841249040e+02
2.495086521828544068e+00	6.648864524158007043e+02	1.164315293476556008e+03	3.425399601573886230e+03	7.053123689738332587e+02
2.547962772251191943e+00	6.416867828737681521e+02	1.125879274161662806e+03	3.316051967659862839e+03	6.797584172594154097e+02
2.601959584159102334e+00	6.192674647460685264e+02	1.088588723514908907e+03	3.209675165225413821e+03	6.551298514429962552e+02
2.657100704660517732e+00	5.976026348611602543e+02	1.052413169856792365e+03	3.106206594591225439e+03	6.313910414484792000e+02
2.713410384115983121e+00	5.766735686406333343e+02	1.017332229679854890e+03	3.005608409872488664e+03	6.085149335425953723e+02
2.770913386803353973e+00	5.564680523262254610e+02	9.833371513394425847e+02	2.907876831610783029e+03	5.864841760883155075e+02
2.829635001808795014e+00	5.369437620482683542e+02	9.503718244437050089e+02	2.812879072087544046e+03	5.652470673263783283e+02
2.889601054148607684e+00	5.180781709136241489e+02	9.184075107326133320e+02	2.720549859793569340e+03	5.447730444901760620e+02
2.950837916126738403e+00	4.998549050239184339e+02	8.874271241981792855e+02	2.630860513192495546e+03	5.250403478143417715e+02
3.013372518932980082e+00	4.822632447527505519e+02	8.574207616316035683e+02	2.543798198981552105e+03	5.060334075615198230e+02
3.077232364486974792e+00	4.652662235635723960e+02	8.283362456302457986e+02	2.459231754273731440e+03	4.877076316318139675e+02
3.142445537533192557e+00	4.488441801915519704e+02	8.001504453544227999e+02	2.377113807063682088e+03	4.700384819042436675e+02
3.209040717992251324e+00	4.329827840367427711e+02	7.728454365953672323e+02	2.297405389748000289e+03	4.530063310085612898e+02
3.277047193573979555e+00	4.176726419533581520e+02	7.464116504296038102e+02	2.220091332645862167e+03	4.365980536183693630e+02
3.346494872657771680e+00	4.028815108126919426e+02	7.208031192602004467e+02	2.145055714790009461e+03	4.207753502123307499e+02
3.417414297445926952e+00	3.885921861579851679e+02	6.959969930621749654e+02	2.072244565299301939e+03	4.055168121086085762e+02
3.489836657395697816e+00	3.747921143936054591e+02	6.719773355908762369e+02	2.001622516626745664e+03	3.908063321091210582e+02
3.563793802936028321e+00	3.614730813100981095e+02	6.487360509657169132e+02	1.933177533960737264e+03	3.766333783687965138e+02
3.639318259474964901e+00	3.486070061634883928e+02	6.262312028857789983e+02	1.866799678143532446e+03	3.629649502979096951e+02
3.716443241703908829e+00	3.361787908185065703e+02	6.044413264564152541e+02	1.802435572767164558e+03	3.497821887828342255e+02
3.795202668205029717e+00	3.241774243007082532e+02	5.833521450599206446e+02	1.740052759915955221e+03	3.370713217646357975e+02
3.875631176368202979e+00	3.125957418930702829e+02	5.629558061661906549e+02	1.679636801301652667e+03	3.248232957465510822e+02
3.957764137624104617e+00	3.014093322051755877e+02	5.432147698229326807e+02	1.621086940006430950e+03	3.130100849185736251e+02
4.041637673000112230e+00	2.906048988064630976e+02	5.241096925829809834e+02	1.564353583114648700e+03	3.016158133998672497e+02
4.127288669005872102e+00	2.801727776431433199e+02	5.056276034802044137e+02	1.509406181685869797e+03	2.906287261909872086e+02
4.214754793855508552e+00	2.701067224448550519e+02	4.877607194086943991e+02	1.456228145153201240e+03	2.800406834817604249e+02
4.304074514033643162e+00	2.603855708964488826e+02	4.704754191004266204e+02	1.404727005291146952e+03	2.698276156988798675e+02
4.395287111212434539e+00	2.509975631653174730e+02	4.537541882908106459e+02	1.354856865557571609e+03	2.599758994606853548e+02
4.488432699527177050e+00	2.419342035433299145e+02	4.375850875937681508e+02	1.306588099982269568e+03	2.504755643100128850e+02
4.583552243217979161e+00	2.331900605151523393e+02	4.219609482752886152e+02	1.259904195366262456e+03	2.413198826759750091e+02
4.680687574645305382e+00	2.247468433036711133e+02	4.068522090549315067e+02	1.214722511021720720e+03	2.324884869213566105e+02
4.779881412687339015e+00	2.165941012872801252e+02	3.922429203049258604e+02	1.171000602989963454e+03	2.239694410827985109e+02
4.881177381527165515e+00	2.087243570392340075e+02	3.781217884690148594e+02	1.128708749486437227e+03	2.157539479625572483e+02
4.984620029838152888e+00	2.011328860777619525e+02	3.644819795055252598e+02	1.087829665187899764e+03	2.078360547270075926e+02
5.090254850375883322e+00	1.938039534549300811e+02	3.512977794320678981e+02	1.048290893516491451e+03	2.001984834707409107e+02
5.198128299985286915e+00	1.867282160401045701e+02	3.385544346277907835e+02	1.010051933969645688e+03	1.928308094637050658e+02
5.308287820031761584e+00	1.798990840991929474e+02	3.262415834416332814e+02	9.730844567229197537e+02	1.857255132916625655e+02
5.420781857265304815e+00	1.733124414968014833e+02	3.143532413471795053e+02	9.373730550479289150e+02	1.788778250718586094e+02
5.535659885126738011e+00	1.669548368765039754e+02	3.028670780729780745e+02	9.028541805476534137e+02	1.722730832356226074e+02
5.652972425505520704e+00	1.608178584266022710e+02	2.917693349380677432e+02	8.694890268282896386e+02	1.659019353165508903e+02
5.772771070958623518e+00	1.548956917708220544e+02	2.810503433904047483e+02	8.372501092990476081e+02	1.597577017415467253e+02
5.895108507400270703e+00	1.491847333830429534e+02	2.707047181104612150e+02	8.061232804436550623e+02	1.538363317067048399e+02
6.020038537272556667e+00	1.436735872776046676e+02	2.607132699044795459e+02	7.760533437632082041e+02	1.481254894444016657e+02
6.147616103207036886e+00	1.383546167600459853e+02	2.510631344481255667e+02	7.470031895822889965e+02	1.426168506948538948e+02
6.277897312187818990e+00	1.332226851749148011e+02	2.417456950244253164e+02	7.189479635799636981e+02	1.373047120967079593e+02
6.410939460226692255e+00	1.282746113450739358e+02	2.327559643602901076e+02	6.918739515186410927e+02	1.321855865880338001e+02
6.546801057561175696e+00	1.235008629925847856e+02	2.240777694937218030e+02	6.657342992905780648e+02	1.272493733479943501e+02
6.685541854386596761e+00	1.188944400811253672e+02	2.156990374930339556e+02	6.404937655131327574e+02	1.224884320160263798e+02
6.827222867133428963e+00	1.144508017632181236e+02	2.076119339943831221e+02	6.161293935534587263e+02	1.178976648542408299e+02
6.971906405301561804e+00	1.101670943955013513e+02	1.998117785626441787e+02	5.926278317001839469e+02	1.134739188369607774e+02
7.119656098863218929e+00	1.060354999285720794e+02	1.922850652014991226e+02	5.699495190931363595e+02	1.092089267553310208e+02
7.270536926246596643e+00	1.020495283418552361e+02	1.850205230327592858e+02	5.480612588596558226e+02	1.050958186388726716e+02
7.424615242912579127e+00	9.820516198319239720e+01	1.780111463032606878e+02	5.269423163235948095e+02	1.011302128059862611e+02
7.581958810536977289e+00	9.449978828002382159e+01	1.712525668726078152e+02	5.065800394756139440e+02	9.730930374250254999e+01
7.742636826811277295e+00	9.092717944992786272e+01	1.647340344843902074e+02	4.869428834755636899e+02	9.362659798616978435e+01
7.906719955874896399e+00	8.748124266681757888e+01	1.584446750462582543e+02	4.679983039326633616e+02	9.007558047160202364e+01
8.074280359392364659e+00	8.415842177735460439e+01	1.523781810388766189e+02	4.497274310328963907e+02	8.665244524322052655e+01
8.245391728289099831e+00	8.095625671209411678e+01	1.465302939189824087e+02	4.321177564593957641e+02	8.335448703849405661e+01
8.420129315159766037e+00	7.787001870504074930e+01	1.408926836812735246e+02	4.151444301381995956e+02	8.017674427088365974e+01
8.598569967363353328e+00	7.489390666508964500e+01	1.354550902241966526e+02	3.987768992492403868e+02	7.711316193446955936e+01
8.780792160819700598e+00	7.202477506902316406e+01	1.302119111568645735e+02	3.829983591105028609e+02	7.416043288335195882e+01
8.966876034522190508e+00	6.926022669168068546e+01	1.251589866748244049e+02	3.677964186168364904e+02	7.131609299956193126e+01
9.156903425781846906e+00	6.659696749372146485e+01	1.202904120320028483e+02	3.531533012640777542e+02	6.857665341335058429e+01
9.350957906218383187e+00	6.402939214674968582e+01	1.155961405186669992e+02	3.390388678544777008e+02	6.593620149917552453e+01
9.549124818513869073e+00	6.155471677588656121e+01	1.110711894102964408e+02	3.254381368978324645e+02	6.339180810099468744e+01
9.751491313945386707e+00	5.917059615538536832e+01	1.067113284082322338e+02	3.123382769544863322e+02	6.094099711229041105e+01
9.958146390713055851e+00	5.687491043250301459e+01	1.025127913539787983e+02	2.997279422212224631e+02	5.858155650562901684e+01
1.016918093308028581e+01	5.466237800076869746e+01	9.846600840880618932e+01	2.875781944465043125e+02	5.630798639564499553e+01
1.038468775134352740e+01	5.253046319240103657e+01	9.456655455125256537e+01	2.758758757343102275e+02	5.411769936430675187e+01
1.060476162264905220e+01	5.047698569531478796e+01	9.081052427054778775e+01	2.646092217965763780e+02	5.200842698756984106e+01
1.082949933267470577e+01	4.850038580072393302e+01	8.719503190710561569e+01	2.537693095121636020e+02	4.997848020531340296e+01
1.105899971819510696e+01	4.659621428774746477e+01	8.371198151642528273e+01	2.433316353707387805e+02	4.802322370907474891e+01
1.129336371054865928e+01	4.476194995357074191e+01	8.035681659555731926e+01	2.332824132870980236e+02	4.614003147129592719e+01
1.153269438002595848e+01	4.299560436173626243e+01	7.712600562043044761e+01	2.236110328821891926e+02	4.432685070261910454e+01
1.177709698119876869e+01	4.129584364240290029e+01	7.401716158593768569e+01	2.143102071571792351e+02	4.258230636297042082e+01
1.202667899920963279e+01	3.965930330979440299e+01	7.102417155743715682e+01	2.053613992451251988e+02	4.090293696673474955e+01
1.228155019704247053e+01	3.808333358856123851e+01	6.814221090090839539e+01	1.967499401523632230e+02	3.928600395424832215e+01
1.254182266379493349e+01	3.656614143564254249e+01	6.536799150263199465e+01	1.884657935759721852e+02	3.772960472457475589e+01
1.280761086397376225e+01	3.510637540033185644e+01	6.269907646122823053e+01	1.805015669715804734e+02	3.623231334346769472e+01
1.307903168783481007e+01	3.370193755472010366e+01	6.013166799594737455e+01	1.728457292335837963e+02	3.479195422357343404e+01
1.335620450278989146e+01	3.234993398073373783e+01	5.766048633074069585e+01	1.654822340258180589e+02	3.340554760001657542e+01
1.363925120590300821e+01	3.104876166806554494e+01	5.528264800698320158e+01	1.584023393759145506e+02	3.207145874607238767e+01
1.392829627749924271e+01	2.979699921278595909e+01	5.299557323464225078e+01	1.515981525638414951e+02	3.078822202810375686e+01
1.422346683590943783e+01	2.859353636087771022e+01	5.079722491922682792e+01	1.450634071975085817e+02	2.955465570350876803e+01
1.452489269337533528e+01	2.743556427868229619e+01	4.868247252143044079e+01	1.387825497781887236e+02	2.836784195182161028e+01
1.483270641313931115e+01	2.632151398126533692e+01	4.664844045720646193e+01	1.327467804413725503e+02	2.722615052286773718e+01
1.514704336774399174e+01	2.525005927183688215e+01	4.469271233045239455e+01	1.269487228401332146e+02	2.612820414056752938e+01
1.546804179856737527e+01	2.422023120884489344e+01	4.281354409938126082e+01	1.213830389425090175e+02	2.507301163584967441e+01
1.579584287661962527e+01	2.323019384965515854e+01	4.100761036217250677e+01	1.160396512659720827e+02	2.405869341358501146e+01
1.613059076462826624e+01	2.227807128703572914e+01	3.927148899447028896e+01	1.109081412942308447e+02	2.308331863802791872e+01
1.647243268043913034e+01	2.136266488793554075e+01	3.760297629476823289e+01	1.059817515277730564e+02	2.214563754637137905e+01
1.682151896176083383e+01	2.048289099043736528e+01	3.600008283743012782e+01	1.012543682269002545e+02	2.124451470203525361e+01
1.717800313228151410e+01	1.963791007945618006e+01	3.446127743545829958e+01	9.672129394010035242e+01	2.037906282622887844e+01
1.754204196918641045e+01	1.882575850686464136e+01	3.298295501490268578e+01	9.237154355163687569e+01	1.954725781574105881e+01
1.791379557210657580e+01	1.804523268165853978e+01	3.156293100582984579e+01	8.819847095033205164e+01	1.874786625947613317e+01
1.829342743352862044e+01	1.729532076677882912e+01	3.019936439617724844e+01	8.419644810020811576e+01	1.797984442085800794e+01
1.868110451069663469e+01	1.657514289684545261e+01	2.889064323527517431e+01	8.036049607844283571e+01	1.724228508221224132e+01
1.907699729903783492e+01	1.588382717807599143e+01	2.763517692876063592e+01	7.668572985022649391e+01	1.653428730503678068e+01
1.948127990714428748e+01	1.521973237555862823e+01	2.642994546928123256e+01	7.316297031586876187e+01	1.585414517993140038e+01
1.989413013334363711e+01	1.458194389132299129e+01	2.527327179841595139e+01	6.978706810204944588e+01	1.520091148227584377e+01
2.031572954389253738e+01	1.396960059396921494e+01	2.416357526279360712e+01	6.655316602065524023e+01	1.457369582004537634e+01
2.074626355282718393e+01	1.338190722613929928e+01	2.309940417559413461e+01	6.345682431570394755e+01	1.397167540319805923e+01
2.118592150350598402e+01	1.281821876438123375e+01	2.207955977825051264e+01	6.049427881988632549e+01	1.339418289104728466e+01
2.163489675188052530e+01	1.227707321422777653e+01	2.110136849447120611e+01	5.765744661569462437e+01	1.283972198814509902e+01
2.209338675153079734e+01	1.175774101896099033e+01	2.016348503034559059e+01	5.494216643911037323e+01	1.230754329606098096e+01
2.256159314050291798e+01	1.125948249837927406e+01	1.926455786127260339e+01	5.234429399971087093e+01	1.179688688896643001e+01
2.303972182998693796e+01	1.078161551244956762e+01	1.840333499902105174e+01	4.985998551241196708e+01	1.130704627412518448e+01
2.352798309487394945e+01	1.032356950092721171e+01	1.757874201736091990e+01	4.748586286240873733e+01	1.083742414642151886e+01
2.402659166623228870e+01	9.884272363528461725e+00	1.678880652832083697e+01	4.521593231460499140e+01	1.038691809744358530e+01
2.453576682574353285e+01	9.463004296051744646e+00	1.603219562096521145e+01	4.304609131291724822e+01	9.954783637320522516e+00
2.505573250213976877e+01	9.059130004608290321e+00	1.530774363108404756e+01	4.097276687214088753e+01	9.540370968555048847e+00
2.558671736968459953e+01	8.672041877550402234e+00	1.461431713415816880e+01	3.899243429121209914e+01	9.143055612374389796e+00
2.612895494874115698e+01	8.301157406042316111e+00	1.395084029096572031e+01	3.710178823966342776e+01	8.762236936519952835e+00
2.668268370847132687e+01	7.946029126187886149e+00	1.331647038851210674e+01	3.529816403845919837e+01	8.397457914877625385e+00
2.724814717171165412e+01	7.605732654719280283e+00	1.270951381995067209e+01	3.357645833793809231e+01	8.047772336881823918e+00
2.782559402207125743e+01	7.279748936028516582e+00	1.212899375558124859e+01	3.193361970287992690e+01	7.712648656673992242e+00
2.841527821329990999e+01	6.967554416835006315e+00	1.157393634015591743e+01	3.036664229227535117e+01	7.391550808340928924e+00
2.901745908097360527e+01	6.668643950228082318e+00	1.104340381695383577e+01	2.887263746625410477e+01	7.083963281034765025e+00
2.963240145654703639e+01	6.382534891679496170e+00	1.053649068957022727e+01	2.744879505122358410e+01	6.789392509845895596e+00
3.026037578382308624e+01	6.108799024550068957e+00	1.005238805642014910e+01	2.609258772946153826e+01	6.507399658858003200e+00
3.090165823789054755e+01	5.846915844546646035e+00	9.590133023336695928e+00	2.480107483266970192e+01	6.237455817386591050e+00
3.155653084658241525e+01	5.596334662618087208e+00	9.148693120799459066e+00	2.357108136718145275e+01	5.978997638195299835e+00
3.222528161450811979e+01	5.356627040672893969e+00	8.727261384144100020e+00	2.240010822127214851e+01	5.731588531122140395e+00
3.290820464971425707e+01	5.127378401555145793e+00	8.325066880699310445e+00	2.128578791562580008e+01	5.494808736717052611e+00
3.360560029302952501e+01	4.908187681232144328e+00	7.941350134798599747e+00	2.022576459931260828e+01	5.268248484695668310e+00
3.431777525015100849e+01	4.698666843794183201e+00	7.575380096110057693e+00	1.921777693038604440e+01	5.051513576828031482e+00
3.504504272652905428e+01	4.498441191877883938e+00	7.226448668951276133e+00	1.825963661589473830e+01	4.844223113564159355e+00
3.578772256511129513e+01	4.307149386915327227e+00	6.893870066965826382e+00	1.734922019898993639e+01	4.646009580202369094e+00
3.654614138700539883e+01	4.124446318480867291e+00	6.576999315717355188e+00	1.648454848620438185e+01	4.456526252441475044e+00
3.732063273512289925e+01	3.950003078289507474e+00	6.275210189420548090e+00	1.566367692527987643e+01	4.275440670565002321e+00
3.811153722086707774e+01	3.783443945982735368e+00	5.987796905398907299e+00	1.488445172846923370e+01	4.102373614319693829e+00
3.891920267392951160e+01	3.624454204784076872e+00	5.714161990575382433e+00	1.414503141684244980e+01	3.937006932649839364e+00
3.974398429526115706e+01	3.472733660377173237e+00	5.453732607100279850e+00	1.344364626544831864e+01	3.779036698689145268e+00
4.058624481328516254e+01	3.327992965362126299e+00	5.205962772948529604e+00	1.277862369898390860e+01	3.628173762366686983e+00
4.144635464342010778e+01	3.189953335364442477e+00	4.970322117529271999e+00	1.214833201450208477e+01	3.484137709641155656e+00
4.232469205098434628e+01	3.058346344392061322e+00	4.746302693766011771e+00	1.155121554500214742e+01	3.346659991524809641e+00
4.322164331755172384e+01	2.932913714487542567e+00	4.533408646765924033e+00	1.098574674513797689e+01	3.215479957942500633e+00
4.413760291083362119e+01	2.813407092426673639e+00	4.331166126546908579e+00	1.045047390796628051e+01	3.090347888012987099e+00
4.507297365816076251e+01	2.699587805882099900e+00	4.139122948214661868e+00	9.944018125548312881e+00	2.971025435493531486e+00
4.602816692364147144e+01	2.591226593711151160e+00	3.956842221600413545e+00	9.465044007497136036e+00	2.857284107283819097e+00
4.700360278907441369e+01	2.488103307486599913e+00	3.783901414366879656e+00	9.012259065856309093e+00	2.748902808396801678e+00
4.799971023869517950e+01	2.390006585919926874e+00	3.619896268181707732e+00	8.584432167969456628e+00	2.645669790865023074e+00
4.901692734783804895e+01	2.296733506662365532e+00	3.464441271261500699e+00	8.180392532188145438e+00	2.547384218628186758e+00
5.005570147559598126e+01	2.208089267981272474e+00	3.317164516193073620e+00	7.799011252987051890e+00	2.453852488322743497e+00
5.111648946156338980e+01	2.123893108267092433e+00	3.177719202448449298e+00	7.439233799357857890e+00	2.364894054439389937e+00
5.219975782674825382e+01	2.044006913325311370e+00	3.045833751257098321e+00	7.100219012602742907e+00	2.280372647245124895e+00
5.330598297874255564e+01	1.968248046687037345e+00	2.921161781177760819e+00	6.780925781963647481e+00	2.200107158985281863e+00
5.443565142123959077e+01	1.896447964434788025e+00	2.803381751805035904e+00	6.480385739704857428e+00	2.123930826533268146e+00
5.558925996799251124e+01	1.828446984489486837e+00	2.692187076318051986e+00	6.197675199539893320e+00	2.051685526969381446e+00
5.676731596130657209e+01	1.764091991972186690e+00	2.587284607613980381e+00	5.931914658938066687e+00	1.983219107124054803e+00
5.797033749516177181e+01	1.703235477956758448e+00	2.488393185265997953e+00	5.682262983415539814e+00	1.918386133365301838e+00
5.919885364306400533e+01	1.645797123738518275e+00	2.395350044757176278e+00	5.448208385565346923e+00	1.857110273260106803e+00
6.045340469072480261e+01	1.591693047151463869e+00	2.307985172171595156e+00	5.229218675228922919e+00	1.799310702325137123e+00
6.173454237367209885e+01	1.540749940041324928e+00	2.225973256237315123e+00	5.024342334890610218e+00	1.744814737350726119e+00
6.304283011989645757e+01	1.492829391113784432e+00	2.149050685398039562e+00	4.832800645351464475e+00	1.693485148730706769e+00
6.437884329763940627e+01	1.447920617473306137e+00	2.077177469965888701e+00	4.654426841403229709e+00	1.645316752036487973e+00
6.574316946843353549e+01	1.405939606064977809e+00	2.010187612561978199e+00	4.488714408973140557e+00	1.600229642564273691e+00
6.713640864550379206e+01	1.366708733484951699e+00	1.947750480593262390e+00	4.334711905047493374e+00	1.558045395016829371e+00
6.855917355764610477e+01	1.330277241022076007e+00	1.889930408127940886e+00	4.192538977007728818e+00	1.518820843734780768e+00
7.001208991869765441e+01	1.296533506323941376e+00	1.836514398108966661e+00	4.061567806940353798e+00	1.482447389680255023e+00
7.149579670271769771e+01	1.265393315871350177e+00	1.787336657244988913e+00	3.941301764936862462e+00	1.448844167688060569e+00
7.301094642500031284e+01	1.236909357456682290e+00	1.742467031030898283e+00	3.831874510059296579e+00	1.418072457380633589e+00
7.455820542904223203e+01	1.210948140982631260e+00	1.701654455502189078e+00	3.732561560802457823e+00	1.389999966325009106e+00
7.613825417959219521e+01	1.187586781573654715e+00	1.665009427546800147e+00	3.643604071852176052e+00	1.364713111243919030e+00
7.775178756191070306e+01	1.166770607763173206e+00	1.632416991892960523e+00	3.564643279457377023e+00	1.342162150987583624e+00
7.939951518737163383e+01	1.148489026279132963e+00	1.603836918458819261e+00	3.495517682937986148e+00	1.322343147324869461e+00
8.108216170554010205e+01	1.132870554061784052e+00	1.579466394446924937e+00	3.436695651217022807e+00	1.305396869523393510e+00
8.280046712286477373e+01	1.119867836582131737e+00	1.559200492839211805e+00	3.387840910224801050e+00	1.291281299899241120e+00
8.455518712812224180e+01	1.109555419146980526e+00	1.543142068353714258e+00	3.349166206439142091e+00	1.280081615539813145e+00
8.634709342475994731e+01	1.102044260171737955e+00	1.531454902179444799e+00	3.321042910182566921e+00	1.271921244603061441e+00
8.817697407028136070e+01	1.097458753343555138e+00	1.524324365961507555e+00	3.303895878475029413e+00	1.266937984568986097e+00
9.004563382282356088e+01	1.095944760517431726e+00	1.521970921714365099e+00	3.298238707789785451e+00	1.265292396817908172e+00
9.195389449507966617e+01	1.097684330288732024e+00	1.524675054343457070e+00	3.304738961079465742e+00	1.267183158039038915e+00
9.390259531572145590e+01	1.102910364882787819e+00	1.532802103914219671e+00	3.324283603591505543e+00	1.272862349450259556e+00
9.589259329848152902e+01	1.111906251310972982e+00	1.546801560332144998e+00	3.357976484108777804e+00	1.282635103891366590e+00
9.792476361905691817e+01	1.125001057153903083e+00	1.567198781784866268e+00	3.407116397833042765e+00	1.296854594680895589e+00
