# Data associated with arXiv:2208.14002
# 
# Scale-free velocity distribution, f(E), of a nfw1-0rhos4e6 dark matter distribution (see Eq. 2.7 and the surrounding discussion)
# 
# Published: 8/25/22, Jack Runburg and Kenny Kiriu, contact: runburg@hawaii.edu
# 
# 
# -----------------------------------------------------------------
# 
# 	 tilde E 		 | 		 tilde f
# 
# -----------------------------------------------------------------
4.999966666916665389e-06	9.753619879103015661e+08
5.084478379848520133e-06	9.378728658553938866e+08
5.170418538380237103e-06	9.008541378901226521e+08
5.257811286247489841e-06	8.645268163084793091e+08
5.346681175254475793e-06	8.295863259019453526e+08
5.437053172170461109e-06	7.955538780080877542e+08
5.528952665743044882e-06	7.629179023422672749e+08
5.622405473829764064e-06	7.316211724274774790e+08
5.717437850650368380e-06	7.016083238212209940e+08
5.814076494161556732e-06	6.728266201644958258e+08
5.912348553556311299e-06	6.452257668945026398e+08
6.012281636890092608e-06	6.187575679375499487e+08
6.113903818835718394e-06	5.933754172002685070e+08
6.217243648569482587e-06	5.690344096201448441e+08
6.322330157790336408e-06	5.456920499362059832e+08
6.429192868874767520e-06	5.233074847149125934e+08
6.537861803169358463e-06	5.018413390997942090e+08
6.648367489423461276e-06	4.812557045362049937e+08
6.760740972364509928e-06	4.615146396680798531e+08
6.875013821418025459e-06	4.425836713611565232e+08
6.991218139575197122e-06	4.244293045826556087e+08
7.109386572410078358e-06	4.070196366398943663e+08
7.229552317249357952e-06	3.903242681323570013e+08
7.351749132496946804e-06	3.743138383120314479e+08
7.476011347116110273e-06	3.589603013117803335e+08
7.602373870271986220e-06	3.442367536070616245e+08
7.730872201136798597e-06	3.301171041380668879e+08
7.861542438860996313e-06	3.165766569471861720e+08
7.994421292712631486e-06	3.035918224237737656e+08
8.129546092388319461e-06	2.911396928334615827e+08
8.266954798498142129e-06	2.791983050833345652e+08
8.406686013227985160e-06	2.677468262258400917e+08
8.548778991181851114e-06	2.567652146897539198e+08
8.693273650407367130e-06	2.462341153646210730e+08
8.840210583607773705e-06	2.361349960918038189e+08
8.989631069543074562e-06	2.264501467441245317e+08
9.141577084624118599e-06	2.171626429059615135e+08
9.296091314702276993e-06	2.082561587905475795e+08
9.453217167058613503e-06	1.997149917736034095e+08
9.612998782595416028e-06	1.915242009496819377e+08
9.775481048233723190e-06	1.836694550891985595e+08
9.940709609520515284e-06	1.761369330764580965e+08
1.010873088344859859e-05	1.689133784706926346e+08
1.027959207149342332e-05	1.619861272215343714e+08
1.045334117286983528e-05	1.553430783428018093e+08
1.063002699801310167e-05	1.489725420984078348e+08
1.080969918228750567e-05	1.428632931162603498e+08
1.099240819992653692e-05	1.370046545628005862e+08
1.117820537820882136e-05	1.313863489762013406e+08
1.136714291187321589e-05	1.259984999760051370e+08
1.155927387777779437e-05	1.208316643044881076e+08
1.175465224980613839e-05	1.158767622596940845e+08
1.195333291402578298e-05	1.111250986780430973e+08
1.215537168410254933e-05	1.065683460553788245e+08
1.236082531697525195e-05	1.021984991246223003e+08
1.256975152879548660e-05	9.800789884023301303e+07
1.278220901113630196e-05	9.398919535287097096e+07
1.299825744747511860e-05	9.013532350304861367e+07
1.321795752995467803e-05	8.643951530570995808e+07
1.344137097642753938e-05	8.289529274293556809e+07
1.366856054778823194e-05	7.949645121445441246e+07
1.389959006559822183e-05	7.623702061483362317e+07
1.413452443000885472e-05	7.311127061021362245e+07
1.437342963798667918e-05	7.011371878200890124e+07
1.461637280184707133e-05	6.723911503644175828e+07
1.486342216810048756e-05	6.448241415689930320e+07
1.511464713661749462e-05	6.183877193487977982e+07
1.537011828011726139e-05	5.930355505594880134e+07
1.562990736398520920e-05	5.687231829988427460e+07
1.589408736642576378e-05	5.454079161599985510e+07
1.616273249895500106e-05	5.230488438694345206e+07
1.643591822723999556e-05	5.016067665053711087e+07
1.671372129228959242e-05	4.810440595488955081e+07
1.699621973200365411e-05	4.613246443733387440e+07
1.728349290308593824e-05	4.424139511442919821e+07
1.757562150332706111e-05	4.242787805922485143e+07
1.787268759426421128e-05	4.068873206623415649e+07
1.817477462422304780e-05	3.902090757284173369e+07
1.848196745174931501e-05	3.742147715510636568e+07
1.879435236943567596e-05	3.588763681912266463e+07
1.911201712815146941e-05	3.441669707625917345e+07
1.943505096168135325e-05	3.300607613515507802e+07
1.976354461178003762e-05	3.165329784446607158e+07
2.009759035365054134e-05	3.035599238073577359e+07
2.043728202185218871e-05	2.911188576335891709e+07
2.078271503664673591e-05	2.791879249905261397e+07
2.113398643078881015e-05	2.677462086892604455e+07
2.149119487676938607e-05	2.567736565468370914e+07
2.185444071451891654e-05	2.462510219293852150e+07
2.222382597957828299e-05	2.361598408610408753e+07
2.259945443174592069e-05	2.264824120906784758e+07
2.298143158420802039e-05	2.172017792537257075e+07
2.336986473316135082e-05	2.083016653611136600e+07
2.376486298793558662e-05	1.997664560035341606e+07
2.416653730162493697e-05	1.915811901537627354e+07
2.457500050223656920e-05	1.837315144868979231e+07
2.499036732436496882e-05	1.762036625235046819e+07
2.541275444140161076e-05	1.689844388299349695e+07
2.584228049828771092e-05	1.620611813202881068e+07
2.627906614482085254e-05	1.554217501451122202e+07
2.672323406952309370e-05	1.490545126962866075e+07
2.717490903408167601e-05	1.429482996348801069e+07
2.763421790837073341e-05	1.370924041388384439e+07
2.810128970606421306e-05	1.314765667570742592e+07
2.857625562085062336e-05	1.260909392974983156e+07
2.905924906325835707e-05	1.209260788430356048e+07
2.955040569810354992e-05	1.159729342751530372e+07
3.004986348256928359e-05	1.112228226146373153e+07
3.055776270492842870e-05	1.066674170964309573e+07
3.107424602391961469e-05	1.022987336673139781e+07
3.159945850878786966e-05	9.810911417825398967e+06
3.213354768000181271e-05	9.409121708534074947e+06
3.267666355065716646e-05	9.023799946941612288e+06
3.322895866858017631e-05	8.654270797288166359e+06
3.379058815914069431e-05	8.299886807917178608e+06
3.436170976878883234e-05	7.960026901208394207e+06
3.494248390932582350e-05	7.634095495240142569e+06
3.553307370292206147e-05	7.321521426891048439e+06
3.613364502789559918e-05	7.021757044302187860e+06
3.674436656526227426e-05	6.734277094021485187e+06
3.736540984607252474e-05	6.458577813381887972e+06
3.799694929954593365e-05	6.194176239879708737e+06
3.863916230201919628e-05	5.940609139770319685e+06
3.929222922671936179e-05	5.697432274479366839e+06
3.995633349437695205e-05	5.464219684789432213e+06
4.063166162469399425e-05	5.240562739394647069e+06
4.131840328867923901e-05	5.026069701546499506e+06
4.201675136186785710e-05	4.820364949726160616e+06
4.272690197843771037e-05	4.623088122237783857e+06
4.344905458624000492e-05	4.433893679654495791e+06
4.418341200275753338e-05	4.252450293447909877e+06
4.493018047200704733e-05	4.078440179908498656e+06
4.568956972240246990e-05	3.911558600495581049e+06
4.646179302559299591e-05	3.751513390105694532e+06
4.724706725629517504e-05	3.598024301715312991e+06
4.804561295313286925e-05	3.450822499761766288e+06
4.885765438050504076e-05	3.309650265647745691e+06
4.968341959149553272e-05	3.174260489029656630e+06
5.052314049184557140e-05	3.044416151943152770e+06
5.137705290500395853e-05	2.919889922981607262e+06
5.224539663827518096e-05	2.800463793913886417e+06
5.312841555008319825e-05	2.685928738452306017e+06
5.402635761836880425e-05	2.576084293765299488e+06
5.493947501014186737e-05	2.470738191335991491e+06
5.586802415220507831e-05	2.369706074091564398e+06
5.681226580307127569e-05	2.272811151298285928e+06
5.777246512609308585e-05	2.179883845448542386e+06
5.874889176382569358e-05	2.090761534861101303e+06
5.974181991364382470e-05	2.005288307608874980e+06
6.075152840463267969e-05	1.923314610586184775e+06
6.177830077577675227e-05	1.844697027410669019e+06
6.282242535546537078e-05	1.769298045127183897e+06
6.388419534233940450e-05	1.696985753735059407e+06
6.496390888750069685e-05	1.627633667386448244e+06
6.606186917810706832e-05	1.561120504560222384e+06
6.717838452237692454e-05	1.497329927439098014e+06
6.831376843602559397e-05	1.436150379999264609e+06
6.946833973016001236e-05	1.377474885919163469e+06
7.064242260065327545e-05	1.321200842328569852e+06
7.183634671902636821e-05	1.267229859872423112e+06
7.305044732486104498e-05	1.215467587791491067e+06
7.428506531976992219e-05	1.165823534258973086e+06
7.554054736295056326e-05	1.118210922341184225e+06
7.681724596834820786e-05	1.072546533782460261e+06
7.811551960345769290e-05	1.028750554989648284e+06
7.943573278978744183e-05	9.867464493881458184e+05
8.077825620501836014e-05	9.464608188141116407e+05
8.214346678688167923e-05	9.078232679676644038e+05
8.353174783878771891e-05	8.707662941807477036e+05
8.494348913723383937e-05	8.352251583760196809e+05
8.637908704102024591e-05	8.011377770630884916e+05
8.783894460230737896e-05	7.684446097705486463e+05
8.932347167954070668e-05	7.370885543357117567e+05
9.083308505228021698e-05	7.070148516556295799e+05
9.236820853796081927e-05	6.781709889595877612e+05
9.392927311062019375e-05	6.505066008290918544e+05
9.551671702162569267e-05	6.239733901603484992e+05
9.713098592243203351e-05	5.985250384361444740e+05
9.877253298940824632e-05	5.741171233967320295e+05
1.004418190507626741e-04	5.507070463283730205e+05
1.021393127156075515e-04	5.282539524147793418e+05
1.038654905051929363e-04	5.067186603881145129e+05
1.056208369863511666e-04	4.860635957008575206e+05
1.074058449071861317e-04	4.662527237201777752e+05
1.092210153350457638e-04	4.472514864436072530e+05
1.110668577968167560e-04	4.290267419905134011e+05
1.129438904215777852e-04	4.115467052189945243e+05
1.148526400856553816e-04	3.947808939950390486e+05
1.167936425601170578e-04	3.787000755792553537e+05
1.187674426607472058e-04	3.632762157222146634e+05
1.207745944005445107e-04	3.484824267343447427e+05
1.228156611447842603e-04	3.342929235437331372e+05
1.248912157686886903e-04	3.206829780320483842e+05
1.270018408177465497e-04	3.076288748330330127e+05
1.291481286707312599e-04	2.951078687806493253e+05
1.313306817054566019e-04	2.830981480244587292e+05
1.335501124673205522e-04	2.715787942144733388e+05
1.358070438406815692e-04	2.605297451104599459e+05
1.381021092231148463e-04	2.499317601835604291e+05
1.404359527025981331e-04	2.397663875739837240e+05
1.428092292376724178e-04	2.300159310822523257e+05
1.452226048406331444e-04	2.206634190951203636e+05
1.476767567637959021e-04	2.116925753111313970e+05
1.501723736888928296e-04	2.030877897124850133e+05
1.527101559196495804e-04	1.948340918817323109e+05
1.552908155775968710e-04	1.869171242094869376e+05
1.579150768011707646e-04	1.793231171531807922e+05
1.605836759481537907e-04	1.720388652481122699e+05
1.632973618015188849e-04	1.650517035103819508e+05
1.660568957787249159e-04	1.583494853741726838e+05
1.688630521445276544e-04	1.519205618531879736e+05
1.717166182273617808e-04	1.457537609537947283e+05
1.746183946393538571e-04	1.398383680899380997e+05
1.775691955000281469e-04	1.341641071536128584e+05
1.805698486637626087e-04	1.287211227244738257e+05
1.836211959510650757e-04	1.234999630213554046e+05
1.867240933837241033e-04	1.184915629435247538e+05
1.898794114239063123e-04	1.136872285810104513e+05
1.930880352172620004e-04	1.090786219770223979e+05
1.963508648401065951e-04	1.046577463355494110e+05
1.996688155507472557e-04	1.004169319562951860e+05
2.030428180450184826e-04	9.634882337074294628e+04
2.064738187161059644e-04	9.244636595398662030e+04
2.099627799187183731e-04	8.870279378571551933e+04
2.135106802376891821e-04	8.511161780803267902e+04
2.171185147610761351e-04	8.166661446769547183e+04
2.207872953578353967e-04	7.836181489448342472e+04
2.245180509601469850e-04	7.519149445266183466e+04
2.283118278504634498e-04	7.215016263835241261e+04
2.321696899533706737e-04	6.923255360720072349e+04
2.360927191323271214e-04	6.643361693044609274e+04
2.400820154913739133e-04	6.374850875263757189e+04
2.441386976818912900e-04	6.117258342256335891e+04
2.482639032144876088e-04	5.870138511392458895e+04
2.524587887761063892e-04	5.633064047574655706e+04
2.567245305524329911e-04	5.405625079556383571e+04
2.610623245556987246e-04	5.187428496608006390e+04
2.654733869579571702e-04	4.978097266764595406e+04
2.699589544299391001e-04	4.777269774499824416e+04
2.745202844855641148e-04	4.584599186533212924e+04
2.791586558322111289e-04	4.399752855552629626e+04
2.838753687268419216e-04	4.222411726742851170e+04
2.886717453380665491e-04	4.052269796068415599e+04
2.935491301142636469e-04	3.889033557628034032e+04
2.985088901578362855e-04	3.732421508720100246e+04
3.035524156057246500e-04	3.582163654574153770e+04
3.086811200162599997e-04	3.438001027691177296e+04
3.138964407624783592e-04	3.299685248051177769e+04
3.191998394319943378e-04	3.166978084171085357e+04
3.245928022335382922e-04	3.039651037703072870e+04
3.300768404102812992e-04	2.917484947628241935e+04
3.356534906600379831e-04	2.800269605650910671e+04
3.413243155624835876e-04	2.687803391963406830e+04
3.470909040134793487e-04	2.579892915689779693e+04
3.529548716666380619e-04	2.476352698709703327e+04
3.589178613822402138e-04	2.377004819656320979e+04
3.649815436836249295e-04	2.281678641503274775e+04
3.711476172211778703e-04	2.190210483873480916e+04
3.774178092440349098e-04	2.102443352567917100e+04
3.837938760796410186e-04	2.018226663332174576e+04
3.902776036212757564e-04	1.937415978750157228e+04
3.968708078236900076e-04	1.859872757796164660e+04
4.035753352069784239e-04	1.785464114508426064e+04
4.103930633688248350e-04	1.714062586710218238e+04
4.173259015052585932e-04	1.645545913127759195e+04
4.243757909400526040e-04	1.579796821244911371e+04
4.315447056629209059e-04	1.516702825388459314e+04
4.388346528766370099e-04	1.456156027271050152e+04
4.462476735532370955e-04	1.398052930047647897e+04
4.537858429994455923e-04	1.342294261090950204e+04
4.614512714314750988e-04	1.288784746772401013e+04
4.692461045593572522e-04	1.237433182699260760e+04
4.771725241809475536e-04	1.188151815315065869e+04
4.852327487857809843e-04	1.140856645287617721e+04
4.934290341689138819e-04	1.095467053762092110e+04
5.017636740549350372e-04	1.051905708344446430e+04
5.102390007322968237e-04	1.010098429409236269e+04
5.188573856981406988e-04	9.699740597058073035e+03
5.276212403137819310e-04	9.314643421265664074e+03
5.365330164710311982e-04	8.945038002526054697e+03
5.455952072695193205e-04	8.590296263920065030e+03
5.548103477052123691e-04	8.249815700372082574e+03
5.641810153702900808e-04	7.923018350603110775e+03
5.737098311645750376e-04	7.609349797066717656e+03
5.833994600186936724e-04	7.308278193299333907e+03
5.932526116291626317e-04	7.019293348804014386e+03
6.032720412055894710e-04	6.741905843564401948e+03
6.134605502301789361e-04	6.475646178059260819e+03
6.238209872297490952e-04	6.220063958975513742e+03
6.343562485604500910e-04	5.974727124075873689e+03
6.450692792053947661e-04	5.739221191864750836e+03
6.559630735854016280e-04	5.513148538431714769e+03
6.670406763830648289e-04	5.296127717400965594e+03
6.783051833803593238e-04	5.087792793610322406e+03
6.897597423100013028e-04	4.887792712729761661e+03
7.014075537207746644e-04	4.695790694766590605e+03
7.132518718570551169e-04	4.511463648157579883e+03
7.252960055527524338e-04	4.334501615552555450e+03
7.375433191398972441e-04	4.164607234970297213e+03
7.499972333721087155e-04	4.001495226219871256e+03
7.626612263631753642e-04	3.844891899258611829e+03
7.755388345409922881e-04	3.694534681812588133e+03
7.886336536170855411e-04	3.550171662883740737e+03
8.019493395719871085e-04	3.411561163001887508e+03
8.154896096566942396e-04	3.278471312296085216e+03
8.292582434104725855e-04	3.150679653142813549e+03
8.432590836952606403e-04	3.027972755588135442e+03
8.574960377469322253e-04	2.910145850053263530e+03
8.719730782436861151e-04	2.797002474178746979e+03
8.866942443918196526e-04	2.688354131518878148e+03
9.016636430291738837e-04	2.584019977011764240e+03
9.168854497465110708e-04	2.483826488637851071e+03
9.323639100271108142e-04	2.387607181998370834e+03
9.481033404048684089e-04	2.295202322570254182e+03
9.641081296411751610e-04	2.206458644248473320e+03
9.803827399208868421e-04	2.121229091804001200e+03
9.969317080676515491e-04	2.039372566536850400e+03
1.013759646778922881e-03	1.960753681598825779e+03
1.030871245880940435e-03	1.885242533584109424e+03
1.048271273603998324e-03	1.812714473165660593e+03
1.065964577878302259e-03	1.743049900428970204e+03
1.083956087650744153e-03	1.676134049535919075e+03
1.102250814222902791e-03	1.611856799530510216e+03
1.120853852610594536e-03	1.550112480280786031e+03
1.139770382925316258e-03	1.490799695888981205e+03
1.159005671777897477e-03	1.433821146805642229e+03
1.178565073704708260e-03	1.379083466747726106e+03
1.198454032616761344e-03	1.326497060196765915e+03
1.218678083272056734e-03	1.275975950385720353e+03
1.239242852771515503e-03	1.227437632130973725e+03
1.260154062078868396e-03	1.180802930711892714e+03
1.281417527564838142e-03	1.135995866441089447e+03
1.303039162576007104e-03	1.092943524966530504e+03
1.325024979028716771e-03	1.051575932810314953e+03
1.347381089028385067e-03	1.011825937632666751e+03
1.370113706514614667e-03	9.736290948752599661e+02
1.393229148932475896e-03	9.369235556307912702e+02
1.416733838930358006e-03	9.016499636046120258e+02
1.440634306084765705e-03	8.677513528423411344e+02
1.464937188652478328e-03	8.351730506771509681e+02
1.489649235350457663e-03	8.038625867130582492e+02
1.514777307163920955e-03	7.737695960282519536e+02
1.540328379182981985e-03	7.448457477106566103e+02
1.566309542468285023e-03	7.170446487020607265e+02
1.592728005946055132e-03	6.903217724912359472e+02
1.619591098332963603e-03	6.646343814529741394e+02
1.646906270091287507e-03	6.399414551158150744e+02
1.674681095414752834e-03	6.162036197600472178e+02
1.702923274245530432e-03	5.933830824485122548e+02
1.731640634322816931e-03	5.714435666698215073e+02
1.760841133263454277e-03	5.503502508799883799e+02
1.790532860675051905e-03	5.300697106931905864e+02
1.820724040302044815e-03	5.105698599910023177e+02
1.851423032205189731e-03	4.918198993437264335e+02
1.882638334974937174e-03	4.737902624905014477e+02
1.914378587979173596e-03	4.564525671287912587e+02
1.946652573645797852e-03	4.397795665796291473e+02
1.979469219780630521e-03	4.237451041791516673e+02
2.012837601921134856e-03	4.083240686215623896e+02
2.046766945726440513e-03	3.934923547918850772e+02
2.081266629404178534e-03	3.792268175483600317e+02
2.116346186174620277e-03	3.655052363777471669e+02
2.152015306772636118e-03	3.523062802812410723e+02
2.188283841987973335e-03	3.396094673096192196e+02
2.225161805244380529e-03	3.273951330364316163e+02
2.262659375218096375e-03	3.156443968028921745e+02
2.300786898496226182e-03	3.043391304977611753e+02
2.339554892275523199e-03	2.934619275839866077e+02
2.378974047102136707e-03	2.829960752555993508e+02
2.419055229652839964e-03	2.729255246894674656e+02
2.459809485558280516e-03	2.632348659876942065e+02
2.501248042268815804e-03	2.539093017165850483e+02
2.543382311963456217e-03	2.449346220679732653e+02
2.586223894502510164e-03	2.362971817492825153e+02
2.629784580424420794e-03	2.279838769633197728e+02
2.674076353987432739e-03	2.199821236893495495e+02
2.719111396256591526e-03	2.122798367481741764e+02
2.764902088236675416e-03	2.048654098555671794e+02
2.811461014051608743e-03	1.977276964997990945e+02
2.858800964170942187e-03	1.908559910462037976e+02
2.906934938683986783e-03	1.842400116090040285e+02
2.955876150622129862e-03	1.778698826951664671e+02
3.005638029329979130e-03	1.717361190041216332e+02
3.056234223885872202e-03	1.658296097605941668e+02
3.107678606572350077e-03	1.601416036799046196e+02
3.159985276397182623e-03	1.546636947828231143e+02
3.213168562665521134e-03	1.493878082259858218e+02
3.267243028603802890e-03	1.443061872958457741e+02
3.322223475035931180e-03	1.394113805697036810e+02
3.378124944112401249e-03	1.346962298595247205e+02
3.434962723092902133e-03	1.301538581990261605e+02
3.492752348183018451e-03	1.257776590247596715e+02
3.551509608425611111e-03	1.215612848989771066e+02
3.611250549647474547e-03	1.174986374940423985e+02
3.671991478461853354e-03	1.135838575991093364e+02
3.733748966327428941e-03	1.098113154955083246e+02
3.796539853664322207e-03	1.061756018601551830e+02
3.860381254027754529e-03	1.026715189649681577e+02
3.925290558339900038e-03	9.929407225703032225e+01
3.991285439180562375e-03	9.603846233443688618e+01
4.058383855137193304e-03	9.290007699116922879e+01
4.126604055214891549e-03	8.987448397223110419e+01
4.195964583306927009e-03	8.695742373808211312e+01
4.266484282726319861e-03	8.414480262101820074e+01
4.338182300799122912e-03	8.143268614674295236e+01
4.411078093519890317e-03	7.881729287515065607e+01
4.485191430269911197e-03	7.629498816667170047e+01
4.560542398598765867e-03	7.386227849701441528e+01
4.637151409069718150e-03	7.151580574302039395e+01
4.715039200169507567e-03	6.925234192890651741e+01
4.794226843283010651e-03	6.706878399405547952e+01
4.874735747733349896e-03	6.496214887805290061e+01
4.956587665887910929e-03	6.292956879430707318e+01
5.039804698330780514e-03	6.096828662449111391e+01
5.124409299102074614e-03	5.907565174822384790e+01
5.210424281004633583e-03	5.724911508368250423e+01
5.297872820978583204e-03	5.548622650926009214e+01
5.386778465544102452e-03	5.378462954179221356e+01
5.477165136312965241e-03	5.214205840074772880e+01
5.569057135569160585e-03	5.055633421292401408e+01
5.662479151919060441e-03	4.902536165889647890e+01
5.757456266011490818e-03	4.754712567715215954e+01
5.854013956328057468e-03	4.611968820959800297e+01
5.952178105044143332e-03	4.474118538237161147e+01
6.051975003960772918e-03	4.340982438248791198e+01
6.153431360507820649e-03	4.212388080119895761e+01
6.256574303818693283e-03	4.088169588677322253e+01
6.361431390876852443e-03	3.968167400205756223e+01
6.468030612734359391e-03	3.852228014906256703e+01
6.576400400802664969e-03	3.740203759635429037e+01
6.686569633215858066e-03	3.631952558463299852e+01
6.798567641266498388e-03	3.527337716758368913e+01
6.912424215914129803e-03	3.426227707878257434e+01
7.028169614366678968e-03	3.328495975747022584e+01
7.145834566734678497e-03	3.234020735755283482e+01
7.265450282758440480e-03	3.142684793236270124e+01
7.387048458608112649e-03	3.054375363484256312e+01
7.510661283756599020e-03	2.968983898648733089e+01
7.636321447925318098e-03	2.886405925951778428e+01
7.764062148102538440e-03	2.806540887442249144e+01
7.893917095634299386e-03	2.729291985344137927e+01
8.025920523387616856e-03	2.654566044275795278e+01
8.160107192985705318e-03	2.582273365850804581e+01
8.296512402114996493e-03	2.512327583728539793e+01
8.435171991903543665e-03	2.444645562543587403e+01
8.576122354370468992e-03	2.379147241820184888e+01
8.719400439945918652e-03	2.315755536968163497e+01
8.865043765061114689e-03	2.254396216409541864e+01
9.013090419807901627e-03	2.194997795884947323e+01
9.163579075667151186e-03	2.137491427666851962e+01
9.316548993305355519e-03	2.081810804160580020e+01
9.472040030438669961e-03	2.027892056722154379e+01
9.630092649763596913e-03	1.975673664076640890e+01
9.790747926953367181e-03	1.925096360109595395e+01
9.954047558719158334e-03	1.876103050854124987e+01
1.012003387093506068e-02	1.828638726571672990e+01
1.028874982682569453e-02	1.782650389980915762e+01
1.046023903521530775e-02	1.738086958393211390e+01
1.063454575883707696e-02	1.694899227525678143e+01
1.081171492270131644e-02	1.653039765714956744e+01
1.099179212252098491e-02	1.612462860306015244e+01
1.117482363319323262e-02	1.573124451831893467e+01
1.136085641733512903e-02	1.534982074691571796e+01
1.154993813387194569e-02	1.497994782824792992e+01
1.174211714667623349e-02	1.462123108962486207e+01
1.193744253325563880e-02	1.427328999104487117e+01
1.213596409348752583e-02	1.393575759960775962e+01
1.233773235839833414e-02	1.360828009818354900e+01
1.254279859898513837e-02	1.329051627975659322e+01
1.275121483507743979e-02	1.298213706320520089e+01
1.296303384423637926e-02	1.268282504148694834e+01
1.317830917068892223e-02	1.239227406021930555e+01
1.339709513429422801e-02	1.211018877753895495e+01
1.361944683953933595e-02	1.183628422593343110e+01
1.384542018456121071e-02	1.157028553043504182e+01
1.407507187019186277e-02	1.131192741360370846e+01
1.430845940902345827e-02	1.106095389793365591e+01
1.454564113448984612e-02	1.081711795530719300e+01
1.478667620996094133e-02	1.058018115706821582e+01
1.503162463784624148e-02	1.034991343839799782e+01
1.528054726870357698e-02	1.012609251328065874e+01
1.553350581034908078e-02	9.908504050930259766e+00
1.579056283696397833e-02	9.696940984913148043e+00
1.605178179819399809e-02	9.491203423849361442e+00
1.631722702823676374e-02	9.291098320589023629e+00
1.658696375491229211e-02	9.096439286753595255e+00
1.686105810871183636e-02	8.907046304792686442e+00
1.713957713181971793e-02	8.722745517000673132e+00
1.742258878710317357e-02	8.543368998506457146e+00
1.771016196706413914e-02	8.368754535653378568e+00
1.800236650274783870e-02	8.198745437585403195e+00
1.829927317260179181e-02	8.033190321310797799e+00
1.860095371127933397e-02	7.871942943063597653e+00
1.890748081838112410e-02	7.714861997064641486e+00
1.921892816712816518e-02	7.561810956960755448e+00
1.953537041295945811e-02	7.412657893192928782e+00
1.985688320204717638e-02	7.267275333276588256e+00
2.018354317972221451e-02	7.125540087248935173e+00
2.051542799880247056e-02	6.987333110293166172e+00
2.085261632781609462e-02	6.852539359815729370e+00
2.119518785911173389e-02	6.721047662604398454e+00
2.154322331684740618e-02	6.592750578839653208e+00
2.189680446484955703e-02	6.467544267825707571e+00
2.225601411433347429e-02	6.345328419274181897e+00
2.262093613147580715e-02	6.226005996526248865e+00
2.299165544483017937e-02	6.109483360294630572e+00
2.336825805257599503e-02	5.995669941066248398e+00
2.375083102959067022e-02	5.884478261436139945e+00
2.413946253433498640e-02	5.775823742758944057e+00
2.453424181554127864e-02	5.669624758488111205e+00
2.493525921869353332e-02	5.565802393334496223e+00
2.534260619228828615e-02	5.464280438667153739e+00
2.575637529386515939e-02	5.364985286292372813e+00
2.617666019579523856e-02	5.267845850036258604e+00
2.660355569081528787e-02	5.172793496979797290e+00
2.703715769729560583e-02	5.079761958907638153e+00
2.747756326422884712e-02	4.988687279187491441e+00
2.792487057592713331e-02	4.899507726317604117e+00
2.837917895641372049e-02	4.812163751508631293e+00
2.884058887349634157e-02	4.726597893337711298e+00
2.930920194250789465e-02	4.642754747094490320e+00
2.978512092970045030e-02	4.560580890511595875e+00
3.026844975527814841e-02	4.480024829543574505e+00
3.075929349605400001e-02	4.401036947044574710e+00
3.125775838771575887e-02	4.323569440551413123e+00
3.176395182668485112e-02	4.247576287278673313e+00
3.227798237155331956e-02	4.173013174219582844e+00
3.279995974408198012e-02	4.099837466276985865e+00
3.332999482974389333e-02	4.028008144071318242e+00
3.386819967779610557e-02	3.957485793595601375e+00
3.441468750086272566e-02	3.888232502999833251e+00
3.496957267401194086e-02	3.820211854981884425e+00
3.553297073330955597e-02	3.753388902253994797e+00
3.610499837383043115e-02	3.687730098235544318e+00
3.668577344711040217e-02	3.623203251981841344e+00
3.727541495801962868e-02	3.559777506165326066e+00
3.787404306103847595e-02	3.497423308240627637e+00
3.848177905591713965e-02	3.436112297620192102e+00
3.909874538269933475e-02	3.375817406001766496e+00
3.972506561609074477e-02	3.316512684142265410e+00
4.036086445915171295e-02	3.258173336484658122e+00
4.100626773629474642e-02	3.200775674968296958e+00
4.166140238556613473e-02	3.144297063378121759e+00
4.232639645019087987e-02	3.088715908952783806e+00
4.300137906936056520e-02	3.034011580167212507e+00
4.368648046824279846e-02	2.980164470907950669e+00
4.438183194719144686e-02	2.927155833509588412e+00
4.508756587013564715e-02	2.874967875867805223e+00
4.580381565212707229e-02	2.823583593846232809e+00
4.653071574602301447e-02	2.772986857184945197e+00
4.726840162828389869e-02	2.723162305628389124e+00
4.801700978386347352e-02	2.674095340532303577e+00
4.877667769016994642e-02	2.625772087551267120e+00
4.954754380007499182e-02	2.578179395728497525e+00
5.032974752395113355e-02	2.531304716466984850e+00
5.112342921071228591e-02	2.485136170095928687e+00
5.192873012783884301e-02	2.439662471404517863e+00
5.274579244036276676e-02	2.394872897274792578e+00
5.357475918879224530e-02	2.350757264225662002e+00
5.441577426595459871e-02	2.307305898471663230e+00
5.526898239273405483e-02	2.264509598355961995e+00
5.613452909268592389e-02	2.222359621608670288e+00
5.701256066550250412e-02	2.180847632968721861e+00
5.790322415931339201e-02	2.139965706194612238e+00
5.880666734179674365e-02	2.099706274066706513e+00
5.972303867008228739e-02	2.060062122260860384e+00
6.065248725942719993e-02	2.021026312365670652e+00
6.159516285064247504e-02	1.982592255946886262e+00
6.255121577625441520e-02	1.944753575382492050e+00
6.352079692537829225e-02	1.907504173726945362e+00
6.450405770729054911e-02	1.870838151906759839e+00
6.550115001367814993e-02	1.834749815880892365e+00
6.651222617955018790e-02	1.799233659822480957e+00
6.753743894279565230e-02	1.764284323853809511e+00
6.857694140236988978e-02	1.729896558989991728e+00
6.963088697509772773e-02	1.696065294737922224e+00
7.069942935107607906e-02	1.662785524883790389e+00
7.178272244766617516e-02	1.630052340942607536e+00
7.288092036206052227e-02	1.597860891622217672e+00
7.399417732241425627e-02	1.566206402955514276e+00
7.512264763753227770e-02	1.535084126686450778e+00
7.626648564509948269e-02	1.504489353296666554e+00
7.742584565845038458e-02	1.474417391835056934e+00
7.860088191186698214e-02	1.444863552704169107e+00
7.979174850440370892e-02	1.415823143278306828e+00
8.099859934223080371e-02	1.387291472396789072e+00
8.222158807949754566e-02	1.359263814084078037e+00
8.346086805771056605e-02	1.331735423859093936e+00
8.471659224362840246e-02	1.304701519163055989e+00
8.598891316567583432e-02	1.278157282790046478e+00
8.727798284887720859e-02	1.252097846334536024e+00
8.858395274831830368e-02	1.226518299119393918e+00
8.990697368113878540e-02	1.201413678017333897e+00
9.124719575706830010e-02	1.176778955117830483e+00
9.260476830751233901e-02	1.152609064273204975e+00
9.397983981320226499e-02	1.128898856446325150e+00
9.537255783042432322e-02	1.105643149331029251e+00
9.678306891584087523e-02	1.082836683765351582e+00
9.821151854992610231e-02	1.060474138258835186e+00
9.965805105903202676e-02	1.038550148911691728e+00
1.011228095361119128e-01	1.017059280731511528e+00
1.026059357601223909e-01	9.959960376916714431e-01
1.041075701141321308e-01	9.753548846785624615e-01
1.056278515021687736e-01	9.551302237443042298e-01
1.071669172648314211e-01	9.353164054474285560e-01
1.087249030937078448e-01	9.159077396055819165e-01
1.103019429446278066e-01	8.968984878180359388e-01
1.118981689497965670e-01	8.782828676676033286e-01
1.135137113288462313e-01	8.600550682599673591e-01
1.151486982988499941e-01	8.422092348804671724e-01
1.168032559833485917e-01	8.247394901492939301e-01
1.184775083204328699e-01	8.076399241929417272e-01
1.201715769699404773e-01	7.909046113569554448e-01
1.218855812198147981e-01	7.745275987471530454e-01
1.236196378916892824e-01	7.585029295403596938e-01
1.253738612457518942e-01	7.428246282216415253e-01
1.271483628849536807e-01	7.274867164891558602e-01
1.289432516586287158e-01	7.124832136613219458e-01
1.307586335655874510e-01	6.978081413168450986e-01
1.325946116567603972e-01	6.834555268507220838e-01
1.344512859374574487e-01	6.694193966489121461e-01
1.363287532693251147e-01	6.556938099760315497e-01
1.382271072720732685e-01	6.422728327228439671e-01
1.401464382250547924e-01	6.291505445559143483e-01
1.420868329687815235e-01	6.163210618918760764e-01
1.440483748064565472e-01	6.037785215730003818e-01
1.460311434056170976e-01	5.915170925369009902e-01
1.480352146999694141e-01	5.795309780081270290e-01
1.500606607915155599e-01	5.678144180383387640e-01
1.521075498530579662e-01	5.563616925065313357e-01
1.541759460311819263e-01	5.451671245329061666e-01
1.562659093498143525e-01	5.342250816450442308e-01
1.583774956144528845e-01	5.235299801464796676e-01
1.605107563171734864e-01	5.130762860491007160e-01
1.626657385425112345e-01	5.028585180369330443e-01
1.648424848743269278e-01	4.928712497752635313e-01
1.670410333037571082e-01	4.831091103459475011e-01
1.692614171383580723e-01	4.735667913714907695e-01
1.715036649125532553e-01	4.642390394755696592e-01
1.737678002994863524e-01	4.551206670249635655e-01
1.760538420243978053e-01	4.462065491362912639e-01
1.783618037796258771e-01	4.374916267857318353e-01
1.806916941413511113e-01	4.289709061033468163e-01
1.830435164881882293e-01	4.206394633427770202e-01
1.854172689217392922e-01	4.124924430235508144e-01
1.878129441892205376e-01	4.045250601168082771e-01
1.902305296082681396e-01	3.967326014628113628e-01
1.926700069940402160e-01	3.891104265936555784e-01
1.951313525887157785e-01	3.816539684448774228e-01
1.976145369935097262e-01	3.743587363950859337e-01
2.001195251032997779e-01	3.672203129026033186e-01
2.026462760439835253e-01	3.602343586665969766e-01
2.051947431126611709e-01	3.533966118549424773e-01
2.077648737207511698e-01	3.467028886715412539e-01
2.103566093401439963e-01	3.401490845974138311e-01
2.129698854524842977e-01	3.337311753133149761e-01
2.156046315016901804e-01	3.274452173434004298e-01
2.182607708497935062e-01	3.212873487689572038e-01
2.209382207362031170e-01	3.152537902027040539e-01
2.236368922404732840e-01	3.093408460711368213e-01
2.263566902486664201e-01	3.035449041487793820e-01
2.290975134233963761e-01	2.978624376912799021e-01
2.318592541776249571e-01	2.922900054192803521e-01
2.346417986522962296e-01	2.868242527603781511e-01
2.374450266978720692e-01	2.814619115450948672e-01
2.402688118598469147e-01	2.761998029591494208e-01
2.431130213682974606e-01	2.710348356697479533e-01
2.459775161315311542e-01	2.659640084776151436e-01
2.488621507338916461e-01	2.609844096443301176e-01
2.517667734377634359e-01	2.560932190848249079e-01
2.546912261898335861e-01	2.512877066720999308e-01
2.576353446316387297e-01	2.465652348881662015e-01
2.605989581144456113e-01	2.419232582764866135e-01
2.635818897184860066e-01	2.373593233965458349e-01
2.665839562765766613e-01	2.328710706457197965e-01
2.696049684021459281e-01	2.284562324628383323e-01
2.726447305216750383e-01	2.241126350710799797e-01
2.757030409115717728e-01	2.198381969543848069e-01
2.787796917394710361e-01	2.156309296592131552e-01
2.818744691099688837e-01	2.114889374736069749e-01
2.849871531147746828e-01	2.074104156772210994e-01
2.881175178872698028e-01	2.033936522140253333e-01
2.912653316614586263e-01	1.994370254119983699e-01
2.944303568352750200e-01	1.955390010637328146e-01
2.976123500382263920e-01	1.916981352256131588e-01
3.008110622033254300e-01	1.879130708233921476e-01
3.040262386432784347e-01	1.841825340905546282e-01
3.072576191308720173e-01	1.805053375639732449e-01
3.105049379835078116e-01	1.768803741440685418e-01
3.137679241518293582e-01	1.733066141216434708e-01
3.170463013123658857e-01	1.697831084191299966e-01
3.203397879641334822e-01	1.663089808050496055e-01
3.236480975291052831e-01	1.628834257625536852e-01
3.269709384564816745e-01	1.595057089569465458e-01
3.303080143306630911e-01	1.561751610846330851e-01
3.336590239828384763e-01	1.528911737159927842e-01
3.370236616060953150e-01	1.496532020059903878e-01
3.404016168739422143e-01	1.464607520912799277e-01
3.437925750621483312e-01	1.433133861914899776e-01
3.471962171737781877e-01	1.402107138322687407e-01
3.506122200673188471e-01	1.371523900732193879e-01
3.540402565877723284e-01	1.341381112952387544e-01
3.574799957005932449e-01	1.311676115328656300e-01
3.609311026283519297e-01	1.282406577477228082e-01
3.643932389899825486e-01	1.253570492204962028e-01
3.678660629424967965e-01	1.225166088102179196e-01
3.713492293250156284e-01	1.197191848053947572e-01
3.748423898049931813e-01	1.169646424837023496e-01
3.783451930264813967e-01	1.142528648234274330e-01
3.818572847603001197e-01	1.115837448607485266e-01
3.853783080559691765e-01	1.089571871777133133e-01
3.889079033952466125e-01	1.063731003117575902e-01
3.924457088471401400e-01	1.038313970781719470e-01
3.959913602242279285e-01	1.013319893758029971e-01
3.995444912401513449e-01	9.887478812212836810e-02
4.031047336681213289e-01	9.645969853868188726e-02
4.066717175002894646e-01	9.408661918894661857e-02
4.102450711078367007e-01	9.175543879658308588e-02
4.138244214016199574e-01	8.946603599317734523e-02
4.174093939932375097e-01	8.721827660080413991e-02
4.209996133563486120e-01	8.501201289395260430e-02
4.245947029881144141e-01	8.284708131559101463e-02
4.281942855705941353e-01	8.072330200007790668e-02
4.317979831319656014e-01	7.864047807816047786e-02
4.354054172074121043e-01	7.659839508224405846e-02
4.390162089995359174e-01	7.459681955266829478e-02
4.426299795381616331e-01	7.263550048684548621e-02
4.462463498393757222e-01	7.071416632325762397e-02
4.498649410636818557e-01	6.883252841913045650e-02
4.534853746731177804e-01	6.699027705717998382e-02
4.571072725872208364e-01	6.518708600426285915e-02
4.607302573376936272e-01	6.342260988509333675e-02
4.643539522216543203e-01	6.169648477593443758e-02
4.679779814533490678e-01	6.000833093913143096e-02
4.716019703141942632e-01	5.835774990489724090e-02
4.752255453010476027e-01	5.674432717063226939e-02
4.788483342725792791e-01	5.516763766839506700e-02
4.824699665936473814e-01	5.362723617457090114e-02
4.860900732775612632e-01	5.212266590915407005e-02
4.897082871261341785e-01	5.065345713758739876e-02
4.933242428674334823e-01	4.921912844922333996e-02
4.969375772911218125e-01	4.781918729797408202e-02
5.005479293813142050e-01	4.645313120208412194e-02
5.041549404468519402e-01	4.512044856121923131e-02
5.077582542489246231e-01	4.382061960447832666e-02
5.113575171259536756e-01	4.255311740120091418e-02
5.149523781156692959e-01	4.131740858832574914e-02
5.185424890743159931e-01	4.011295446782452145e-02
5.221275047929140323e-01	3.893921175560605824e-02
5.257070831105292719e-01	3.779563345888065778e-02
5.292808850244846708e-01	3.668166982560486233e-02
5.328485747974748277e-01	3.559676888280482315e-02
5.364098200615269318e-01	3.454037754065714116e-02
5.399642919187737089e-01	3.351194202867720240e-02
5.435116650390008353e-01	3.251090880158468560e-02
5.470516177539286318e-01	3.153672512530893840e-02
5.505838321482122710e-01	3.058883975583645554e-02
5.541079941471206416e-01	2.966670349169997847e-02
5.576237936008883178e-01	2.876976983246622502e-02
5.611309243657136570e-01	2.789749544213181165e-02
5.646290843813944749e-01	2.704934064527196938e-02
5.681179757455983026e-01	2.622476998825260322e-02
5.715973047847501265e-01	2.542325261832924232e-02
5.750667821215531550e-01	2.464426268434797423e-02
5.785261227391300665e-01	2.388727970753521182e-02
5.819750460418040561e-01	2.315178897485222625e-02
5.854132759125209029e-01	2.243728185362962868e-02
5.888405407669298208e-01	2.174325600975181988e-02
5.922565736041413009e-01	2.106921580633405386e-02
5.956611120541752680e-01	2.041467233919834132e-02
5.990538984221326357e-01	1.977914392981465139e-02
6.024346797291053601e-01	1.916215603126050077e-02
6.058032077498631818e-01	1.856324159409973931e-02
6.091592390473425933e-01	1.798194112130250405e-02
6.125025350039730032e-01	1.741780283915280586e-02
6.158328618498827289e-01	1.687038276538016177e-02
6.191499906880071347e-01	1.633924481621901875e-02
6.224536975161836239e-01	1.582396089272173484e-02
6.257437632461935184e-01	1.532411092123312814e-02
6.290199737198963748e-01	1.483928290095722947e-02
6.322821197224327561e-01	1.436907291871860649e-02
6.355299969925716219e-01	1.391308517774723745e-02
6.387634062302530724e-01	1.347093196252839055e-02
6.419821531013697458e-01	1.304223366973136441e-02
6.451860482398519281e-01	1.262661878158453238e-02
6.483749072471016728e-01	1.222372379026191204e-02
6.515485506888389899e-01	1.183319318774518451e-02
6.547068040894133967e-01	1.145467943806685943e-02
6.578494979236443330e-01	1.108784282796013675e-02
6.609764676062428457e-01	1.073235151284630991e-02
6.640875534788809320e-01	1.038788138970073160e-02
6.671826007949681614e-01	1.005411596601047536e-02
6.702614597021936405e-01	9.730746360161808550e-03
6.733239852229003786e-01	9.417471164235018122e-03
6.763700372323502297e-01	9.113996346828651812e-03
6.793994804349464678e-01	8.820035163742885945e-03
6.824121843384725050e-01	8.535308044643046335e-03
6.854080232264132544e-01	8.259542517047541860e-03
6.883868761284208659e-01	7.992473021827673288e-03
6.913486267889885628e-01	7.733840878562873999e-03
6.942931636343978585e-01	7.483394135692967263e-03
6.972203797379949997e-01	7.240887432156522911e-03
7.001301727838710187e-01	7.006081921904680140e-03
7.030224450289965787e-01	6.778745129385518875e-03
7.058971032638787779e-01	6.558650823253448989e-03
7.087540587718069718e-01	6.345578896951801183e-03
7.115932272867340203e-01	6.139315262089195188e-03
7.144145289498730067e-01	5.939651710568305369e-03
7.172178882650509513e-01	5.746385784989311088e-03
7.200032340528951247e-01	5.559320688260931294e-03
7.227704994038977038e-01	5.378265111999702176e-03
7.255196216304242718e-01	5.203033173806569101e-03
7.282505422177245613e-01	5.033444224868716295e-03
7.309632067739937344e-01	4.869322798314125456e-03
7.336575649795509246e-01	4.710498458841905906e-03
7.363335705351792271e-01	4.556805660523152376e-03
7.389911811096909755e-01	4.408083682549453729e-03
7.416303582867578292e-01	4.264176485236089754e-03
7.442510675110888263e-01	4.124932566270567320e-03
7.468532780339465216e-01	3.990204912302834639e-03
7.494369628581235565e-01	3.859850838215815073e-03
7.520020986823821030e-01	3.733731885581399994e-03
7.545486658454138018e-01	3.611713729977769540e-03
7.570766482693765953e-01	3.493666063240889394e-03
7.595860334030422045e-01	3.379462482581997110e-03
7.620768121646066540e-01	3.268980410632855299e-03
7.645489788842081413e-01	3.162100966961294609e-03
7.670025312461857814e-01	3.058708879329371296e-03
7.694374702311341796e-01	2.958692400423887803e-03
7.718538000577805924e-01	2.861943187544224981e-03
7.742515281247356329e-01	2.768356230079625085e-03
7.766306649521463878e-01	2.677829738966663962e-03
7.789912241232952450e-01	2.590265073449042870e-03
7.813332222261781812e-01	2.505566650464169810e-03
7.836566787950947077e-01	2.423641838402431931e-03
7.859616162522908844e-01	2.344400909276274890e-03
7.882480598496761637e-01	2.267756914915614735e-03
7.905160376106590281e-01	2.193625647333397218e-03
7.927655802721218503e-01	2.121925528698047781e-03
7.949967212265658389e-01	2.052577550942082628e-03
7.972094964644635962e-01	1.985505191757652114e-03
7.994039445168299451e-01	1.920634349360971632e-03
8.015801063980559915e-01	1.857893274643438635e-03
8.037380255490147452e-01	1.797212481079703489e-03
8.058777477804768274e-01	1.738524704960198045e-03
8.079993212168484762e-01	1.681764819482397394e-03
8.101027962402600480e-01	1.626869775416289526e-03
8.121882254350262231e-01	1.573778541795973389e-03
8.142556635324942338e-01	1.522432041693031835e-03
8.163051673563068711e-01	1.472773095609542773e-03
8.183367957680877103e-01	1.424746362094689474e-03
8.203506096135797510e-01	1.378298277916507756e-03
8.223466716692411360e-01	1.333377013799638255e-03
8.243250465893233736e-01	1.289932406036874840e-03
8.262858008534434973e-01	1.247915921761313159e-03
8.282290027146607114e-01	1.207280589939638835e-03
8.301547221480805039e-01	1.167980977966141982e-03
8.320630307999861142e-01	1.129973112181504365e-03
8.339540019375175639e-01	1.093214458266947731e-03
8.358277103989235624e-01	1.057663863163096256e-03
8.376842325443454307e-01	1.023281516723683823e-03
8.395236462072120931e-01	9.900289081245083195e-04
8.413460306462030580e-01	9.578687807665236566e-04
8.431514664978114748e-01	9.267651005342205641e-04
8.449400357295059338e-01	8.966830115725030539e-04
8.467118215935018899e-01	8.675887961736111721e-04
8.484669085811462619e-01	8.394498469380470710e-04
8.502053823779247566e-01	8.122346253219715068e-04
8.519273298190921384e-01	7.859126268028128253e-04
8.536328388459327732e-01	7.604543506971476801e-04
8.553219984626572181e-01	7.358312686528635689e-04
8.569948986939310842e-01	7.120157859079036212e-04
8.586516305430500484e-01	6.889812226440447706e-04
8.602922859507511344e-01	6.667017753084495063e-04
8.619169577546738070e-01	6.451524940152587873e-04
8.635257396494618876e-01	6.243092496006380932e-04
8.651187261475155044e-01	6.041487108491545941e-04
8.666960125403888604e-01	5.846483164927586537e-04
8.682576948608349277e-01	5.657862536370715035e-04
8.698038698454981787e-01	5.475414281909959198e-04
8.713346348982526912e-01	5.298934440180819898e-04
8.728500880541854023e-01	5.128225824559865626e-04
8.743503279442244036e-01	4.963097755320488528e-04
8.758354537604069456e-01	4.803365875638061929e-04
8.773055652217907063e-01	4.648851933517556727e-04
8.787607625409978862e-01	4.499383610464362249e-04
8.802011463913993472e-01	4.354794262294020969e-04
8.816268178749259166e-01	4.214922799056684496e-04
8.830378784905116296e-01	4.079613477714545168e-04
8.844344301031594746e-01	3.948715693197143994e-04
8.858165749136295286e-01	3.822083857998459923e-04
8.871844154287431561e-01	3.699577239404714486e-04
8.885380544323020491e-01	3.581059741160801720e-04
8.898775949566130050e-01	3.466399795523075257e-04
8.912031402546176651e-01	3.355470217409039493e-04
8.925147937726221059e-01	3.248148038565474454e-04
8.938126591236180696e-01	3.144314369780776904e-04
8.950968400611927223e-01	3.043854275871502642e-04
8.963674404540243890e-01	2.946656633134575446e-04
8.976245642609518294e-01	2.852614009162524858e-04
8.988683155066143904e-01	2.761622557136147690e-04
9.000987982576776902e-01	2.673581869755333471e-04
9.013161165995786650e-01	2.588394860646564804e-04
9.025203746138640293e-01	2.505967691130528787e-04
9.037116763560584243e-01	2.426209613465266947e-04
9.048901258340765752e-01	2.349032925521864527e-04
9.060558269871730186e-01	2.274352825471615913e-04
9.072088836654177424e-01	2.202087299029013064e-04
9.083493996096961842e-01	2.132157103769830107e-04
9.094774784322245953e-01	2.064485585731188830e-04
9.105932235975746636e-01	1.998998658804062938e-04
9.116967384042004019e-01	1.935624687554465286e-04
9.127881259664610836e-01	1.874294415309674382e-04
9.138674891971317882e-01	1.814940880614205221e-04
9.149349307903995587e-01	1.757499350443011564e-04
9.159905532053314037e-01	1.701907226306341729e-04
9.170344586498112571e-01	1.648103997172241527e-04
9.180667490649414564e-01	1.596031145632644704e-04
9.190875261098953031e-01	1.545632104658443821e-04
9.200968911472198197e-01	1.496852164782559356e-04
9.210949452285787098e-01	1.449638455053695084e-04
9.220817890809289707e-01	1.403939830105085463e-04
9.230575230931252761e-01	1.359706849414346662e-04
9.240222473029451322e-01	1.316891706111573284e-04
9.249760613845250390e-01	1.275448175262934851e-04
9.259190646362069899e-01	1.235331557510628694e-04
9.268513559687807657e-01	1.196498638022326698e-04
9.277730338941224675e-01	1.158907622368483364e-04
9.286841965142159649e-01	1.122518104333102164e-04
9.295849415105574831e-01	1.087290998225380481e-04
9.304753661339294490e-01	1.053188527104131949e-04
9.313555671945420444e-01	1.020174156537973062e-04
9.322256410525348036e-01	9.882125363115604330e-05
9.330856836088280426e-01	9.572695119763263369e-05
9.339357902963246749e-01	9.273120349881709852e-05
9.347760560714479805e-01	8.983081566977815194e-05
9.356065754060159945e-01	8.702269695931713080e-05
9.364274422794394148e-01	8.430385928156049289e-05
9.372387501712418079e-01	8.167141227122628371e-05
9.380405920538960052e-01	7.912256173095357382e-05
9.388330603859633694e-01	7.665460322661143164e-05
9.396162471055360399e-01	7.426492366375301928e-05
9.403902436239928164e-01	7.195099403149447358e-05
9.411551408200039548e-01	6.971036891658308177e-05
9.419110290338615910e-01	6.754068375822577330e-05
9.426579980620642951e-01	6.543965032782434214e-05
9.433961371521826234e-01	6.340505609634494277e-05
9.441255349979863487e-01	6.143476111054235668e-05
9.448462797348335940e-01	5.952669563374782865e-05
9.455584589353160929e-01	5.767885763661198913e-05
9.462621596051500328e-01	5.588930957588462094e-05
9.469574681793143656e-01	5.415617894049484197e-05
9.476444705184247086e-01	5.247765334490305319e-05
9.483232519053392817e-01	5.085197968812129547e-05
9.489938970419959929e-01	4.927746267840154182e-05
9.496564900464663506e-01	4.775246185252522468e-05
9.503111144502303098e-01	4.627539006978301277e-05
9.509578531956621728e-01	4.484471289231557994e-05
9.515967886337216575e-01	4.345894496879899388e-05
9.522280025218475830e-01	4.211664962375929409e-05
9.528515760220498398e-01	4.081643675012794256e-05
9.534675896991912092e-01	3.955696186439942749e-05
9.540761235194579193e-01	3.833692428246694245e-05
9.546772568490127231e-01	3.715506461272697893e-05
9.552710684528250562e-01	3.601016555258635852e-05
9.558576364936763881e-01	3.490104896601303757e-05
9.564370385313321066e-01	3.382657412422022220e-05
9.570093515218811575e-01	3.278563858044907035e-05
9.575746518172338906e-01	3.177717485129133440e-05
9.581330151647742266e-01	3.080015011980026773e-05
9.586845167071695872e-01	2.985356493978096428e-05
9.592292309823221563e-01	2.893645244640330238e-05
9.597672319234666904e-01	2.804787680628817282e-05
9.602985928594089948e-01	2.718693260065423067e-05
9.608233865148982922e-01	2.635274348350333365e-05
9.613416850111322631e-01	2.554446140866961485e-05
9.618535598663903174e-01	2.476126593879196934e-05
9.623590819967913212e-01	2.400236281050338271e-05
9.628583217171726716e-01	2.326698338541014472e-05
9.633513487420855004e-01	2.255438387852471972e-05
9.638382321869041203e-01	2.186384433309351708e-05
9.643190405690469369e-01	2.119466794732792500e-05
9.647938418092975033e-01	2.054618051363523812e-05
9.652627032332524726e-01	1.991772917494464000e-05
9.657256915728277269e-01	1.930868229396405598e-05
9.661828729679033945e-01	1.871842827896212237e-05
9.666343129680392554e-01	1.814637542458718549e-05
9.670800765342899563e-01	1.759195048415968925e-05
9.675202280411048239e-01	1.705459927273665529e-05
9.679548312783139430e-01	1.653378466434456649e-05
9.683839494531951697e-01	1.602898718170228873e-05
9.688076451926233013e-01	1.553970366958398107e-05
9.692259805452912991e-01	1.506544711595220365e-05
9.696390169840105600e-01	1.460574621752459887e-05
9.700468154080765792e-01	1.416014448105590678e-05
9.704494361457078888e-01	1.372820005992072526e-05
9.708469389565484997e-01	1.330948509109317323e-05
9.712393830342345158e-01	1.290358563782688362e-05
9.716268270090220316e-01	1.251010043463632119e-05
9.720093289504715406e-01	1.212864150149802138e-05
9.723869463701926286e-01	1.175883269760156735e-05
9.727597362246389601e-01	1.140031023783697073e-05
9.731277549179567776e-01	1.105272176251082358e-05
9.734910583048818067e-01	1.071572569403464279e-05
9.738497016936864537e-01	1.038899195356297527e-05
9.742037398491675271e-01	1.007220039564533042e-05
9.745532269956815874e-01	9.765041262337956473e-06
9.748982168202195986e-01	9.467214348482601812e-06
9.752387624755208817e-01	9.178429230488965458e-06
9.755749165832260372e-01	8.898404441879682384e-06
9.759067312370618419e-01	8.626867475772062282e-06
9.762342580060650032e-01	8.363554483791458283e-06
9.765575479378333368e-01	8.108209667343795591e-06
9.768766515618095836e-01	7.860585737050196020e-06
9.771916188925928726e-01	7.620442576908617527e-06
9.775024994332773831e-01	7.387548203562207577e-06
9.778093421788173201e-01	7.161677476063154359e-06
9.781121956194129829e-01	6.942612603395978910e-06
9.784111077439208159e-01	6.730142428126978191e-06
9.787061260432856624e-01	6.524062717391818911e-06
9.789972975139884515e-01	6.324175141086703859e-06
9.792846686615139795e-01	6.130287977443250115e-06
9.795682855038361225e-01	5.942215249276315897e-06
9.798481935749157046e-01	5.759776955074885173e-06
9.801244379282085806e-01	5.582798693497960889e-06
9.803970631402108005e-01	5.411111226933851726e-06
9.806661133139664699e-01	5.244551074932296892e-06
9.809316320826340085e-01	5.082959224608463338e-06
9.811936626130344230e-01	4.926182122006478636e-06
9.814522476092173431e-01	4.774070738316106876e-06
9.817074293160293896e-01	4.626480610811203721e-06
9.819592495226905360e-01	4.483271944566093084e-06
9.822077495663726898e-01	4.344308957021696163e-06
9.824529703357833821e-01	4.209460396333210065e-06
9.826949522747534527e-01	4.078598784347286939e-06
9.829337353858211834e-01	3.951600757845236907e-06
9.831693592338224263e-01	3.828346527441855743e-06
9.834018629494779562e-01	3.708720001987918862e-06
9.836312852329779366e-01	3.592608888916627474e-06
9.838576643575691616e-01	3.479903990259427339e-06
9.840810381731333045e-01	3.370499710739073694e-06
9.843014441097663880e-01	3.264293354730334313e-06
9.845189191813509266e-01	3.161185704381798969e-06
9.847334999891249607e-01	3.061080056457985503e-06
9.849452227252413206e-01	2.963883107810885322e-06
9.851541231763263351e-01	2.869504063964376902e-06
9.853602367270251072e-01	2.777854906653135477e-06
9.855635983635405717e-01	2.688850160028724837e-06
9.857642426771672239e-01	2.602407048559112479e-06
9.859622038678101941e-01	2.518445008019716491e-06
9.861575157474991027e-01	2.436885996910588727e-06
9.863502117438878170e-01	2.357654209420878932e-06
9.865403249037445477e-01	2.280675989433904982e-06
9.867278878964320654e-01	2.205879844785670565e-06
9.869129330173723735e-01	2.133196159533819970e-06
9.870954921915029434e-01	2.062557578447867840e-06
9.872755969767141870e-01	1.993898259535738404e-06
9.874532785672798241e-01	1.927154457964030448e-06
9.876285677972682642e-01	1.862263905883118223e-06
9.878014951439422209e-01	1.799166226300382399e-06
9.879720907311413391e-01	1.737802479866951248e-06
9.881403843326532765e-01	1.678115265644587914e-06
9.883064053755641343e-01	1.620048604761830614e-06
9.884701829435962317e-01	1.563547868221421126e-06
9.886317457804293385e-01	1.508559724961429255e-06
9.887911222929997024e-01	1.455032073656673544e-06
9.889483405548026296e-01	1.402913815742682911e-06
9.891034283091407753e-01	1.352154969645512977e-06
9.892564129723883104e-01	1.302706520134319069e-06
9.894073216372225588e-01	1.254520232639441829e-06
9.895561810758398691e-01	1.207548653555994830e-06
9.897030177431532794e-01	1.161744876657604383e-06
9.898478577799696421e-01	1.117062641941029222e-06
9.899907270161505402e-01	1.073455934705532281e-06
9.901316509737527749e-01	1.030879079803791675e-06
9.902706548701503131e-01	9.892863283505767267e-07
9.904077636211336966e-01	9.486318487198224937e-07
9.905430018439942419e-01	9.088694147728414407e-07
9.906763938605858133e-01	8.699521322943741604e-07
9.908079637003655016e-01	8.318321170771974789e-07
9.909377351034163173e-01	7.944601716951045847e-07
9.910657315234497888e-01	7.577851892532679629e-07
9.911919761307839138e-01	7.217535497167918616e-07
9.913164918153068994e-01	6.863084560951011205e-07
9.914393011894134800e-01	6.513889652728401277e-07
9.915604265909256920e-01	6.169285665983700595e-07
9.916798900859908894e-01	5.828536031144577639e-07
9.917977134719563326e-01	5.490809665069036388e-07
9.919139182802265697e-01	5.150109375646642588e-07
9.920285257790970590e-01	4.815529945002438172e-07
9.921415569765682507e-01	4.480512127437810548e-07
9.922530326231352449e-01	4.143344602602583481e-07
9.923629732145613502e-01	3.801810441219763796e-07
9.924713989946235548e-01	3.452911094553251976e-07
9.925783299578430086e-01	3.092367156750793596e-07
9.926837858521896374e-01	2.713626817501038439e-07
9.927877861817662186e-01	2.305609348730967279e-07
9.928903502094731381e-01	1.846603290151986458e-07
9.929914969596475016e-01	1.280211233996329518e-07
9.930912452206853702e-01	0.000000000000000000e+00
