# Data associated with arXiv:2208.14002
# 
# Scale-free J-factor angular distribution, J_S(theta), of a nfw1-0rhos4e6 dark matter distribution (see Eq. 2.4 and the surrounding discussion)
# 
# Published: 8/25/22, Jack Runburg and Kenny Kiriu, contact: runburg@hawaii.edu
# 
# 
# -----------------------------------------------------------------
# 
# 	 tilde theta 		 | 	 tilde J s-wave 		 | 	 tilde J p-wave 		 | 	 tilde J d-wave 		 | 	 tilde J sommerfeld 
# 
# -----------------------------------------------------------------
1.000000000000000021e-03	2.062082864201137563e+05	8.364463420517864506e+03	7.976339706464877963e+03	3.644739120006121229e+06
1.021192151037671062e-03	2.035882097210692009e+05	8.334545745220995741e+03	7.962658309660841041e+03	3.580711603232362773e+06
1.042833409340945643e-03	2.009114890349422931e+05	8.303908812992445746e+03	7.948641928535318584e+03	3.515369955697017722e+06
1.064933292458827233e-03	1.981787311485987448e+05	8.272551835123142155e+03	7.934289595666993591e+03	3.448736760206655134e+06
1.087501519637659123e-03	1.953908028301606246e+05	8.240476299937765361e+03	7.919601342094136271e+03	3.380841719012433197e+06
1.110548016095517111e-03	1.925488729419852025e+05	8.207686394185597237e+03	7.904578389965222414e+03	3.311722769359344151e+06
1.134082917387199208e-03	1.896544637343219947e+05	8.174189528731300015e+03	7.889223394778106012e+03	3.241427434325160459e+06
1.158116573861711456e-03	1.867095145668615005e+05	8.139997010513398891e+03	7.873540757807304544e+03	3.170014488581903744e+06
1.182659555214217667e-03	1.837164630740336142e+05	8.105124928091482616e+03	7.857537042024263428e+03	3.097556060176401399e+06
1.207722655134462354e-03	1.806783519325525558e+05	8.069595364683378648e+03	7.841221548297051413e+03	3.024140361877201125e+06
1.233316896053688856e-03	1.775989753679634014e+05	8.033438144188789920e+03	7.824607155085452177e+03	2.949875381046039984e+06
1.259453533992170365e-03	1.744830919085794303e+05	7.996693511451242557e+03	7.807711624588156155e+03	2.874894132146439515e+06
1.286144063509461061e-03	1.713367583854825643e+05	7.959416612779646130e+03	7.790559816201818649e+03	2.799362698106789496e+06
1.313400222759557485e-03	1.681679157275894831e+05	7.921685910234585208e+03	7.773187899566630222e+03	2.723493907182590570e+06
1.341233998653187541e-03	1.649876011973230343e+05	7.883621860383264902e+03	7.755652823866395920e+03	2.647574640922833234e+06
1.369657632129505243e-03	1.618132339587159222e+05	7.845441002963127175e+03	7.738060027729963622e+03	2.572037060631528497e+06
1.398683623539492566e-03	1.586841171968803392e+05	7.807725460216423926e+03	7.720702575263334438e+03	2.497782806720918044e+06
1.428324738143458596e-03	1.555094554962827242e+05	7.768691409587360795e+03	7.702645888323535473e+03	2.423087217755762860e+06
1.458594011725036863e-03	1.523534106486303499e+05	7.729067241673720673e+03	7.684236261898381599e+03	2.349596370954343583e+06
1.489504756324154782e-03	1.491866388550162665e+05	7.688147544522117641e+03	7.665092353255061425e+03	2.276842114175754134e+06
1.521070566091505720e-03	1.461172926045927161e+05	7.647932329803566972e+03	7.646254580304960655e+03	2.206968607469936833e+06
1.553305323267072666e-03	1.431244760708936956e+05	7.608092687482119800e+03	7.627555168845264234e+03	2.139493101059721783e+06
1.586223204285366938e-03	1.401528668880379701e+05	7.567575881691434915e+03	7.608439973325516803e+03	2.073304996187755140e+06
1.619838686010041055e-03	1.372436575689269521e+05	7.527175458245798836e+03	7.589323354141216441e+03	2.009182436367969029e+06
1.654166552100628336e-03	1.343953426180323877e+05	7.486890183622004770e+03	7.570204581921067074e+03	1.947061986437411280e+06
1.689221899514206692e-03	1.316053067059092573e+05	7.446709248813913291e+03	7.551078836407204108e+03	1.886839375874487450e+06
1.725020145144853453e-03	1.288728019015882746e+05	7.406636878439290740e+03	7.531947664758254177e+03	1.828472059906846611e+06
1.761577032603788440e-03	1.261977067739838385e+05	7.366682786307266724e+03	7.512814993080141903e+03	1.771930442595999688e+06
1.798908639143220224e-03	1.235785599314406427e+05	7.326844889681634413e+03	7.493679799160089715e+03	1.717151435151630780e+06
1.837031382726912916e-03	1.210130094141713489e+05	7.287110956293109666e+03	7.474537359283494879e+03	1.664047385656272061e+06
1.875962029250603357e-03	1.185003707317542576e+05	7.247483773131458292e+03	7.455389161470029649e+03	1.612575892832090147e+06
1.915717699915417882e-03	1.160405499220908532e+05	7.207972972316303640e+03	7.436239192142987122e+03	1.562717138742970536e+06
1.956315878757565116e-03	1.136321335438381066e+05	7.168576136457798384e+03	7.417086157049530811e+03	1.514409166511336807e+06
1.997774420337589726e-03	1.112730070647056273e+05	7.129283679105671581e+03	7.397925620923366296e+03	1.467579141758458689e+06
2.040111557592579582e-03	1.089625441594085278e+05	7.090099639085089620e+03	7.378759145116747277e+03	1.422191397041339427e+06
2.083345909854779961e-03	1.067006738958932110e+05	7.051033870717341415e+03	7.359590797418049988e+03	1.378224091772115789e+06
2.127496491040134757e-03	1.044860337240312365e+05	7.012083413533298881e+03	7.340419003968160723e+03	1.335625938810566906e+06
2.172582718010372237e-03	1.023167230743506079e+05	6.973238596160835186e+03	7.321239488607368003e+03	1.294330750345175155e+06
2.218624419112281976e-03	1.001921690843556280e+05	6.934501183757668514e+03	7.302053701737343545e+03	1.254307033428539056e+06
2.265641842897974604e-03	9.811231958251145261e+04	6.895880268944555610e+03	7.282865724853058055e+03	1.215534652871573111e+06
2.313655667029933423e-03	9.607586540383019019e+04	6.857372202169792217e+03	7.263673696557084440e+03	1.177968309093079297e+06
2.362687007374795686e-03	9.408109860408659733e+04	6.818968368453710355e+03	7.244473548831099833e+03	1.141551939895893680e+06
2.412757427289825233e-03	9.212749509506240429e+04	6.780672974724809137e+03	7.225266879851358681e+03	1.106255940112199867e+06
2.463888947106213784e-03	9.021501889984747686e+04	6.742495807834925472e+03	7.206057875449458152e+03	1.072066797197826905e+06
2.516104053813336943e-03	8.834241480012990360e+04	6.704432801447678685e+03	7.186844421118729770e+03	1.038939104945196188e+06
2.569425710948245768e-03	8.650814861114596715e+04	6.666475958122105112e+03	7.167622645213606120e+03	1.006826470579961198e+06
2.623877368694733318e-03	8.471174096521169122e+04	6.628628163893174133e+03	7.148394077528436355e+03	9.757022324183315504e+05
2.679482974196439188e-03	8.295316907918448851e+04	6.590897130057511276e+03	7.129162826807444617e+03	9.455527926203865791e+05
2.736266982088478034e-03	8.123123253223800566e+04	6.553277885038537534e+03	7.109926474877744113e+03	9.163384377257876331e+05
2.794254365252289707e-03	7.954455356721224962e+04	6.515762907623286083e+03	7.090681324387068344e+03	8.880175263445716118e+05
2.853470625798387814e-03	7.789269383543109871e+04	6.478356335057396791e+03	7.071428998370784029e+03	8.605706856050199131e+05
2.913941806281861776e-03	7.627564119600468257e+04	6.441068147745550959e+03	7.052173805250518853e+03	8.339826776680084877e+05
2.975694501155571117e-03	7.469225027174194111e+04	6.403893095796123816e+03	7.032913090562137768e+03	8.082206763945657294e+05
3.038755868466027146e-03	7.314128411564620910e+04	6.366824162262338177e+03	7.013643337671664995e+03	7.832465772304714192e+05
3.103153641797168783e-03	7.162234197343165579e+04	6.329865271688749999e+03	6.994366165971605369e+03	7.590430112012710888e+05
3.168916142467233243e-03	7.013542020216809760e+04	6.293024192554231377e+03	6.975085771613933503e+03	7.355973935404915828e+05
3.236072291984112663e-03	6.867942822837112180e+04	6.256293876951491256e+03	6.955799138911478622e+03	7.128778711851662956e+05
3.304651624764658874e-03	6.725325584035857173e+04	6.219667862464302743e+03	6.936502941982087577e+03	6.908534945390701760e+05
3.374684301123556836e-03	6.585653688574784610e+04	6.183150321751376396e+03	6.917198829187747833e+03	6.695070786720403703e+05
3.446201120537424525e-03	6.448927391813525901e+04	6.146751174408438601e+03	6.897891198662663555e+03	6.488314461642191745e+05
3.519233535190044709e-03	6.315043102434644243e+04	6.110464257910165543e+03	6.878576879660819941e+03	6.287957777871097205e+05
3.593813663804625805e-03	6.183901186755777599e+04	6.074283396116979930e+03	6.859252712307731599e+03	6.093735548368628370e+05
3.669974305769219299e-03	6.055468164006638835e+04	6.038212838174495118e+03	6.839920382125640572e+03	5.905500083690598840e+05
3.747748955561452412e-03	5.929744866304845345e+04	6.002261522765165864e+03	6.820584252654014563e+03	5.723173739821609342e+05
3.827171817478984984e-03	5.806632962865012087e+04	5.966420354379061791e+03	6.801240689895722426e+03	5.546485372373100836e+05
3.908277820682117681e-03	5.686043099463972612e+04	5.930683388062035192e+03	6.781886667475542708e+03	5.375194300334409345e+05
3.991102634555192957e-03	5.567944687125924247e+04	5.895054877910342839e+03	6.762523872138114712e+03	5.209186163763059303e+05
4.075682684393532908e-03	5.452338936968024063e+04	5.859544821878757830e+03	6.743156803380948077e+03	5.048382871322556748e+05
4.162055167422817371e-03	5.339132727509905817e+04	5.824146217143717877e+03	6.723781811219088013e+03	4.892559570716075832e+05
4.250258069157961290e-03	5.228245928585649381e+04	5.788853901994530133e+03	6.704396084218924443e+03	4.741508494720599847e+05
4.340330180108637088e-03	5.119650578320629575e+04	5.753671845364347973e+03	6.685001310289843786e+03	4.595111148068102775e+05
4.432311112838861061e-03	5.013348222326266841e+04	5.718609587623434891e+03	6.665601986451905759e+03	4.453312585722213844e+05
4.526241319388085715e-03	4.909250744135639980e+04	5.683657291285738211e+03	6.646193975041393969e+03	4.315894595699900528e+05
4.622162109061505458e-03	4.807286328839585622e+04	5.648809363554115407e+03	6.626774536243591683e+03	4.182679199033643818e+05
4.720115666597336779e-03	4.707429451233911095e+04	5.614069894031119475e+03	6.607345369221339752e+03	4.053561822463619756e+05
4.820145070719144588e-03	4.609681800424022367e+04	5.579448894067028050e+03	6.587911052426635251e+03	3.928501625881203217e+05
4.922294313081310678e-03	4.513960210231383826e+04	5.544938648375725279e+03	6.568467477758406858e+03	3.807305758495943737e+05
5.026608317615998724e-03	4.420200308359236806e+04	5.510534812337965377e+03	6.549012170347527899e+03	3.689817793250862160e+05
5.133132960290130720e-03	4.328378790212899912e+04	5.476241502765597033e+03	6.529546856269298587e+03	3.575959916329353000e+05
5.241915089281041530e-03	4.238497447510407801e+04	5.442068136623558530e+03	6.510076093112642411e+03	3.465673198035582318e+05
5.353002545579732367e-03	4.150477862667718728e+04	5.408004431818530065e+03	6.490595275097033664e+03	3.358792336335165310e+05
5.466444184030696055e-03	4.064262361378927017e+04	5.374045390727730592e+03	6.471101975394330111e+03	3.255177796252359985e+05
5.582289894817666839e-03	3.979829650434118230e+04	5.340195069821476864e+03	6.451597936158578705e+03	3.154757110262870556e+05
5.700590625404708227e-03	3.897181627607187693e+04	5.306463179799595309e+03	6.432087755879513679e+03	3.057485056798493606e+05
5.821398402942216249e-03	3.816244382576813950e+04	5.272841437334219336e+03	6.412566874479032776e+03	2.963215372641084832e+05
5.944766357147824969e-03	3.736966280030275084e+04	5.239326246088291555e+03	6.393033138952565423e+03	2.871834976685479633e+05
6.070748743672167193e-03	3.659327903358813637e+04	5.205921778673357949e+03	6.373488329318359320e+03	2.783269202351045678e+05
6.199400967959818945e-03	3.583331092075868219e+04	5.172637487488774241e+03	6.353937071487946014e+03	2.697492529262151802e+05
6.330779609615908021e-03	3.508906376126351824e+04	5.139462304763684187e+03	6.334374277000065376e+03	2.614355300621798087e+05
6.464942447289089879e-03	3.436007507426283701e+04	5.106391908070174395e+03	6.314797785433283025e+03	2.533761161154059228e+05
6.601948484081890736e-03	3.364616774774892838e+04	5.073430449296880397e+03	6.295209388346078413e+03	2.455649265555341844e+05
6.741857973499477616e-03	3.294735959663007088e+04	5.040587588082528782e+03	6.275613755219374980e+03	2.379990845565478085e+05
6.884732445948405985e-03	3.226299806167295901e+04	5.007854422737792447e+03	6.256005920253963268e+03	2.306662134135813103e+05
7.030634735796891313e-03	3.159266914832061229e+04	4.975228065941585555e+03	6.236384026076983901e+03	2.235576567760104372e+05
7.179629009008595825e-03	3.093621130988713776e+04	4.942712712903046850e+03	6.216749900113780313e+03	2.166689065506343031e+05
7.331780791361950343e-03	3.029364158148047864e+04	4.910317529466127780e+03	6.197108191843349232e+03	2.099963341202546726e+05
7.487156997267587974e-03	2.966434756052060766e+04	4.878030664525637803e+03	6.177453310507787137e+03	2.035293069492075301e+05
7.645825959196438613e-03	2.904795891076433327e+04	4.845848851207112602e+03	6.157783436638636886e+03	1.972598591529145197e+05
7.807857457731475631e-03	2.844432800946279167e+04	4.813776349660737651e+03	6.138100413806875622e+03	1.911836799850482203e+05
7.973322752256328111e-03	2.785347117541507032e+04	4.781822663336664846e+03	6.118408954496329898e+03	1.852982895155598235e+05
8.142294612294233985e-03	2.727481419865774660e+04	4.749978334180518686e+03	6.098703677665625037e+03	1.795939184653731354e+05
8.314847349511189298e-03	2.670802581033656679e+04	4.718241197752064181e+03	6.078983048886781944e+03	1.740642036211266532e+05
8.491056850397209546e-03	2.615297143965437863e+04	4.686615302187507950e+03	6.059248898058448503e+03	1.687049131527798017e+05
8.671000609640279119e-03	2.560966614641803608e+04	4.655108989470917550e+03	6.039505744095969931e+03	1.635144203308056167e+05
8.854757764207504128e-03	2.507757219546335182e+04	4.623710144138633950e+03	6.019747593190437328e+03	1.584832306136959523e+05
9.042409128148579806e-03	2.455639335039215439e+04	4.592416746759898160e+03	5.999973039928500839e+03	1.536058437109712104e+05
9.234037228136720080e-03	2.404600707924155722e+04	4.561233038720083641e+03	5.980183987910360884e+03	1.488788188635858241e+05
9.429726339762870002e-03	2.354642675901105031e+04	4.530168348152402359e+03	5.960385141907308025e+03	1.443002632793743396e+05
9.629562524599030379e-03	2.305714959222762991e+04	4.499212767467620324e+03	5.940570743631912592e+03	1.398624127588353876e+05
9.833633668047030499e-03	2.257791065365972827e+04	4.468364799770578429e+03	5.920739592890927270e+03	1.355602636806684022e+05
1.004202951798940403e-02	2.210859828444572122e+04	4.437628397117603527e+03	5.900893580866732918e+03	1.313910058987683442e+05
1.025484172425938229e-02	2.164922453922378918e+04	4.407010256573815241e+03	5.881036915267818586e+03	1.273525349468926142e+05
1.047216387894729824e-02	2.119931931683330913e+04	4.376499357587639679e+03	5.861163437982388132e+03	1.234380887960839173e+05
1.069409155756119272e-02	2.075864590346742261e+04	4.346094394698492579e+03	5.841272057943319851e+03	1.196433414498626371e+05
1.092072236105970547e-02	2.032710263882683648e+04	4.315799689562818457e+03	5.821364763671100263e+03	1.159654760490549234e+05
1.115215595877575537e-02	1.990469998605877481e+04	4.285624301534083315e+03	5.801446244640494115e+03	1.124032497924411000e+05
1.138849413224978825e-02	1.949099902353950529e+04	4.255557993428933514e+03	5.781510392744612545e+03	1.089503010076372739e+05
1.162984081999205582e-02	1.908578825559829420e+04	4.225599795646898201e+03	5.761556296196943549e+03	1.056030478871633677e+05
1.187630216319339981e-02	1.868897511802850568e+04	4.195751935588308697e+03	5.741585496715361842e+03	1.023588724130311748e+05
1.212798655240480798e-02	1.830056851630073652e+04	4.166021761270260868e+03	5.721602332796725022e+03	9.921660594274364121e+04
1.238500467520621366e-02	1.792015898453295813e+04	4.136398934703515806e+03	5.701600507251033378e+03	9.617063682574845734e+04
1.264746956488544717e-02	1.754755759042004865e+04	4.106882700751481025e+03	5.681579207522256183e+03	9.321773262746699038e+04
1.291549665014883955e-02	1.718268019098382501e+04	4.077477288962543753e+03	5.661540442417782288e+03	9.035600060867307184e+04
1.318920380588532899e-02	1.682553397445331575e+04	4.048191575800301507e+03	5.641488935792938719e+03	8.758409224561064912e+04
1.346871140500627631e-02	1.647573739636899336e+04	4.019015063186238876e+03	5.621418251472307929e+03	8.489721644430891320e+04
1.375414237138396570e-02	1.613312170827860064e+04	3.989945488670021859e+03	5.601327288206880439e+03	8.229242416858095385e+04
1.404562223391196511e-02	1.579761042254449967e+04	3.960985421503997713e+03	5.581217664309290740e+03	7.976788935706381744e+04
1.434327918171109106e-02	1.546920910393139820e+04	3.932143211333428553e+03	5.561093971010244786e+03	7.732249383104528533e+04
1.464724412050539583e-02	1.514756249920041409e+04	3.903408615952243963e+03	5.540949727911337504e+03	7.495199587973961025e+04
1.495765073019278586e-02	1.483251992788485222e+04	3.874781460009092370e+03	5.520784439155214386e+03	7.265402774615246744e+04
1.527463552363575450e-02	1.452401191602363542e+04	3.846266066176170170e+03	5.500600227005037596e+03	7.042686948562831094e+04
1.559833790669801906e-02	1.422204241621966139e+04	3.817870712161957272e+03	5.480401706621520134e+03	6.826977709758425772e+04
1.592890023955338338e-02	1.392628096442130845e+04	3.789582758102685602e+03	5.460181558858680546e+03	6.617859783768741181e+04
1.626646789929399317e-02	1.363659304861450255e+04	3.761400665625884358e+03	5.439938948896667171e+03	6.415125929919545888e+04
1.661118934386526108e-02	1.335291555771648200e+04	3.733328737283547525e+03	5.419676016603603784e+03	6.218633664858739212e+04
1.696321617735579643e-02	1.307525094378882022e+04	3.705375230244766044e+03	5.399397382378929251e+03	6.028307785426599730e+04
1.732270321667098503e-02	1.280329203992795374e+04	3.677529820473936070e+03	5.379096294487158957e+03	5.843804139862117154e+04
1.768980855961942850e-02	1.253691879555019659e+04	3.649792652479425669e+03	5.358772477168688056e+03	5.664937559211494954e+04
1.806469365444235767e-02	1.227607394393387040e+04	3.622167612744967755e+03	5.338428034722753182e+03	5.491597336771149276e+04
1.844752337081655841e-02	1.202075840451012846e+04	3.594660185650735002e+03	5.318066736109003614e+03	5.323684790980099206e+04
1.883846607236187159e-02	1.177068700081373026e+04	3.567259082261347885e+03	5.297681388427129605e+03	5.160899131587400916e+04
1.923769369068539445e-02	1.152575255172360448e+04	3.539964900014289015e+03	5.277271934831001090e+03	5.003079880319216318e+04
1.964538180099485026e-02	1.128590316417109534e+04	3.512782049881682724e+03	5.256840640043064923e+03	4.850126866938357125e+04
2.006170969931423895e-02	1.105113834134547869e+04	3.485718361817632285e+03	5.236392041369256731e+03	4.701968140755064815e+04
2.048686048133601528e-02	1.082119346457528627e+04	3.458763331025349089e+03	5.215919119456047156e+03	4.558338045074319962e+04
2.092102112294418406e-02	1.059597290550146317e+04	3.431915634717102876e+03	5.195421228527250605e+03	4.419096548652555066e+04
2.136438256244391209e-02	1.037542964207667501e+04	3.405177985678101777e+03	5.174900101808177169e+03	4.284135176459251670e+04
2.181713978453380873e-02	1.015956183648456681e+04	3.378558112648086535e+03	5.154360289893827030e+03	4.153409252478306735e+04
2.227949190605761978e-02	9.948124193609679423e+03	3.352045364109833827e+03	5.133794597056657949e+03	4.026665571082798851e+04
2.275164226357336353e-02	9.741031387259239636e+03	3.325640764174070682e+03	5.113203215966725111e+03	3.903792192360461195e+04
2.323379850277806913e-02	9.538240838160305429e+03	3.299348704654475569e+03	5.092588555246010401e+03	3.784704905634555325e+04
2.372617266982774559e-02	9.339749432844671901e+03	3.273175500189016020e+03	5.071954601254297813e+03	3.669352155606776068e+04
2.422898130459259780e-02	9.145330011681067845e+03	3.247108126379167061e+03	5.051293087401037155e+03	3.557510735887454939e+04
2.474244553588843265e-02	8.954906420717212313e+03	3.221147476483653463e+03	5.030604214426462931e+03	3.449076332089172502e+04
2.526679117872631872e-02	8.768440172723339856e+03	3.195298007945191785e+03	5.009890474743819141e+03	3.343985877404423809e+04
2.580224883362318075e-02	8.585926924537507148e+03	3.169567230838426440e+03	4.989156408944509167e+03	3.242185589620940664e+04
2.634905398801689475e-02	8.407156510983380940e+03	3.143944635117341932e+03	4.968394727278242499e+03	3.143488373907118148e+04
2.690744711983068457e-02	8.232060961475959630e+03	3.118430303671678757e+03	4.947605373847383817e+03	3.047800058062958487e+04
2.747767380323228384e-02	8.060605518333836699e+03	3.093026206635849121e+03	4.926789741503669575e+03	2.955056235918059974e+04
2.805998481663422514e-02	7.892784703176585026e+03	3.067739330297496963e+03	4.905952195644426865e+03	2.865210934789144085e+04
2.865463625298309350e-02	7.728404244270663185e+03	3.042559372479589456e+03	4.885085409021522537e+03	2.778098612973763738e+04
2.926188963238583740e-02	7.567403475757295382e+03	3.017487845766079772e+03	4.864190015786612094e+03	2.693644483863576897e+04
2.988201201712300387e-02	7.409751031002915624e+03	2.992529117220484750e+03	4.843268530735919740e+03	2.611791181498504739e+04
3.051527612909937445e-02	7.255440376415287574e+03	2.967688526933087360e+03	4.822324612948765207e+03	2.532502152946445131e+04
3.116196046978347151e-02	7.104292116679305764e+03	2.942953484615164598e+03	4.801349752999119119e+03	2.455615948596696398e+04
3.182234944268905880e-02	6.956252082508343847e+03	2.918325866978837894e+03	4.780344837391075089e+03	2.381071637896019092e+04
3.249673347845206950e-02	6.811292007002959508e+03	2.893809968051140459e+03	4.759312396833360253e+03	2.308819164099884074e+04
3.318540916255835471e-02	6.669404393710023214e+03	2.869412509252569635e+03	4.738256681988891614e+03	2.238828779490805755e+04
3.388867936577820428e-02	6.530423725169401223e+03	2.845122963665593488e+03	4.717170102431376108e+03	2.170964363124285228e+04
3.460685337736497946e-02	6.394301626613737426e+03	2.820940879199645678e+03	4.696052406439659535e+03	2.105164308998222623e+04
3.534024704107661952e-02	6.261012665760152231e+03	2.796869531826356251e+03	4.674905689532713041e+03	2.041390253750974443e+04
3.608918289407971741e-02	6.130548437707063385e+03	2.772915374929587870e+03	4.653734204074615263e+03	1.979603559828445941e+04
3.685399030879719234e-02	6.002756406018526832e+03	2.749068448545744559e+03	4.632530502518447065e+03	1.919692070854413760e+04
3.763500563776207147e-02	5.877593342352751279e+03	2.725330798241271168e+03	4.611295663331055948e+03	1.861604723990909406e+04
3.843257236154112161e-02	5.755036411582278561e+03	2.701705265702562883e+03	4.590031658237958254e+03	1.805305847592726786e+04
3.924704123979310538e-02	5.635076359471255273e+03	2.678195908223524384e+03	4.568741526057367082e+03	1.750759062231082862e+04
4.007877046552850431e-02	5.517572772464796799e+03	2.654792831340463181e+03	4.547417757689519021e+03	1.697863859501334082e+04
4.092812582263813392e-02	5.402487002332429256e+03	2.631498250263790396e+03	4.526061570538625347e+03	1.646580778682731761e+04
4.179548084676026898e-02	5.289798571349778285e+03	2.608316554934889609e+03	4.504675831683331126e+03	1.596872912914768312e+04
4.268121698955689575e-02	5.179497451434468530e+03	2.585252694757148674e+03	4.483264089131255787e+03	1.548715888362537044e+04
4.358572378647117967e-02	5.071454542500023308e+03	2.562294443361437970e+03	4.461817360601251494e+03	1.502013477422576034e+04
4.450939902804028347e-02	4.965635251958593471e+03	2.539443856991886150e+03	4.440336899648948020e+03	1.456730584443420230e+04
4.545264893483848267e-02	4.862021283942899572e+03	2.516705518843662503e+03	4.418825822099996913e+03	1.412836757069264604e+04
4.641588833612779463e-02	4.760601872010755869e+03	2.494085020936216551e+03	4.397288033353347600e+03	1.370312025292307771e+04
4.739954085229469011e-02	4.661258472706063003e+03	2.471571953232700253e+03	4.375715469210185802e+03	1.329074862516523535e+04
4.840403908115278181e-02	4.563960099578631343e+03	2.449166282759011210e+03	4.354108119340367011e+03	1.289087850588489709e+04
4.942982478819387543e-02	4.468690437118034424e+03	2.426871917696558285e+03	4.332468772190213713e+03	1.250326750212362276e+04
5.047734910087089966e-02	4.375438046096098333e+03	2.404694349284257896e+03	4.310801405289175818e+03	1.212770732095978019e+04
5.154707270699779992e-02	4.284094228521958030e+03	2.382624475872138646e+03	4.289098743461934646e+03	1.176350833034251627e+04
5.263946605735428386e-02	4.194631192249670676e+03	2.360663560241158848e+03	4.267361662794974109e+03	1.141035206601418577e+04
5.375500957258409762e-02	4.107034421417403792e+03	2.338814018766238860e+03	4.245592073498433820e+03	1.106803393755972866e+04
5.489419385447772554e-02	4.021291885254477165e+03	2.317080423585973676e+03	4.223793352973724723e+03	1.073632824112992785e+04
5.605751990173300781e-02	3.937304034318654431e+03	2.295453775375006899e+03	4.201958163018328378e+03	1.041463450321502751e+04
5.724549933028778848e-02	3.855045912684607174e+03	2.273936676060912305e+03	4.180088281137084778e+03	1.010270230084378636e+04
5.845865459832211286e-02	3.774504678666633936e+03	2.252531885563899323e+03	4.158185881758526193e+03	9.800332606606805712e+03
5.969751923602879817e-02	3.695667679121012497e+03	2.231242145797110425e+03	4.136253152767324536e+03	9.507322249803950399e+03
6.096263808025296355e-02	3.618443962460052262e+03	2.210058888016267701e+03	4.114283070551420678e+03	9.223129895341882730e+03
6.225456751410456124e-02	3.542811055965222295e+03	2.188985066323670253e+03	4.092277948815413765e+03	8.947566703431817587e+03
6.357387571164835327e-02	3.468757658946306037e+03	2.168024750203223903e+03	4.070241008158682689e+03	8.680445492019576704e+03
6.492114288777969811e-02	3.396270524614214082e+03	2.147179459126635265e+03	4.048173474090560831e+03	8.421586360399003752e+03
6.629696155339574737e-02	3.325266726081987144e+03	2.126440087350766589e+03	4.026067648634334546e+03	8.170500799080494289e+03
6.770193677597398374e-02	3.255725977278346818e+03	2.105809486615999049e+03	4.003925798309349830e+03	7.927018754835583422e+03
6.913668644567325106e-02	3.187631953194423659e+03	2.085289726835848342e+03	3.981748418725486772e+03	7.690969769865750095e+03
7.060184154707406512e-02	3.120990168635317332e+03	2.064890935407423967e+03	3.959547757954045665e+03	7.462263034571876233e+03
7.209804643667737378e-02	3.055705857304025358e+03	2.044595343952602207e+03	3.937305117225516824e+03	7.240396885308289711e+03
7.362595912628441819e-02	2.991767102029116359e+03	2.024408134472865413e+03	3.915025928865581591e+03	7.025227997049116311e+03
7.518625157238204015e-02	2.929165387827115865e+03	2.004334346564306770e+03	3.892714635919099692e+03	6.816651734587644569e+03
7.677960997166025092e-02	2.867886151162410897e+03	1.984376506508477860e+03	3.870373562545350069e+03	6.614505245873452623e+03
7.840673506279315086e-02	2.807861158858826911e+03	1.964524409772474883e+03	3.847993717776419089e+03	6.418417433344661731e+03
8.006834243461452560e-02	2.749073661268234446e+03	1.944780835930301919e+03	3.825577587473474068e+03	6.228240430991064386e+03
8.176516284082480102e-02	2.691516422523631263e+03	1.925150651390596295e+03	3.803129516280541338e+03	6.043887370348836157e+03
8.349794252136732986e-02	2.635174143380603255e+03	1.905636087345218357e+03	3.780651561577664779e+03	5.865205578120245264e+03
8.526744353061486981e-02	2.579985325024652866e+03	1.886227421762075892e+03	3.758135122630129899e+03	5.691870165622921377e+03
8.707444407251174745e-02	2.525934622961711739e+03	1.866927071842660553e+03	3.735582286420517448e+03	5.523749010349378295e+03
8.891973884281766105e-02	2.473015906617605197e+03	1.847740171938647791e+03	3.712997902007908579e+03	5.360770965620464267e+03
9.080413937860487561e-02	2.421213385439994909e+03	1.828668453160883246e+03	3.690383669309560446e+03	5.202798822619727616e+03
9.272847441516200717e-02	2.370471640437978294e+03	1.809702521795073608e+03	3.667731032479873193e+03	5.049544402064859241e+03
9.469359025046093781e-02	2.320776614310846526e+03	1.790845043334192724e+03	3.645042719891505385e+03	4.900899151136336513e+03
9.670035111734798239e-02	2.272123140985085229e+03	1.772101262831160966e+03	3.622324039973302206e+03	4.756787417900132823e+03
9.874963956362264872e-02	2.224495134503499230e+03	1.753472226535977370e+03	3.599576116984619603e+03	4.617091919754505398e+03
1.008423568401705106e-01	2.177842667706524480e+03	1.734949121281574890e+03	3.576790634861246872e+03	4.481559176499915338e+03
1.029794232973221257e-01	2.132152865469096469e+03	1.716534671675073696e+03	3.553970405514503909e+03	4.350102019617321275e+03
1.051617787896111378e-01	2.087421392484878197e+03	1.698234196546603243e+03	3.531121096954432232e+03	4.222650535241009493e+03
1.073903830891107247e-01	2.043632042733589515e+03	1.680047529113586052e+03	3.508242582692983888e+03	4.099090287047207312e+03
1.096662163075285135e-01	2.000739845829234355e+03	1.661966765799678569e+03	3.485327128169690695e+03	3.979204254484242028e+03
1.119902793272475605e-01	1.958733010466391761e+03	1.643994931128776670e+03	3.462378210486186163e+03	3.862917970669623628e+03
1.143635942415015677e-01	1.917607919504197525e+03	1.626136867576186205e+03	3.439401087998596267e+03	3.750169698161728775e+03
1.167872048038782751e-01	1.877348389693335321e+03	1.608391592823925521e+03	3.416394976227597454e+03	3.640855067946067265e+03
1.192621768873494831e-01	1.837913924939537537e+03	1.590752820238692721e+03	3.393354106285180478e+03	3.534786518581843211e+03
1.217895989530276418e-01	1.799293725735183443e+03	1.573223694441616772e+03	3.370282376920100432e+03	3.431896814249247655e+03
1.243705825288575900e-01	1.761484800133380077e+03	1.555807713143710771e+03	3.347183504989651738e+03	3.332128778768563734e+03
1.270062626984522769e-01	1.724471100706359493e+03	1.538503979911259876e+03	3.324056757193439353e+03	3.235388039234776898e+03
1.296977986002878502e-01	1.688216171498223275e+03	1.521307569187882336e+03	3.300897914725118426e+03	3.141522365008481302e+03
1.324463739374786009e-01	1.652710123568135714e+03	1.504220640501550179e+03	3.277709644823277358e+03	3.050462195017855720e+03
1.352531974983535168e-01	1.617950498316603898e+03	1.487245581421209636e+03	3.254494389654063525e+03	2.962155629941659754e+03
1.381195036880665805e-01	1.583921487868812392e+03	1.470382910420277085e+03	3.231253455810041942e+03	2.876519814879491150e+03
1.410465530714722360e-01	1.550590280117291286e+03	1.453628245120298971e+03	3.207983474629234024e+03	2.793428974702839696e+03
1.440356329275057634e-01	1.517947820604473691e+03	1.436981943791284039e+03	3.184685066913975788e+03	2.712810196651226761e+03
1.470880578153118678e-01	1.485992108560570841e+03	1.420447972151393287e+03	3.161362890700816479e+03	2.634627748121778041e+03
1.502051701523716420e-01	1.454707655612211738e+03	1.404027206090474237e+03	3.138019005048352483e+03	2.558805709144571210e+03
1.533883408048797858e-01	1.424064937032892885e+03	1.387713190237313029e+03	3.114646753275782430e+03	2.485224587236543812e+03
1.566389696906345663e-01	1.394055665010077519e+03	1.371507004729865457e+03	3.091247722848649573e+03	2.413826497153256696e+03
1.599584863947036695e-01	1.364678224650603624e+03	1.355414089151983262e+03	3.067829107554532129e+03	2.344589398321625595e+03
1.633483507981373095e-01	1.335917517343209738e+03	1.339433396734423013e+03	3.044390452162106612e+03	2.277432947014103775e+03
1.668100537200059019e-01	1.307746981611184538e+03	1.323558818917373401e+03	3.020925635106761092e+03	2.212251324105391177e+03
1.703451175730422984e-01	1.280159030032824603e+03	1.307793475995192921e+03	2.997439648996776668e+03	2.149002965609337025e+03
1.739550970331800450e-01	1.253152382172229863e+03	1.292140962558635920e+03	2.973936737550818634e+03	2.087664428614125882e+03
1.776415797232799298e-01	1.226712373949513221e+03	1.276599229266333168e+03	2.950415221371207281e+03	2.028158924501805359e+03
1.814061869113461622e-01	1.200815117925836830e+03	1.261164655124380943e+03	2.926872476343736707e+03	1.970404121921591695e+03
1.852505742235391883e-01	1.175453669212230807e+03	1.245838463019728806e+03	2.903310703203953381e+03	1.914354859039302937e+03
1.891764323722997243e-01	1.150627028630225141e+03	1.230624352099481712e+03	2.879735210949863813e+03	1.859988966876008590e+03
1.931854878999012814e-01	1.126321008898057016e+03	1.215522205703765621e+03	2.856147463288028121e+03	1.807248776957554583e+03
1.972795039377621684e-01	1.102514132368554783e+03	1.200526559189201407e+03	2.832541460407234808e+03	1.756053631756019286e+03
2.014602809818480389e-01	1.079200045418968784e+03	1.185638440706500205e+03	2.808919048693614059e+03	1.706363004051423104e+03
2.057296576845067948e-01	1.056377978753496109e+03	1.170863191051438207e+03	2.785288596068588504e+03	1.658164929991063673e+03
2.100895116630852322e-01	1.034034258629503483e+03	1.156198521247991039e+03	2.761648436219079031e+03	1.611398519802822648e+03
2.145417603256798977e-01	1.012149576973093986e+03	1.141640296732809929e+03	2.737994906274708228e+03	1.565997806733294510e+03
2.190883617143895290e-01	9.907181185226679645e+02	1.127190891633399815e+03	2.714332388143084245e+03	1.521932108106653686e+03
2.237313153664367560e-01	9.697393159156429192e+02	1.112852609853948934e+03	2.690663708519071861e+03	1.479181056826986605e+03
2.284726631935388719e-01	9.492000196406945633e+02	1.098624883727308543e+03	2.666990447825033698e+03	1.437696382507802809e+03
2.333144903799153069e-01	9.290828797447890111e+02	1.084503581096038261e+03	2.643308990560601615e+03	1.397419795639752692e+03
2.382589262993237145e-01	9.093825757301756312e+02	1.070489990139315523e+03	2.619622403305004809e+03	1.358319690275965058e+03
2.433081454515323150e-01	8.900987037953747176e+02	1.056588658179900222e+03	2.595937882953370718e+03	1.320387024182065488e+03
2.484643684186368384e-01	8.712186574447775911e+02	1.042796708549111599e+03	2.572252596398369406e+03	1.283570675073619213e+03
2.537298628416438939e-01	8.527268490386506983e+02	1.029110652804055007e+03	2.548563828842168277e+03	1.247822242090190230e+03
2.591069444177515613e-01	8.346184114155513498e+02	1.015532797837358544e+03	2.524876934747112955e+03	1.213116908873897955e+03
2.645979779187619951e-01	8.168930752633026486e+02	1.002066093151718292e+03	2.501196851256916943e+03	1.179440597527503996e+03
2.702053782310787078e-01	7.995387848465278466e+02	9.887089589515308035e+02	2.477523347653424935e+03	1.146752785288477526e+03
2.759316114177428059e-01	7.825415393818187795e+02	9.754572933375479806e+02	2.453852132425462514e+03	1.115009075061825115e+03
2.817791958029755572e-01	7.658968877586136159e+02	9.623129797032700026e+02	2.430187774096476460e+03	1.084187143616295771e+03
2.877507030797054055e-01	7.496046681512492569e+02	9.492803350981058657e+02	2.406538591148331307e+03	1.054278127557354537e+03
2.938487594405665426e-01	7.336533798621887854e+02	9.363559067881037663e+02	2.382901004320163338e+03	1.025240029645181494e+03
3.000760467328633108e-01	7.180304500087682982e+02	9.235373374947389493e+02	2.359273860540855367e+03	9.970392972017577904e+02
3.064353036380134121e-01	7.027318075218191780e+02	9.108253108423474487e+02	2.335659462218107819e+03	9.696528806963850684e+02
3.129293268759847368e-01	6.877573799617661052e+02	8.982244660198167594e+02	2.312067358279185100e+03	9.430732392042013998e+02
3.195609724352570513e-01	6.730962161248093025e+02	8.857315738709634161e+02	2.288494389552050507e+03	9.172656268263847323e+02
3.263331568288500573e-01	6.587370292503333076e+02	8.733438726157583005e+02	2.264938707136351695e+03	8.921974000170430372e+02
3.332488583769670498e-01	6.446760969494251867e+02	8.610628205675910749e+02	2.241404512790447825e+03	8.678512760176463416e+02
3.403111185168231634e-01	6.309134159171288729e+02	8.488917497106834844e+02	2.217898600252089182e+03	8.442173008529279059e+02
3.475230431402304698e-01	6.174385804130718043e+02	8.368285160110682455e+02	2.194420654079068754e+03	8.212682321042465219e+02
3.548878039595292910e-01	6.042414601612897513e+02	8.248697773883835680e+02	2.170967418110202289e+03	7.989712250900341814e+02
3.624086399024666338e-01	5.913186526488653953e+02	8.130174991534553328e+02	2.147544297868952981e+03	7.773157206903629231e+02
3.700888585366366446e-01	5.786702066652061376e+02	8.012745358258727038e+02	2.124157633345300383e+03	7.562899474169335008e+02
3.779318375241043637e-01	5.662862542467041749e+02	7.896387144318496212e+02	2.100807105860039428e+03	7.358696119491640957e+02
3.859410261068597081e-01	5.541577048963375773e+02	7.781068874069104595e+02	2.077489647442088881e+03	7.160270172766208816e+02
3.941199466237500504e-01	5.422814476952298719e+02	7.666808467723118383e+02	2.054210747736186931e+03	6.967523141813710481e+02
4.024721960595590287e-01	5.306575740137444654e+02	7.553637108240735643e+02	2.030977753545524365e+03	6.780352659675951372e+02
4.110014476269163164e-01	5.192767384923777172e+02	7.441528956517176994e+02	2.007789392781073047e+03	6.598540253306489376e+02
4.197114523817274123e-01	5.081307865473567063e+02	7.330455056517098456e+02	1.984643023225273282e+03	6.421850195509972536e+02
4.286060408728412652e-01	4.972168748507569944e+02	7.220433712107922020e+02	1.961544857550587494e+03	6.250175447240908397e+02
4.376891248266767120e-01	4.865351246873170794e+02	7.111494516811332005e+02	1.938501889288650091e+03	6.083458849268772610e+02
4.469646988675492483e-01	4.760767010602619393e+02	7.003608508533103532e+02	1.915512238362258131e+03	5.921472292468804426e+02
4.564368422744575216e-01	4.658342903212628130e+02	6.896752861430115900e+02	1.892574986112070974e+03	5.764028885977496657e+02
4.661097207750954374e-01	4.558052942001579027e+02	6.790942069457822754e+02	1.869695293850216785e+03	5.611032051999004580e+02
4.759875883778879602e-01	4.459898538136669117e+02	6.686204617278980322e+02	1.846880434551901317e+03	5.462420425408624851e+02
4.860747892428489703e-01	4.363796302077621476e+02	6.582513003781368752e+02	1.824129018641842094e+03	5.318005578645788773e+02
4.963757595920870180e-01	4.269680649796059129e+02	6.479842509055781647e+02	1.801439391314517025e+03	5.177610264515035396e+02
5.068950296608012440e-01	4.177527842799781297e+02	6.378210455121109135e+02	1.778817959788870894e+03	5.041160205591007752e+02
5.176372256896176749e-01	4.087339411900599657e+02	6.277643327718557202e+02	1.756271553126681965e+03	4.908597964291079165e+02
5.286070719591531297e-01	3.999036764200637890e+02	6.178111656084912511e+02	1.733798653694537734e+03	4.779753065080336683e+02
5.398093928676924724e-01	3.912561099242552132e+02	6.079596737396382196e+02	1.711398915090010405e+03	4.654477963421841764e+02
5.512491150528981976e-01	3.827890732005575956e+02	5.982104699263860539e+02	1.689075691954023796e+03	4.532689279168874350e+02
5.629312695584811621e-01	3.745027248902817405e+02	5.885673785461914349e+02	1.666840190701707343e+03	4.414360225823288033e+02
5.748609940467923618e-01	3.663896681149328742e+02	5.790264245538123760e+02	1.644687265940566476e+03	4.299317881532112438e+02
5.870435350582976497e-01	3.584446333686112780e+02	5.695862757748395779e+02	1.622618429819666289e+03	4.187444083675545698e+02
5.994842503189414806e-01	3.506656353074808408e+02	5.602476665084531078e+02	1.600637556828159632e+03	4.078664514700933523e+02
6.121886110964055439e-01	3.430528378855985352e+02	5.510138073314931262e+02	1.578754109297591640e+03	3.972951035509743178e+02
6.251622046063020077e-01	3.355992868664165485e+02	5.418812855642954673e+02	1.556965239048656258e+03	3.870158259765607909e+02
6.384107364693620834e-01	3.283002591943622974e+02	5.328481654587264984e+02	1.535269830918903381e+03	3.770168860993532007e+02
6.519400332206916060e-01	3.211539418270892270e+02	5.239159292882300178e+02	1.513674776625671484e+03	3.672935726907151093e+02
6.657560448722088520e-01	3.141604946172125779e+02	5.150869351215716279e+02	1.492187111951692941e+03	3.578417941696251887e+02
6.798648475293831428e-01	3.073133894938235926e+02	5.063581326561841820e+02	1.470805064570138484e+03	3.486490229235834022e+02
6.942726460634290886e-01	3.006083935639053948e+02	4.977277696194106511e+02	1.449527934565482155e+03	3.397058222411295105e+02
7.089857768401280902e-01	2.940438514860478563e+02	4.891967573304303869e+02	1.428360992995046445e+03	3.310063130013799650e+02
7.240107105064845783e-01	2.876199153843940621e+02	4.807680340270919714e+02	1.407313656858097602e+03	3.225488464716210615e+02
7.393540548364295750e-01	2.813304652170602367e+02	4.724378770800127540e+02	1.386381672362799463e+03	3.143209999627296156e+02
7.550225576368376768e-01	2.751717073763158510e+02	4.642049872360078666e+02	1.365565908843067746e+03	3.063143944473985698e+02
7.710231097151263313e-01	2.691421307337642475e+02	4.560702077017885472e+02	1.344871257884813303e+03	2.985250197222326847e+02
7.873627479097432547e-01	2.632418775259392874e+02	4.480361657179159920e+02	1.324306815991350049e+03	2.909502141037760339e+02
8.040486581848822478e-01	2.574652167797825655e+02	4.400992750553836004e+02	1.303868421474567185e+03	2.835793357060371136e+02
8.210881787907730045e-01	2.518087487661592832e+02	4.322582437399960327e+02	1.283556885185260626e+03	2.764053786827728914e+02
8.384888034909533383e-01	2.462710943182518690e+02	4.245139968109208439e+02	1.263377563628589542e+03	2.694243049760862618e+02
8.562581848579297050e-01	2.408523831551617604e+02	4.168688240853622347e+02	1.243338631945043971e+03	2.626339448284049922e+02
8.744041376386801900e-01	2.355472558861862638e+02	4.093192779401366579e+02	1.223436332696456702e+03	2.560251648000993328e+02
8.929346421914835519e-01	2.303526653827404687e+02	4.018640798474123699e+02	1.203671151746049873e+03	2.495912796398056059e+02
9.118578479955742333e-01	2.252673525379198622e+02	3.945040702575755063e+02	1.184048516220684405e+03	2.433288339643861207e+02
9.311820772351820930e-01	2.202914340662328527e+02	3.872414344901236518e+02	1.164576433817230054e+03	2.372363803547374630e+02
9.509158284595223831e-01	2.154199034882655894e+02	3.800726514131344516e+02	1.145250695643116387e+03	2.313049065858496931e+02
9.710677803203476843e-01	2.106500291965407143e+02	3.729967062265038749e+02	1.126072470881373874e+03	2.255293841651973707e+02
9.916467953887124764e-01	2.059806619229749742e+02	3.660140489350309281e+02	1.107045819645226857e+03	2.199064004535038919e+02
1.012661924052612461e+00	2.014119052056922214e+02	3.591271235841498992e+02	1.088180152321812557e+03	2.144347434175712976e+02
1.034122408497234025e+00	1.969390866148270050e+02	3.523321312392922664e+02	1.069469871045298305e+03	2.091063062359422986e+02
1.056037686769547568e+00	1.925597571832028336e+02	3.456281387043915743e+02	1.050916153356984069e+03	2.039168139470951928e+02
1.078417396929040706e+00	1.882728681516602762e+02	3.390157053732096983e+02	1.032523706652546025e+03	1.988630974950509653e+02
1.101271381286411888e+00	1.840785087591437730e+02	3.324968686626860972e+02	1.014300535530096681e+03	1.939440658243374003e+02
1.124609690732098155e+00	1.799723239433896538e+02	3.260680477281549088e+02	9.962415422851778430e+02	1.891527780616411292e+02
1.148442589156521310e+00	1.759521171740850036e+02	3.197282958095016738e+02	9.783477074836995371e+02	1.844851087010385982e+02
1.172780557964020254e+00	1.720169313866003051e+02	3.134781808401075978e+02	9.606236722346740180e+02	1.799385931704596828e+02
1.197634300682437924e+00	1.681668415662051075e+02	3.073194489020239075e+02	9.430767137358071750e+02	1.755121054550492374e+02
1.223014747670394531e+00	1.643977929854193576e+02	3.012487189092603330e+02	9.257020065260026058e+02	1.711996020751689400e+02
1.248933060924324545e+00	1.607078146343454819e+02	2.952648510635664252e+02	9.084995766040191256e+02	1.669970598769099013e+02
1.275400638987373769e+00	1.570960330428792986e+02	2.893685920793791411e+02	8.914747783081110128e+02	1.629027877498953103e+02
1.302429121962336289e+00	1.535625091552214769e+02	2.835613801417055129e+02	8.746338652445328989e+02	1.589155563173563053e+02
1.330030396630823342e+00	1.501034722440573717e+02	2.778399502421699481e+02	8.579721183491479906e+02	1.550299218104931640e+02
1.358216601680917401e+00	1.467171526919275379e+02	2.722032807575551487e+02	8.414897108190075414e+02	1.512425769122863812e+02
1.387000133045610317e+00	1.434027526940865584e+02	2.666517321439156376e+02	8.251904082880769238e+02	1.475516011003643939e+02
1.416393649354382722e+00	1.401603202311666507e+02	2.611870152536022260e+02	8.090816772552425391e+02	1.439565834062597958e+02
1.446410077500298819e+00	1.369863524438160880e+02	2.558055299280636348e+02	7.931570645337233145e+02	1.404519631705237259e+02
1.477062618325094778e+00	1.338792591175300117e+02	2.505065029680676219e+02	7.774174008612912985e+02	1.370352594837619620e+02
1.508364752424737887e+00	1.308383116591615476e+02	2.452902593459405693e+02	7.618663087026643552e+02	1.337047444379401782e+02
1.540330246078020826e+00	1.278635459326089148e+02	2.401582016551053584e+02	7.465103251433383775e+02	1.304597974814688541e+02
1.572973157300799230e+00	1.249517111194382437e+02	2.351069340563028618e+02	7.313430046180061481e+02	1.272958124614095112e+02
1.606307842028519950e+00	1.221013769967564713e+02	2.301356328596805838e+02	7.163648936571169088e+02	1.242103298618613820e+02
1.640348960429783842e+00	1.193118782276059591e+02	2.252444468154683364e+02	7.015787450887663681e+02	1.212018648768013378e+02
1.675111483353698638e+00	1.165832386555342879e+02	2.204349380432790610e+02	6.869918035008810193e+02	1.182701167925559389e+02
1.710610698913865635e+00	1.139124455626555630e+02	2.157034566620998532e+02	6.725961273365179522e+02	1.154106762824760608e+02
1.746862219211904321e+00	1.112982107922064756e+02	2.110493324900022287e+02	6.583926072292201752e+02	1.126214767595704842e+02
1.783881987203444153e+00	1.087399263921874137e+02	2.064727804305586574e+02	6.443841091051890544e+02	1.099013783859298030e+02
1.821686283709640364e+00	1.062376056395634976e+02	2.019749138739051091e+02	6.305761910209902226e+02	1.072497762008203495e+02
1.860291734577268707e+00	1.037884593871201417e+02	1.975524087362694843e+02	6.169616530986055523e+02	1.046629692050126152e+02
1.899715317990559260e+00	1.013913258864099305e+02	1.932045862761825958e+02	6.035410415326274460e+02	1.021392105613732895e+02
1.939974371937992492e+00	9.904564888555421476e+01	1.889314784995296179e+02	5.903164050271177530e+02	9.967732076171895983e+01
1.981086601837313665e+00	9.675143289988440642e+01	1.847341193229063379e+02	5.772928815533678062e+02	9.727680905760448127e+01
2.023070088322156401e+00	9.450609840418228202e+01	1.806093361473105290e+02	5.644635304620909437e+02	9.493436460235531626e+01
2.065943295193674256e+00	9.230859585387727861e+01	1.765562928069712711e+02	5.518277136627543769e+02	9.264848538095266406e+01
2.109725077540682392e+00	9.015841601492698487e+01	1.725751674431308800e+02	5.393882131335512895e+02	9.041816303594566762e+01
2.154434690031884259e+00	8.805555545370695825e+01	1.686666925520639211e+02	5.271487301027514150e+02	8.824289677126952824e+01
2.200091795383838367e+00	8.599763181536700074e+01	1.648278331420910945e+02	5.151023627335569017e+02	8.611974306578409255e+01
2.246716473008353532e+00	8.398369471596431879e+01	1.610578858470254318e+02	5.032489288810946846e+02	8.404738504982870495e+01
2.294329227843169949e+00	8.201327735210425374e+01	1.573567585974703320e+02	4.915896992491576611e+02	8.202488814593699828e+01
2.342950999369765697e+00	8.008637010610098628e+01	1.537252163973595600e+02	4.801286283063993210e+02	8.005190974577413954e+01
2.392603170822269476e+00	7.820077508822048173e+01	1.501602719637304233e+02	4.688584285788312513e+02	7.812578037541962317e+01
2.443307578591545681e+00	7.635562961344574262e+01	1.466612008211605200e+02	4.577785313889756367e+02	7.624530032797859747e+01
2.495086521828544068e+00	7.455050514097678160e+01	1.432279080497785344e+02	4.468900808621544911e+02	7.440967900863940088e+01
2.547962772251191943e+00	7.278538736365041473e+01	1.398609928266642157e+02	4.361962285127784185e+02	7.261860365835387654e+01
2.601959584159102334e+00	7.105825114035634726e+01	1.365576191915421589e+02	4.256899089976998880e+02	7.086964445211724239e+01
2.657100704660517732e+00	6.936831102788269732e+01	1.333170276347223648e+02	4.153701163550505839e+02	6.916177134531245940e+01
2.713410384115983121e+00	6.771517299719525340e+01	1.301390610434553707e+02	4.052374849485583468e+02	6.749435590856487011e+01
2.770913386803353973e+00	6.609881931419680257e+01	1.270242647638389570e+02	3.952949258833243675e+02	6.586708450231382983e+01
2.829635001808795014e+00	6.451738675903850151e+01	1.239699197105120305e+02	3.855354153801379198e+02	6.427778137584353146e+01
2.889601054148607684e+00	6.297015766438870799e+01	1.209751814952825981e+02	3.759572634272926734e+02	6.272547931387165931e+01
2.950837916126738403e+00	6.145676873801838980e+01	1.180398800997487712e+02	3.665609609928995951e+02	6.120961091343534832e+01
3.013372518932980082e+00	5.997720058026160928e+01	1.151645326051968681e+02	3.573492792232216289e+02	5.972997660816815824e+01
3.077232364486974792e+00	5.852974137697333390e+01	1.123464569744529342e+02	3.483147345785193920e+02	5.828463351098419309e+01
3.142445537533192557e+00	5.711373262881823365e+01	1.095848731605861417e+02	3.394557881290850219e+02	5.687272052514805409e+01
3.209040717992251324e+00	5.572883871717245796e+01	1.068795747416482698e+02	3.307726664598956177e+02	5.549371357503468971e+01
3.277047193573979555e+00	5.437503965825504082e+01	1.042308981482836003e+02	3.222671575460290114e+02	5.414743087381860676e+01
3.346494872657771680e+00	5.305076562607018786e+01	1.016363112536897404e+02	3.139320540645567235e+02	5.283212028182395414e+01
3.417414297445926952e+00	5.175540942430851032e+01	9.909506926648656133e+01	3.057657892054186277e+02	5.154702461693453586e+01
3.489836657395697816e+00	5.048866003568646477e+01	9.660693421661584068e+01	2.977682708171585091e+02	5.029170422804697438e+01
3.563793802936028321e+00	4.925049820591539174e+01	9.417217129520996366e+01	2.899409104837641280e+02	4.906601055196880878e+01
3.639318259474964901e+00	4.803948724445398000e+01	9.178835739273668537e+01	2.822765786895133715e+02	4.786835250022370758e+01
3.716443241703908829e+00	4.685506403922816077e+01	8.945473958006822102e+01	2.747734761308677207e+02	4.669805357028341319e+01
3.795202668205029717e+00	4.569693947015079516e+01	8.717107573797710529e+01	2.674314062889650927e+02	4.555473399717399730e+01
3.875631176368202979e+00	4.456509600442530683e+01	8.493753594928031703e+01	2.602512765565758173e+02	4.443824992080040914e+01
3.957764137624104617e+00	4.345822212643120963e+01	8.275184003074404870e+01	2.532262067774421723e+02	4.334717831974214874e+01
4.041637673000112230e+00	4.237579216876378041e+01	8.061320541994008693e+01	2.463540708174281235e+02	4.228090641773675173e+01
4.127288669005872102e+00	4.131753639764011865e+01	7.852137168384152233e+01	2.396344813552832420e+02	4.123910949724582764e+01
4.214754793855508552e+00	4.028343952439293929e+01	7.647652158229811903e+01	2.330683940053812933e+02	4.022169241629718783e+01
4.304074514033643162e+00	3.927230848488578374e+01	7.447649116993308382e+01	2.266490726239386504e+02	3.922737572420699337e+01
4.395287111212434539e+00	3.828364867891642831e+01	7.252047834183520081e+01	2.203741643505564411e+02	3.825560140570221535e+01
4.488432699527177050e+00	3.731720747442795982e+01	7.060815445287897774e+01	2.142428599880614968e+02	3.730604428980909404e+01
4.583552243217979161e+00	3.637297218500864204e+01	6.873967006649350253e+01	2.082559025338003096e+02	3.637864228761121410e+01
4.680687574645305382e+00	3.544986225002946867e+01	6.691306558142984784e+01	2.024071972642256299e+02	3.547226948895652754e+01
4.779881412687339015e+00	3.454740816773480105e+01	6.512750498665377563e+01	1.966941155564144879e+02	3.458639471450286607e+01
4.881177381527165515e+00	3.366537240734972158e+01	6.338262376309033641e+01	1.911155899965447702e+02	3.372072900606163159e+01
4.984620029838152888e+00	3.280374454821506447e+01	6.167852266510300296e+01	1.856721038305071261e+02	3.287522071637067000e+01
5.090254850375883322e+00	3.196155199825249582e+01	6.001339218345462001e+01	1.803579018301839483e+02	3.204887681025870450e+01
5.198128299985286915e+00	3.113834445047745092e+01	5.838645282330030284e+01	1.751705720277077489e+02	3.124123033565856744e+01
5.308287820031761584e+00	3.033389789907982603e+01	5.679731146235619121e+01	1.701088452050572926e+02	3.045201412984230771e+01
5.420781857265304815e+00	2.954820283656457036e+01	5.524601056650031694e+01	1.651728958946293346e+02	2.968117712431702415e+01
5.535659885126738011e+00	2.878039180355523996e+01	5.373088674638016471e+01	1.603573252916523586e+02	2.892783598424854574e+01
5.652972425505520704e+00	2.803002777574251780e+01	5.225113513181671010e+01	1.556595390571270343e+02	2.819154601644073566e+01
5.772771070958623518e+00	2.729689871992126982e+01	5.080640286042677189e+01	1.510784194729376964e+02	2.747208389645534510e+01
5.895108507400270703e+00	2.658099428907684114e+01	4.939669958351456103e+01	1.466139785863567795e+02	2.676940829566148139e+01
6.020038537272556667e+00	2.588155059716369522e+01	4.802052137359446249e+01	1.422612579564946031e+02	2.608274810836374513e+01
6.147616103207036886e+00	2.519813795899245790e+01	4.667704421469314013e+01	1.380175535423824726e+02	2.541166577344560196e+01
6.277897312187818990e+00	2.453055504835027634e+01	4.536588269501491055e+01	1.338815375575140365e+02	2.475594657257158460e+01
6.410939460226692255e+00	2.387878799576628808e+01	4.408703475738194300e+01	1.298531535699662811e+02	2.411556648082998677e+01
6.546801057561175696e+00	2.324217667123084397e+01	4.283920919381183978e+01	1.259281613602784802e+02	2.348987682508080255e+01
6.685541854386596761e+00	2.262029258451692826e+01	4.162153772525711304e+01	1.221036284034411352e+02	2.287844052655281146e+01
6.827222867133428963e+00	2.201294413846332532e+01	4.043362985606442805e+01	1.183781812225793715e+02	2.228105832714715362e+01
6.971906405301561804e+00	2.142010996318343174e+01	3.927544685622763154e+01	1.147516016380540549e+02	2.169770409615381013e+01
7.119656098863218929e+00	2.084123612049356922e+01	3.814587950619513634e+01	1.112201920297152924e+02	2.112783587154050480e+01
7.270536926246596643e+00	2.027588871793205882e+01	3.704406848281747955e+01	1.077810922787380861e+02	2.057103494266469212e+01
7.424615242912579127e+00	1.972388520481813856e+01	3.596962546951963446e+01	1.044329087057844134e+02	2.002711505156660010e+01
7.581958810536977289e+00	1.918519126182084023e+01	3.492246426336807730e+01	1.011752344065699418e+02	1.949603972228203475e+01
7.742636826811277295e+00	1.865936409770969462e+01	3.390168484231089252e+01	9.800504415558134497e+01	1.897737608820019162e+01
7.906719955874896399e+00	1.814595721744138856e+01	3.290636987369379085e+01	9.491924302008328596e+01	1.847068553473068775e+01
8.074280359392364659e+00	1.764479644233992772e+01	3.193614650125506316e+01	9.191649346178769520e+01	1.797579801029984381e+01
8.245391728289099831e+00	1.715582821371747713e+01	3.099089897442483732e+01	8.899631055339305874e+01	1.749267329678751892e+01
8.420129315159766037e+00	1.667872786447292199e+01	3.006995242091679543e+01	8.615639130565719483e+01	1.702099457491434009e+01
8.598569967363353328e+00	1.621302844918901087e+01	2.917233479810758467e+01	8.339345073247957885e+01	1.656030292419660555e+01
8.780792160819700598e+00	1.575856409993477847e+01	2.829768472892514097e+01	8.070618976429545910e+01	1.611044007192642624e+01
8.966876034522190508e+00	1.531525365922600201e+01	2.744581407187891031e+01	7.809386580762139829e+01	1.567133395864200729e+01
9.156903425781846906e+00	1.488290068791211951e+01	2.661630380146833730e+01	7.555501024339199034e+01	1.524279638125206837e+01
9.350957906218383187e+00	1.446100927105094058e+01	2.580813146841934724e+01	7.308619844669208021e+01	1.482435080416867024e+01
9.549124818513869073e+00	1.404942115205079212e+01	2.502096297186762541e+01	7.068624655113760014e+01	1.441585661238639204e+01
9.751491313945386707e+00	1.364802793813018589e+01	2.425454802820966549e+01	6.835421459211578110e+01	1.401721455330890720e+01
9.958146390713055851e+00	1.325674574885177925e+01	2.350867819799104907e+01	6.608928433473596442e+01	1.362834260458560465e+01
1.016918093308028581e+01	1.287506858086170247e+01	2.278231536437856874e+01	6.388801599052239766e+01	1.324875036919578974e+01
1.038468775134352740e+01	1.250283608536827806e+01	2.207511125697256205e+01	6.174917614165673285e+01	1.287828858339635829e+01
1.060476162264905220e+01	1.213992925452770777e+01	2.138678670973784790e+01	5.967172093889696072e+01	1.251684561962588127e+01
1.082949933267470577e+01	1.178630927336961598e+01	2.071723934393850897e+01	5.765521041077668940e+01	1.216439410558503553e+01
1.105899971819510696e+01	1.144153313544748585e+01	2.006556661685881338e+01	5.569666916355979680e+01	1.182051021733662388e+01
1.129336371054865928e+01	1.110541024889629114e+01	1.943135461827625221e+01	5.379464959447336270e+01	1.148501316048279719e+01
1.153269438002595848e+01	1.077781773252054265e+01	1.881432188721132093e+01	5.194812617537241550e+01	1.115778657709685717e+01
1.177709698119876869e+01	1.045872219255620017e+01	1.821437030774146848e+01	5.015666174363402519e+01	1.083880753997883239e+01
1.202667899920963279e+01	1.014779112089613378e+01	1.763082061567387981e+01	4.841800476765587291e+01	1.052776252140301771e+01
1.228155019704247053e+01	9.844783631739838725e+00	1.706316687418804889e+01	4.673045102592425337e+01	1.022441955485505716e+01
1.254182266379493349e+01	9.549576814165302352e+00	1.651112977350650013e+01	4.509298856210966733e+01	9.928662805303988037e+00
1.280761086397376225e+01	9.262109694473050325e+00	1.597455808916627795e+01	4.350502546640805690e+01	9.640438908889734648e+00
1.307903168783481007e+01	8.982203586420581587e+00	1.545307376343774308e+01	4.196526822024392800e+01	9.359579862159154828e+00
1.335620450278989146e+01	8.709548043326998723e+00	1.494604531285908955e+01	4.047164556578970718e+01	9.085787592754934749e+00
1.363925120590300821e+01	8.444022710136302123e+00	1.445320303200261769e+01	3.902319525811329726e+01	8.818948623566898348e+00
1.392829627749924271e+01	8.185531133337867971e+00	1.397432758365652106e+01	3.761911583940487702e+01	8.558975311466920033e+00
1.422346683590943783e+01	7.934023069926427141e+00	1.350929503142046606e+01	3.625892158954054878e+01	8.305824742586295883e+00
1.452489269337533528e+01	7.689167761395420797e+00	1.305743774473130969e+01	3.494044208131739992e+01	8.059180686960086604e+00
1.483270641313931115e+01	7.450825709487617132e+00	1.261845695031291648e+01	3.366264678491592122e+01	7.818910851205330026e+00
1.514704336774399174e+01	7.218892193362115073e+00	1.219212068848298003e+01	3.242471521206766738e+01	7.584915734693007394e+00
1.546804179856737527e+01	6.993318913587520669e+00	1.177831112760876131e+01	3.122618906344308698e+01	7.357153599137294719e+00
1.579584287661962527e+01	6.773906008683187707e+00	1.137661490659504260e+01	3.006569541386665634e+01	7.135431145305174638e+00
1.613059076462826624e+01	6.560438150092504195e+00	1.098659199945080545e+01	2.894178728893710684e+01	6.919539911266130439e+00
1.647243268043913034e+01	6.352810189695637710e+00	1.060801909189409464e+01	2.785369209925412903e+01	6.709382121468474125e+00
1.682151896176083383e+01	6.150933101274342008e+00	1.024070170821229908e+01	2.680072348542894645e+01	6.504875493396211183e+00
1.717800313228151410e+01	5.954758301783511065e+00	9.884517651320415155e+00	2.578240414924620438e+01	6.305976540272600239e+00
1.754204196918641045e+01	5.764029190053062912e+00	9.538960035645967395e+00	2.479711340346676351e+01	6.112439735554317188e+00
1.791379557210657580e+01	5.578619068710222173e+00	9.203763766593832329e+00	2.384395811473378046e+01	5.924142876302177285e+00
1.829342743352862044e+01	5.398431846286625202e+00	8.878721175043022384e+00	2.292221831662785547e+01	5.740992550247365322e+00
1.868110451069663469e+01	5.223392554340613891e+00	8.563671512413733922e+00	2.203132967286543220e+01	5.562919678610287022e+00
1.907699729903783492e+01	5.053424565504760935e+00	8.258444929087161768e+00	2.117068897423789409e+01	5.389850925363886880e+00
1.948127990714428748e+01	4.888298269017303355e+00	7.962582356358872460e+00	2.033882529157556718e+01	5.221560017939302689e+00
1.989413013334363711e+01	4.727917417058015381e+00	7.675886315191863929e+00	1.953507583638282341e+01	5.057956735795946734e+00
2.031572954389253738e+01	4.572192442599855688e+00	7.398165768583250923e+00	1.875878339358522240e+01	4.898954904367827545e+00
2.074626355282718393e+01	4.421039605100377301e+00	7.129248166801224862e+00	1.800936455912682277e+01	4.744475083287594153e+00
2.118592150350598402e+01	4.274417823571866393e+00	6.869028854040973187e+00	1.728640353786052941e+01	4.594482364595638302e+00
2.163489675188052530e+01	4.132092003170782846e+00	6.617053029237156991e+00	1.658848920672501137e+01	4.448743461633109852e+00
2.209338675153079734e+01	3.993986115849498475e+00	6.373160722858228766e+00	1.591507132552618842e+01	4.307187188965524882e+00
2.256159314050291798e+01	3.860014961528134947e+00	6.137172071788294936e+00	1.526553898689368793e+01	4.169730685074913623e+00
2.303972182998693796e+01	3.730102264120668476e+00	5.908928918319027446e+00	1.463935625715107314e+01	4.036301429877585889e+00
2.352798309487394945e+01	3.604192865879841889e+00	5.688304472150947255e+00	1.403606439168046727e+01	3.906845285256953737e+00
2.402659166623228870e+01	3.482119211245315871e+00	5.474973260390228802e+00	1.345464359044119007e+01	3.781198595033435694e+00
2.453576682574353285e+01	3.363785080119370718e+00	5.268739361626738393e+00	1.289444853959588499e+01	3.659267924981441933e+00
2.505573250213976877e+01	3.249109366880246874e+00	5.069435493171473794e+00	1.235492110626979034e+01	3.540974959479611606e+00
2.558671736968459953e+01	3.138014022803050196e+00	4.876897984815594000e+00	1.183551036097721365e+01	3.426244505599123080e+00
2.612895494874115698e+01	3.030421080306744841e+00	4.690970608428518318e+00	1.133570417635652383e+01	3.315001498670946845e+00
2.668268370847132687e+01	2.926291479416817776e+00	4.511558093622911159e+00	1.085513986032954215e+01	3.207210885859284488e+00
2.724814717171165412e+01	2.825456334213713561e+00	4.338337169846756325e+00	1.039282904446715783e+01	3.102703517237166864e+00
2.782559402207125743e+01	2.727847181320036452e+00	4.171165165590410950e+00	9.948292545350907901e+00	3.001414080844018173e+00
2.841527821329990999e+01	2.633389144515078772e+00	4.009888792823206316e+00	9.521024522129417633e+00	2.903270407396417063e+00
2.901745908097360527e+01	2.542008901135537347e+00	3.854355799038997166e+00	9.110520812832284321e+00	2.808200901456487486e+00
2.963240145654703639e+01	2.453635892413542852e+00	3.704422877230390210e+00	8.716311291441892095e+00	2.716138201142908937e+00
3.026037578382308624e+01	2.368210385479837754e+00	3.559964545587482654e+00	8.337974099967262021e+00	2.627024682707036263e+00
3.090165823789054755e+01	2.285647201522595040e+00	3.420808821294667013e+00	7.974956118546995931e+00	2.540776895838499083e+00
3.155653084658241525e+01	2.205849960375804386e+00	3.286766805576056161e+00	7.626664237364840560e+00	2.457301299800233263e+00
3.222528161450811979e+01	2.128750218027775531e+00	3.157697503380169302e+00	7.292638400772029961e+00	2.376531350309712298e+00
3.290820464971425707e+01	2.054280548361348213e+00	3.033461801866417673e+00	6.972425111998319380e+00	2.298400935200393569e+00
3.360560029302952501e+01	1.982374577010274086e+00	2.913926943118712032e+00	6.665597307814050687e+00	2.222847228335587566e+00
3.431777525015100849e+01	1.912966934164611388e+00	2.798957393433641361e+00	6.371714758906202647e+00	2.149806167339920471e+00
3.504504272652905428e+01	1.845993445096726582e+00	2.688424302411321243e+00	6.090364244551046191e+00	2.079216913610925310e+00
3.578772256511129513e+01	1.781391229582642621e+00	2.582198173597901381e+00	5.821127233882116059e+00	2.011018078498274519e+00
3.654614138700539883e+01	1.719099583158156808e+00	2.480154544972835495e+00	5.563603977728760697e+00	1.945150714994198671e+00
3.732063273512289925e+01	1.659060105950742381e+00	2.382174538548464948e+00	5.317413057818880517e+00	1.881559219201773159e+00
3.811153722086707774e+01	1.601199228756231552e+00	2.288111508088501722e+00	5.082096364040594949e+00	1.820171896676910483e+00
3.891920267392951160e+01	1.545457906727699671e+00	2.197846110798209907e+00	4.857275174367757131e+00	1.760932418991089543e+00
3.974398429526115706e+01	1.491779284448372378e+00	2.111262020746723422e+00	4.642580370757595887e+00	1.703785886398650140e+00
4.058624481328516254e+01	1.440107651145358547e+00	2.028245757508314817e+00	4.437653175399171701e+00	1.648678585659368645e+00
4.144635464342010778e+01	1.390388468733491756e+00	1.948686299638728414e+00	4.242142909418257446e+00	1.595558389839686786e+00
4.232469205098434628e+01	1.342568399765076359e+00	1.872475903161518795e+00	4.055711406265715802e+00	1.544374792152260367e+00
4.322164331755172384e+01	1.296595333119491489e+00	1.799508652260380703e+00	3.878026870269486448e+00	1.495077711352814420e+00
4.413760291083362119e+01	1.252418405083245645e+00	1.729679753575786405e+00	3.708760131119658965e+00	1.447618146022921826e+00
4.507297365816076251e+01	1.209988013089426717e+00	1.662889602840035952e+00	3.547601990585731446e+00	1.401949533858453778e+00
4.602816692364147144e+01	1.169255819982814248e+00	1.599039711715909418e+00	3.394246205172396724e+00	1.358025726928630661e+00
4.700360278907441369e+01	1.130174747116330591e+00	1.538034175675861093e+00	3.248395578724567745e+00	1.315802008128546863e+00
4.799971023869517950e+01	1.092698956224875451e+00	1.479779552987646962e+00	3.109761414969832494e+00	1.275234711221342243e+00
4.901692734783804895e+01	1.056783820658490747e+00	1.424185360087936170e+00	2.978065457687245843e+00	1.236281600217033816e+00
5.005570147559598126e+01	1.022385887564393858e+00	1.371163959917130137e+00	2.853039368742614101e+00	1.198901957689540110e+00
5.111648946156338980e+01	9.894649391324435994e-01	1.320632264137522327e+00	2.734427366780790791e+00	1.163057771217153036e+00
5.219975782674825382e+01	9.579933120842785144e-01	1.272530023531262433e+00	2.622036113931407009e+00	1.128724333755627862e+00
5.330598297874255564e+01	9.279280395503223255e-01	1.226769976368055959e+00	2.515601739910590773e+00	1.095860686258487871e+00
5.443565142123959077e+01	8.992294758349639316e-01	1.183272946596219954e+00	2.414886103074445067e+00	1.064430201111062013e+00
5.558925996799251124e+01	8.718597373997815092e-01	1.141961028401178524e+00	2.319653592900755790e+00	1.034396734717951905e+00
5.676731596130657209e+01	8.457820313803793288e-01	1.102759737055890588e+00	2.229680687732433331e+00	1.005726090609627921e+00
5.797033749516177181e+01	8.209603687698970864e-01	1.065596197421859737e+00	2.144749508835332552e+00	9.783847572599257969e-01
5.919885364306400533e+01	7.973806951868297466e-01	1.030434473037420640e+00	2.064738192914043147e+00	9.523620799365873912e-01
6.045340469072480261e+01	7.750274232569572819e-01	9.972364884521832673e-01	1.989520366379923466e+00	9.276461078790706472e-01
6.173454237367209885e+01	7.538536395306101312e-01	9.659110407375578466e-01	1.918834197971941213e+00	9.041913826769493179e-01
6.304283011989645757e+01	7.338231693334097416e-01	9.363862514382136348e-01	1.852470392722730397e+00	8.819641054068603214e-01
6.437884329763940627e+01	7.149436188577763529e-01	9.086629775345390625e-01	1.790404489112370934e+00	8.609763738851110570e-01
6.574316946843353549e+01	6.971971496536932822e-01	8.827000551772181680e-01	1.732506070306803370e+00	8.412138961524547875e-01
6.713640864550379206e+01	6.805321118474415565e-01	8.584000407303626901e-01	1.678504160382984445e+00	8.226261598882745885e-01
6.855917355764610477e+01	6.649764296087123938e-01	8.357970140284030069e-01	1.628458584560624089e+00	8.052465727868881595e-01
7.001208991869765441e+01	6.505012671564383009e-01	8.148320655346132924e-01	1.582196822506740208e+00	7.890494169826491877e-01
7.149579670271769771e+01	6.370865942125719661e-01	7.954605381349698634e-01	1.539582909687913892e+00	7.740176471808932757e-01
7.301094642500031284e+01	6.247618654120055126e-01	7.777181602895646417e-01	1.500679772394154732e+00	7.601864787390686384e-01
7.455820542904223203e+01	6.134890678688142973e-01	7.615310682208944471e-01	1.465279870125752781e+00	7.475203307780012851e-01
7.613825417959219521e+01	6.033066273452200035e-01	7.469493403099526363e-01	1.433481226056920521e+00	7.360643471154869610e-01
7.775178756191070306e+01	5.942050119531112617e-01	7.339451106302921080e-01	1.405189787726789818e+00	7.258130984673609731e-01
7.939951518737163383e+01	5.861910730941627401e-01	7.225166257402486636e-01	1.380374987552987598e+00	7.167786327532231772e-01
8.108216170554010205e+01	5.793227809766879899e-01	7.127444813793862854e-01	1.359207878412645343e+00	7.090271901548573785e-01
8.280046712286477373e+01	5.735939755955901109e-01	7.046050588694526828e-01	1.341602827388167274e+00	7.025573321457623255e-01
8.455518712812224180e+01	5.690437828631741413e-01	6.981473516255380929e-01	1.327651069529504957e+00	6.974157778293512688e-01
8.634709342475994731e+01	5.657253420439721792e-01	6.934422795975656584e-01	1.317495936336279705e+00	6.936642927230994848e-01
8.817697407028136070e+01	5.636974009322142098e-01	6.905691153213693312e-01	1.311299519775248612e+00	6.913708837275106545e-01
9.004563382282356088e+01	5.630274435859742299e-01	6.896203378193412892e-01	1.309254261903757488e+00	6.906130674129279390e-01
9.195389449507966617e+01	5.637972039862213514e-01	6.907104723946322355e-01	1.311604279488523206e+00	6.914837679952167138e-01
9.390259531572145590e+01	5.661081919568634602e-01	6.939848909161460133e-01	1.318666595878250636e+00	6.940971849700107166e-01
9.589259329848152902e+01	5.700816144268218144e-01	6.996196500937332807e-01	1.330830634465191009e+00	6.985887181230491239e-01
9.792476361905691817e+01	5.758566570120098316e-01	7.078187153788695340e-01	1.348551238183733458e+00	7.051131457185535467e-01
