# Data associated with arXiv:2208.14002
# 
# Scale-free gravitational potential, Phi(r), of a nfw1-0rhos4e6 dark matter distribution (see Eq. 2.8 and the surrounding discussion)
# 
# Published: 8/25/22, Jack Runburg and Kenny Kiriu, contact: runburg@hawaii.edu
# 
# 
# -----------------------------------------------------------------
# 
# 	 tilde r 		 | 		 tilde Phi
# 
# -----------------------------------------------------------------
1.000000000000000082e-05	4.999966666916665389e-06
1.016902569856036418e-05	5.084478379848520133e-06
1.034090836579813217e-05	5.170418538380237103e-06
1.051569629182590727e-05	5.257811286247489841e-06
1.069343858298338107e-05	5.346681175254475793e-06
1.087418517563349352e-05	5.437053172170461109e-06
1.105798685019213608e-05	5.528952665743044882e-06
1.124489524539464294e-05	5.622405473829764064e-06
1.143496287280373749e-05	5.717437850650368380e-06
1.162824313156251011e-05	5.814076494161556732e-06
1.182479032339672186e-05	5.912348553556311299e-06
1.202465966787094358e-05	6.012281636890092608e-06
1.222790731790219642e-05	6.113903818835718394e-06
1.243459037553620304e-05	6.217243648569482587e-06
1.264476690798990365e-05	6.322330157790336408e-06
1.285849596396550032e-05	6.429192868874767520e-06
1.307583759024001738e-05	6.537861803169358463e-06
1.329685284853523648e-05	6.648367489423461276e-06
1.352160383267306994e-05	6.760740972364509928e-06
1.375015368602047702e-05	6.875013821418025459e-06
1.398256661922970337e-05	6.991218139575197122e-06
1.421890792827791775e-05	7.109386572410078358e-06
1.445924401281218556e-05	7.229552317249357952e-06
1.470364239480425140e-05	7.351749132496946804e-06
1.495217173752060936e-05	7.476011347116110273e-06
1.520490186481353606e-05	7.602373870271986220e-06
1.546190378073772831e-05	7.730872201136798597e-06
1.572324968949899453e-05	7.861542438860996313e-06
1.598901301573965207e-05	7.994421292712631486e-06
1.625926842516730133e-05	8.129546092388319461e-06
1.653409184553174079e-05	8.266954798498142129e-06
1.681356048795696318e-05	8.406686013227985160e-06
1.709775286863338809e-05	8.548778991181851114e-06
1.738674883087671066e-05	8.693273650407367130e-06
1.768062956756000055e-05	8.840210583607773705e-06
1.797947764392438726e-05	8.989631069543074562e-06
1.828337702077590442e-05	9.141577084624118599e-06
1.859241307807381921e-05	9.296091314702276993e-06
1.890667263891824960e-05	9.453217167058613503e-06
1.922624399394281931e-05	9.612998782595416028e-06
1.955121692611963820e-05	9.775481048233723190e-06
1.988168273598394005e-05	9.940709609520515284e-06
2.021773426728446277e-05	1.010873088344859859e-05
2.055946593306806188e-05	1.027959207149342332e-05
2.090697374220454717e-05	1.045334117286983528e-05
2.126035532636048084e-05	1.063002699801310167e-05
2.161970996742848953e-05	1.080969918228750567e-05
2.198513862542019826e-05	1.099240819992653692e-05
2.235674396683105304e-05	1.117820537820882136e-05
2.273463039348393747e-05	1.136714291187321589e-05
2.311890407186101566e-05	1.155927387777779437e-05
2.350967296293065580e-05	1.175465224980613839e-05
2.390704685247916156e-05	1.195333291402578298e-05
2.431113738195477895e-05	1.215537168410254933e-05
2.472205807983296721e-05	1.236082531697525195e-05
2.513992439351238667e-05	1.256975152879548660e-05
2.556485372174920653e-05	1.278220901113630196e-05
2.599696544764047972e-05	1.299825744747511860e-05
2.643638097216418787e-05	1.321795752995467803e-05
2.688322374828698802e-05	1.344137097642753938e-05
2.733761931564792142e-05	1.366856054778823194e-05
2.779969533582839453e-05	1.389959006559822183e-05
2.826958162821882354e-05	1.413452443000885472e-05
2.874741020649071774e-05	1.437342963798667918e-05
2.923331531568612113e-05	1.461637280184707133e-05
2.972743346993304866e-05	1.486342216810048756e-05
3.022990349079926684e-05	1.511464713661749462e-05
3.074086654629380722e-05	1.537011828011726139e-05
3.126046619052763072e-05	1.562990736398520920e-05
3.178884840404535552e-05	1.589408736642576378e-05
3.232616163483768439e-05	1.616273249895500106e-05
3.287255684004812447e-05	1.643591822723999556e-05
3.342818752838356790e-05	1.671372129228959242e-05
3.399320980324275641e-05	1.699621973200365411e-05
3.456778240657304527e-05	1.728349290308593824e-05
3.515206676346841592e-05	1.757562150332706111e-05
3.574622702752206616e-05	1.787268759426421128e-05
3.635043012694450139e-05	1.817477462422304780e-05
3.696484581146223093e-05	1.848196745174931501e-05
3.758964670000808795e-05	1.879435236943567596e-05
3.822500832921870388e-05	1.911201712815146941e-05
3.887110920275097572e-05	1.943505096168135325e-05
3.952813084143210176e-05	1.976354461178003762e-05
4.019625783425803943e-05	2.009759035365054134e-05
4.087567789025284005e-05	2.043728202185218871e-05
4.156658189120576708e-05	2.078271503664673591e-05
4.226916394529853092e-05	2.113398643078881015e-05
4.298362144164019741e-05	2.149119487676938607e-05
4.371015510572303796e-05	2.185444071451891654e-05
4.444896905581571312e-05	2.222382597957828299e-05
4.520027086031053377e-05	2.259945443174592069e-05
4.596427159603870473e-05	2.298143158420802039e-05
4.674118590757267352e-05	2.336986473316135082e-05
4.753123206752940771e-05	2.376486298793558662e-05
4.833463203789430644e-05	2.416653730162493697e-05
4.915161153238073493e-05	2.457500050223656920e-05
4.998240007984356624e-05	2.499036732436496882e-05
5.082723108876559525e-05	2.541275444140161076e-05
5.168634191283236288e-05	2.584228049828771092e-05
5.255997391761710167e-05	2.627906614482085254e-05
5.344837254839108326e-05	2.672323406952309370e-05
5.435178739908172257e-05	2.717490903408167601e-05
5.527047228239525742e-05	2.763421790837073341e-05
5.620468530112457639e-05	2.810128970606421306e-05
5.715468892066349253e-05	2.857625562085062336e-05
5.812075004274504757e-05	2.905924906325835707e-05
5.910314008042789533e-05	2.955040569810354992e-05
6.010213503434844385e-05	3.004986348256928359e-05
6.111801557026345553e-05	3.055776270492842870e-05
6.215106709790228898e-05	3.107424602391961469e-05
6.320157985115178797e-05	3.159945850878786966e-05
6.426984896959787321e-05	3.213354768000181271e-05
6.535617458144342038e-05	3.267666355065716646e-05
6.646086188782971240e-05	3.322895866858017631e-05
6.758422124858115099e-05	3.379058815914069431e-05
6.872656826940111863e-05	3.436170976878883234e-05
6.988822389054047174e-05	3.494248390932582350e-05
7.106951447696465861e-05	3.553307370292206147e-05
7.227077191004629639e-05	3.613364502789559918e-05
7.349233368080552791e-05	3.674436656526227426e-05
7.473454298472863809e-05	3.736540984607252474e-05
7.599774881818697982e-05	3.799694929954593365e-05
7.728230607648789517e-05	3.863916230201919628e-05
7.858857565358148443e-05	3.929222922671936179e-05
7.991692454345255051e-05	3.995633349437695205e-05
8.126772594322802224e-05	4.063166162469399425e-05
8.264135935802465773e-05	4.131840328867923901e-05
8.403821070757165439e-05	4.201675136186785710e-05
8.545867243463269578e-05	4.272690197843771037e-05
8.690314361526321394e-05	4.344905458624000492e-05
8.837203007092955202e-05	4.418341200275753338e-05
8.986574448252320402e-05	4.493018047200704733e-05
9.138470650630395851e-05	4.568956972240246990e-05
9.292934289180014931e-05	4.646179302559299591e-05
9.450008760170456993e-05	4.724706725629517504e-05
9.609738193379394305e-05	4.804561295313286925e-05
9.772167464491231779e-05	4.885765438050504076e-05
9.937342207704681467e-05	4.968341959149553272e-05
1.010530882855375953e-04	5.052314049184557140e-05
1.027611451694522251e-04	5.137705290500395853e-05
1.044980726041651943e-04	5.224539663827518096e-05
1.062643585761784858e-04	5.312841555008319825e-05
1.080604993202192510e-04	5.402635761836880425e-05
1.098869994586575572e-04	5.493947501014186737e-05
1.117443721432778697e-04	5.586802415220507831e-05
1.136331391994486811e-04	5.681226580307127569e-05
1.155538312727281931e-04	5.777246512609308585e-05
1.175069879779481330e-04	5.874889176382569358e-05
1.194931580508180820e-04	5.974181991364382470e-05
1.215128995020904455e-04	6.075152840463267969e-05
1.235667797743341897e-04	6.177830077577675227e-05
1.256553759013554958e-04	6.282242535546537078e-05
1.277792746703147969e-04	6.388419534233940450e-05
1.299390727865835948e-04	6.496390888750069685e-05
1.321353770413874452e-04	6.606186917810706832e-05
1.343688044822834680e-04	6.717838452237692454e-05
1.366399825865173903e-04	6.831376843602559397e-05
1.389495494373137348e-04	6.946833973016001236e-05
1.412981539031428761e-04	7.064242260065327545e-05
1.436864558200198782e-04	7.183634671902636821e-05
1.461151261768842277e-04	7.305044732486104498e-05
1.485848473041125864e-04	7.428506531976992219e-05
1.510963130652191798e-04	7.554054736295056326e-05
1.536502290517936125e-04	7.681724596834820786e-05
1.562473127817378576e-04	7.811551960345769290e-05
1.588882939008491742e-04	7.943573278978744183e-05
1.615739143878149021e-04	8.077825620501836014e-05
1.643049287626683534e-04	8.214346678688167923e-05
1.670821042987704773e-04	8.353174783878771891e-05
1.699062212383743503e-04	8.494348913723383937e-05
1.727780730118311508e-04	8.637908704102024591e-05
1.756984664605053779e-04	8.783894460230737896e-05
1.786682220634525510e-04	8.932347167954070668e-05
1.816881741679340619e-04	9.083308505228021698e-05
1.847591712238235014e-04	9.236820853796081927e-05
1.878820760219775598e-04	9.392927311062019375e-05
1.910577659366365815e-04	9.551671702162569267e-05
1.942871331719188508e-04	9.713098592243203351e-05
1.975710850124866975e-04	9.877253298940824632e-05
2.009105440784431595e-04	1.004418190507626741e-04
2.043064485845435532e-04	1.021393127156075515e-04
2.077597526037827484e-04	1.038654905051929363e-04
2.112714263354412516e-04	1.056208369863511666e-04
2.148424563776607336e-04	1.074058449071861317e-04
2.184738460046266035e-04	1.092210153350457638e-04
2.221666154484372088e-04	1.110668577968167560e-04
2.259218021857336319e-04	1.129438904215777852e-04
2.297404612291798821e-04	1.148526400856553816e-04
2.336236654238643619e-04	1.167936425601170578e-04
2.375725057487147664e-04	1.187674426607472058e-04
2.415880916230062926e-04	1.207745944005445107e-04
2.456715512180506823e-04	1.228156611447842603e-04
2.498240317741551374e-04	1.248912157686886903e-04
2.540466999229345113e-04	1.270018408177465497e-04
2.583407420150777146e-04	1.291481286707312599e-04
2.627073644536481322e-04	1.313306817054566019e-04
2.671477940330213769e-04	1.335501124673205522e-04
2.716632782835508839e-04	1.358070438406815692e-04
2.762550858220584886e-04	1.381021092231148463e-04
2.809245067082517420e-04	1.404359527025981331e-04
2.856728528071605542e-04	1.428092292376724178e-04
2.905014581577071149e-04	1.452226048406331444e-04
2.954116793474984839e-04	1.476767567637959021e-04
3.004048958939589458e-04	1.501723736888928296e-04
3.054825106319022541e-04	1.527101559196495804e-04
3.106459501076553839e-04	1.552908155775968710e-04
3.158966649798455200e-04	1.579150768011707646e-04
3.212361304269563162e-04	1.605836759481537907e-04
3.266658465617811426e-04	1.632973618015188849e-04
3.321873388528732334e-04	1.660568957787249159e-04
3.378021585531251671e-04	1.688630521445276544e-04
3.435118831355896260e-04	1.717166182273617808e-04
3.493181167366675791e-04	1.746183946393538571e-04
3.552224906067888996e-04	1.775691955000281469e-04
3.612266635687054364e-04	1.805698486637626087e-04
3.673323224835388411e-04	1.836211959510650757e-04
3.735411827246973185e-04	1.867240933837241033e-04
3.798549886598084251e-04	1.898794114239063123e-04
3.862755141407951480e-04	1.930880352172620004e-04
3.928045630022363724e-04	1.963508648401065951e-04
3.994439695681523583e-04	1.996688155507472557e-04
4.061955991673505371e-04	2.030428180450184826e-04
4.130613486574917070e-04	2.064738187161059644e-04
4.200431469580040238e-04	2.099627799187183731e-04
4.271429555920115370e-04	2.135106802376891821e-04
4.343627692374198417e-04	2.171185147610761351e-04
4.417046162873167637e-04	2.207872953578353967e-04
4.491705594198478857e-04	2.245180509601469850e-04
4.567626961777168084e-04	2.283118278504634498e-04
4.644831595574927248e-04	2.321696899533706737e-04
4.723341186088662533e-04	2.360927191323271214e-04
4.803177790440425624e-04	2.400820154913739133e-04
4.884363838574312710e-04	2.441386976818912900e-04
4.966922139558113680e-04	2.482639032144876088e-04
5.050875887991499369e-04	2.524587887761063892e-04
5.136248670522445235e-04	2.567245305524329911e-04
5.223064472473935762e-04	2.610623245556987246e-04
5.311347684582509721e-04	2.654733869579571702e-04
5.401123109850867847e-04	2.699589544299391001e-04
5.492415970516181150e-04	2.745202844855641148e-04
5.585251915136241153e-04	2.791586558322111289e-04
5.679657025795404723e-04	2.838753687268419216e-04
5.775657825432239500e-04	2.886717453380665491e-04
5.873281285291183634e-04	2.935491301142636469e-04
5.972554832499969713e-04	2.985088901578362855e-04
6.073506357775315233e-04	3.035524156057246500e-04
6.176164223258701069e-04	3.086811200162599997e-04
6.280557270484683893e-04	3.138964407624783592e-04
6.386714828483902292e-04	3.191998394319943378e-04
6.494666722022935214e-04	3.245928022335382922e-04
6.604443279983617009e-04	3.300768404102812992e-04
6.716075343883770371e-04	3.356534906600379831e-04
6.829594276542177208e-04	3.413243155624835876e-04
6.945031970889825731e-04	3.470909040134793487e-04
7.062420858930204982e-04	3.529548716666380619e-04
7.181793920851009278e-04	3.589178613822402138e-04
7.303184694289851413e-04	3.649815436836249295e-04
7.426627283756636558e-04	3.711476172211778703e-04
7.552156370215079703e-04	3.774178092440349098e-04
7.679807220826359018e-04	3.837938760796410186e-04
7.809615698857278474e-04	3.902776036212757564e-04
7.941618273756021005e-04	3.968708078236900076e-04
8.075852031398165869e-04	4.035753352069784239e-04
8.212354684505887787e-04	4.103930633688248350e-04
8.351164583243314002e-04	4.173259015052585932e-04
8.492320725990840828e-04	4.243757909400526040e-04
8.635862770301777234e-04	4.315447056629209059e-04
8.781831044043956558e-04	4.388346528766370099e-04
8.930266556729828109e-04	4.462476735532370955e-04
9.081211011037989590e-04	4.537858429994455923e-04
9.234706814529467173e-04	4.614512714314750988e-04
9.390797091562086895e-04	4.692461045593572522e-04
9.549525695406079406e-04	4.771725241809475536e-04
9.710937220564705170e-04	4.852327487857809843e-04
9.875077015302894702e-04	4.934290341689138819e-04
1.004199119438780371e-03	5.017636740549350372e-04
1.021172665204465608e-03	5.102390007322968237e-04
1.038433107513160114e-03	5.188573856981406988e-04
1.055985295653722377e-03	5.276212403137819310e-04
1.073834160880457900e-03	5.365330164710311982e-04
1.091984717798539194e-03	5.455952072695193205e-04
1.110442065772854507e-03	5.548103477052123691e-04
1.129211390360662605e-03	5.641810153702900808e-04
1.148297964768467102e-03	5.737098311645750376e-04
1.167707151333511727e-03	5.833994600186936724e-04
1.187444403030319794e-03	5.932526116291626317e-04
1.207515265002700490e-03	6.032720412055894710e-04
1.227925376121640280e-03	6.134605502301789361e-04
1.248680470569537605e-03	6.238209872297490952e-04
1.269786379451208914e-03	6.343562485604500910e-04
1.291249032432127903e-03	6.450692792053947661e-04
1.313074459404352896e-03	6.559630735854016280e-04
1.335268792180613557e-03	6.670406763830648289e-04
1.357838266217031810e-03	6.783051833803593238e-04
1.380789222364966172e-03	6.897597423100013028e-04
1.404128108652453718e-03	7.014075537207746644e-04
1.427861482095777682e-03	7.132518718570551169e-04
1.451996010541646868e-03	7.252960055527524338e-04
1.476538474540514635e-03	7.375433191398972441e-04
1.501495769251562883e-03	7.499972333721087155e-04
1.526874906379880551e-03	7.626612263631753642e-04
1.552683016146397385e-03	7.755388345409922881e-04
1.578927349291094897e-03	7.886336536170855411e-04
1.605615279110095620e-03	8.019493395719871085e-04
1.632754303527175332e-03	8.154896096566942396e-04
1.660352047200289172e-03	8.292582434104725855e-04
1.688416263663707062e-03	8.432590836952606403e-04
1.716954837506350865e-03	8.574960377469322253e-04
1.745975786586963620e-03	8.719730782436861151e-04
1.775487264286699802e-03	8.866942443918196526e-04
1.805497561799810540e-03	9.016636430291738837e-04
1.836015110463037458e-03	9.168854497465110708e-04
1.867048484124379315e-03	9.323639100271108142e-04
1.898606401551900620e-03	9.481033404048684089e-04
1.930697728883249645e-03	9.641081296411751610e-04
1.963331482116591892e-03	9.803827399208868421e-04
1.996516829643624896e-03	9.969317080676515491e-04
2.030263094825430960e-03	1.013759646778922881e-03
2.064579758611852570e-03	1.030871245880940435e-03
2.099476462205150749e-03	1.048271273603998324e-03
2.134963009768679927e-03	1.065964577878302259e-03
2.171049371181348660e-03	1.083956087650744153e-03
2.207745684838647703e-03	1.102250814222902791e-03
2.245062260500998302e-03	1.120853852610594536e-03
2.283009582190270292e-03	1.139770382925316258e-03
2.321598311135244109e-03	1.159005671777897477e-03
2.360839288766866315e-03	1.178565073704708260e-03
2.400743539764126078e-03	1.198454032616761344e-03
2.441322275151419988e-03	1.218678083272056734e-03
2.482586895448264750e-03	1.239242852771515503e-03
2.524548993872262424e-03	1.260154062078868396e-03
2.567220359596177753e-03	1.281417527564838142e-03
2.610612981060093842e-03	1.303039162576007104e-03
2.654739049339540410e-03	1.325024979028716771e-03
2.699610961570552640e-03	1.347381089028385067e-03
2.745241324432623389e-03	1.370113706514614667e-03
2.791642957690524101e-03	1.393229148932475896e-03
2.838828897796003177e-03	1.416733838930358006e-03
2.886812401550338004e-03	1.440634306084765705e-03
2.935606949828818354e-03	1.464937188652478328e-03
2.985226251368169013e-03	1.489649235350457663e-03
3.035684246617996723e-03	1.514777307163920955e-03
3.086995111657330013e-03	1.540328379182981985e-03
3.139173262177360861e-03	1.566309542468285023e-03
3.192233357531519197e-03	1.592728005946055132e-03
3.246190304853968818e-03	1.619591098332963603e-03
3.301059263247754609e-03	1.646906270091287507e-03
3.356855648043719550e-03	1.674681095414752834e-03
3.413595135131412741e-03	1.702923274245530432e-03
3.471293665363201029e-03	1.731640634322816931e-03
3.529967449032819348e-03	1.760841133263454277e-03
3.589632970429635240e-03	1.790532860675051905e-03
3.650306992469857896e-03	1.820724040302044815e-03
3.712006561406061729e-03	1.851423032205189731e-03
3.774749011616297320e-03	1.882638334974937174e-03
3.838551970474150202e-03	1.914378587979173596e-03
3.903433363301120080e-03	1.946652573645797852e-03
3.969411418402700453e-03	1.979469219780630521e-03
4.036504672189604979e-03	2.012837601921134856e-03
4.104731974385511864e-03	2.046766945726440513e-03
4.174112493322873658e-03	2.081266629404178534e-03
4.244665721328222743e-03	2.116346186174620277e-03
4.316411480198500787e-03	2.152015306772636118e-03
4.389369926769958255e-03	2.188283841987973335e-03
4.463561558581177410e-03	2.225161805244380529e-03
4.539007219631814756e-03	2.262659375218096375e-03
4.615728106238700494e-03	2.300786898496226182e-03
4.693745772990876204e-03	2.339554892275523199e-03
4.773082138805334954e-03	2.378974047102136707e-03
4.853759493085097083e-03	2.419055229652839964e-03
4.935800501981372872e-03	2.459809485558280516e-03
5.019228214761578891e-03	2.501248042268815804e-03
5.104066070284974874e-03	2.543382311963456217e-03
5.190337903587798063e-03	2.586223894502510164e-03
5.278067952579629761e-03	2.629784580424420794e-03
5.367280864853020243e-03	2.674076353987432739e-03
5.458001704608171807e-03	2.719111396256591526e-03
5.550255959694683563e-03	2.764902088236675416e-03
5.644069548772311269e-03	2.811461014051608743e-03
5.739468828592763153e-03	2.858800964170942187e-03
5.836480601404602127e-03	2.906934938683986783e-03
5.935132122483251921e-03	2.955876150622129862e-03
6.035451107788337120e-03	3.005638029329979130e-03
6.137465741750428375e-03	3.056234223885872202e-03
6.241204685189401941e-03	3.107678606572350077e-03
6.346697083366644419e-03	3.159985276397182623e-03
6.453972574173352621e-03	3.213168562665521134e-03
6.563061296457267831e-03	3.267243028603802890e-03
6.673993898490092683e-03	3.322223475035931180e-03
6.786801546578089504e-03	3.378124944112401249e-03
6.901515933818189001e-03	3.434962723092902133e-03
7.018169289002107285e-03	3.492752348183018451e-03
7.136794385670962304e-03	3.551509608425611111e-03
7.257424551322942327e-03	3.611250549647474547e-03
7.380093676776592997e-03	3.671991478461853354e-03
7.504836225692410046e-03	3.733748966327428941e-03
7.631687244255296390e-03	3.796539853664322207e-03
7.760682371020751966e-03	3.860381254027754529e-03
7.891857846927448697e-03	3.925290558339900038e-03
8.025250525479058969e-03	3.991285439180562375e-03
8.160897883098169533e-03	4.058383855137193304e-03
8.298838029655216872e-03	4.126604055214891549e-03
8.439109719175405186e-03	4.195964583306927009e-03
8.581752360726531761e-03	4.266484282726319861e-03
8.726806029490927208e-03	4.338182300799122912e-03
8.874311478024487360e-03	4.411078093519890317e-03
9.024310147706032098e-03	4.485191430269911197e-03
9.176844180380181251e-03	4.560542398598765867e-03
9.331956430197019259e-03	4.637151409069718150e-03
9.489690475651922641e-03	4.715039200169507567e-03
9.650090631828802876e-03	4.794226843283010651e-03
9.813201962850383320e-03	4.874735747733349896e-03
9.979070294538865127e-03	4.956587665887910929e-03
1.014774222729061814e-02	5.039804698330780514e-03
1.031926514916845991e-02	5.124409299102074614e-03
1.049368724921524200e-02	5.210424281004633583e-03
1.067105753099251327e-02	5.297872820978583204e-03
1.085142582634790812e-02	5.386778465544102452e-03
1.103484280941536416e-02	5.477165136312965241e-03
1.122136001085190064e-02	5.569057135569160585e-03
1.141102983231507065e-02	5.662479151919060441e-03
1.160390556118510476e-02	5.757456266011490818e-03
1.180004138553588516e-02	5.854013956328057468e-03
1.199949240935904021e-02	5.952178105044143332e-03
1.220231466804522213e-02	6.051975003960772918e-03
1.240856514412720830e-02	6.153431360507820649e-03
1.261830178328901021e-02	6.256574303818693283e-03
1.283158351064561664e-02	6.361431390876852443e-03
1.304847024729788307e-02	6.468030612734359391e-03
1.326902292716726148e-02	6.576400400802664969e-03
1.349330351411505598e-02	6.686569633215858066e-03
1.372137501935110325e-02	6.798567641266498388e-03
1.395330151913657356e-02	6.912424215914129803e-03
1.418914817278613301e-02	7.028169614366678968e-03
1.442898124097431733e-02	7.145834566734678497e-03
1.467286810435134044e-02	7.265450282758440480e-03
1.492087728247356443e-02	7.387048458608112649e-03
1.517307845305392207e-02	7.510661283756599020e-03
1.542954247153780281e-02	7.636321447925318098e-03
1.569034139100966910e-02	7.764062148102538440e-03
1.595554848243628532e-02	7.893917095634299386e-03
1.622523825525205854e-02	8.025920523387616856e-03
1.649948647829230924e-02	8.160107192985705318e-03
1.677837020108039270e-02	8.296512402114996493e-03
1.706196777547459506e-02	8.435171991903543665e-03
1.735035887768101442e-02	8.576122354370468992e-03
1.764362453063833894e-02	8.719400439945918652e-03
1.794184712678114843e-02	8.865043765061114689e-03
1.824511045118791530e-02	9.013090419807901627e-03
1.855349970512023758e-02	9.163579075667151186e-03
1.886710152996000367e-02	9.316548993305355519e-03
1.918600403155108769e-02	9.472040030438669961e-03
1.951029680495259405e-02	9.630092649763596913e-03
1.984007095961033348e-02	9.790747926953367181e-03
2.017541914495388916e-02	9.954047558719158334e-03
2.051643557642630553e-02	1.012003387093506068e-02
2.086321606195374462e-02	1.028874982682569453e-02
2.121585802886252412e-02	1.046023903521530775e-02
2.157446055125112477e-02	1.063454575883707696e-02
2.193912437782497352e-02	1.081171492270131644e-02
2.230995196020145455e-02	1.099179212252098491e-02
2.268704748169360005e-02	1.117482363319323262e-02
2.307051688658016617e-02	1.136085641733512903e-02
2.346046790987047978e-02	1.154993813387194569e-02
2.385701010757239338e-02	1.174211714667623349e-02
2.426025488747183059e-02	1.193744253325563880e-02
2.467031554043257191e-02	1.213596409348752583e-02
2.508730727222522119e-02	1.233773235839833414e-02
2.551134723589388795e-02	1.254279859898513837e-02
2.594255456467021298e-02	1.275121483507743979e-02
2.638105040544361582e-02	1.296303384423637926e-02
2.682695795279727360e-02	1.317830917068892223e-02
2.728040248361941061e-02	1.339709513429422801e-02
2.774151139229957819e-02	1.361944683953933595e-02
2.821041422651998296e-02	1.384542018456121071e-02
2.868724272365149111e-02	1.407507187019186277e-02
2.917213084776511603e-02	1.430845940902345827e-02
2.966521482726893269e-02	1.454564113448984612e-02
3.016663319318120540e-02	1.478667620996094133e-02
3.067652681805041123e-02	1.503162463784624148e-02
3.119503895553308453e-02	1.528054726870357698e-02
3.172231528064078931e-02	1.553350581034908078e-02
3.225850393066707206e-02	1.579056283696397833e-02
3.280375554680643041e-02	1.605178179819399809e-02
3.335822331647670530e-02	1.631722702823676374e-02
3.392206301635675159e-02	1.658696375491229211e-02
3.449543305615163091e-02	1.686105810871183636e-02
3.507849452309746291e-02	1.713957713181971793e-02
3.567141122721874391e-02	1.742258878710317357e-02
3.627434974735024853e-02	1.771016196706413914e-02
3.688747947793717674e-02	1.800236650274783870e-02
3.751097267662616142e-02	1.829927317260179181e-02
3.814500451266075037e-02	1.860095371127933397e-02
3.878975311609485915e-02	1.890748081838112410e-02
3.944539962783806530e-02	1.921892816712816518e-02
4.011212825054691344e-02	1.953537041295945811e-02
4.079012630037611581e-02	1.985688320204717638e-02
4.147958425960481671e-02	2.018354317972221451e-02
4.218069583015218033e-02	2.051542799880247056e-02
4.289365798799760210e-02	2.085261632781609462e-02
4.361867103852071215e-02	2.119518785911173389e-02
4.435593867277683178e-02	2.154322331684740618e-02
4.510566802472350950e-02	2.189680446484955703e-02
4.586806972941463723e-02	2.225601411433347429e-02
4.664335798217766893e-02	2.262093613147580715e-02
4.743175059879158745e-02	2.299165544483017937e-02
4.823346907668181471e-02	2.336825805257599503e-02
4.904873865714945436e-02	2.375083102959067022e-02
4.987778838865244979e-02	2.413946253433498640e-02
5.072085119115625484e-02	2.453424181554127864e-02
5.157816392157245355e-02	2.493525921869353332e-02
5.244996744030298863e-02	2.534260619228828615e-02
5.333650667890960095e-02	2.575637529386515939e-02
5.423803070892688205e-02	2.617666019579523856e-02
5.515479281183843091e-02	2.660355569081528787e-02
5.608705055023580077e-02	2.703715769729560583e-02
5.703506584018021297e-02	2.747756326422884712e-02
5.799910502478755614e-02	2.792487057592713331e-02
5.897943894905668949e-02	2.837917895641372049e-02
5.997634303596301869e-02	2.884058887349634157e-02
6.099009736383805003e-02	2.930920194250789465e-02
6.202098674505685666e-02	2.978512092970045030e-02
6.306930080605555045e-02	3.026844975527814841e-02
6.413533406870128295e-02	3.075929349605400001e-02
6.521938603303781279e-02	3.125775838771575887e-02
6.632176126142910744e-02	3.176395182668485112e-02
6.744276946412586238e-02	3.227798237155331956e-02
6.858272558627788451e-02	3.279995974408198012e-02
6.974194989641739617e-02	3.332999482974389333e-02
7.092076807643786507e-02	3.386819967779610557e-02
7.211951131309368712e-02	3.441468750086272566e-02
7.333851639104646547e-02	3.496957267401194086e-02
7.457812578748428123e-02	3.553297073330955597e-02
7.583868776833958825e-02	3.610499837383043115e-02
7.712055648613416747e-02	3.668577344711040217e-02
7.842409207947753647e-02	3.727541495801962868e-02
7.974966077424722188e-02	3.787404306103847595e-02
8.109763498647923341e-02	3.848177905591713965e-02
8.246839342699753550e-02	3.909874538269933475e-02
8.386232120781254851e-02	3.972506561609074477e-02
8.527980995031705924e-02	4.036086445915171295e-02
8.672125789531190398e-02	4.100626773629474642e-02
8.818707001489085873e-02	4.166140238556613473e-02
8.967765812621682209e-02	4.232639645019087987e-02
9.119344100722104329e-02	4.300137906936056520e-02
9.273484451425793862e-02	4.368648046824279846e-02
9.430230170174896953e-02	4.438183194719144686e-02
9.589625294384790388e-02	4.508756587013564715e-02
9.751714605816352854e-02	4.580381565212707229e-02
9.916543643157306465e-02	4.653071574602301447e-02
1.008415871481621734e-01	4.726840162828389869e-02
1.025460691193275653e-01	4.801700978386347352e-02
1.042793612160791694e-01	4.877667769016994642e-02
1.060419504035768068e-01	4.954754380007499182e-02
1.078343318779438342e-01	5.032974752395113355e-02
1.096570092053898021e-01	5.112342921071228591e-02
1.115104944636879369e-01	5.192873012783884301e-02
1.133953083860418237e-01	5.274579244036276676e-02
1.153119805073836990e-01	5.357475918879224530e-02
1.172610493131479026e-01	5.441577426595459871e-02
1.192430623905555293e-01	5.526898239273405483e-02
1.212585765824598510e-01	5.613452909268592389e-02
1.233081581437884267e-01	5.701256066550250412e-02
1.253923829006330093e-01	5.790322415931339201e-02
1.275118364120260972e-01	5.880666734179674365e-02
1.296671141344518663e-01	5.972303867008228739e-02
1.318588215891403626e-01	6.065248725942719993e-02
1.340875745321854495e-01	6.159516285064247504e-02
1.363539991275424801e-01	6.255121577625441520e-02
1.386587321229457159e-01	6.352079692537829225e-02
1.410024210288032542e-01	6.450405770729054911e-02
1.433857243001131487e-01	6.550115001367814993e-02
1.458093115214542101e-01	6.651222617955018790e-02
1.482738635951064698e-01	6.753743894279565230e-02
1.507800729323471867e-01	6.857694140236988978e-02
1.533286436479847636e-01	6.963088697509772773e-02
1.559202917581761494e-01	7.069942935107607906e-02
1.585557453815923112e-01	7.178272244766617516e-02
1.612357449439809631e-01	7.288092036206052227e-02
1.639610433861866667e-01	7.399417732241425627e-02
1.667324063756906449e-01	7.512264763753227770e-02
1.695506125217208226e-01	7.626648564509948269e-02
1.724164535940033438e-01	7.742584565845038458e-02
1.753307347452060516e-01	7.860088191186698214e-02
1.782942747371474568e-01	7.979174850440370892e-02
1.813079061708234574e-01	8.099859934223080371e-02
1.843724757203275000e-01	8.222158807949754566e-02
1.874888443707211083e-01	8.346086805771056605e-02
1.906578876599247796e-01	8.471659224362840246e-02
1.938804959247014126e-01	8.598891316567583432e-02
1.971575745507916644e-01	8.727798284887720859e-02
2.004900442272835592e-01	8.858395274831830368e-02
2.038788412052750798e-01	8.990697368113878540e-02
2.073249175609150063e-01	9.124719575706830010e-02
2.108292414628857858e-01	9.260476830751233901e-02
2.143927974444073958e-01	9.397983981320226499e-02
2.180165866798430274e-01	9.537255783042432322e-02
2.217016272659736997e-01	9.678306891584087523e-02
2.254489545080342605e-01	9.821151854992610231e-02
2.292596212105766917e-01	9.965805105903202676e-02
2.331346979732569213e-01	1.011228095361119128e-01
2.370752734916163618e-01	1.026059357601223909e-01
2.410824548629473540e-01	1.041075701141321308e-01
2.451573678973335835e-01	1.056278515021687736e-01
2.493011574339402958e-01	1.071669172648314211e-01
2.535149876626587306e-01	1.087249030937078448e-01
2.578000424511790456e-01	1.103019429446278066e-01
2.621575256775992568e-01	1.118981689497965670e-01
2.665886615686511307e-01	1.135137113288462313e-01
2.710946950436425307e-01	1.151486982988499941e-01
2.756768920642191367e-01	1.168032559833485917e-01
2.803365399900296095e-01	1.184775083204328699e-01
2.850749479404112718e-01	1.201715769699404773e-01
2.898934471621800180e-01	1.218855812198147981e-01
2.947933914036459657e-01	1.236196378916892824e-01
2.997761572949446118e-01	1.253738612457518942e-01
3.048431447347966228e-01	1.271483628849536807e-01
3.099957772838110026e-01	1.289432516586287158e-01
3.152355025644269504e-01	1.307586335655874510e-01
3.205637926676255800e-01	1.325946116567603972e-01
3.259821445665060935e-01	1.344512859374574487e-01
3.314920805368620771e-01	1.363287532693251147e-01
3.370951485848599494e-01	1.382271072720732685e-01
3.427929228819465157e-01	1.401464382250547924e-01
3.485870042071142483e-01	1.420868329687815235e-01
3.544790203966314834e-01	1.440483748064565472e-01
3.604706268013856407e-01	1.460311434056170976e-01
3.665635067519453227e-01	1.480352146999694141e-01
3.727593720314937853e-01	1.500606607915155599e-01
3.790599633567491855e-01	1.521075498530579662e-01
3.854670508670132723e-01	1.541759460311819263e-01
3.919824346214941246e-01	1.562659093498143525e-01
3.986079451050231759e-01	1.583774956144528845e-01
4.053454437423328338e-01	1.605107563171734864e-01
4.121968234210137139e-01	1.626657385425112345e-01
4.191640090233237359e-01	1.648424848743269278e-01
4.262489579669776485e-01	1.670410333037571082e-01
4.334536607550772414e-01	1.692614171383580723e-01
4.407801415353455599e-01	1.715036649125532553e-01
4.482304586688004022e-01	1.737678002994863524e-01
4.558067053080540054e-01	1.760538420243978053e-01
4.635110099853732013e-01	1.783618037796258771e-01
4.713455372106929997e-01	1.806916941413511113e-01
4.793124880797287601e-01	1.830435164881882293e-01
4.874141008923670304e-01	1.854172689217392922e-01
4.956526517815184607e-01	1.878129441892205376e-01
5.040304553525852826e-01	1.902305296082681396e-01
5.125498653337533517e-01	1.926700069940402160e-01
5.212132752372591327e-01	1.951313525887157785e-01
5.300231190318516195e-01	1.976145369935097262e-01
5.389818718266018438e-01	2.001195251032997779e-01
5.480920505662881803e-01	2.026462760439835253e-01
5.573562147385243692e-01	2.051947431126611709e-01
5.667769670928383130e-01	2.077648737207511698e-01
5.763569543719186949e-01	2.103566093401439963e-01
5.860988680552025043e-01	2.129698854524842977e-01
5.960054451150506027e-01	2.156046315016901804e-01
6.060794687856858598e-01	2.182607708497935062e-01
6.163237693451454335e-01	2.209382207362031170e-01
6.267412249104387101e-01	2.236368922404732840e-01
6.373347622461452699e-01	2.263566902486664201e-01
6.481073575866924674e-01	2.290975134233963761e-01
6.590620374725127961e-01	2.318592541776249571e-01
6.702018796003550438e-01	2.346417986522962296e-01
6.815300136879469672e-01	2.374450266978720692e-01
6.930496223532930378e-01	2.402688118598469147e-01
7.047639420088206430e-01	2.431130213682974606e-01
7.166762637706404204e-01	2.459775161315311542e-01
7.287899343831883980e-01	2.488621507338916461e-01
7.411083571594764274e-01	2.517667734377634359e-01
7.536349929372584411e-01	2.546912261898335861e-01
7.663733610513340233e-01	2.576353446316387297e-01
7.793270403223097054e-01	2.605989581144456113e-01
7.924996700620573487e-01	2.635818897184860066e-01
8.058949510961670448e-01	2.665839562765766613e-01
8.195166468036988450e-01	2.696049684021459281e-01
8.333685841744831180e-01	2.726447305216750383e-01
8.474546548843202576e-01	2.757030409115717728e-01
8.617788163883257635e-01	2.787796917394710361e-01
8.763450930327818522e-01	2.818744691099688837e-01
8.911575771857650485e-01	2.849871531147746828e-01
9.062204303868837130e-01	2.881175178872698028e-01
9.215378845164673427e-01	2.912653316614586263e-01
9.371142429844909749e-01	2.944303568352750200e-01
9.529538819396250471e-01	2.976123500382263920e-01
9.690612514986907122e-01	3.008110622033254300e-01
9.854408769969253967e-01	3.040262386432784347e-01
1.002097360259361913e+00	3.072576191308720173e-01
1.019035380893695386e+00	3.105049379835078116e-01
1.036259697605026009e+00	3.137679241518293582e-01
1.053775149532790278e+00	3.170463013123658857e-01
1.071586657610325677e+00	3.203397879641334822e-01
1.089699225947380778e+00	3.236480975291052831e-01
1.108117943236025305e+00	3.269709384564816745e-01
1.126847984180302076e+00	3.303080143306630911e-01
1.145894610950043413e+00	3.336590239828384763e-01
1.165263174659284751e+00	3.370236616060953150e-01
1.184959116869630069e+00	3.404016168739422143e-01
1.204987971119068746e+00	3.437925750621483312e-01
1.225355364476592435e+00	3.471962171737781877e-01
1.246067019123127118e+00	3.506122200673188471e-01
1.267128753959161580e+00	3.540402565877723284e-01
1.288546486239548816e+00	3.574799957005932449e-01
1.310326233235965754e+00	3.609311026283519297e-01
1.332474113927433867e+00	3.643932389899825486e-01
1.354996350719455345e+00	3.678660629424967965e-01
1.377899271192165376e+00	3.713492293250156284e-01
1.401189309878072775e+00	3.748423898049931813e-01
1.424873010069821255e+00	3.783451930264813967e-01
1.448957025658507369e+00	3.818572847603001197e-01
1.473448123003098242e+00	3.853783080559691765e-01
1.498353182831403840e+00	3.889079033952466125e-01
1.523679202173229497e+00	3.924457088471401400e-01
1.549433296326152343e+00	3.959913602242279285e-01
1.575622700854574010e+00	3.995444912401513449e-01
1.602254773622528550e+00	4.031047336681213289e-01
1.629336996860851317e+00	4.066717175002894646e-01
1.656876979269319872e+00	4.102450711078367007e-01
1.684882458154278284e+00	4.138244214016199574e-01
1.713361301602444930e+00	4.174093939932375097e-01
1.742321510691409836e+00	4.209996133563486120e-01
1.771771221737550084e+00	4.245947029881144141e-01
1.801718708581883988e+00	4.281942855705941353e-01
1.832172384914617203e+00	4.317979831319656014e-01
1.863140806638941216e+00	4.354054172074121043e-01
1.894632674274788098e+00	4.390162089995359174e-01
1.926656835403250945e+00	4.426299795381616331e-01
1.959222287152264430e+00	4.462463498393757222e-01
1.992338178724363251e+00	4.498649410636818557e-01
2.026013813967100230e+00	4.534853746731177804e-01
2.060258653986974053e+00	4.571072725872208364e-01
2.095082319807497040e+00	4.607302573376936272e-01
2.130494595072189856e+00	4.643539522216543203e-01
2.166505428793310539e+00	4.679779814533490678e-01
2.203124938146971523e+00	4.716019703141942632e-01
2.240363411315581477e+00	4.752255453010476027e-01
2.278231310378250996e+00	4.788483342725792791e-01
2.316739274250128933e+00	4.824699665936473814e-01
2.355898121671370138e+00	4.860900732775612632e-01
2.395718854246625451e+00	4.897082871261341785e-01
2.436212659535957670e+00	4.933242428674334823e-01
2.477390914197924676e+00	4.969375772911218125e-01
2.519265187185870225e+00	5.005479293813142050e-01
2.561847242998160024e+00	5.041549404468519402e-01
2.605149044983431139e+00	5.077582542489246231e-01
2.649182758701655427e+00	5.113575171259536756e-01
2.693960755342017954e+00	5.149523781156692959e-01
2.739495615198612732e+00	5.185424890743159931e-01
2.785800131204812846e+00	5.221275047929140323e-01
2.832887312527463397e+00	5.257070831105292719e-01
2.880770388221738365e+00	5.292808850244846708e-01
2.929462810947857765e+00	5.328485747974748277e-01
2.978978260750571039e+00	5.364098200615269318e-01
3.029330648902521350e+00	5.399642919187737089e-01
3.080534121812634751e+00	5.435116650390008353e-01
3.132603065000477027e+00	5.470516177539286318e-01
3.185552107137887834e+00	5.505838321482122710e-01
3.239396124158830492e+00	5.541079941471206416e-01
3.294150243438799031e+00	5.576237936008883178e-01
3.349829848044809655e+00	5.611309243657136570e-01
3.406450581057223204e+00	5.646290843813944749e-01
3.464028349964686004e+00	5.681179757455983026e-01
3.522579331133254943e+00	5.715973047847501265e-01
3.582119974351172242e+00	5.750667821215531550e-01
3.642667007450346439e+00	5.785261227391300665e-01
3.704237441006055231e+00	5.819750460418040561e-01
3.766848573116013732e+00	5.854132759125209029e-01
3.830517994260218551e+00	5.888405407669298208e-01
3.895263592243014550e+00	5.922565736041413009e-01
3.961103557218577542e+00	5.956611120541752680e-01
4.028056386801467603e+00	5.990538984221326357e-01
4.096140891263432948e+00	6.024346797291053601e-01
4.165376198818180775e+00	6.058032077498631818e-01
4.235781760995385170e+00	6.091592390473425933e-01
4.307377358105535237e+00	6.125025350039730032e-01
4.380183104797232829e+00	6.158328618498827289e-01
4.454219455708298803e+00	6.191499906880071347e-01
4.529507211212534301e+00	6.224536975161836239e-01
4.606067523263474683e+00	6.257437632461935184e-01
4.683921901337057214e+00	6.290199737198963748e-01
4.763092218474635153e+00	6.322821197224327561e-01
4.843600717428146574e+00	6.355299969925716219e-01
4.925470016909234694e+00	6.387634062302530724e-01
5.008723117943856273e+00	6.419821531013697458e-01
5.093383410334457295e+00	6.451860482398519281e-01
5.179474679231212519e+00	6.483749072471016728e-01
5.267021111814501388e+00	6.515485506888389899e-01
5.356047304090164829e+00	6.547068040894133967e-01
5.446578267799784712e+00	6.578494979236443330e-01
5.538639437447652192e+00	6.609764676062428457e-01
5.632256677446509485e+00	6.640875534788809320e-01
5.727456289384188715e+00	6.671826007949681614e-01
5.824265019412900202e+00	6.702614597021936405e-01
5.922710065763608256e+00	6.733239852229003786e-01
6.022819086387228182e+00	6.763700372323502297e-01
6.124620206725158056e+00	6.793994804349464678e-01
6.228142027611035303e+00	6.824121843384725050e-01
6.333413633306047785e+00	6.854080232264132544e-01
6.440464599670190360e+00	6.883868761284208659e-01
6.549325002471445778e+00	6.913486267889885628e-01
6.660025425835619295e+00	6.942931636343978585e-01
6.772596970838784536e+00	6.972203797379949997e-01
6.887071264245168578e+00	7.001301727838710187e-01
7.003480467392588338e+00	7.030224450289965787e-01
7.121857285228077927e+00	7.058971032638787779e-01
7.242234975496383065e+00	7.087540587718069718e-01
7.364647358083541206e+00	7.115932272867340203e-01
7.489128824518638261e+00	7.144145289498730067e-01
7.615714347635920589e+00	7.172178882650509513e-01
7.744439491400456177e+00	7.200032340528951247e-01
7.875340420899716420e+00	7.227704994038977038e-01
8.008453912504041483e+00	7.255196216304242718e-01
8.143817364199005482e+00	7.282505422177245613e-01
8.281468806092183499e+00	7.309632067739937344e-01
8.421446911097760335e+00	7.336575649795509246e-01
8.563791005801492773e+00	7.363335705351792271e-01
8.708541081509549642e+00	7.389911811096909755e-01
8.855737805483945735e+00	7.416303582867578292e-01
9.005422532367880706e+00	7.442510675110888263e-01
9.157637315804374012e+00	7.468532780339465216e-01
9.312424920251002547e+00	7.494369628581235565e-01
9.469828832994659606e+00	7.520020986823821030e-01
9.629893276369060118e+00	7.545486658454138018e-01
9.792663220179065320e+00	7.570766482693765953e-01
9.958184394334800515e+00	7.595860334030422045e-01
1.012650330169933710e+01	7.620768121646066540e-01
1.029766723115371541e+01	7.645489788842081413e-01
1.047172427088250757e+01	7.670025312461857814e-01
1.064872332188427428e+01	7.694374702311341796e-01
1.082871411171002762e+01	7.718538000577805924e-01
1.101174720843425447e+01	7.742515281247356329e-01
1.119787403486185262e+01	7.766306649521463878e-01
1.138714688297520183e+01	7.789912241232952450e-01
1.157961892862566167e+01	7.813332222261781812e-01
1.177534424647303979e+01	7.836566787950947077e-01
1.197437782517795135e+01	7.859616162522908844e-01
1.217677558285059547e+01	7.882480598496761637e-01
1.238259438276100788e+01	7.905160376106590281e-01
1.259189204931461603e+01	7.927655802721218503e-01
1.280472738429782709e+01	7.949967212265658389e-01
1.302116018339845027e+01	7.972094964644635962e-01
1.324125125300498418e+01	7.994039445168299451e-01
1.346506242729025793e+01	8.015801063980559915e-01
1.369265658558342480e+01	8.037380255490147452e-01
1.392409767003596599e+01	8.058777477804768274e-01
1.415945070358605307e+01	8.079993212168484762e-01
1.439878180822651998e+01	8.101027962402600480e-01
1.464215822358192653e+01	8.121882254350262231e-01
1.488964832579915942e+01	8.142556635324942338e-01
1.514132164675782732e+01	8.163051673563068711e-01
1.539724889360486770e+01	8.183367957680877103e-01
1.565750196861980470e+01	8.203506096135797510e-01
1.592215398941546312e+01	8.223466716692411360e-01
1.619127930948012661e+01	8.243250465893233736e-01
1.646495353906724546e+01	8.262858008534434973e-01
1.674325356643772622e+01	8.282290027146607114e-01
1.702625757946180585e+01	8.301547221480805039e-01
1.731404508758553007e+01	8.320630307999861142e-01
1.760669694416904463e+01	8.339540019375175639e-01
1.790429536920192888e+01	8.358277103989235624e-01
1.820692397240297211e+01	8.376842325443454307e-01
1.851466777671009822e+01	8.395236462072120931e-01
1.882761324216724574e+01	8.413460306462030580e-01
1.914584829021545431e+01	8.431514664978114748e-01
1.946946232839389879e+01	8.449400357295059338e-01
1.979854627545908841e+01	8.467118215935018899e-01
2.013319258692800773e+01	8.484669085811462619e-01
2.047349528105359084e+01	8.502053823779247566e-01
2.081954996523887758e+01	8.519273298190921384e-01
2.117145386289756814e+01	8.536328388459327732e-01
2.152930584076909071e+01	8.553219984626572181e-01
2.189320643669466548e+01	8.569948986939310842e-01
2.226325788786357052e+01	8.586516305430500484e-01
2.263956415953613899e+01	8.602922859507511344e-01
2.302223097425292053e+01	8.619169577546738070e-01
2.341136584153708355e+01	8.635257396494618876e-01
2.380707808809889059e+01	8.651187261475155044e-01
2.420947888855114627e+01	8.666960125403888604e-01
2.461868129664312121e+01	8.682576948608349277e-01
2.503480027702318367e+01	8.698038698454981787e-01
2.545795273753748944e+01	8.713346348982526912e-01
2.588825756207539186e+01	8.728500880541854023e-01
2.632583564396948717e+01	8.743503279442244036e-01
2.677080991996021808e+01	8.758354537604069456e-01
2.722330540473507554e+01	8.773055652217907063e-01
2.768344922605082559e+01	8.787607625409978862e-01
2.815137066045024739e+01	8.802011463913993472e-01
2.862720116958168148e+01	8.816268178749259166e-01
2.911107443713334675e+01	8.830378784905116296e-01
2.960312640639132908e+01	8.844344301031594746e-01
3.010349531843243653e+01	8.858165749136295286e-01
3.061232175096317221e+01	8.871844154287431561e-01
3.112974865781429301e+01	8.885380544323020491e-01
3.165592140910392160e+01	8.898775949566130050e-01
3.219098783207849834e+01	8.912031402546176651e-01
3.273509825264502382e+01	8.925147937726221059e-01
3.328840553760464616e+01	8.938126591236180696e-01
3.385106513760008085e+01	8.950968400611927223e-01
3.442323513078967778e+01	8.963674404540243890e-01
3.500507626725861599e+01	8.976245642609518294e-01
3.559675201418191648e+01	8.988683155066143904e-01
3.619842860174963306e+01	9.000987982576776902e-01
3.681027506986945497e+01	9.013161165995786650e-01
3.743246331565791252e+01	9.025203746138640293e-01
3.806516814173434682e+01	9.037116763560584243e-01
3.870856730533186152e+01	9.048901258340765752e-01
3.936284156823732872e+01	9.060558269871730186e-01
4.002817474757663518e+01	9.072088836654177424e-01
4.070475376745718421e+01	9.083493996096961842e-01
4.139276871148439341e+01	9.094774784322245953e-01
4.209241287616510618e+01	9.105932235975746636e-01
4.280388282521361276e+01	9.116967384042004019e-01
4.352737844477648110e+01	9.127881259664610836e-01
4.426310299958944938e+01	9.138674891971317882e-01
4.501126319008503884e+01	9.149349307903995587e-01
4.577206921046389709e+01	9.159905532053314037e-01
4.654573480774909910e+01	9.170344586498112571e-01
4.733247734183772337e+01	9.180667490649414564e-01
4.813251784656739574e+01	9.190875261098953031e-01
4.894608109181602629e+01	9.200968911472198197e-01
4.977339564664967497e+01	9.210949452285787098e-01
5.061469394353941453e+01	9.220817890809289707e-01
5.147021234366199849e+01	9.230575230931252761e-01
5.234019120330587782e+01	9.240222473029451322e-01
5.322487494139806330e+01	9.249760613845250390e-01
5.412451210817385316e+01	9.259190646362069899e-01
5.503935545500626603e+01	9.268513559687807657e-01
5.596966200541572789e+01	9.277730338941224675e-01
5.691569312728113772e+01	9.286841965142159649e-01
5.787771460626974118e+01	9.295849415105574831e-01
5.885599672051007758e+01	9.304753661339294490e-01
5.985081431652515249e+01	9.313555671945420444e-01
6.086244688645088985e+01	9.322256410525348036e-01
6.189117864655855783e+01	9.330856836088280426e-01
6.293729861710444595e+01	9.339357902963246749e-01
6.400110070353041181e+01	9.347760560714479805e-01
6.508288377903505761e+01	9.356065754060159945e-01
6.618295176854263673e+01	9.364274422794394148e-01
6.730161373408913050e+01	9.372387501712418079e-01
6.843918396165355489e+01	9.380405920538960052e-01
6.959598204945567090e+01	9.388330603859633694e-01
7.077233299774606223e+01	9.396162471055360399e-01
7.196856730011528214e+01	9.403902436239928164e-01
7.318502103634435230e+01	9.411551408200039548e-01
7.442203596682681166e+01	9.419110290338615910e-01
7.567995962858455528e+01	9.426579980620642951e-01
7.695914543290872700e+01	9.433961371521826234e-01
7.825995276464949768e+01	9.441255349979863487e-01
7.958274708318410262e+01	9.448462797348335940e-01
8.092790002509306646e+01	9.455584589353160929e-01
8.229578950856954123e+01	9.462621596051500328e-01
8.368679983959597735e+01	9.469574681793143656e-01
8.510132181991289713e+01	9.476444705184247086e-01
8.653975285681501362e+01	9.483232519053392817e-01
8.800249707480163863e+01	9.489938970419959929e-01
8.948996542911412178e+01	9.496564900464663506e-01
9.100257582119419908e+01	9.503111144502303098e-01
9.254075321609118987e+01	9.509578531956621728e-01
9.410492976185659586e+01	9.515967886337216575e-01
9.569554491095378523e+01	9.522280025218475830e-01
9.731304554372266580e+01	9.528515760220498398e-01
9.895788609392928947e+01	9.534675896991912092e-01
1.006305286764376348e+02	9.540761235194579193e-01
1.023314432170412118e+02	9.546772568490127231e-01
1.040611075844862796e+02	9.552710684528250562e-01
1.058200077247298054e+02	9.558576364936763881e-01
1.076086377974633734e+02	9.564370385313321066e-01
1.094275003149479204e+02	9.570093515218811575e-01
1.112771062831930067e+02	9.575746518172338906e-01
1.131579753455222743e+02	9.581330151647742266e-01
1.150706359285678531e+02	9.586845167071695872e-01
1.170156253907290136e+02	9.592292309823221563e-01
1.189934901731438543e+02	9.597672319234666904e-01
1.210047859532090087e+02	9.602985928594089948e-01
1.230500778006978635e+02	9.608233865148982922e-01
1.251299403365151335e+02	9.613416850111322631e-01
1.272449578941347568e+02	9.618535598663903174e-01
1.293957246837690604e+02	9.623590819967913212e-01
1.315828449593089147e+02	9.628583217171726716e-01
1.338069331880899426e+02	9.633513487420855004e-01
1.360686142235236389e+02	9.638382321869041203e-01
1.383685234806508220e+02	9.643190405690469369e-01
1.407073071146594430e+02	9.647938418092975033e-01
1.430856222024197280e+02	9.652627032332524726e-01
1.455041369270908831e+02	9.657256915728277269e-01
1.479635307658433305e+02	9.661828729679033945e-01
1.504644946807591168e+02	9.666343129680392554e-01
1.530077313129538652e+02	9.670800765342899563e-01
1.555939551799847322e+02	9.675202280411048239e-01
1.582238928765917478e+02	9.679548312783139430e-01
1.608982832788323662e+02	9.683839494531951697e-01
1.636178777516695106e+02	9.688076451926233013e-01
1.663834403600635596e+02	9.692259805452912991e-01
1.691957480836375396e+02	9.696390169840105600e-01
1.720555910349655733e+02	9.700468154080765792e-01
1.749637726815560939e+02	9.704494361457078888e-01
1.779211100715817793e+02	9.708469389565484997e-01
1.809284340634302453e+02	9.712393830342345158e-01
1.839865895591310334e+02	9.716268270090220316e-01
1.870964357417281576e+02	9.720093289504715406e-01
1.902588463166685528e+02	9.723869463701926286e-01
1.934747097572649466e+02	9.727597362246389601e-01
1.967449295543138987e+02	9.731277549179567776e-01
2.000704244699266781e+02	9.734910583048818067e-01
2.034521287956564777e+02	9.738497016936864537e-01
2.068909926149848104e+02	9.742037398491675271e-01
2.103879820702443340e+02	9.745532269956815874e-01
2.139440796340576298e+02	9.748982168202195986e-01
2.175602843853577042e+02	9.752387624755208817e-01
2.212376122900808468e+02	9.755749165832260372e-01
2.249770964865966505e+02	9.759067312370618419e-01
2.287797875759696069e+02	9.762342580060650032e-01
2.326467539171220835e+02	9.765575479378333368e-01
2.365790819269863619e+02	9.768766515618095836e-01
2.405778763857347258e+02	9.771916188925928726e-01
2.446442607471615247e+02	9.775024994332773831e-01
2.487793774543193308e+02	9.778093421788173201e-01
2.529843882604822340e+02	9.781121956194129829e-01
2.572604745555416912e+02	9.784111077439208159e-01
2.616088376979143391e+02	9.787061260432856624e-01
2.660306993520598553e+02	9.789972975139884515e-01
2.705273018317088258e+02	9.792846686615139795e-01
2.750999084488843778e+02	9.795682855038361225e-01
2.797498038688314637e+02	9.798481935749157046e-01
2.844782944709368735e+02	9.801244379282085806e-01
2.892867087157579817e+02	9.803970631402108005e-01
2.941763975182495869e+02	9.806661133139664699e-01
2.991487346272989498e+02	9.809316320826340085e-01
3.042051170116823755e+02	9.811936626130344230e-01
3.093469652525361084e+02	9.814522476092173431e-01
3.145757239424706313e+02	9.817074293160293896e-01
3.198928620914214775e+02	9.819592495226905360e-01
3.252998735393691732e+02	9.822077495663726898e-01
3.307982773760288637e+02	9.824529703357833821e-01
3.363896183676337728e+02	9.826949522747534527e-01
3.420754673909387975e+02	9.829337353858211834e-01
3.478574218745504822e+02	9.831693592338224263e-01
3.537371062477265582e+02	9.834018629494779562e-01
3.597161723967509488e+02	9.836312852329779366e-01
3.657963001290331135e+02	9.838576643575691616e-01
3.719791976450445077e+02	9.840810381731333045e-01
3.782666020182322768e+02	9.843014441097663880e-01
3.846602796830517832e+02	9.845189191813509266e-01
3.911620269312371079e+02	9.847334999891249607e-01
3.977736704164719868e+02	9.849452227252413206e-01
4.044970676675784489e+02	9.851541231763263351e-01
4.113341076103915839e+02	9.853602367270251072e-01
4.182867110984475403e+02	9.855635983635405717e-01
4.253568314526407903e+02	9.857642426771672239e-01
4.325464550100122665e+02	9.859622038678101941e-01
4.398576016817999061e+02	9.861575157474991027e-01
4.472923255209361173e+02	9.863502117438878170e-01
4.548527152991227354e+02	9.865403249037445477e-01
4.625408950936740666e+02	9.867278878964320654e-01
4.703590248842695019e+02	9.869129330173723735e-01
4.783093011597930513e+02	9.870954921915029434e-01
4.863939575354394265e+02	9.872755969767141870e-01
4.946152653802362238e+02	9.874532785672798241e-01
5.029755344551887219e+02	9.876285677972682642e-01
5.114771135621948588e+02	9.878014951439422209e-01
5.201223912039447441e+02	9.879720907311413391e-01
5.289137962549582426e+02	9.881403843326532765e-01
5.378537986439790757e+02	9.883064053755641343e-01
5.469449100478946093e+02	9.884701829435962317e-01
5.561896845973827794e+02	9.886317457804293385e-01
5.655907195944980685e+02	9.887911222929997024e-01
5.751506562423700188e+02	9.889483405548026296e-01
5.848721803872531382e+02	9.891034283091407753e-01
5.947580232731010028e+02	9.892564129723883104e-01
6.048109623089127354e+02	9.894073216372225588e-01
6.150338218490370537e+02	9.895561810758398691e-01
6.254294739866654709e+02	9.897030177431532794e-01
6.360008393607505468e+02	9.898478577799696421e-01
6.467508879765434813e+02	9.899907270161505402e-01
6.576826400400219654e+02	9.901316509737527749e-01
6.687991668064009900e+02	9.902706548701503131e-01
6.801035914430051434e+02	9.904077636211336966e-01
6.915990899067132887e+02	9.905430018439942419e-01
7.032888918362326649e+02	9.906763938605858133e-01
7.151762814594706015e+02	9.908079637003655016e-01
7.272645985162197348e+02	9.909377351034163173e-01
7.395572391964639110e+02	9.910657315234497888e-01
7.520576570945196409e+02	9.911919761307839138e-01
7.647693641793268853e+02	9.913164918153068994e-01
7.776959317811260917e+02	9.914393011894134800e-01
7.908409915948119533e+02	9.915604265909256920e-01
8.042082367002620913e+02	9.916798900859908894e-01
8.178014225998882694e+02	9.917977134719563326e-01
8.316243682737505196e+02	9.919139182802265697e-01
8.456809572524798568e+02	9.920285257790970590e-01
8.599751387083596228e+02	9.921415569765682507e-01
8.745109285648341029e+02	9.922530326231352449e-01
8.892924106247685359e+02	9.923629732145613502e-01
9.043237377177986218e+02	9.924713989946235548e-01
9.196091328670457870e+02	9.925783299578430086e-01
9.351528904755820122e+02	9.926837858521896374e-01
9.509593775329200298e+02	9.927877861817662186e-01
9.670330348419231541e+02	9.928903502094731381e-01
9.833783782664356750e+02	9.929914969596475016e-01
1.000000000000000000e+03	9.930912452206853702e-01
