# Data associated with arXiv:2208.14002
# 
# Scale-free velocity distribution, f(E), of a nfw1-2rhos8e6 dark matter distribution (see Eq. 2.7 and the surrounding discussion)
# 
# Published: 8/25/22, Jack Runburg and Kenny Kiriu, contact: runburg@hawaii.edu
# 
# 
# -----------------------------------------------------------------
# 
# 	 tilde E 		 | 		 tilde f
# 
# -----------------------------------------------------------------
6.944412415864362003e-05	2.469475726023998260e+10
7.038156879579440263e-05	2.369634172171055603e+10
7.133166812709149248e-05	2.271195725469490051e+10
7.229459297722660256e-05	2.174754199590394974e+10
7.327051647673489608e-05	2.082146338612931442e+10
7.425961409311614245e-05	1.992174404599130630e+10
7.526206366237757372e-05	1.906085592723451614e+10
7.627804542100082670e-05	1.823712697150498581e+10
7.730774203834148172e-05	1.744894794404590607e+10
7.835133864946526388e-05	1.669478515065432930e+10
7.940902288842670710e-05	1.597317674887949562e+10
8.048098492199843982e-05	1.528272426690611076e+10
8.156741748385366712e-05	1.462208207247823715e+10
8.266851590921195955e-05	1.398995841960016060e+10
8.378447816995016474e-05	1.338512797883436966e+10
8.491550491018960895e-05	1.280641621317052650e+10
8.606179948236154027e-05	1.225269541605276299e+10
8.722356798375959538e-05	1.172288362908791733e+10
8.840101929358677095e-05	1.121595325141162872e+10
8.959436511049993540e-05	1.073092078052843666e+10
9.080381999066353626e-05	1.026683691106673813e+10
9.202960138631423770e-05	9.822797289024364471e+09
9.327192968484798101e-05	9.397940166749315262e+09
9.453102824843326248e-05	8.991437012445343018e+09
9.580712345415859778e-05	8.602497012613237381e+09
9.710044473472311736e-05	8.230363305107560158e+09
9.841122461967435875e-05	7.874306197798154831e+09
9.973969877720409763e-05	7.533633479971029282e+09
1.010861060565063920e-04	7.207684482893668175e+09
1.024506885307091694e-04	6.895821711189684868e+09
1.038336915403824466e-04	6.597435240635809898e+09
1.052353637376361392e-04	6.311945655977683067e+09
1.066559571308111460e-04	6.038797338479302406e+09
1.080957271297732500e-04	5.777456121336561203e+09
1.095549325918197700e-04	5.527411403134538651e+09
1.110338358682032175e-04	5.288175728575030327e+09
1.125327028512849303e-04	5.059283723251230240e+09
1.140518030223222043e-04	4.840288340597517967e+09
1.155914094999031555e-04	4.630760948458686829e+09
1.171517990890320762e-04	4.430293550269880295e+09
1.187332523308784850e-04	4.238495666191966534e+09
1.203360535531980576e-04	4.054992256103126526e+09
1.219604909214308714e-04	3.879424406246576309e+09
1.236068564904927954e-04	3.711449565954282284e+09
1.252754462572612288e-04	3.550740735690218449e+09
1.269665602137731611e-04	3.396983490315829277e+09
1.286805024011378304e-04	3.249876708640758038e+09
1.304175809641766907e-04	3.109133816370315075e+09
1.321781082068029952e-04	2.974479928174983501e+09
1.339624006481447086e-04	2.845651643578212261e+09
1.357707790794278791e-04	2.722397429009985924e+09
1.376035686216242095e-04	2.604476180621378422e+09
1.394610987838788754e-04	2.491657414085990429e+09
1.413437035227247144e-04	2.383720785100327015e+09
1.432517213020946599e-04	2.280455117089082718e+09
1.451854951541461328e-04	2.181658664222980499e+09
1.471453727409021100e-04	2.087138292662976503e+09
1.491317064167273524e-04	1.996708922339208603e+09
1.511448532916436437e-04	1.910193584505284071e+09
1.531851752955021989e-04	1.827423174587467670e+09
1.552530392430192066e-04	1.748236003384926319e+09
1.573488168996886529e-04	1.672477039255940437e+09
1.594728850485860349e-04	1.599997840241695642e+09
1.616256255580697391e-04	1.530656601519008636e+09
1.638074254503992205e-04	1.464317771622754335e+09
1.660186769712742130e-04	1.400851470439340353e+09
1.682597776603158386e-04	1.340133325814969301e+09
1.705311304224954192e-04	1.282044546246836185e+09
1.728331436005262761e-04	1.226471442315402746e+09
1.751662310482347807e-04	1.173305106410272360e+09
1.775308122049162407e-04	1.122441412254734993e+09
1.799273121706977934e-04	1.073780781822848320e+09
1.823561617829134009e-04	1.027227882489565492e+09
1.848177976935121993e-04	9.826915045814137459e+08
1.873126624475084947e-04	9.400844304439513683e+08
1.898412045624884767e-04	8.993231287355060577e+08
1.924038786091925696e-04	8.603277234107352495e+08
1.950011452931796536e-04	8.230218085920817852e+08
1.976334715375963600e-04	7.873322319408781528e+08
2.003013305670584324e-04	7.531890583402630091e+08
2.030052019926664340e-04	7.205253687316515446e+08
2.057455718981653970e-04	6.892770918522206545e+08
2.085229329272650020e-04	6.593829220120604038e+08
2.113377843721407786e-04	6.307842844016453028e+08
2.141906322631229953e-04	6.034251133909887075e+08
2.170819894596000732e-04	5.772516881908513308e+08
2.200123757421414551e-04	5.522126794404504299e+08
2.229823179058678501e-04	5.282589895204330683e+08
2.259923498550764419e-04	5.053436157197436094e+08
2.290430126991406848e-04	4.834215774031289816e+08
2.321348548497069149e-04	4.624498476795914173e+08
2.352684321191961768e-04	4.423872924663101435e+08
2.384443078206371263e-04	4.231945301415691376e+08
2.416630528688411207e-04	4.048338743648605943e+08
2.449252458829441633e-04	3.872692905833602548e+08
2.482314732903274641e-04	3.704662933483296633e+08
2.515823294319411763e-04	3.543918865445410609e+08
2.549784166690461057e-04	3.390145122051887512e+08
2.584203454913915001e-04	3.243039637129569650e+08
2.619087346268562954e-04	3.102313485238774419e+08
2.654442111525592385e-04	2.967690383658609986e+08
2.690274106074761590e-04	2.838905782967205644e+08
2.726589771065654759e-04	2.715706654413791299e+08
2.763395634564350047e-04	2.597851058208245039e+08
2.800698312725682817e-04	2.485107371152300835e+08
2.838504510981284027e-04	2.377254015216152668e+08
2.876821025243621430e-04	2.274079084933370948e+08
2.915654743126260451e-04	2.175379786463862062e+08
2.955012645180581077e-04	2.080962126765564680e+08
2.994901806149129664e-04	1.990640511320968270e+08
3.035329396235839842e-04	1.904237366609335244e+08
3.076302682393432610e-04	1.821582848490438759e+08
3.117829029628032471e-04	1.742514427651795149e+08
3.159915902321505936e-04	1.666876624597315788e+08
3.202570865571447594e-04	1.594520722431025803e+08
3.245801586549353665e-04	1.525304417225666940e+08
3.289615835876991720e-04	1.459091573267523944e+08
3.334021489021330863e-04	1.395751948909475803e+08
3.379026527708277393e-04	1.335160959891277403e+08
3.424639041355380755e-04	1.277199407268568873e+08
3.470867228523941291e-04	1.221753249528109729e+08
3.517719398390527371e-04	1.168713407326062769e+08
3.565203972238412578e-04	1.117975515200462490e+08
3.613329484969064124e-04	1.069439730219707340e+08
3.662104586633905851e-04	1.023010542091281563e+08
3.711538043986828514e-04	9.785965620078708231e+07
3.761638742057473394e-04	9.361103797424672544e+07
3.812415685745779268e-04	8.954683812942358851e+07
3.863878001437914193e-04	8.565905546994321048e+07
3.916034938644036615e-04	8.194003626151897013e+07
3.968895871658020239e-04	7.838245910215680301e+07
4.022470301239551419e-04	7.497931930929017067e+07
4.076767856318873362e-04	7.172391606241934001e+07
4.131798295724399398e-04	6.860984012038032711e+07
4.187571509933681068e-04	6.563095927018024027e+07
4.244097522847804717e-04	6.278140578639486432e+07
4.301386493589779325e-04	6.005556784609968960e+07
4.359448718327001214e-04	5.744807752071087807e+07
4.418294632118345317e-04	5.495379897822307795e+07
4.477934810785999032e-04	5.256781883653593063e+07
4.538379972812534133e-04	5.028543612413293868e+07
4.599640981263488867e-04	4.810215530310288817e+07
4.661728845735738894e-04	4.601367503432289511e+07
4.724654724332178553e-04	4.401588035985239595e+07
4.788429925662834440e-04	4.210483521482025087e+07
4.853065910872991881e-04	4.027677426478029788e+07
4.918574295698473079e-04	3.852809506101065874e+07
4.984966852548661622e-04	3.685535143186063319e+07
5.052255512617455499e-04	3.525524728407048434e+07
5.120452368022578504e-04	3.372462907299412042e+07
5.189569673973729253e-04	3.226048008135218918e+07
5.259619850969771094e-04	3.085991484832374007e+07
5.330615487025501227e-04	2.952017256368023530e+07
5.402569339928341629e-04	2.823861244973452017e+07
5.475494339525322591e-04	2.701270857504419982e+07
5.549403590040829408e-04	2.584004420266275480e+07
5.624310372425430976e-04	2.471830764369282499e+07
5.700228146736332395e-04	2.364528757964537293e+07
5.777170554549724809e-04	2.261886852877062187e+07
5.855151421405585402e-04	2.163702689950969070e+07
5.934184759285298380e-04	2.069782700816306099e+07
6.014284769122519745e-04	1.979941701485125348e+07
6.095465843347812806e-04	1.894002556902940571e+07
6.177742568467347152e-04	1.811795822080247477e+07
6.261129727676354980e-04	1.733159395463307574e+07
6.345642303507511737e-04	1.657938221929797716e+07
6.431295480515006541e-04	1.585983972741002403e+07
6.518104647994523533e-04	1.517154762072910555e+07
6.606085402739782534e-04	1.451314860775253922e+07
6.695253551836064009e-04	1.388334435064477287e+07
6.785625115491162847e-04	1.328089287134379335e+07
6.877216329904412831e-04	1.270460612910537235e+07
6.970043650174065830e-04	1.215334758628445864e+07
7.064123753243812870e-04	1.162603013394501247e+07
7.159473540888689922e-04	1.112161387085455097e+07
7.256110142741081835e-04	1.063910399469369277e+07
7.354050919357340470e-04	1.017754894324452616e+07
7.453313465325372674e-04	9.736038480404345319e+06
7.553915612414089297e-04	9.313701855659324676e+06
7.655875432764830185e-04	8.909706191320274025e+06
7.759211242125799461e-04	8.523254748585684225e+06
7.863941603129623878e-04	8.153585361814299598e+06
7.970085328614973140e-04	7.799969012959556654e+06
8.077661484992606491e-04	7.461708340766957030e+06
8.186689395656517780e-04	7.138136262911304832e+06
8.297188644440799165e-04	6.828614673410994932e+06
8.409179079122698327e-04	6.532533179428790696e+06
8.522680814972725732e-04	6.249307898711482063e+06
8.637714238352137185e-04	5.978380319110142998e+06
8.754300010358674220e-04	5.719216199936589226e+06
8.872459070521043724e-04	5.471304489066581242e+06
8.992212640542845839e-04	5.234156333084834740e+06
9.113582228096622382e-04	5.007304135420554318e+06
9.236589630668572181e-04	4.790300600004366599e+06
9.361256939454820234e-04	4.582717857698840089e+06
9.487606543309670031e-04	4.384146637395262718e+06
9.615661132746704210e-04	4.194195447091267444e+06
9.745443703993394947e-04	4.012489808858667966e+06
9.876977563099830111e-04	3.838671495207121130e+06
1.001028633010249630e-03	3.672397862319373991e+06
1.014539394324345594e-03	3.513341148162644822e+06
1.028232466324618044e-03	3.361187827400855720e+06
1.042110307764825298e-03	3.215638002836147323e+06
1.056175410519209030e-03	3.076404804102504160e+06
1.070430300027420045e-03	2.943213827423139475e+06
1.084877535745387657e-03	2.815802590702323709e+06
1.099519711602210074e-03	2.693920017961577512e+06
1.114359456463127809e-03	2.577325945835514460e+06
1.129399434598697205e-03	2.465790643128740601e+06
1.144642346160198564e-03	2.359094361075828783e+06
1.160090927661401377e-03	2.257026898830892984e+06
1.175747952466745438e-03	2.159387198066025041e+06
1.191616231286029984e-03	2.065982927619623020e+06
1.207698612675704762e-03	1.976630119617030723e+06
1.223997983546822000e-03	1.891152797158976784e+06
1.240517269679781770e-03	1.809382632167999865e+06
1.257259436245907391e-03	1.731158610399642261e+06
1.274227488335984452e-03	1.656326716296408791e+06
1.291424471495827841e-03	1.584739628945972072e+06
1.308853472268978061e-03	1.516256423907860182e+06
1.326517618746625698e-03	1.450742303813360399e+06
1.344420081124834314e-03	1.388068330057857325e+06
1.362564072269201610e-03	1.328111166295197792e+06
1.380952848287000717e-03	1.270752834778954042e+06
1.399589709106946250e-03	1.215880488502058433e+06
1.418477999066656463e-03	1.163386178322557360e+06
1.437621107507922524e-03	1.113166650551469764e+06
1.457022469379891166e-03	1.065123137844885699e+06
1.476685565850235525e-03	1.019161163935306016e+06
1.496613924924473970e-03	9.751903587182664778e+05
1.516811122073472495e-03	9.331242776930134278e+05
1.537280780869295033e-03	8.928802357703166781e+05
1.558026573629480186e-03	8.543791376968302066e+05
1.579052222069859740e-03	8.175453266712112818e+05
1.600361497966038210e-03	7.823064337034124183e+05
1.621958223823614974e-03	7.485932338234329363e+05
1.643846273557323734e-03	7.163395101845755707e+05
1.666029573179122298e-03	6.854819232206603047e+05
1.688512101495426515e-03	6.559598856388594722e+05
1.711297890813551258e-03	6.277154423239993630e+05
1.734391027657497661e-03	6.006931566306774039e+05
1.757795653493226693e-03	5.748400005551516078e+05
1.781515965463482390e-03	5.501052498629415641e+05
1.805556217132375059e-03	5.264403840571360197e+05
1.829920719239750077e-03	5.037989907134793466e+05
1.854613840465564297e-03	4.821366739779962227e+05
1.879640008204314745e-03	4.614109667189278407e+05
1.905003709349710863e-03	4.415812462049092283e+05
1.930709491089693071e-03	4.226086548797721625e+05
1.956761961711908030e-03	4.044560230689508608e+05
1.983165791419849201e-03	3.870877957513534348e+05
2.009925713159693272e-03	3.704699620236089104e+05
2.037046523458074018e-03	3.545699886262350483e+05
2.064533083270844987e-03	3.393567552803767612e+05
2.092390318843032233e-03	3.248004932117915596e+05
2.120623222580089642e-03	3.108727265913568554e+05
2.149236853930602993e-03	2.975462165056183003e+05
2.178236340280607572e-03	2.847949066807039198e+05
2.207626877859616456e-03	2.725938726232277695e+05
2.237413732658593245e-03	2.609192720052627265e+05
2.267602241359916934e-03	2.497482977268794202e+05
2.298197812279574852e-03	2.390591330843663018e+05
2.329205926321695989e-03	2.288309086426890863e+05
2.360632137945584737e-03	2.190436612801942101e+05
2.392482076145431135e-03	2.096782939551202871e+05
2.424761445442809044e-03	2.007165390423712379e+05
2.457476026892208617e-03	1.921409219958992326e+05
2.490631679099655511e-03	1.839347265815668507e+05
2.524234339254682272e-03	1.760819621782957693e+05
2.558290024175754237e-03	1.685673322867541865e+05
2.592804831369338592e-03	1.613762041194774210e+05
2.627784940102803092e-03	1.544945800267115410e+05
2.663236612491260216e-03	1.479090696323437151e+05
2.699166194598629550e-03	1.416068637809192878e+05
2.735580117552970439e-03	1.355757089331694006e+05
2.772484898676370706e-03	1.298038831471679441e+05
2.809887142629500286e-03	1.242801730861436081e+05
2.847793542571054864e-03	1.189938519661094761e+05
2.886210881332234354e-03	1.139346577018281678e+05
2.925146032606483482e-03	1.090927741248924431e+05
2.964605962154631940e-03	1.044588102056733915e+05
3.004597729025675675e-03	1.000237823504631961e+05
3.045128486793348063e-03	9.577909640494568157e+04
3.086205484808702583e-03	9.171653100793872727e+04
3.127836069468875255e-03	8.782822101986251073e+04
3.170027685502247589e-03	8.410664241029934783e+04
3.212787877270213005e-03	8.054459721849193738e+04
3.256124290085696347e-03	7.713519947622244945e+04
3.300044671548708810e-03	7.387186162899635383e+04
3.344556872899070565e-03	7.074828145258908626e+04
3.389668850386566047e-03	6.775843005201003689e+04
3.435388666658686745e-03	6.489653953270953934e+04
3.481724492166224285e-03	6.215709191542142798e+04
3.528684606586879931e-03	5.953480826010960300e+04
3.576277400267157194e-03	5.702463814121630276e+04
3.624511375682687182e-03	5.462175000388595799e+04
3.673395148917277253e-03	5.232152140169376071e+04
3.722937451160858186e-03	5.011952999552743131e+04
3.773147130226567510e-03	4.801154494165935466e+04
3.824033152087189750e-03	4.599351850927374471e+04
3.875604602431189510e-03	4.406157813649684249e+04
3.927870688238568539e-03	4.221201881421270809e+04
3.980840739376749308e-03	4.044129587889170216e+04
4.034524210216762670e-03	3.874601800690365781e+04
4.088930681269944273e-03	3.712294049750280101e+04
4.144069860845389988e-03	3.556895908191452327e+04
4.199951586728401486e-03	3.408110365352708322e+04
4.256585827880170030e-03	3.265653253280876379e+04
4.313982686158955235e-03	3.129252688652362122e+04
4.372152398062960008e-03	2.998648542987618566e+04
4.431105336495203516e-03	2.873591924285110508e+04
4.490852012467949454e-03	2.753844696784046027e+04
4.551403077227368470e-03	2.639179012114863872e+04
4.612769323633770895e-03	2.529376864070562442e+04
4.674961688305911446e-03	2.424229661788728117e+04
4.737991253430049073e-03	2.323537819711149496e+04
4.801869248661931600e-03	2.227110369983274722e+04
4.866607053052592058e-03	2.134764586518752913e+04
4.932216196998135370e-03	2.046325628967598823e+04
4.998708364213818103e-03	1.961626201322507404e+04
5.066095393732695379e-03	1.880506224306287550e+04
5.134389281929063915e-03	1.802812522056450689e+04
5.203602184567057698e-03	1.728398524504622765e+04
5.273746418874517700e-03	1.657123981192324209e+04
5.344834465642579746e-03	1.588854685664369572e+04
5.416878971351135781e-03	1.523462214771757135e+04
5.489892750320500732e-03	1.460823680155480724e+04
5.563888786889529571e-03	1.400821485484278674e+04
5.638880237620502896e-03	1.343343099626131516e+04
5.714880433531019550e-03	1.288280834312051775e+04
5.791902882353226756e-03	1.235531639701606218e+04
5.869961270820607188e-03	1.184996899516006124e+04
5.949069466982679494e-03	1.136582239760027369e+04
6.029241522547849029e-03	1.090197346587017819e+04
6.110491675254712401e-03	1.045755788724910599e+04
6.192834351272108982e-03	1.003174852389695297e+04
6.276284167628196943e-03	9.623753777698522754e+03
6.360855934668866937e-03	9.232816067044181182e+03
6.446564658545731949e-03	8.858210353115260659e+03
6.533425543734087092e-03	8.499242735774894754e+03
6.621453995580986809e-03	8.155249101866448655e+03
6.710665622883897445e-03	7.825593850103799014e+03
6.801076240500085641e-03	7.509668643101046655e+03
6.892701871987086046e-03	7.206891241762884420e+03
6.985558752274611746e-03	6.916704377824372386e+03
7.079663330368031471e-03	6.638574666604848062e+03
7.175032272083913150e-03	6.371991583946848550e+03
7.271682462817784763e-03	6.116466481268992538e+03
7.369631010344469824e-03	5.871531626669045181e+03
7.468895247651272454e-03	5.636739339036136698e+03
7.569492735804311291e-03	5.411661065119127670e+03
7.671441266756137342e-03	5.195886602009863964e+03
7.774758866631403462e-03	4.989023295779225009e+03
7.879463798188334617e-03	4.790695271760801916e+03
7.985574564144694992e-03	4.600542724071167868e+03
8.093109910136337196e-03	4.418221218763993420e+03
8.202088827788608233e-03	4.243401029500080767e+03
8.312530557822965169e-03	4.075766507082752469e+03
8.424454593199137004e-03	3.915015473016268061e+03
8.537880682292973283e-03	3.760858638351194713e+03
8.652828832110425264e-03	3.613019048877439218e+03
8.769319311537850450e-03	3.471231557251472623e+03
8.887372654628956231e-03	3.335242309912589462e+03
9.007009663928611590e-03	3.204808266155076581e+03
9.128251413833882513e-03	3.079696730773675426e+03
9.251119253992504468e-03	2.959684911322796324e+03
9.375634812739107662e-03	2.844559486875243692e+03
9.501820000569356425e-03	2.734116210636073902e+03
9.629697013652439852e-03	2.628159511439116613e+03
9.759288337382035147e-03	2.526502125605094989e+03
9.890616749966040303e-03	2.428964739256508437e+03
1.002370532605531030e-02	2.335375648176599498e+03
1.015857744041175244e-02	2.245570429209433314e+03
1.029525677161584156e-02	2.159391630747616546e+03
1.043376730581388988e-02	2.076688471326639046e+03
1.057413334050541324e-02	1.997316554988436565e+03
1.071637948837053482e-02	1.921137597177306134e+03
1.086053068113800035e-02	1.848019164103772255e+03
1.100661217349369059e-02	1.777834421308645915e+03
1.115464954703005405e-02	1.710461893273947226e+03
1.130466871423665975e-02	1.645785235697154121e+03
1.145669592253181594e-02	1.583693014396554190e+03
1.161075775833580494e-02	1.524078497733618860e+03
1.176688115118562118e-02	1.466839451939933724e+03
1.192509337789153696e-02	1.411877953013058459e+03
1.208542206673555823e-02	1.359100199787503925e+03
1.224789520171203246e-02	1.308416338770681477e+03
1.241254112681043804e-02	1.259740295955057263e+03
1.257938855034052179e-02	1.212989615536974725e+03
1.274846654929995098e-02	1.168085304675432553e+03
1.291980457378454072e-02	1.124951686962069289e+03
1.309343245135335780e-02	1.083516261024593632e+03
1.326938039185993935e-02	1.043709565636845582e+03
1.344767899150827416e-02	1.005465047901473213e+03
1.362835923774336280e-02	9.687189425132007727e+02
1.381145251380115277e-02	9.334101517674138222e+02
1.399699060337573214e-02	8.994801322987619869e+02
1.418500569532970754e-02	8.668727865175136458e+02
1.437553038844743142e-02	8.355343583837106962e+02
1.456859769623122629e-02	8.054133348567235089e+02
1.476424105174051378e-02	7.764603498251278779e+02
1.496249431247388163e-02	7.486280934706621792e+02
1.516339176529389078e-02	7.218712252717111824e+02
1.536696813139459307e-02	6.961462900090429002e+02
1.557325857131170929e-02	6.714116384010811771e+02
1.578229868998368840e-02	6.476273504346418122e+02
1.599412454181456736e-02	6.247551621893387619e+02
1.620877263585685651e-02	6.027583957658779354e+02
1.642627994096141145e-02	5.816018924280007241e+02
1.664668389100519563e-02	5.612519482765735575e+02
1.687002239015349125e-02	5.416762529917423308e+02
1.709633381816336520e-02	5.228438310334847756e+02
1.732565703572803983e-02	5.047249849458572726e+02
1.755803138986186673e-02	4.872912424148722721e+02
1.779349671932551474e-02	4.705153026231133140e+02
1.803209336009100466e-02	4.543709907802230532e+02
1.827386215084623317e-02	4.388332060554798204e+02
1.851884443853843085e-02	4.238778799678751739e+02
1.876708208395616931e-02	4.094819312549420260e+02
1.901861746734936909e-02	3.956232252274662073e+02
1.927349349408681231e-02	3.822805337426279948e+02
1.953175360035046618e-02	3.694334969690016806e+02
1.979344175886607257e-02	3.570625874312929682e+02
2.005860248466949727e-02	3.451490748155415531e+02
2.032728084090778056e-02	3.336749931905798121e+02
2.059952244467442781e-02	3.226231076751031424e+02
2.087537347287821490e-02	3.119768860225524918e+02
2.115488066814444693e-02	3.017204671480041611e+02
2.143809134474792752e-02	2.918386344265740604e+02
2.172505339457684453e-02	2.823167883964604243e+02
2.201581529312626739e-02	2.731409212325821727e+02
2.231042610552081557e-02	2.642975918187323714e+02
2.260893549247454046e-02	2.557739023476710827e+02
2.291139371671269478e-02	2.475574758150157493e+02
2.321785164857805353e-02	2.396364342285076532e+02
2.352836077247564411e-02	2.319993780329845094e+02
2.384297319294557266e-02	2.246353662827040125e+02
2.416174164083453174e-02	2.175338973552569826e+02
2.448471947948729910e-02	2.106848912084477661e+02
2.481196071095714828e-02	2.040786716647573940e+02
2.514351998223344001e-02	1.977059497488492923e+02
2.547945259148510708e-02	1.915578078341150956e+02
2.581981449432199302e-02	1.856256837646594988e+02
2.616466231254120992e-02	1.799013570360164636e+02
2.651405333372094594e-02	1.743769345796384016e+02
2.686804552404620933e-02	1.690448369648725304e+02
2.722669753158720243e-02	1.638977859950762195e+02
2.759006868679073077e-02	1.589287913451775580e+02
2.795821903389661411e-02	1.541311390050188663e+02
2.833120929333842603e-02	1.494983814182158710e+02
2.870910092096321670e-02	1.450243248455793434e+02
2.909195605680758162e-02	1.407030199524569412e+02
2.947983759324178735e-02	1.365287513847171681e+02
2.987280911541450798e-02	1.324960283779816166e+02
3.027093497694775814e-02	1.285995758023260294e+02
3.067428023361966002e-02	1.248343256729584141e+02
3.108291071472464584e-02	1.211954063185576587e+02
3.149689300251339724e-02	1.176781378115662591e+02
3.191629440580337485e-02	1.142780240465415318e+02
3.234118302823831698e-02	1.109907410322679908e+02
3.277162774473306450e-02	1.078121343098274849e+02
3.320769817307939881e-02	1.047382123369870897e+02
3.364946474628602996e-02	1.017651351131262913e+02
3.409699868659953059e-02	9.888921272541635688e+01
3.455037197591757231e-02	9.610689937107706271e+01
3.500965743060478058e-02	9.341478301407808260e+01
3.547492867381377146e-02	9.080958454941331581e+01
3.594626010552987722e-02	8.828815226514936398e+01
3.642372697817077704e-02	8.584745258767816267e+01
3.690740536797570276e-02	8.348456997771545218e+01
3.739737214551981659e-02	8.119670121334603152e+01
3.789370505035666303e-02	7.898114798039686946e+01
3.839648266224667678e-02	7.683531607331836710e+01
3.890578437296950826e-02	7.475671118666272719e+01
3.942169045847242898e-02	7.274293167944229310e+01
3.994428205030459839e-02	7.079166845522979656e+01
4.047364111010422205e-02	6.890069990959882773e+01
4.100985049662749654e-02	6.706788810900647491e+01
4.155299393924802992e-02	6.529117593193268476e+01
4.210315601513809486e-02	6.356858492396303717e+01
4.266042221790670302e-02	6.189820946309818339e+01
4.322487889392880034e-02	6.027821727147608044e+01
4.379661330827897686e-02	5.870684396698230501e+01
4.437571359834659862e-02	5.718239176140603064e+01
4.496226881151640931e-02	5.570322656887083923e+01
4.555636889181174931e-02	5.426777525077019249e+01
4.615810469311004693e-02	5.287452368316888851e+01
4.676756797659732678e-02	5.152201450779502778e+01
4.738485140688208225e-02	5.020884445461228296e+01
4.801004859278992093e-02	4.893366242415932277e+01
4.864325402490848188e-02	4.769516798425893711e+01
4.928456315757768352e-02	4.649210895606812244e+01
4.993407232567297072e-02	4.532327977562631105e+01
5.059187883951220960e-02	4.418751956670626413e+01
5.125808088880783736e-02	4.308371090815631277e+01
5.193277763402548430e-02	4.201077696272356121e+01
5.261606917173899944e-02	4.096768137704821555e+01
5.330805648963084231e-02	3.995342659517052653e+01
5.400884157162499227e-02	3.896705146591126834e+01
5.471852727840869485e-02	3.800763084152307414e+01
5.543721745525664879e-02	3.707427300638411793e+01
5.616501688819514060e-02	3.616611980769971524e+01
5.690203125272638024e-02	3.528234553169223631e+01
5.764836721259015279e-02	3.442215361252941364e+01
5.840413237157097981e-02	3.358477765309394414e+01
5.916943521969131314e-02	3.276948032089427443e+01
5.994438523484692249e-02	3.197555018681572392e+01
6.072909283129374752e-02	3.120230285511807011e+01
6.152366930482632695e-02	3.044907989569214735e+01
6.232822693343529480e-02	2.971524603222236394e+01
6.314287892541467495e-02	2.900019010753070248e+01
6.396773936287694640e-02	2.830332423068844605e+01
6.480292330163528458e-02	2.762408115715792789e+01
6.564854671635030059e-02	2.696191526019610052e+01
6.650472644630883723e-02	2.631630165376544639e+01
6.737158029016676597e-02	2.568673401676898393e+01
6.824922695073391832e-02	2.507272521333698734e+01
6.913778598357650518e-02	2.447380674338600315e+01
7.003737788335190340e-02	2.388952668027381776e+01
7.094812403043029847e-02	2.331945020385829537e+01
7.187014664269110453e-02	2.276315928185012538e+01
7.280356886315114684e-02	2.222025055666225413e+01
7.374851465077426893e-02	2.169033456896060486e+01
7.470510900499036100e-02	2.117303873215703902e+01
7.567347732698131990e-02	2.066800599460250609e+01
7.665374626440246697e-02	2.017488810084399375e+01
7.764604316928580552e-02	1.969335040128644465e+01
7.865049619390683533e-02	1.922307291297241960e+01
7.966723429349799324e-02	1.876374634542520070e+01
8.069638723760279297e-02	1.831507286873607399e+01
8.173808554844032292e-02	1.787676595753200459e+01
8.279246050667102286e-02	1.744854943730540597e+01
8.385964418088964756e-02	1.703015708300516806e+01
8.493976932281901981e-02	1.662133283629518132e+01
8.603296945841756860e-02	1.622182995245440296e+01
8.713937875782416798e-02	1.583140992762241694e+01
8.825913212144903541e-02	1.544983999573099709e+01
8.939236550063749120e-02	1.507690376644171337e+01
9.053921407072566818e-02	1.471239948625991367e+01
9.169981433123298997e-02	1.435610932493553271e+01
9.287430570779259265e-02	1.400782194137488901e+01
9.406282517213641892e-02	1.366735883843237431e+01
9.526551133164976037e-02	1.333454036584321223e+01
9.648250327830718009e-02	1.300918366086118994e+01
9.771394067908256709e-02	1.269111620692186548e+01
9.895996369608535403e-02	1.238017155696268823e+01
1.002207128996928515e-01	1.207618906254174895e+01
1.014963293606748751e-01	1.177901297126569169e+01
1.027869545444523580e-01	1.148849263067022974e+01
1.040927303001137616e-01	1.120448234617880345e+01
1.054137988365771161e-01	1.092684091243123490e+01
1.067503026869486976e-01	1.065543143703172824e+01
1.081023846999668026e-01	1.039012131644283166e+01
1.094701879242019199e-01	1.013078200775766824e+01
1.108538556985338291e-01	9.877288331133826205e+00
1.122535315563408936e-01	9.629518913127684598e+00
1.136693591297479600e-01	9.387355968581937660e+00
1.151014822326371367e-01	9.150684585560874496e+00
1.165500447630931635e-01	8.919392983688963383e+00
1.180151906093380998e-01	8.693372576939561114e+00
1.194970637375595696e-01	8.472517290735822826e+00
1.209958080127347818e-01	8.256723779348694947e+00
1.225115672711423465e-01	8.045891116428077083e+00
1.240444852277847315e-01	7.839920679684319715e+00
1.255947054022084342e-01	7.638715809368918919e+00
1.271623712818799601e-01	7.442182700627769876e+00
1.287476256465045765e-01	7.250230017556746454e+00
1.303506113993260773e-01	7.062766963793020381e+00
1.319714709616308657e-01	6.879704802618640258e+00
1.336103463484300535e-01	6.700957207259641280e+00
1.352673791198799325e-01	6.526439278452555115e+00
1.369427103302475190e-01	6.356067622852306087e+00
1.386364804604902634e-01	6.189760439935271918e+00
1.403488294180658957e-01	6.027437306854444010e+00
1.420798963861313324e-01	5.869019216316053722e+00
1.438298198636271397e-01	5.714428217510154617e+00
1.455987375684076879e-01	5.563588142593872021e+00
1.473867863257351807e-01	5.416426129157022373e+00
1.491941010193960360e-01	5.272866748487060384e+00
1.510208185722173579e-01	5.132833513485837607e+00
1.528670720303949848e-01	4.996257303215129397e+00
1.547329942653270507e-01	4.863069179091438876e+00
1.566187169289909031e-01	4.733198383887721405e+00
1.585243705056391950e-01	4.606576275216377248e+00
1.604500841878104545e-01	4.483135312417978469e+00
1.623959857421843345e-01	4.362809000483016675e+00
1.643622015658372237e-01	4.245531630387053390e+00
1.663488565546215048e-01	4.131238527814323547e+00
1.683560739638060577e-01	4.019866007810601438e+00
1.703839754660511352e-01	3.911351147460901512e+00
1.724326810137640775e-01	3.805632001842058632e+00
1.745023086963354286e-01	3.702647617913033429e+00
1.765929747734876487e-01	3.602337736651081812e+00
1.787047936238691237e-01	3.504643013411046670e+00
1.808378774691902502e-01	3.409505080363302021e+00
1.829923365117752387e-01	3.316866373905367205e+00
1.851682787700289767e-01	3.226670150131022208e+00
1.873658099338084970e-01	3.138860616340901633e+00
1.895850334099448697e-01	3.053382718526412187e+00
1.918260501778487337e-01	2.970182305190194771e+00
1.940889586479225548e-01	2.889206122778615882e+00
1.963738546963446352e-01	2.810401671590165407e+00
1.986808315218649701e-01	2.733717337124388358e+00
2.010099795092978869e-01	2.659102378082068618e+00
2.033613862659565952e-01	2.586506860632820981e+00
2.057351364072515787e-01	2.515881678285332601e+00
2.081313115876163022e-01	2.447178585976463872e+00
2.105499903186223709e-01	2.380350018544435731e+00
2.129912479440853046e-01	2.315349422190769335e+00
2.154551567387251454e-01	2.252132559374352638e+00
2.179417831428279717e-01	2.190653580785278720e+00
2.204511963596865742e-01	2.130865890193436751e+00
2.229834561942234394e-01	2.072728123025168845e+00
2.255386207649637820e-01	2.016199010125548696e+00
2.281167444421554891e-01	1.961235984655765652e+00
2.307178778502796401e-01	1.907798249476739816e+00
2.333420676736950028e-01	1.855845826525709397e+00
2.359893566916775320e-01	1.805339540457317815e+00
2.386597835709030335e-01	1.756241080370595897e+00
2.413533828961558492e-01	1.708512786463467936e+00
2.440701849685084357e-01	1.662117140485948275e+00
2.468102171815517720e-01	1.617018705912607990e+00
2.495734985490601632e-01	1.573183430580403552e+00
2.523600475138776389e-01	1.530575884762120698e+00
2.551698767108834809e-01	1.489161796812701777e+00
2.580029941429726192e-01	1.448908684042961248e+00
2.608594030346254034e-01	1.409784373541582703e+00
2.637391018818696087e-01	1.371757373910411415e+00
2.666420843130037355e-01	1.334796959249109127e+00
2.695683389438139343e-01	1.298873141169752943e+00
2.725178494364620674e-01	1.263956596001945654e+00
2.754905943614646691e-01	1.230018742380443397e+00
2.784865470570422885e-01	1.197031705817182656e+00
2.815056756712098207e-01	1.164968247902187892e+00
2.845479431175979013e-01	1.133801818302989650e+00
2.876133068105253821e-01	1.103506572759936022e+00
2.907017188191672874e-01	1.074057288442405111e+00
2.938131257186997747e-01	1.045429370206937714e+00
2.969474684658729435e-01	1.017598915553708183e+00
3.001046824692142900e-01	9.905425863602972392e-01
3.032846974703997112e-01	9.642376852977483370e-01
3.064874374309616289e-01	9.386621258802412271e-01
3.097128206020881014e-01	9.137943948735980371e-01
3.129607594162254203e-01	8.896135653550906186e-01
3.162311603887611455e-01	8.660993008901398671e-01
3.195239241993423351e-01	8.432318036388138927e-01
3.228389455208220959e-01	8.209918316978224162e-01
3.261761131016794879e-01	7.993606754258818503e-01
3.295353096349055155e-01	7.783201854583183810e-01
3.329164117866426631e-01	7.578528250235868624e-01
3.363192895978333041e-01	7.379413604858591214e-01
3.397438086817386460e-01	7.185689318538092119e-01
3.431898268541172525e-01	6.997195653418751826e-01
3.466571963862962735e-01	6.813776742357576799e-01
3.501457633771155042e-01	6.635279738771449054e-01
3.536553677647197858e-01	6.461557156151270798e-01
3.571858433669111155e-01	6.292465901051507160e-01
3.607370177818224333e-01	6.127867329877196845e-01
3.643087125044578989e-01	5.967626316756944327e-01
3.679007432319877369e-01	5.811613322946670435e-01
3.715129182872820013e-01	5.659703476698255686e-01
3.751450411382011296e-01	5.511773530993103742e-01
3.787969086494081816e-01	5.367704741785859213e-01
3.824683116604716826e-01	5.227383174674665733e-01
3.861590348600533740e-01	5.090698284577636068e-01
3.898688569477198329e-01	4.957543979296573089e-01
3.935975498966228781e-01	4.827815734550567339e-01
3.973448818867615917e-01	4.701411878303363712e-01
4.011106128456699005e-01	4.578237210940361290e-01
4.048944976659384909e-01	4.458198534106498356e-01
4.086962857722285514e-01	4.341205849650443538e-01
4.125157190852543621e-01	4.227172432581828843e-01
4.163525364316273958e-01	4.116012322429844494e-01
4.202064692134203638e-01	4.007644614597385413e-01
4.240772435996967848e-01	3.901991370183188201e-01
4.279645806001566299e-01	3.798976777600163168e-01
4.318681948097768397e-01	3.698528401979828684e-01
4.357877963310531344e-01	3.600575330253598660e-01
4.397230896974257397e-01	3.505049296105233747e-01
4.436737742192313760e-01	3.411885018431197736e-01
4.476395440066814335e-01	3.321019355525332006e-01
4.516200881923793653e-01	3.232391326918110930e-01
4.556150909598256638e-01	3.145942171381743147e-01
4.596242315852903104e-01	3.061615256375434524e-01
4.636471846814398390e-01	2.979355929319544849e-01
4.676836201490923717e-01	2.899111499593796659e-01
4.717332034131092033e-01	2.820831116560385543e-01
4.757955954880569438e-01	2.744465774515691403e-01
4.798704529991160150e-01	2.669968162455113592e-01
4.839574285608065352e-01	2.597292530078336159e-01
4.880561706150240986e-01	2.526394809272374808e-01
4.921663236921474671e-01	2.457232450410212210e-01
4.962875285436882944e-01	2.389764267591724944e-01
5.004194222437995387e-01	2.323950475916551073e-01
5.045616383390514326e-01	2.259752624147335354e-01
5.087138069684501440e-01	2.197133410066396675e-01
5.128755550440381450e-01	2.136056817353925164e-01
5.170465063385613069e-01	2.076487916651838517e-01
5.212262816401619370e-01	2.018392837898695114e-01
5.254144989493209073e-01	1.961738675328862092e-01
5.296107735909254544e-01	1.906493542684993547e-01
5.338147183152323061e-01	1.852626572704650088e-01
5.380259433158945948e-01	1.800107497304648807e-01
5.422440572388509405e-01	1.748906757848964766e-01
5.464686659637709720e-01	1.698995955291568161e-01
5.506993737090341012e-01	1.650347330799501466e-01
5.549357828849602603e-01	1.602933629882082323e-01
5.591774943630271055e-01	1.556728293658662110e-01
5.634241075702131063e-01	1.511705397348062918e-01
5.676752205970895249e-01	1.467839601950773898e-01
5.719304304770724823e-01	1.425106077762479939e-01
5.761893332784879806e-01	1.383480528000599341e-01
5.804515242112882056e-01	1.342939165120018707e-01
5.847165979123426505e-01	1.303458623368461688e-01
5.889841485354696538e-01	1.265016004968265162e-01
5.932537698589098740e-01	1.227588841928174829e-01
5.975250555624084248e-01	1.191155000894863758e-01
6.017975994365616366e-01	1.155692818482060014e-01
6.060709950586011807e-01	1.121181046800552583e-01
6.103448367034447486e-01	1.087598646811272218e-01
6.146187190238214804e-01	1.054924977125951541e-01
6.188922372210950984e-01	1.023139776923224775e-01
6.231649874133765588e-01	9.922230626699247991e-02
6.274365666015329079e-01	9.621551967909419689e-02
6.317065728491870757e-01	9.329168503372818610e-02
6.359746055298982625e-01	9.044889748138178198e-02
6.402402654166963192e-01	8.768528016740123610e-02
6.445031547820123663e-01	8.499899605021048188e-02
6.487628776603849845e-01	8.238822605310318348e-02
6.530190398712565347e-01	7.985118356472969969e-02
6.572712492682328822e-01	7.738611027340874804e-02
6.615191157994094739e-01	7.499127665986475566e-02
6.657622516806948054e-01	7.266498134621382499e-02
6.700002715383424068e-01	7.040555037136968231e-02
6.742327925315307890e-01	6.821133819986158198e-02
6.784594344790170206e-01	6.608072712099942458e-02
6.826798199809273049e-01	6.401212600988000212e-02
6.868935746688910049e-01	6.200397549169772704e-02
6.911003268505657715e-01	6.005474179634356924e-02
6.952997085770999952e-01	5.816291301079452858e-02
6.994913547318382108e-01	5.632701200600313124e-02
7.036749037623730718e-01	5.454558936441415012e-02
7.078499975759908747e-01	5.281721958058219202e-02
7.120162817403558053e-01	5.114050638061545112e-02
7.161734054820686479e-01	4.951408063557953543e-02
7.203210219215214760e-01	4.793659966506020470e-02
7.244587880809258973e-01	4.640674891423134107e-02
7.285863649497649197e-01	4.492324114176590721e-02
7.327034177047339059e-01	4.348481447616278639e-02
7.368096157012641312e-01	4.209023510643741806e-02
7.409046325260890686e-01	4.073829564144835352e-02
7.449881462152297962e-01	3.942781268760008062e-02
7.490598393233047769e-01	3.815763212585490671e-02
7.531193985964605986e-01	3.692662684821033242e-02
7.571665157335796259e-01	3.573369074039751264e-02
7.612008869865862781e-01	3.457774595387996114e-02
7.652222131734236488e-01	3.345773937255647201e-02
7.692302003019330092e-01	3.237263945017970074e-02
7.732245589327882973e-01	3.132144418437279171e-02
7.772050044889904363e-01	3.030317556867332882e-02
7.811712575192042429e-01	2.931687571848813623e-02
7.851230435418788955e-01	2.836161226838665797e-02
7.890600930349024322e-01	2.743647631040910598e-02
7.929821417383161597e-01	2.654058033132787250e-02
7.968889304226816073e-01	2.567306066486558375e-02
8.007802050173921105e-01	2.483307591274902526e-02
8.046557166986102461e-01	2.401980526505322067e-02
8.085152218840422345e-01	2.323244973008537981e-02
8.123584821959601854e-01	2.247023153518497643e-02
8.161852646017554447e-01	2.173239316470998439e-02
8.199953413135279146e-01	2.101819737485146819e-02
8.237884899096300506e-01	2.032692664918379910e-02
8.275644932715751079e-01	1.965788297530111570e-02
8.313231396228610848e-01	1.901038734419830539e-02
8.350642225586967227e-01	1.838377922372120415e-02
8.387875410039556945e-01	1.777741654244240424e-02
8.424928992494846725e-01	1.719067487034098632e-02
8.461801069543450904e-01	1.662294701415664017e-02
8.498489791480994260e-01	1.607364345774386222e-02
8.534993360945478669e-01	1.554219127459940085e-02
8.571310035504883240e-01	1.502803323097946786e-02
8.607438124867611284e-01	1.453062841925774340e-02
8.643375992523626428e-01	1.404945155312571463e-02
8.679122054532497632e-01	1.358399241827298355e-02
8.714674779912428004e-01	1.313375562495279480e-02
8.750032690346628561e-01	1.269826025653039529e-02
8.785194359557541022e-01	1.227703962832548019e-02
8.820158413551635324e-01	1.186964059083206111e-02
8.854923530360812034e-01	1.147562346721862914e-02
8.889488439020004629e-01	1.109456179076660949e-02
8.923851920334172627e-01	1.072604176643954070e-02
8.958012805329096384e-01	1.036966199647859459e-02
8.991969976226801275e-01	1.002503295202302781e-02
9.025722365302712991e-01	9.691777155476241634e-03
9.059268953854353601e-01	9.369528675068084997e-03
9.092608773539248013e-01	9.057932373074204652e-03
9.125740904400740927e-01	8.756643969631317664e-03
9.158664475290382301e-01	8.465329670514800536e-03
9.191378663838802865e-01	8.183666910151635512e-03
9.223882691084813734e-01	7.911342559986994302e-03
9.256175832097570666e-01	7.648051787947585979e-03
9.288257403539250667e-01	7.393500753575922048e-03
9.320126769822950630e-01	7.147404932930337580e-03
9.351783340648186504e-01	6.909487858030687046e-03
9.383226571301735985e-01	6.679482010026309251e-03
9.414455961082843771e-01	6.457128303193814152e-03
9.445471053867459110e-01	6.242175869912346131e-03
9.476271436167812423e-01	6.034381747170173942e-03
9.506856738309092947e-01	5.833510583689154386e-03
9.537226632219981681e-01	5.639334573487276951e-03
9.567380831993588242e-01	5.451633081508793638e-03
9.597319093016483116e-01	5.270192525953478618e-03
9.627041210726792198e-01	5.094806249324764294e-03
9.656547021089522120e-01	4.925274113171688485e-03
9.685836399060806512e-01	4.761402451534248875e-03
9.714909258545283421e-01	4.603003813708852511e-03
9.743765551597783903e-01	4.449896774104808959e-03
9.772405267806026918e-01	4.301905787270502227e-03
9.800828433635516701e-01	4.158860945621799081e-03
9.829035112111663697e-01	4.020597909617926874e-03
9.857025401306944712e-01	3.886957735380752298e-03
9.884799434841725629e-01	3.757786538271886204e-03
9.912357380649335914e-01	3.632935439412668041e-03
9.939699440437596012e-01	3.512260443615221502e-03
9.966825849263039050e-01	3.395622282944032403e-03
9.993736874285871208e-01	3.282886274922264692e-03
1.002043281494613414e+00	3.173922123173852222e-03
1.004691400160669490e+00	3.068603809017062586e-03
1.007318079554831547e+00	2.966809433038836066e-03
1.009923358799198256e+00	2.868421145105925010e-03
1.012507279926089021e+00	2.773325000581609943e-03
1.015069887874833654e+00	2.681410733583489484e-03
1.017611230396212596e+00	2.592571805356139528e-03
1.020131357936734817e+00	2.506705205317017859e-03
1.022630323701073429e+00	2.423711231027729767e-03
1.025108183495689218e+00	2.343493587662139315e-03
1.027564995640568357e+00	2.265959194727644715e-03
1.030000821031325842e+00	2.191017942319550913e-03
1.032415722981969486e+00	2.118582798592313736e-03
1.034809767152829796e+00	2.048569685457238363e-03
1.037183021548953255e+00	1.980897251363653109e-03
1.039535556447525044e+00	1.915486847109461235e-03
1.041867444311485036e+00	1.852262476980723500e-03
1.044178759762367514e+00	1.791150663099594148e-03
1.046469579509347270e+00	1.732080454162510975e-03
1.048739982218918732e+00	1.674983224919530164e-03
1.050990048657082454e+00	1.619792561569305270e-03
1.053219861416079928e+00	1.566444402414026533e-03
1.055429504934423557e+00	1.514876845951412506e-03
1.057619065486092857e+00	1.465029962839399643e-03
1.059788631107969836e+00	1.416845878275421267e-03
1.061938291468768947e+00	1.370268694412458532e-03
1.064068137941488912e+00	1.325244358495974387e-03
1.066178263426636796e+00	1.281720641639903400e-03
1.068268762407084127e+00	1.239647069278445148e-03
1.070339730814340973e+00	1.198974872564655082e-03
1.072391266013207556e+00	1.159656933758306148e-03
1.074423466758685608e+00	1.121647695925122572e-03
1.076436433128201919e+00	1.084903150268293160e-03
1.078430266479200039e+00	1.049380790851189372e-03
1.080405069379748006e+00	1.015039520738652418e-03
1.082360945629868842e+00	9.818396328097032683e-04
1.084298000097439818e+00	9.497427601830828788e-04
1.086216338818641436e+00	9.187118358426069401e-04
1.088116068787071677e+00	8.887110503674029932e-04
1.089997298062385989e+00	8.597057932688180340e-04
1.091860135616611993e+00	8.316626239994451535e-04
1.093704691342720858e+00	8.045492295612419751e-04
1.095531076023864792e+00	7.783343872964814444e-04
1.097339401220334798e+00	7.529879412838453483e-04
1.099129779319074407e+00	7.284807542932484042e-04
1.100902323394648663e+00	7.047846545746807743e-04
1.102657147308957253e+00	6.818724246112495150e-04
1.104394365484741458e+00	6.597178119285181108e-04
1.106114092999574972e+00	6.382954183996905314e-04
1.107816445555939611e+00	6.175806604619015925e-04
1.109501539387357738e+00	5.975498493526354860e-04
1.111169491177057544e+00	5.781800926527842863e-04
1.112820418164838898e+00	5.594492272035975731e-04
1.114454437997101532e+00	5.413358798683452766e-04
1.116071668672806272e+00	5.238194023879488284e-04
1.117672228641320320e+00	5.068797999208666432e-04
1.119256236659597725e+00	4.904977979191988162e-04
1.120823811726953334e+00	4.746547713658727323e-04
1.122375073204594953e+00	4.593326844789995343e-04
1.123910140662812251e+00	4.445141584711295225e-04
1.125429133795905035e+00	4.301823881681819325e-04
1.126932172642628460e+00	4.163210874405331541e-04
1.128419377275989177e+00	4.029145813670109949e-04
1.129890867887088035e+00	3.899477284881392499e-04
1.131346764789362247e+00	3.774058504472823489e-04
1.132787188387447186e+00	3.652747865993903999e-04
1.134212259052491234e+00	3.535408665924339409e-04
1.135622097237201533e+00	3.421908657128706140e-04
1.137016823327010373e+00	3.312120094528611821e-04
1.138396557712723967e+00	3.205919539780242421e-04
1.139761420683016002e+00	3.103187713272588652e-04
1.141111532475733048e+00	3.003809341750139769e-04
1.142447013188709670e+00	2.907673082946748261e-04
1.143767982798888472e+00	2.814671341533004820e-04
1.145074561123017309e+00	2.724700082194701604e-04
1.146366867813721768e+00	2.637658788755866258e-04
1.147645022319959907e+00	2.553450377861689173e-04
1.148909143850340708e+00	2.471981021201945846e-04
1.150159351421143228e+00	2.393159980423260110e-04
1.151395763741452916e+00	2.316899640277056828e-04
1.152618499288421861e+00	2.243115290251349655e-04
1.153827676210780195e+00	2.171725100004670561e-04
1.155023412363467061e+00	2.102649923949708518e-04
1.156205825283178612e+00	2.035813305443259476e-04
1.157375032130999015e+00	1.971141425534711673e-04
1.158531149718327269e+00	1.908562816946283069e-04
1.159674294511461312e+00	1.848008453344822020e-04
1.160804582515980732e+00	1.789411669061841928e-04
1.161922129410075222e+00	1.732708000079071148e-04
1.163027050357711811e+00	1.677835126196443403e-04
1.164119460193001832e+00	1.624732759496623729e-04
1.165199473217061188e+00	1.573342790376720595e-04
1.166267203271632802e+00	1.523609014512019720e-04
1.167322763775407335e+00	1.475476890290193489e-04
1.168366267648082379e+00	1.428893823878412469e-04
1.169397827296744685e+00	1.383809129100996608e-04
1.170417554581833608e+00	1.340173694349208614e-04
1.171425560923222697e+00	1.297939937744022152e-04
1.172421957163073625e+00	1.257062006585961628e-04
1.173406853579986864e+00	1.217495581455096037e-04
1.174380359962007958e+00	1.179197743350591740e-04
1.175342585466159884e+00	1.142127044470812310e-04
1.176293638760185889e+00	1.106243340140370676e-04
1.177233627881870248e+00	1.071507877184959298e-04
1.178162660315478227e+00	1.037883260252043003e-04
1.179080842879148605e+00	1.005333269719303741e-04
1.179988281909302827e+00	9.738228513007052506e-05
1.180885083009123537e+00	9.433182128076758426e-05
1.181771351240462176e+00	9.137865692802770075e-05
1.182647191073907589e+00	8.851962289549276486e-05
1.183512706252326074e+00	8.575167030470502445e-05
1.184367999965503904e+00	8.307183459972448632e-05
1.185213174750913145e+00	8.047725289404199320e-05
1.186048332471916211e+00	7.796516521691942655e-05
1.186873574359921246e+00	7.553289359605944717e-05
1.187689001019821555e+00	7.317784986467806992e-05
1.188494712343952875e+00	7.089753765338601430e-05
1.189290807595883015e+00	6.868953545784473621e-05
1.190077385393629505e+00	6.655150466356528458e-05
1.190854543613152794e+00	6.448118541113697277e-05
1.191622379555421496e+00	6.247638816309292534e-05
1.192380989744608710e+00	6.053499950730197043e-05
1.193130470110210561e+00	5.865497403487775614e-05
1.193870915831494850e+00	5.683433272149735171e-05
1.194602421457278574e+00	5.507116309415217186e-05
1.195325080808061324e+00	5.336361459158104112e-05
1.196038987040217938e+00	5.170989558458493582e-05
1.196744232629664451e+00	5.010827611893888618e-05
1.197440909312410096e+00	4.855708372440689294e-05
1.198129108184293301e+00	4.705469576910049673e-05
1.198808919632136538e+00	4.559954727565949803e-05
1.199480433307411387e+00	4.419012253498475840e-05
1.200143738248421021e+00	4.282495339839734113e-05
1.200798922705718974e+00	4.150262845182638957e-05
1.201446074253237795e+00	4.022177504166140358e-05
1.202085279825660047e+00	3.898106017051025554e-05
1.202716625618435842e+00	3.777920411241363541e-05
1.203340197100268849e+00	3.661496657607740863e-05
1.203956079109674615e+00	3.548714275831059910e-05
1.204564355747193227e+00	3.439457253276081435e-05
1.205165110394553096e+00	3.333613287783055199e-05
1.205758425797276434e+00	3.231073314574340856e-05
1.206344383967989486e+00	3.131732395596467287e-05
1.206923066190924487e+00	3.035488687803804083e-05
1.207494553165709528e+00	2.942243105932917208e-05
1.208058924814930712e+00	2.851900641260641037e-05
1.208616260368853945e+00	2.764369400250756096e-05
1.209166638398570859e+00	2.679559767771405267e-05
1.209710136799532876e+00	2.597385404018183656e-05
1.210246832729179101e+00	2.517762816789397587e-05
1.210776802735664237e+00	2.440611070255306090e-05
1.211300122604147100e+00	2.365852004142107522e-05
1.211816867508906492e+00	2.293409697815477260e-05
1.212327111923977130e+00	2.223210917628908934e-05
1.212830929622099152e+00	2.155184886418989491e-05
1.213328393742653777e+00	2.089262772482984142e-05
1.213819576741214323e+00	2.025378112724274672e-05
1.214304550402106830e+00	1.963466787341365961e-05
1.214783385821730066e+00	1.903466483476726719e-05
1.215256153510971160e+00	1.845316843304966402e-05
1.215722923213503615e+00	1.788959643083850562e-05
1.216183764130554623e+00	1.734338464410440574e-05
1.216638744695026642e+00	1.681398718787467553e-05
1.217087932790076987e+00	1.630087482769243792e-05
1.217531395582953202e+00	1.580353637369932235e-05
1.217969199620125842e+00	1.532147561662992679e-05
1.218401410841654986e+00	1.485421187731591767e-05
1.218828094481285262e+00	1.440128287397602643e-05
1.219249315196530681e+00	1.396223902896084753e-05
1.219665136963880459e+00	1.353664491743091140e-05
1.220075623186307689e+00	1.312407796206038132e-05
1.220480836617250153e+00	1.272413154605797575e-05
1.220880839359988812e+00	1.233641179014627153e-05
1.221275692951576675e+00	1.196053283970959284e-05
1.221665458334070253e+00	1.159612676419775501e-05
1.222050195701331665e+00	1.124283863245184858e-05
1.222429964794124579e+00	1.090031701390588505e-05
1.222804824714514238e+00	1.056822608032626485e-05
1.223174833896099933e+00	1.024624291413765203e-05
1.223540050263125956e+00	9.934049763290331005e-06
1.223900531132030789e+00	9.631342634368294031e-06
1.224256333157260901e+00	9.337827533715174920e-06
1.224607512517206676e+00	9.053216993266362332e-06
1.224954124732218430e+00	8.777234604587195598e-06
1.225296224777878695e+00	8.509611169721777933e-06
1.225633867094875429e+00	8.250086069431162826e-06
1.225967105486095221e+00	7.998409549932181104e-06
1.226295993223849301e+00	7.754338196477232430e-06
1.226620583018406707e+00	7.517634049734924730e-06
1.226940927063511655e+00	7.288069008950420902e-06
1.227257076910471811e+00	7.065422623235834883e-06
1.227569083661018468e+00	6.849479600575619800e-06
1.227876997806386150e+00	6.640032155120147199e-06
1.228180869336577663e+00	6.436879470366082989e-06
1.228480747679505214e+00	6.239825854899687836e-06
1.228776681772252743e+00	6.048682315473194648e-06
1.229068719981653013e+00	5.863266669762681541e-06
1.229356910161941929e+00	5.683401645302848599e-06
1.229641299675618971e+00	5.508914416342850653e-06
1.229921935349443496e+00	5.339639113243552876e-06
1.230198863497436568e+00	5.175415047100293449e-06
1.230472129924365055e+00	5.016085430283808565e-06
1.230741779967106320e+00	4.861498800849846629e-06
1.231007858407454636e+00	4.711508918900994948e-06
1.231270409594613202e+00	4.565973018389167751e-06
1.231529477346115176e+00	4.424753803288422127e-06
1.231785104998308178e+00	4.287717832713019563e-06
1.232037335441902748e+00	4.154734928189192296e-06
1.232286211043416513e+00	4.025680617640046624e-06
1.232531773712239875e+00	3.900432946739885648e-06
1.232774064922505408e+00	3.778873775091179065e-06
1.233013125618422245e+00	3.660889473361466865e-06
1.233248996342524384e+00	3.546368714852205200e-06
1.233481717163353197e+00	3.435204336548351562e-06
1.233711327663226331e+00	3.327292914231963169e-06
1.233937867020274526e+00	3.222531742931713171e-06
1.234161373996284228e+00	3.120823683977681303e-06
1.234381886782390136e+00	3.022075377250586841e-06
1.234599443260404161e+00	2.926193263728823415e-06
1.234814080851055706e+00	2.833087747893422982e-06
1.235025836497174900e+00	2.742672948768749032e-06
1.235234746784620530e+00	2.654863942729028179e-06
1.235440847846082768e+00	2.569579343389064742e-06
1.235644175380547383e+00	2.486740372794370968e-06
1.235844764707218602e+00	2.406270190350586316e-06
1.236042650692170675e+00	2.328093723503450962e-06
1.236237867875479068e+00	2.252137976000959806e-06
1.236430450315003871e+00	2.178332744133832634e-06
1.236620431729483771e+00	2.106610034276858284e-06
1.236807845377363213e+00	2.036903388422092125e-06
1.236992724200673077e+00	1.969147565298477028e-06
1.237175100718066023e+00	1.903279881859934555e-06
1.237355007046577082e+00	1.839239254032015295e-06
1.237532474990391762e+00	1.776965905032321908e-06
1.237707535892470290e+00	1.716402005074339169e-06
1.237880220802196618e+00	1.657490749140641792e-06
1.238050560365453912e+00	1.600176969078941501e-06
1.238218584859354321e+00	1.544407246087660511e-06
1.238384324211843301e+00	1.490128667751012073e-06
1.238547808008711781e+00	1.437289691876561328e-06
1.238709065460277925e+00	1.385840560776730794e-06
1.238868125413132626e+00	1.335731726748178351e-06
1.239025016443012550e+00	1.286914526349300592e-06
1.239179766674363137e+00	1.239341957967196625e-06
1.239332404000610621e+00	1.192966968025137484e-06
1.239482955887387883e+00	1.147743368009421145e-06
1.239631449554364773e+00	1.103625431589334965e-06
1.239777911810780342e+00	1.060568017569796926e-06
1.239922369214376596e+00	1.018526016815389917e-06
1.240064847936997561e+00	9.774543921362769122e-07
1.240205373880590489e+00	9.373075784119215148e-07
1.240343972643275672e+00	8.980401201286302895e-07
1.240480669425380933e+00	8.596062510331521403e-07
1.240615489226700285e+00	8.219580476973173252e-07
1.240748456691484147e+00	7.850472372995549369e-07
1.240879596130429974e+00	7.488237205583807410e-07
1.241008931628170942e+00	7.132338491431077790e-07
1.241136486942295614e+00	6.782216546908630596e-07
1.241262285522783504e+00	6.437276614238271693e-07
1.241386350504270819e+00	6.096859407450120555e-07
1.241508704839149990e+00	5.760233727383331514e-07
1.241629371072791477e+00	5.421466007339958931e-07
1.241748371569603382e+00	5.089987890419614492e-07
1.241865728373140909e+00	4.759414785419818400e-07
1.241981463240534822e+00	4.428395064865530046e-07
1.242095597701141863e+00	4.095234213702084540e-07
1.242208152992106962e+00	3.757745719621499596e-07
1.242319150040792408e+00	3.412965198682642956e-07
1.242428609630951808e+00	3.056654780384518725e-07
1.242536552198908018e+00	2.682342468619195619e-07
1.242642997921877601e+00	2.279079014987388921e-07
1.242747966756233335e+00	1.825397098617095089e-07
1.242851478415923472e+00	1.265541485299668268e-07
1.242953552313269538e+00	0.000000000000000000e+00
