# Data associated with arXiv:2208.14002
# 
# Scale-free J-factor angular distribution, J_S(theta), of a nfw1-2rhos8e6 dark matter distribution (see Eq. 2.4 and the surrounding discussion)
# 
# Published: 8/25/22, Jack Runburg and Kenny Kiriu, contact: runburg@hawaii.edu
# 
# 
# -----------------------------------------------------------------
# 
# 	 tilde theta 		 | 	 tilde J s-wave 		 | 	 tilde J p-wave 		 | 	 tilde J d-wave 		 | 	 tilde J sommerfeld 
# 
# -----------------------------------------------------------------
1.000000000000000021e-03	1.815024122858022898e+07	1.556465668276320503e+05	3.460578419824557204e+04	5.054737597280723453e+08
1.021192151037671062e-03	1.784750736651672050e+07	1.545161414856121119e+05	3.448018458946909232e+04	4.949613640899972916e+08
1.042833409340945643e-03	1.753850097658303380e+07	1.533597514091077319e+05	3.435159014558496710e+04	4.842408933894872069e+08
1.064933292458827233e-03	1.722332227541507408e+07	1.521774936155275209e+05	3.422000016082357615e+04	4.733169215864208341e+08
1.087501519637659123e-03	1.690210448879570141e+07	1.509695619326802553e+05	3.408542371649804409e+04	4.621952806191074848e+08
1.110548016095517111e-03	1.657501905147519708e+07	1.497362636716665002e+05	3.394788146819683607e+04	4.508832544720426202e+08
1.134082917387199208e-03	1.624228190965612419e+07	1.484780401585463842e+05	3.380740787034268578e+04	4.393898135643053651e+08
1.158116573861711456e-03	1.590416130214074440e+07	1.471954925837285409e+05	3.366405401235449972e+04	4.277259027850459218e+08
1.182659555214217667e-03	1.556098759347160719e+07	1.458894154700120562e+05	3.351789134516892955e+04	4.159048032517120838e+08
1.207722655134462354e-03	1.521316607824627869e+07	1.445608415857498185e+05	3.336901676849919022e+04	4.039425995284027457e+08
1.233316896053688856e-03	1.486119432425431907e+07	1.432111050893348875e+05	3.321755992527310445e+04	3.918588055718092918e+08
1.259453533992170365e-03	1.450568694418914802e+07	1.418419359364164411e+05	3.306369435187046474e+04	3.796772458483586907e+08
1.286144063509461061e-03	1.414741368506523967e+07	1.404556132350813132e+05	3.290765603410959011e+04	3.674273843450025320e+08
1.313400222759557485e-03	1.378736456325949170e+07	1.390552447775405599e+05	3.274977809615181468e+04	3.551465414883399010e+08
1.341233998653187541e-03	1.342688075912676938e+07	1.376453697439145762e+05	3.259056747141492087e+04	3.428842141593720913e+08
1.369657632129505243e-03	1.306799845452866703e+07	1.362336590830490168e+05	3.243092607764182321e+04	3.307130288219354749e+08
1.398683623539492566e-03	1.271502448158334754e+07	1.348392173850814870e+05	3.227324962441038588e+04	3.187771749628919363e+08
1.428324738143458596e-03	1.235941677138481662e+07	1.334093710148388345e+05	3.211030853619330082e+04	3.068408233152642846e+08
1.458594011725036863e-03	1.200889856965318322e+07	1.319710500136827468e+05	3.194515639651527454e+04	2.951868042542858124e+08
1.489504756324154782e-03	1.166101996241084300e+07	1.305049408296479378e+05	3.177496050574387482e+04	2.837606813199655414e+08
1.521070566091505720e-03	1.132631219079160690e+07	1.290714602719774266e+05	3.160785615069509731e+04	2.728670416671594381e+08
1.553305323267072666e-03	1.100247121745896339e+07	1.276602384890080430e+05	3.144250299916706354e+04	2.624266244452585876e+08
1.586223204285366938e-03	1.068404456468873285e+07	1.262400257559785823e+05	3.127462864266697579e+04	2.522757148812842071e+08
1.619838686010041055e-03	1.037492552345404960e+07	1.248343699460608914e+05	3.110745074765108802e+04	2.425202025491645336e+08
1.654166552100628336e-03	1.007481672248121537e+07	1.234430881293238926e+05	3.094095960359133824e+04	2.331441873721680641e+08
1.689221899514206692e-03	9.783284903555219993e+06	1.220655773159859964e+05	3.077510405226309376e+04	2.241263111844312251e+08
1.725020145144853453e-03	9.500141349980976433e+06	1.207018957742376660e+05	3.060989779772288239e+04	2.154554869553699791e+08
1.761577032603788440e-03	9.225277848037004471e+06	1.193523446799035155e+05	3.044537826754500202e+04	2.071230273578959703e+08
1.798908639143220224e-03	8.958420456782724708e+06	1.180167186543077551e+05	3.028153309458943113e+04	1.991151642808316052e+08
1.837031382726912916e-03	8.699190511982226744e+06	1.166944174259271676e+05	3.011831339914679484e+04	1.914136108697369397e+08
1.875962029250603357e-03	8.447420588269960135e+06	1.153853648885532748e+05	2.995573050464242988e+04	1.840080643322503865e+08
1.915717699915417882e-03	8.203016571432381868e+06	1.140898165345284506e+05	2.979382118070678916e+04	1.768914773774518669e+08
1.956315878757565116e-03	7.965726470232646912e+06	1.128075501355904853e+05	2.963257048859004863e+04	1.700514565890449882e+08
1.997774420337589726e-03	7.735219403739131056e+06	1.115380459237009200e+05	2.947193288667861998e+04	1.634730102135382295e+08
2.040111557592579582e-03	7.511346846736002713e+06	1.102813646456504503e+05	2.931192200439468070e+04	1.571475822759720683e+08
2.083345909854779961e-03	7.294026896292017773e+06	1.090377950653958105e+05	2.915257550844578145e+04	1.510698121591047645e+08
2.127496491040134757e-03	7.083028147762482055e+06	1.078070908990311873e+05	2.899387598995974986e+04	1.452281709990173280e+08
2.172582718010372237e-03	6.878061507430097088e+06	1.065886673071168771e+05	2.883577853163516193e+04	1.396100032898492515e+08
2.218624419112281976e-03	6.678995236839259043e+06	1.053824993631037360e+05	2.867829502233210223e+04	1.342077760636572093e+08
2.265641842897974604e-03	6.485757979858924635e+06	1.041888622361047601e+05	2.852146292288531549e+04	1.290167326195397377e+08
2.313655667029933423e-03	6.298137604678452015e+06	1.030074978548457439e+05	2.836526246613966941e+04	1.240271584191933423e+08
2.362687007374795686e-03	6.115881545913986862e+06	1.018379624386596697e+05	2.820965326665047905e+04	1.192284157030671090e+08
2.412757427289825233e-03	5.938872948738085106e+06	1.006803181569417793e+05	2.805464897897269475e+04	1.146147367938342094e+08
2.463888947106213784e-03	5.767049644151677378e+06	9.953483676398410171e+04	2.790028724960589170e+04	1.101814317061039060e+08
2.516104053813336943e-03	5.600217407041219063e+06	9.840120849507400999e+04	2.774654538928475085e+04	1.059204513992980719e+08
2.569425710948245768e-03	5.438155663524581119e+06	9.727891026468086056e+04	2.759338297383999452e+04	1.018222282183812559e+08
2.623877368694733318e-03	5.280760656924446113e+06	9.616796907498137443e+04	2.744081266731791038e+04	9.788181340143013000e+07
2.679482974196439188e-03	5.127978287189171650e+06	9.506865226436132798e+04	2.728887207100927844e+04	9.409543528761015832e+07
2.736266982088478034e-03	4.979630938732462004e+06	9.398067662473316886e+04	2.713753723132424057e+04	9.045596989749978483e+07
2.794254365252289707e-03	4.835525966027759016e+06	9.290366884946731443e+04	2.698677277932347715e+04	8.695589824463631213e+07
2.853470625798387814e-03	4.695571347938532010e+06	9.183768382294753974e+04	2.683659220516831192e+04	8.359061213194106519e+07
2.913941806281861776e-03	4.559719867437864654e+06	9.078297465457950602e+04	2.668703278663512538e+04	8.035735243979145586e+07
2.975694501155571117e-03	4.427809347683562897e+06	8.973916858052262978e+04	2.653806647577375406e+04	7.724927430483528972e+07
3.038755868466027146e-03	4.299671551738477312e+06	8.870583470898981614e+04	2.638965791616248680e+04	7.426011989608262479e+07
3.103153641797168783e-03	4.175224877586597577e+06	8.768303050462152169e+04	2.624182051636137840e+04	7.138599642281693220e+07
3.168916142467233243e-03	4.054428070000608452e+06	8.667100609931627696e+04	2.609459167209615043e+04	6.862450451930958033e+07
3.236072291984112663e-03	3.937133234334710520e+06	8.566946651437054970e+04	2.594794382889657936e+04	6.596999683892869204e+07
3.304651624764658874e-03	3.823193464974770322e+06	8.467809223353897687e+04	2.580184589756368223e+04	6.341714886297398806e+07
3.374684301123556836e-03	3.712536411861503031e+06	8.369693281461227161e+04	2.565631113717041080e+04	6.096287352509927750e+07
3.446201120537424525e-03	3.605125972139110789e+06	8.272620748287459719e+04	2.551137612666555287e+04	5.860467790224006772e+07
3.519233535190044709e-03	3.500827450601634104e+06	8.176550270955869928e+04	2.536700821365135926e+04	5.633779121219510585e+07
3.593813663804625805e-03	3.399512576040088199e+06	8.081450607331490028e+04	2.522317782410936707e+04	5.415759600307855755e+07
3.669974305769219299e-03	3.301117192887704819e+06	7.987326686887908727e+04	2.507989811839182221e+04	5.206148584322319925e+07
3.747748955561452412e-03	3.205609712681272067e+06	7.894202692072966602e+04	2.493720636157284025e+04	5.004745925091079623e+07
3.827171817478984984e-03	3.112867554325686768e+06	7.802048136025130225e+04	2.479507174887888323e+04	4.811147738765809685e+07
3.908277820682117681e-03	3.022778742023729719e+06	7.710835658929058991e+04	2.465346730449584356e+04	4.624973020661888272e+07
3.991102634555192957e-03	2.935286401672242209e+06	7.620569392673528637e+04	2.451240602831870274e+04	4.445975201150886714e+07
4.075682684393532908e-03	2.850362834883407690e+06	7.531264859243400861e+04	2.437192220849487785e+04	4.273996428964870423e+07
4.162055167422817371e-03	2.767896628947474062e+06	7.442884823704011797e+04	2.423198125865079419e+04	4.108662910307283700e+07
4.250258069157961290e-03	2.687790035110953264e+06	7.355404797286087705e+04	2.409255827922325989e+04	3.949663884929095209e+07
4.340330180108637088e-03	2.609992635538387578e+06	7.268829183194278448e+04	2.395366633471357636e+04	3.796790354723006487e+07
4.432311112838861061e-03	2.534480120450335555e+06	7.183180686648719711e+04	2.381534209660749912e+04	3.649919418073907495e+07
4.526241319388085715e-03	2.461151320124413352e+06	7.098428365090467560e+04	2.367755206642752819e+04	3.508731167834609747e+07
4.622162109061505458e-03	2.389920916429040488e+06	7.014549115425031050e+04	2.354027319079910376e+04	3.372955029425876588e+07
4.720115666597336779e-03	2.320744218153898604e+06	6.931543861260273843e+04	2.340351719668380974e+04	3.242419420820197091e+07
4.820145070719144588e-03	2.253599862794424873e+06	6.849425584394164616e+04	2.326731700773229386e+04	3.116998189248838276e+07
4.922294313081310678e-03	2.188396067457018886e+06	6.768162178805000440e+04	2.313163717588790678e+04	2.996423878722989187e+07
5.026608317615998724e-03	2.125058371397992130e+06	6.687732587849395350e+04	2.299645632975551416e+04	2.880466380101071298e+07
5.133132960290130720e-03	2.063547166564733488e+06	6.608141554414562415e+04	2.286178779205887258e+04	2.768986261737769097e+07
5.241915089281041530e-03	2.003843644659647951e+06	6.529410707136491692e+04	2.272766789797747333e+04	2.661880144024065509e+07
5.353002545579732367e-03	1.945864623450332321e+06	6.451508369077689713e+04	2.259406043609256085e+04	2.558918395906725526e+07
5.466444184030696055e-03	1.889545120596654713e+06	6.374413770289623790e+04	2.246094518505418819e+04	2.459904783028836176e+07
5.582289894817666839e-03	1.834850035301981959e+06	6.298123249583481811e+04	2.232833161055737946e+04	2.364708269799306989e+07
5.700590625404708227e-03	1.781762788496414199e+06	6.222654320233569888e+04	2.219625415290494129e+04	2.273246008167095855e+07
5.821398402942216249e-03	1.730208052496006014e+06	6.147975883889396209e+04	2.206467562450510377e+04	2.185314957491480559e+07
5.944766357147824969e-03	1.680129123542348156e+06	6.074070390715944086e+04	2.193357811207263512e+04	2.100755174839035422e+07
6.070748743672167193e-03	1.631494899170022923e+06	6.000942355977810803e+04	2.180297489274863619e+04	2.019456564811780676e+07
6.199400967959818945e-03	1.584290740237906342e+06	5.928611908164374472e+04	2.167290152918833701e+04	1.941357221155006438e+07
6.330779609615908021e-03	1.538448491427115630e+06	5.857047136148012942e+04	2.154331969136787302e+04	1.866273462050979584e+07
6.464942447289089879e-03	1.493918676324465312e+06	5.786225756823785196e+04	2.141420978319415372e+04	1.794067543182715774e+07
6.601948484081890736e-03	1.450673739843517775e+06	5.716147081937773328e+04	2.128558222943828514e+04	1.724645613306830451e+07
6.741857973499477616e-03	1.408700729070316069e+06	5.646830342127295444e+04	2.115747214171295855e+04	1.657950254490317963e+07
6.884732445948405985e-03	1.367938033918926958e+06	5.578244427055878623e+04	2.102984032407291306e+04	1.593827618166760728e+07
7.030634735796891313e-03	1.328342485116799828e+06	5.510374936216708011e+04	2.090267213528440334e+04	1.532162094261184707e+07
7.179629009008595825e-03	1.289889672524695052e+06	5.443226434950031398e+04	2.077598092995447951e+04	1.472881626463037729e+07
7.331780791361950343e-03	1.252568118636616273e+06	5.376817345211261272e+04	2.064980160025688747e+04	1.415930308738019131e+07
7.487156997267587974e-03	1.216322170234397752e+06	5.311112138297461206e+04	2.052409153273511038e+04	1.361177685267108120e+07
7.645825959196438613e-03	1.181114164768982911e+06	5.246091516997627332e+04	2.039883371967035782e+04	1.308521138626809977e+07
7.807857457731475631e-03	1.146922480541148921e+06	5.181759621908358531e+04	2.027404123999085277e+04	1.257897438917546533e+07
7.973322752256328111e-03	1.113736929751269519e+06	5.118134173208204447e+04	2.014974836860775031e+04	1.209261975144602172e+07
8.142294612294233985e-03	1.081507278129589511e+06	5.055184682987738779e+04	2.002591447919980783e+04	1.162501708732541651e+07
8.314847349511189298e-03	1.050200669244508492e+06	4.992899501522485662e+04	1.990252799253213379e+04	1.117535801359975338e+07
8.491056850397209546e-03	1.019797954091296182e+06	4.931282962765730917e+04	1.977960229271062417e+04	1.074306809781909548e+07
8.671000609640279119e-03	9.902900725246068323e+05	4.870348564204985450e+04	1.965716898047002906e+04	1.032780296970433742e+07
8.854757764207504128e-03	9.616317157323857537e+05	4.810059582646109629e+04	1.953518228523072685e+04	9.928511240305023268e+06
9.042409128148579806e-03	9.337942215220028302e+05	4.750404932894295780e+04	1.941363140443432349e+04	9.544523362075893208e+06
9.234037228136720080e-03	9.067606348136300221e+05	4.691389180343870976e+04	1.929252994606239008e+04	9.175357117652524263e+06
9.429726339762870002e-03	8.805228767963221762e+05	4.633028644579860702e+04	1.917191140262624685e+04	8.820716581112241372e+06
9.629562524599030379e-03	8.550401176220952766e+05	4.575293435729419434e+04	1.905173392686655279e+04	8.479732027007872239e+06
9.833633668047030499e-03	8.302873522557264660e+05	4.518174359295484464e+04	1.893198869857707177e+04	8.151828577173964120e+06
1.004202951798940403e-02	8.062495683334202040e+05	4.461671945128143852e+04	1.881268646775346133e+04	7.836618447573928162e+06
1.025484172425938229e-02	7.829195555255574873e+05	4.405796217998245993e+04	1.869385597139832680e+04	7.533784197398103774e+06
1.047216387894729824e-02	7.602605386299336096e+05	4.350517163527974481e+04	1.857545390688847692e+04	7.242606282010599039e+06
1.069409155756119272e-02	7.382507061702221399e+05	4.295826425188403664e+04	1.845747239991577590e+04	6.962582004730884917e+06
1.092072236105970547e-02	7.168767691214245278e+05	4.241728391774307966e+04	1.833992525594571271e+04	6.693388090029343963e+06
1.115215595877575537e-02	6.961322760075618280e+05	4.188237784671211557e+04	1.822284487552290739e+04	6.434777099397992715e+06
1.138849413224978825e-02	6.759841305174207082e+05	4.135325936473179172e+04	1.810618868897997891e+04	6.186122615704487078e+06
1.162984081999205582e-02	6.564133056801258354e+05	4.082980969289240602e+04	1.798994625427607752e+04	5.947015600359263830e+06
1.187630216319339981e-02	6.374080395672466839e+05	4.031202669154192699e+04	1.787412732948440680e+04	5.717138165454508737e+06
1.212798655240480798e-02	6.189625501229307847e+05	3.980004799892283336e+04	1.775876360910521907e+04	5.496310072028382681e+06
1.238500467520621366e-02	6.010470702764098532e+05	3.929359244177350774e+04	1.764381202763206238e+04	5.283959312866159715e+06
1.264746956488544717e-02	5.836450030844899593e+05	3.879259664411861741e+04	1.752926720686975386e+04	5.079758568959887139e+06
1.291549665014883955e-02	5.667459411122406600e+05	3.829710153064880433e+04	1.741514313554003456e+04	4.883449208683487028e+06
1.318920380588532899e-02	5.503446865296427859e+05	3.780723122920442256e+04	1.730147029587437282e+04	4.694870601253136992e+06
1.346871140500627631e-02	5.344144909560213564e+05	3.732266150801221374e+04	1.718820041403310825e+04	4.513537865000805818e+06
1.375414237138396570e-02	5.189408744159643538e+05	3.684330900563737669e+04	1.707532678205344564e+04	4.339155435458736494e+06
1.404562223391196511e-02	5.039146296192773152e+05	3.636921405574861274e+04	1.696286334406767128e+04	4.171524413265048526e+06
1.434327918171109106e-02	4.893310764463382075e+05	3.590050021860581910e+04	1.685084055269600140e+04	4.010476432539094705e+06
1.464724412050539583e-02	4.751661929346487159e+05	3.543690346078199946e+04	1.673921516523649188e+04	3.855617634492043406e+06
1.495765073019278586e-02	4.614073463791325339e+05	3.497837299975354836e+04	1.662798402082273242e+04	3.706698260702868924e+06
1.527463552363575450e-02	4.480463930374538177e+05	3.452492612850348814e+04	1.651715886190392848e+04	3.563544671648307238e+06
1.559833790669801906e-02	4.350791097765726154e+05	3.407662525406714849e+04	1.640676325474971964e+04	3.426013353445082437e+06
1.592890023955338338e-02	4.224839384811829077e+05	3.363321080498831725e+04	1.629675391635655797e+04	3.293762887097551022e+06
1.626646789929399317e-02	4.102498569047689089e+05	3.319464060194738704e+04	1.618712897706455260e+04	3.166590886027032044e+06
1.661118934386526108e-02	3.983696636091605178e+05	3.276094909833277416e+04	1.607790208233092562e+04	3.044333396652720403e+06
1.696321617735579643e-02	3.868395409549982287e+05	3.233225163864189744e+04	1.596910319450227507e+04	2.926885728472113144e+06
1.732270321667098503e-02	3.756401539888063562e+05	3.190828948186940033e+04	1.586068821151516750e+04	2.813944828670033254e+06
1.768980855961942850e-02	3.647618852924907696e+05	3.148897795506196417e+04	1.575265019229298196e+04	2.705337447992517147e+06
1.806469365444235767e-02	3.541983685511777876e+05	3.107432726977203492e+04	1.564499962882130603e+04	2.600924114788990002e+06
1.844752337081655841e-02	3.439461439003724954e+05	3.066444978797276053e+04	1.553776595304701186e+04	2.500620164554225281e+06
1.883846607236187159e-02	3.339878842199097271e+05	3.025910048151898081e+04	1.543090564207852731e+04	2.404164795230685268e+06
1.923769369068539445e-02	3.243151964464489720e+05	2.985824841451034808e+04	1.532441897935066481e+04	2.311410869690634776e+06
1.964538180099485026e-02	3.149224528227675473e+05	2.946192319084394330e+04	1.521831936496859453e+04	2.222245514384219423e+06
2.006170969931423895e-02	3.058065132224079571e+05	2.907019423395974445e+04	1.511263078054230573e+04	2.136584430674773175e+06
2.048686048133601528e-02	2.969518594427247881e+05	2.868278824356174300e+04	1.500730504389469752e+04	2.054205001163014211e+06
2.092102112294418406e-02	2.883511655710393097e+05	2.829967747887316364e+04	1.490234278898168668e+04	1.974982157875020523e+06
2.136438256244391209e-02	2.799994596707646269e+05	2.792090114128542700e+04	1.479775901569511188e+04	1.898827576816666406e+06
2.181713978453380873e-02	2.718938846679738490e+05	2.754655533522074620e+04	1.469358153062944075e+04	1.825665957019396592e+06
2.227949190605761978e-02	2.640205525403011707e+05	2.717640943629735557e+04	1.458976723944828700e+04	1.755312565040340181e+06
2.275164226357336353e-02	2.563730678954291507e+05	2.681040475615904506e+04	1.448631261556753998e+04	1.687655767840410583e+06
2.323379850277806913e-02	2.489470395951780374e+05	2.644854448360346214e+04	1.438322711259545213e+04	1.622613733212385559e+06
2.372617266982774559e-02	2.417398618885432370e+05	2.609091656885280463e+04	1.428053728118904473e+04	1.560126076357657788e+06
2.422898130459259780e-02	2.347391160659122397e+05	2.573729865900518416e+04	1.417820060497865052e+04	1.500030601054576226e+06
2.474244553588843265e-02	2.279392173490624991e+05	2.538767340296592010e+04	1.407621968055293291e+04	1.442242433166345116e+06
2.526679117872631872e-02	2.213362884390607069e+05	2.504207623172569583e+04	1.397460960652289032e+04	1.386689156854167115e+06
2.580224883362318075e-02	2.149279491097769351e+05	2.470055997552863846e+04	1.387339153571327734e+04	1.333323199842398288e+06
2.634905398801689475e-02	2.087031019572244841e+05	2.436287395639930037e+04	1.377251701073172990e+04	1.281995842859956669e+06
2.690744711983068457e-02	2.026568688490299974e+05	2.402900392610599738e+04	1.367198891669175646e+04	1.232636073353657033e+06
2.747767380323228384e-02	1.967858278455995314e+05	2.369898462318918610e+04	1.357182207972234755e+04	1.185184425865754951e+06
2.805998481663422514e-02	1.910878003755428945e+05	2.337289467505579887e+04	1.347204254883884460e+04	1.139597493725643493e+06
2.865463625298309350e-02	1.855528771551066893e+05	2.305052507815819627e+04	1.337260839513378778e+04	1.095755951621182729e+06
2.926188963238583740e-02	1.801767962183141208e+05	2.273182499644497875e+04	1.327351610314731988e+04	1.053593732272051740e+06
2.988201201712300387e-02	1.749565383931222314e+05	2.241680872712984274e+04	1.317477687174693529e+04	1.013064638576881611e+06
3.051527612909937445e-02	1.698901060098613671e+05	2.210554827140238194e+04	1.307641568367269792e+04	9.741243564468234545e+05
3.116196046978347151e-02	1.649686579137246881e+05	2.179784625827270429e+04	1.297839139509712913e+04	9.366736052315374836e+05
3.182234944268905880e-02	1.601884689136045054e+05	2.149369442462166990e+04	1.288070904083782079e+04	9.006580580183741404e+05
3.249673347845206950e-02	1.555468763644288701e+05	2.119311372400383698e+04	1.278338176247098454e+04	8.660366842230368638e+05
3.318540916255835471e-02	1.510420456641047203e+05	2.089612542591721285e+04	1.268642417807432139e+04	8.327722433093567379e+05
3.388867936577820428e-02	1.466660943708378181e+05	2.060254127267621516e+04	1.258979644256724532e+04	8.007787037469290663e+05
3.460685337736497946e-02	1.424157653646719700e+05	2.031235396412499176e+04	1.249350335289209033e+04	7.700125421958785737e+05
3.534024704107661952e-02	1.382887117708513106e+05	2.002559628455925849e+04	1.239756024071513275e+04	7.404359629645529203e+05
3.608918289407971741e-02	1.342832451751787739e+05	1.974232538032624507e+04	1.230198975884064566e+04	7.120207537549240515e+05
3.685399030879719234e-02	1.303923443526871706e+05	1.946232185912978093e+04	1.220674382681202223e+04	6.846892110688781831e+05
3.763500563776207147e-02	1.266131598582110746e+05	1.918556605554260022e+04	1.211182489513178734e+04	6.584043021379936254e+05
3.843257236154112161e-02	1.229436245295157278e+05	1.891209154746566492e+04	1.201724914058525792e+04	6.331346009114782792e+05
3.924704123979310538e-02	1.193821814245353889e+05	1.864195870020423899e+04	1.192304022245889792e+04	6.088575583906990942e+05
4.007877046552850431e-02	1.159225822048747214e+05	1.837498952394028311e+04	1.182915842870455344e+04	5.855073311715287855e+05
4.092812582263813392e-02	1.125623326845939591e+05	1.811115471432609775e+04	1.173560395307351246e+04	5.630514342813394032e+05
4.179548084676026898e-02	1.092996132815847668e+05	1.785046233438237323e+04	1.164238717461786655e+04	5.414630827254675096e+05
4.268121698955689575e-02	1.061329855344406969e+05	1.759296298245387879e+04	1.154952948459755316e+04	5.207198255884671817e+05
4.358572378647117967e-02	1.030568944566065329e+05	1.733848878928911654e+04	1.145699174164390570e+04	5.007676681150936638e+05
4.450939902804028347e-02	1.000691553775008215e+05	1.708704279214196868e+04	1.136478222932494828e+04	4.815794680554924416e+05
4.545264893483848267e-02	9.716816775245357712e+04	1.683863324853801169e+04	1.127291154039724461e+04	4.631347094676194829e+05
4.641588833612779463e-02	9.435260029621569265e+04	1.659327640301958672e+04	1.118139253717273823e+04	4.454106354083824554e+05
4.739954085229469011e-02	9.161751945839400287e+04	1.635081574237661152e+04	1.109018845949861134e+04	4.283621688061591121e+05
4.840403908115278181e-02	8.896101031867173151e+04	1.611125346669252576e+04	1.099930709000915522e+04	4.119660355820498080e+05
4.942982478819387543e-02	8.638166616358635656e+04	1.587461978183671999e+04	1.090876533444490269e+04	3.962040271170050255e+05
5.047734910087089966e-02	8.387825254247688281e+04	1.564093238273320458e+04	1.081857670183011214e+04	3.810582615506366128e+05
5.154707270699779992e-02	8.144639287547013373e+04	1.541001487537274443e+04	1.072869730553032241e+04	3.664889127454981790e+05
5.263946605735428386e-02	7.908440724031218269e+04	1.518187185389671140e+04	1.063913570019956387e+04	3.524772294051528443e+05
5.375500957258409762e-02	7.679106020104860363e+04	1.495653618425889908e+04	1.054990967843038561e+04	3.390069263284239569e+05
5.489419385447772554e-02	7.456520560547515925e+04	1.473404090617927977e+04	1.046103784200176415e+04	3.260640014885859564e+05
5.605751990173300781e-02	7.240296513515067636e+04	1.451421137190782974e+04	1.037247528306614004e+04	3.136126961079346947e+05
5.724549933028778848e-02	7.030286377343302593e+04	1.429703768451748510e+04	1.028422659467092490e+04	3.016372189454630134e+05
5.845865459832211286e-02	6.826381832036575361e+04	1.408255416437810527e+04	1.019631058694627427e+04	2.901239376797791920e+05
5.969751923602879817e-02	6.628476079903519712e+04	1.387079438698436570e+04	1.010874593778485360e+04	2.790610525938104256e+05
6.096263808025296355e-02	6.436226073604940757e+04	1.366160633060283362e+04	1.002149269138369527e+04	2.684190624293470755e+05
6.225456751410456124e-02	6.249502103379624896e+04	1.345496825461375374e+04	9.934551303962260135e+03	2.581833375820306246e+05
6.357387571164835327e-02	6.068209343423871906e+04	1.325090599619956265e+04	9.847938748127515282e+03	2.483426133433303330e+05
6.492114288777969811e-02	5.892248034653749346e+04	1.304944918789768963e+04	9.761673431748786243e+03	2.388856800270884123e+05
6.629696155339574737e-02	5.721315255937924667e+04	1.285046944110566255e+04	9.675722453315593157e+03	2.297884078462531324e+05
6.770193677597398374e-02	5.555296779803231038e+04	1.265394446390772100e+04	9.590085685689637103e+03	2.210381758715272299e+05
6.913668644567325106e-02	5.394096144616122183e+04	1.245986790091561488e+04	9.504764030370377441e+03	2.126254326151970308e+05
7.060184154707406512e-02	5.237660720952721022e+04	1.226832637676293234e+04	9.419807336634352396e+03	2.045413429036672169e+05
7.209804643667737378e-02	5.085682740921535151e+04	1.207913615096299327e+04	9.335150611955779823e+03	1.967638714520960057e+05
7.362595912628441819e-02	4.938075051974619419e+04	1.189230921266416772e+04	9.250810582890680962e+03	1.892829609236412507e+05
7.518625157238204015e-02	4.794765561570079444e+04	1.170785340550165893e+04	9.166797365573220304e+03	1.820906459476949531e+05
7.677960997166025092e-02	4.655666000901361986e+04	1.152578333134350032e+04	9.083124729759076217e+03	1.751778603472368268e+05
7.840673506279315086e-02	4.520542158109165030e+04	1.134599078057680708e+04	8.999764196393223756e+03	1.685275996224350820e+05
8.006834243461452560e-02	4.389304802267668128e+04	1.116847083029103123e+04	8.916722596684758173e+03	1.621312343749337888e+05
8.176516284082480102e-02	4.261891407309280476e+04	1.099322591837634536e+04	8.834008162918007656e+03	1.559812180757207097e+05
8.349794252136732986e-02	4.138218362867098767e+04	1.082026652083350382e+04	8.751633926097896619e+03	1.500698864351761295e+05
8.526744353061486981e-02	4.018080759349551954e+04	1.064949218538813329e+04	8.669573462190492137e+03	1.443825637746171851e+05
8.707444407251174745e-02	3.901399396688624984e+04	1.048089899557807985e+04	8.587833251681391630e+03	1.389123253058749542e+05
8.891973884281766105e-02	3.788120027177168231e+04	1.031449246924422732e+04	8.506422967875576433e+03	1.336526608515404805e+05
9.080413937860487561e-02	3.678163826005921874e+04	1.015027438024918592e+04	8.425352202037287498e+03	1.285970326378197788e+05
9.272847441516200717e-02	3.571351537557430129e+04	9.988151370254139692e+03	8.344595324774196342e+03	1.237327436730523186e+05
9.469359025046093781e-02	3.467612865353812231e+04	9.828119502492365427e+03	8.264158732742062057e+03	1.190538346156133339e+05
9.670035111734798239e-02	3.366900746096407966e+04	9.670182368446592591e+03	8.184050878222283245e+03	1.145547585461763665e+05
9.874963956362264872e-02	3.269141153892618968e+04	9.514343571530424015e+03	8.104283357751553012e+03	1.102299962533290527e+05
1.008423568401705106e-01	3.174177297555566838e+04	9.360516529468306544e+03	8.024832887515033690e+03	1.060689696284302190e+05
1.029794232973221257e-01	3.081946789253757015e+04	9.208691328730192254e+03	7.945703939574116703e+03	1.020661233168272156e+05
1.051617787896111378e-01	2.992408782665380932e+04	9.058879464835437830e+03	7.866908876118344779e+03	9.821728538735563052e+04
1.073903830891107247e-01	2.905494014567614431e+04	8.911077785283256162e+03	7.788456033712000135e+03	9.451705106267555675e+04
1.096662163075285135e-01	2.821065357111790945e+04	8.765207652704821157e+03	7.710324524706546072e+03	9.095679656763341336e+04
1.119902793272475605e-01	2.739067443600158731e+04	8.621253402977601581e+03	7.632515804102299626e+03	8.753168319525808329e+04
1.143635942415015677e-01	2.659464816371187408e+04	8.479231292932616270e+03	7.555044401840033061e+03	8.423838729864865309e+04
1.167872048038782751e-01	2.582192873224505820e+04	8.339138640653105540e+03	7.477919259343384510e+03	8.107198490098536422e+04
1.192621768873494831e-01	2.507131698524146123e+04	8.200892402784838850e+03	7.401115984760434912e+03	7.802519349868678546e+04
1.217895989530276418e-01	2.434232155897303892e+04	8.064478379127066546e+03	7.324636108498219073e+03	7.509377971127779165e+04
1.243705825288575900e-01	2.363463467060776020e+04	7.929921811856343083e+03	7.248499110122458660e+03	7.227519410798954777e+04
1.270062626984522769e-01	2.294765539509779774e+04	7.797216617935970135e+03	7.172713376494915792e+03	6.956506517797551351e+04
1.296977986002878502e-01	2.228033525623647802e+04	7.666274957689361145e+03	7.097250089701009529e+03	6.695706911415565992e+04
1.324463739374786009e-01	2.163223822296383878e+04	7.537089499873000022e+03	7.022114141249537170e+03	6.444771215314014262e+04
1.352531974983535168e-01	2.100309699097317935e+04	7.409692608568611831e+03	6.947330184556416498e+03	6.203489976080065389e+04
1.381195036880665805e-01	2.039235410392399353e+04	7.284063782386248022e+03	6.872898631508247490e+03	5.971469850442427560e+04
1.410465530714722360e-01	1.979909292313850528e+04	7.160118645097302760e+03	6.798789781516080438e+03	5.748175266594668938e+04
1.440356329275057634e-01	1.922292653323998456e+04	7.037861385092636738e+03	6.725015260317634784e+03	5.533322464993857284e+04
1.470880578153118678e-01	1.866362272129041594e+04	6.917321571837323972e+03	6.651599836608596888e+03	5.326726676986808161e+04
1.502051701523716420e-01	1.812066555982645514e+04	6.798462884654556547e+03	6.578534860639318140e+03	5.128031545432998973e+04
1.533883408048797858e-01	1.759325377359017148e+04	6.681223100564822744e+03	6.505801902789393353e+03	4.936801331363883946e+04
1.566389696906345663e-01	1.708104407265042028e+04	6.565610219624300953e+03	6.433416206693500499e+03	4.752805536720700184e+04
1.599584863947036695e-01	1.658383457691370859e+04	6.451631474744569459e+03	6.361388162400408874e+03	4.575850737498415401e+04
1.633483507981373095e-01	1.610114890027753790e+04	6.339261628320602540e+03	6.289714207261827141e+03	4.405654507742254646e+04
1.668100537200059019e-01	1.563228667351614968e+04	6.228449613052935092e+03	6.218381967979174988e+03	4.241848021485153731e+04
1.703451175730422984e-01	1.517694329935363021e+04	6.119185375877247679e+03	6.147395086679115593e+03	4.084222057895248872e+04
1.739550970331800450e-01	1.473494327409868129e+04	6.011484546010636222e+03	6.076770164486419162e+03	3.932614345315160608e+04
1.776415797232799298e-01	1.430584750896719561e+04	5.905333612591726705e+03	6.006513483702290614e+03	3.786794377352607262e+04
1.814061869113461622e-01	1.388904393484673528e+04	5.800668198298424613e+03	5.936602147230258197e+03	3.646430450557761651e+04
1.852505742235391883e-01	1.348426230646073600e+04	5.697482981269874472e+03	5.867042147426173869e+03	3.511352283158271894e+04
1.891764323722997243e-01	1.309134995384840477e+04	5.595804541792839700e+03	5.797858018084018113e+03	3.381433035504805594e+04
1.931854878999012814e-01	1.270990293462540831e+04	5.495598080068918534e+03	5.729039981360634556e+03	3.256451293063311095e+04
1.972795039377621684e-01	1.233938640265580580e+04	5.396810556227489542e+03	5.660571348738591951e+03	3.136133918258271660e+04
2.014602809818480389e-01	1.197956063324438401e+04	5.299449141374596365e+03	5.592467451341385640e+03	3.020350695042452207e+04
2.057296576845067948e-01	1.163029265899412712e+04	5.203521939652726360e+03	5.524741149500869142e+03	2.908973554375121967e+04
2.100895116630852322e-01	1.129121159090931360e+04	5.109003549462331648e+03	5.457389917707660970e+03	2.801816553089003719e+04
2.145417603256798977e-01	1.096185008945566369e+04	5.015849023174595459e+03	5.390399775728332315e+03	2.698657396303145651e+04
2.190883617143895290e-01	1.064199547878821795e+04	4.924049142871155709e+03	5.323774897206913920e+03	2.599368305020633852e+04
2.237313153664367560e-01	1.033153198275092109e+04	4.833625509188738761e+03	5.257538482764030960e+03	2.503855927079756293e+04
2.284726631935388719e-01	1.003011949362114137e+04	4.744551385578246482e+03	5.191687003204258872e+03	2.411955054885994832e+04
2.333144903799153069e-01	9.737349738784183501e+03	4.656774329501611646e+03	5.126199263553540732e+03	2.323467038914681689e+04
2.382589262993237145e-01	9.453034064756291627e+03	4.570299223855482524e+03	5.061089486538236088e+03	2.238297649596143310e+04
2.433081454515323150e-01	9.177071548590085513e+03	4.485137673947273470e+03	4.996373617840057705e+03	2.156358912466077163e+04
2.484643684186368384e-01	8.909150823551342910e+03	4.401259048010607330e+03	4.932044692037680761e+03	2.077504984226714441e+04
2.537298628416438939e-01	8.648915304613426997e+03	4.318629243113734447e+03	4.868096305313269113e+03	2.001580167306772273e+04
2.591069444177515613e-01	8.396197471045194106e+03	4.237238750909378723e+03	4.804531326098094723e+03	1.928490302148386763e+04
2.645979779187619951e-01	8.150909462185544726e+03	4.157105380949935352e+03	4.741369791388371596e+03	1.858167646381334271e+04
2.702053782310787078e-01	7.912766565062261179e+03	4.078199535355062835e+03	4.678604915060042913e+03	1.790487051658099153e+04
2.759316114177428059e-01	7.681457315401803498e+03	4.000478892926627850e+03	4.616221328784365141e+03	1.725308845306185322e+04
2.817791958029755572e-01	7.456833141980921027e+03	3.923949798050393383e+03	4.554236641364122079e+03	1.662561628466363618e+04
2.877507030797054055e-01	7.238817303486397577e+03	3.848617293530763618e+03	4.492660935786676419e+03	1.602182246940209734e+04
2.938487594405665426e-01	7.027149888246158298e+03	3.774457067326978631e+03	4.431491765092976493e+03	1.544064087031127383e+04
3.000760467328633108e-01	6.821558859209983893e+03	3.701431258874371451e+03	4.370715381786749276e+03	1.488091761468375626e+04
3.064353036380134121e-01	6.621912454973076819e+03	3.629536929420079559e+03	4.310340037704690985e+03	1.434195051637190591e+04
3.129293268759847368e-01	6.428143607343761687e+03	3.558792119749777157e+03	4.250389495826762868e+03	1.382332826217942056e+04
3.195609724352570513e-01	6.240015312840774641e+03	3.489159303353692849e+03	4.190847776320940284e+03	1.332402005546060536e+04
3.263331568288500573e-01	6.057290006128849200e+03	3.420612868670100852e+03	4.131711803875375153e+03	1.284311788404853905e+04
3.332488583769670498e-01	5.879850835898249898e+03	3.353145201554521464e+03	4.072985907743614916e+03	1.237997336176882163e+04
3.403111185168231634e-01	5.707639119537843726e+03	3.286773202934744404e+03	4.014692649001854079e+03	1.193427110605195594e+04
3.475230431402304698e-01	5.540439016940213151e+03	3.221463407700183780e+03	3.956818451528487458e+03	1.150511619472082748e+04
3.548878039595292910e-01	5.378043073997038846e+03	3.157186423065449162e+03	3.899355698779860631e+03	1.109170312437297434e+04
3.624086399024666338e-01	5.220347681424950679e+03	3.093941724267267091e+03	3.842315832965796289e+03	1.069353383063466936e+04
3.700888585366366446e-01	5.067301415099732367e+03	3.031738648809878214e+03	3.785714237939468148e+03	1.031030411236363216e+04
3.779318375241043637e-01	4.918707948113958082e+03	2.970549324934839206e+03	3.729543314923924299e+03	9.941247466749004161e+03
3.859410261068597081e-01	4.774386130970743579e+03	2.910343502950148832e+03	3.673791586501525217e+03	9.585675948855388924e+03
3.941199466237500504e-01	4.634244088061715956e+03	2.851122777728426627e+03	3.618472466162800174e+03	9.243194812714167711e+03
4.024721960595590287e-01	4.498236733791607548e+03	2.792893100682113527e+03	3.563599040869794408e+03	8.913488375234624982e+03
4.110014476269163164e-01	4.366185654853843516e+03	2.735629212341771563e+03	3.509166193957947144e+03	8.595945589704142549e+03
4.197114523817274123e-01	4.237932688154438438e+03	2.679302476527614999e+03	3.455162279707464677e+03	8.289953279097539053e+03
4.286060408728412652e-01	4.113396375017176069e+03	2.623912245107941999e+03	3.401597101754194682e+03	7.995191729129369378e+03
4.376891248266767120e-01	3.992537124835862414e+03	2.569466683324185396e+03	3.348487511007906505e+03	7.711381953768027415e+03
4.469646988675492483e-01	3.875192983113572609e+03	2.515939784183619850e+03	3.295827127243580890e+03	7.438000498021183375e+03
4.564368422744575216e-01	3.761225861035498838e+03	2.463304275477301871e+03	3.243603316279095907e+03	7.174520979775803426e+03
4.661097207750954374e-01	3.650563541698742483e+03	2.411560572326449801e+03	3.191827753981426667e+03	6.920677915677930287e+03
4.759875883778879602e-01	3.543171204850163576e+03	2.360716082734720203e+03	3.140516872085579053e+03	6.676236853584683558e+03
4.860747892428489703e-01	3.438901994089048003e+03	2.310743224070249198e+03	3.089660263983938876e+03	6.440726870362015688e+03
4.963757595920870180e-01	3.337635347384259603e+03	2.261618783341331891e+03	3.039249822284467427e+03	6.213723532605878063e+03
5.068950296608012440e-01	3.239307246168375514e+03	2.213342940478074979e+03	2.989297056740978860e+03	5.994973882066395163e+03
5.176372256896176749e-01	3.143887020207430396e+03	2.165920843529571357e+03	2.939814380502350105e+03	5.784311154183838880e+03
5.286070719591531297e-01	3.051241634933277965e+03	2.119326812782468096e+03	2.890794294714736679e+03	5.581294254517908485e+03
5.398093928676924724e-01	2.961265831230159165e+03	2.073539845276852247e+03	2.842229169683981127e+03	5.385590123605647932e+03
5.512491150528981976e-01	2.873902863086074376e+03	2.028556358817754926e+03	2.794125115602144433e+03	5.196965069544953622e+03
5.629312695584811621e-01	2.789125673000181450e+03	1.984385850110227238e+03	2.746501676433611919e+03	5.015276521278568907e+03
5.748609940467923618e-01	2.706813863006542306e+03	1.941000340484425124e+03	2.699346311483302088e+03	4.840166184525981407e+03
5.870435350582976497e-01	2.626875533884645392e+03	1.898381298175559095e+03	2.652653030666923314e+03	4.671321596398649490e+03
5.994842503189414806e-01	2.549260386648388703e+03	1.856524382040261116e+03	2.606427089661435730e+03	4.508565275824891614e+03
6.121886110964055439e-01	2.473944517662323051e+03	1.815439167832530984e+03	2.560688337471681280e+03	4.351770099992594623e+03
6.251622046063020077e-01	2.400819063221876149e+03	1.775097749275725391e+03	2.515423223808819330e+03	4.200615084535741516e+03
6.384107364693620834e-01	2.329803785905121003e+03	1.735481764598750260e+03	2.470623615146850625e+03	4.054848005223343534e+03
6.519400332206916060e-01	2.260854106099865476e+03	1.696589781884129707e+03	2.426299242997425608e+03	3.914304406928921708e+03
6.657560448722088520e-01	2.193948868055115327e+03	1.658428612939676896e+03	2.382467110651540679e+03	3.778891350108396182e+03
6.798648475293831428e-01	2.128989730032387342e+03	1.620970990662984150e+03	2.339111261483062208e+03	3.648318161884109031e+03
6.942726460634290886e-01	2.065906631180735076e+03	1.584201514476403418e+03	2.296227577383701373e+03	3.522378362380666204e+03
7.089857768401280902e-01	2.004660063705575340e+03	1.548117023852387319e+03	2.253823017169049763e+03	3.400934426696497212e+03
7.240107105064845783e-01	1.945231271704834398e+03	1.512724751880726444e+03	2.211915016831585945e+03	3.283895180424913178e+03
7.393540548364295750e-01	1.887531498306978392e+03	1.477996971773142604e+03	2.170484929818469482e+03	3.171018516458449994e+03
7.550225576368376768e-01	1.831499562266305247e+03	1.443920979301757598e+03	2.129532603530806227e+03	3.062127348066337163e+03
7.710231097151263313e-01	1.777100451884052973e+03	1.410492648853660967e+03	2.089061933057343140e+03	2.957099581642111389e+03
7.873627479097432547e-01	1.724317513045800069e+03	1.377718058442603251e+03	2.049088577500664542e+03	2.855868204464237806e+03
8.040486581848822478e-01	1.673070707520631004e+03	1.345571887418052029e+03	2.009597655732243084e+03	2.758212059232010233e+03
8.210881787907730045e-01	1.623306601902441116e+03	1.314041162262833950e+03	1.970585386390704116e+03	2.663984671485490708e+03
8.384888034909533383e-01	1.574994173013552427e+03	1.283121636666807490e+03	1.932055420908834321e+03	2.573085223889168901e+03
8.562581848579297050e-01	1.528118599859295273e+03	1.252820054945216498e+03	1.894025665281305237e+03	2.485450733290852895e+03
8.744041376386801900e-01	1.482607777190962224e+03	1.223110829775482898e+03	1.856477701016169249e+03	2.400895422288461305e+03
8.929346421914835519e-01	1.438415028162254657e+03	1.193981825297795467e+03	1.819408228341033237e+03	2.319291936322951187e+03
9.118578479955742333e-01	1.395512860962239984e+03	1.165430826595762710e+03	1.782824256918862829e+03	2.240557050881116993e+03
9.311820772351820930e-01	1.353888069993963654e+03	1.137460905483822216e+03	1.746736715289616086e+03	2.164630860234739885e+03
9.509158284595223831e-01	1.313475748131848832e+03	1.110049492287057546e+03	1.711131274565180547e+03	2.091359172849699007e+03
9.710677803203476843e-01	1.274235111462907525e+03	1.083184645864999538e+03	1.676003187000276057e+03	2.020627895615822581e+03
9.916467953887124764e-01	1.236141800110614668e+03	1.056863496307055584e+03	1.641357509999099875e+03	1.952368252096776587e+03
1.012661924052612461e+00	1.199184028892950892e+03	1.031090008790591810e+03	1.607207725862184589e+03	1.886532965528272598e+03
1.034122408497234025e+00	1.163303417873232092e+03	1.005841280112216168e+03	1.573535967312278217e+03	1.822981067109245714e+03
1.056037686769547568e+00	1.128464323118254924e+03	9.811070344739091524e+02	1.540339572368587824e+03	1.761623059552157883e+03
1.078417396929040706e+00	1.094645160585320582e+03	9.568840141308401144e+02	1.507622537533279456e+03	1.702396332660558983e+03
1.101271381286411888e+00	1.061835393687842043e+03	9.331750891630168780e+02	1.475395554338340162e+03	1.645258435950627245e+03
1.124609690732098155e+00	1.029982561032030617e+03	9.099592063261833346e+02	1.443643298559092273e+03	1.590090872093687722e+03
1.148442589156521310e+00	9.990555015771813032e+02	8.872263592879884300e+02	1.412361258326955522e+03	1.536817564299904916e+03
1.172780557964020254e+00	9.690350826603644236e+02	8.649733714035163530e+02	1.381553502571077161e+03	1.485381404451325579e+03
1.197634300682437924e+00	9.399118777552623669e+02	8.432025500446989099e+02	1.351229585986302027e+03	1.435748763225187076e+03
1.223014747670394531e+00	9.116387820548673062e+02	8.218938268159412246e+02	1.321373885276497958e+03	1.387818112411901893e+03
1.248933060924324545e+00	8.841885372186982295e+02	8.010378082654601712e+02	1.291982033089782817e+03	1.341520371942435986e+03
1.275400638987373769e+00	8.575441970820446613e+02	7.806314054555477924e+02	1.263057093867089634e+03	1.296810218950537546e+03
1.302429121962336289e+00	8.316973013017885705e+02	7.606766759764440167e+02	1.234608743547338236e+03	1.253660018634612470e+03
1.330030396630823342e+00	8.066055975107427685e+02	7.411542247687820009e+02	1.206620017319498174e+03	1.211979195205552287e+03
1.358216601680917401e+00	7.822452303090102532e+02	7.220550687412174966e+02	1.179086467122782324e+03	1.171707820956557498e+03
1.387000133045610317e+00	7.586011830560418048e+02	7.033767424117978635e+02	1.152011552880578620e+03	1.132811219143623930e+03
1.416393649354382722e+00	7.356658594098180401e+02	6.851202428730922520e+02	1.125402843997145283e+03	1.095262560354727611e+03
1.446410077500298819e+00	7.134013907316758605e+02	6.672673035004489748e+02	1.099243647412509517e+03	1.058983024338795076e+03
1.477062618325094778e+00	6.917868870974795072e+02	6.498098493787040297e+02	1.073529841207200661e+03	1.023923762770421604e+03
1.508364752424737887e+00	6.708090371014912989e+02	6.327447668319571221e+02	1.048263260204325661e+03	9.900527352756183745e+02
1.540330246078020826e+00	6.504610198214950287e+02	6.160734755052905030e+02	1.023451752261959086e+03	9.573497633923096828e+02
1.572973157300799230e+00	6.307089198040677047e+02	5.997779058636307354e+02	9.990775134168630984e+02	9.257430591123464865e+02
1.606307842028519950e+00	6.115344318391419165e+02	5.838513729937516246e+02	9.751378134045006618e+02	8.951947736010529297e+02
1.640348960429783842e+00	5.929257576132223448e+02	5.682898004523329973e+02	9.516317545745960160e+02	8.656743936588388806e+02
1.675111483353698638e+00	5.748767591048723489e+02	5.530948249994787602e+02	9.285677637728315403e+02	8.371653160952470216e+02
1.710610698913865635e+00	5.573570964704504149e+02	5.382494425151249970e+02	9.059278664711313240e+02	8.096070419137485032e+02
1.746862219211904321e+00	5.403507142062342155e+02	5.237465625094423558e+02	8.837076111606619406e+02	7.829640073514262895e+02
1.783881987203444153e+00	5.238471492895605479e+02	5.095833738716010544e+02	8.619080668913741192e+02	7.572132747508449029e+02
1.821686283709640364e+00	5.078408780803680429e+02	4.957604830636460065e+02	8.405351497591943826e+02	7.323394253262160873e+02
1.860291734577268707e+00	4.923047841225611023e+02	4.822617489056215163e+02	8.195711725220982089e+02	7.082886544774537469e+02
1.899715317990559260e+00	4.772247678870393770e+02	4.690811015034982461e+02	7.990123307383041720e+02	6.850333606777683144e+02
1.939974371937992492e+00	4.625915513397137033e+02	4.562154043499163549e+02	7.788587389006009971e+02	6.625512833625169833e+02
1.981086601837313665e+00	4.484001660862783751e+02	4.436645845498504741e+02	7.591142812826859654e+02	6.408296375798472582e+02
2.023070088322156401e+00	4.346263912056330128e+02	4.314143038072915033e+02	7.397633830341242174e+02	6.198238774225596899e+02
2.065943295193674256e+00	4.212578345074875301e+02	4.194580305005850960e+02	7.208003491410804600e+02	5.995074532481331744e+02
2.109725077540682392e+00	4.082862648814908084e+02	4.077931940843579355e+02	7.022258674441192170e+02	5.798629836511840949e+02
2.154434690031884259e+00	3.957072092492406341e+02	3.964195733881255705e+02	6.840430748735694806e+02	5.608793626207957459e+02
2.200091795383838367e+00	3.834990610195918066e+02	3.853232980419265346e+02	6.662358937152812359e+02	5.425171864343476500e+02
2.246716473008353532e+00	3.716509105601379588e+02	3.744984894027084010e+02	6.487990693702416820e+02	5.247541614162557835e+02
2.294329227843169949e+00	3.601554509659241603e+02	3.639428342438864661e+02	6.317330468651119872e+02	5.075762484931454992e+02
2.342950999369765697e+00	3.490086605697186997e+02	3.536555407660488299e+02	6.150396922886536686e+02	4.909724913822743133e+02
2.392603170822269476e+00	3.381912810949363006e+02	3.436237013006159486e+02	5.987032930830717987e+02	4.749083927566251759e+02
2.443307578591545681e+00	3.276936933883900451e+02	3.338420569460314482e+02	5.827189602670147224e+02	4.593665986025254711e+02
2.495086521828544068e+00	3.175094067084929748e+02	3.243081897505186930e+02	5.670865886709420920e+02	4.443341668233868518e+02
2.547962772251191943e+00	3.076348098496747525e+02	3.150209677844435419e+02	5.518067647262668061e+02	4.298010576193523207e+02
2.601959584159102334e+00	2.980527547950320013e+02	3.059686528610230880e+02	5.368649342466752614e+02	4.157382328868600325e+02
2.657100704660517732e+00	2.887547443693737819e+02	2.971462820829460725e+02	5.222560996127431281e+02	4.021302251661309128e+02
2.713410384115983121e+00	2.797350090773675220e+02	2.885512748868574135e+02	5.079791625390388390e+02	3.889654543148569701e+02
2.770913386803353973e+00	2.709903094134884896e+02	2.801825899251364831e+02	4.940346707421104497e+02	3.762365105397098546e+02
2.829635001808795014e+00	2.625053953499428872e+02	2.720292971974987495e+02	4.804084235331134778e+02	3.639175341057845685e+02
2.889601054148607684e+00	2.542727435017482378e+02	2.640867724177291507e+02	4.670955475134742301e+02	3.519951343173802911e+02
2.950837916126738403e+00	2.462872206971113371e+02	2.563524352779274977e+02	4.540943320707738735e+02	3.404595197684789127e+02
3.013372518932980082e+00	2.385459275817552509e+02	2.488252343764788179e+02	4.414050820734897798e+02	3.293036309906719907e+02
3.077232364486974792e+00	2.310353178122549309e+02	2.414950771661549140e+02	4.290141751203028662e+02	3.185056283655299580e+02
3.142445537533192557e+00	2.237487136269455448e+02	2.343575932622015046e+02	4.169166188104566118e+02	3.080540619997931913e+02
3.209040717992251324e+00	2.166815425816029403e+02	2.274102662327687199e+02	4.051104120239901931e+02	2.979402760518361788e+02
3.277047193573979555e+00	2.098312159638090861e+02	2.206520481077395743e+02	3.935955053673118300e+02	2.881583735519633933e+02
3.346494872657771680e+00	2.031857184927442574e+02	2.140735786904968734e+02	3.823588310232830736e+02	2.786890854750553217e+02
3.417414297445926952e+00	1.967391046445504230e+02	2.076708359851128591e+02	3.713955698564762997e+02	2.695224568888860404e+02
3.489836657395697816e+00	1.904872965529598901e+02	2.014412816535270281e+02	3.607031840058917851e+02	2.606509595207365351e+02
3.563793802936028321e+00	1.844279893660383607e+02	1.953840664985712294e+02	3.502819280881083159e+02	2.520699475844029678e+02
3.639318259474964901e+00	1.785505434666856388e+02	1.894903759300479464e+02	3.401188013648073820e+02	2.437622505614991724e+02
3.716443241703908829e+00	1.728496469597124587e+02	1.837565493370529737e+02	3.302094249969360362e+02	2.357193969558994411e+02
3.795202668205029717e+00	1.673216567253051608e+02	1.781800921833325617e+02	3.205507780599341459e+02	2.279350697378391430e+02
3.875631176368202979e+00	1.619645282305805836e+02	1.727602637931733227e+02	3.111432314247385875e+02	2.204050617536991012e+02
3.957764137624104617e+00	1.567688587258079167e+02	1.674888854373679976e+02	3.019742099847593977e+02	2.131144167675629149e+02
4.041637673000112230e+00	1.517298822188550105e+02	1.623625491743744362e+02	2.930395164737847153e+02	2.060556044593398894e+02
4.127288669005872102e+00	1.468443415186829384e+02	1.573788935174994776e+02	2.843361058654322164e+02	1.992230602520870377e+02
4.214754793855508552e+00	1.421104235659578592e+02	1.525371682577204808e+02	2.758639588173321613e+02	1.926135945582243494e+02
4.304074514033643162e+00	1.375198442435234938e+02	1.478300018585288456e+02	2.676116143382960217e+02	1.862141957246306276e+02
4.395287111212434539e+00	1.330683056617529587e+02	1.432541318744189027e+02	2.595747613292949723e+02	1.800180330397551245e+02
4.488432699527177050e+00	1.287528890550104279e+02	1.388072732898085349e+02	2.517502594092790105e+02	1.740202131258875511e+02
4.583552243217979161e+00	1.245719931791145569e+02	1.344886530367356841e+02	2.441377429180213028e+02	1.682180986809004537e+02
4.680687574645305382e+00	1.205183428077193071e+02	1.302918376916953491e+02	2.367272499553492651e+02	1.626005792377078762e+02
4.779881412687339015e+00	1.165880404730911408e+02	1.262134882744195181e+02	2.295137912852296438e+02	1.571613327735007886e+02
4.881177381527165515e+00	1.127784666392548729e+02	1.222516416649553719e+02	2.224948192896141563e+02	1.518962518044529020e+02
4.984620029838152888e+00	1.090882059092465823e+02	1.184053721481841563e+02	2.156694151950304672e+02	1.468027215078609231e+02
5.090254850375883322e+00	1.055109021974140688e+02	1.146690573679462233e+02	2.090287797758742840e+02	1.418715291270223702e+02
5.198128299985286915e+00	1.020429961268962842e+02	1.110395001846387828e+02	2.025679237506060417e+02	1.370971193244200776e+02
5.308287820031761584e+00	9.868213277361849123e+01	1.075149134149555152e+02	1.962845525760346561e+02	1.324757026805456519e+02
5.420781857265304815e+00	9.542705758938711824e+01	1.040942916297238980e+02	1.901772658828977001e+02	1.280050473478329138e+02
5.535659885126738011e+00	9.227225597210671992e+01	1.007726628471418167e+02	1.842382661325866877e+02	1.236771594912444669e+02
5.652972425505520704e+00	8.921445093255553616e+01	9.754707927622783359e+01	1.784628503338683174e+02	1.194871321363654602e+02
5.772771070958623518e+00	8.625152189378040646e+01	9.441577230536270804e+01	1.728485054549572908e+02	1.154316845625585586e+02
5.895108507400270703e+00	8.338234869262035431e+01	9.137795320482452155e+01	1.673943378436391356e+02	1.115088665553565477e+02
6.020038537272556667e+00	8.060219439134073127e+01	8.842905349894699896e+01	1.620927333794324738e+02	1.077116624807165266e+02
6.147616103207036886e+00	7.790801316849004365e+01	8.556637873491494872e+01	1.569395531529914933e+02	1.040356917661890890e+02
6.277897312187818990e+00	7.529789244691757233e+01	8.278822394531724171e+01	1.519321227471795623e+02	1.004781245381915369e+02
6.410939460226692255e+00	7.277081917705770309e+01	8.009391697790141507e+01	1.470697545112917055e+02	9.703731859474076771e+01
6.546801057561175696e+00	7.032278217265840681e+01	7.747946115674064060e+01	1.423456577015019207e+02	9.370730691500227749e+01
6.685541854386596761e+00	6.795091971217763671e+01	7.494224443331629004e+01	1.377557080240067364e+02	9.048400825685621385e+01
6.827222867133428963e+00	6.565350521895899760e+01	7.248068859404700959e+01	1.332973742146668314e+02	8.736483458758299037e+01
6.971906405301561804e+00	6.342960097831057453e+01	7.009407292995051364e+01	1.289697207591817403e+02	8.434842228552342647e+01
7.119656098863218929e+00	6.127588472408204723e+01	6.777921955190973335e+01	1.247675112112080456e+02	8.142998110229559927e+01
7.270536926246596643e+00	5.918963376532991560e+01	6.553334646509769357e+01	1.206859128674221751e+02	7.860538721026124165e+01
7.424615242912579127e+00	5.716928764262595308e+01	6.335515869159196711e+01	1.167231016081761226e+02	7.587247712802545152e+01
7.581958810536977289e+00	5.521395297701072735e+01	6.124381941818464270e+01	1.128777044596428141e+02	7.322986247872019305e+01
7.742636826811277295e+00	5.332096869502827019e+01	5.919680602518474188e+01	1.091455598352907117e+02	7.067385994429615437e+01
7.906719955874896399e+00	5.148770915109120239e+01	5.721149312311422364e+01	1.055222210005393464e+02	6.820064197385977423e+01
8.074280359392364659e+00	4.971276321323648517e+01	5.528648081781128809e+01	1.020053217832613370e+02	6.580804535947660838e+01
8.245391728289099831e+00	4.799524719029586350e+01	5.342108581102150566e+01	9.859397099766020744e+01	6.349486142288741064e+01
8.420129315159766037e+00	4.633314650048155414e+01	5.161329392133948346e+01	9.528468770964251178e+01	6.125829936182551450e+01
8.598569967363353328e+00	4.472389099687715230e+01	4.986055830410889200e+01	9.207316178066326984e+01	5.909470088159957868e+01
8.780792160819700598e+00	4.316620561974075088e+01	4.816161536636164442e+01	8.895728120952199447e+01	5.700215007167007997e+01
8.966876034522190508e+00	4.165917839003118672e+01	4.651558513341930734e+01	8.593557615100061753e+01	5.497929208695260428e+01
9.156903425781846906e+00	4.020143780405204836e+01	4.492121867822181258e+01	8.300606710442460212e+01	5.302425788115233729e+01
9.350957906218383187e+00	3.879042947767884897e+01	4.337589179064111278e+01	8.016416573859869743e+01	5.113349882173774574e+01
9.549124818513869073e+00	3.742500035033677364e+01	4.187845812013186020e+01	7.740793498553756535e+01	4.930530259676890381e+01
9.751491313945386707e+00	3.610420977869587489e+01	4.042801473978919802e+01	7.473589277414933463e+01	4.753827753489924390e+01
9.958146390713055851e+00	3.482722401203619000e+01	3.902377434858383509e+01	7.214675836901598416e+01	4.583127967465587460e+01
1.016918093308028581e+01	3.359157634754084398e+01	3.766324530775414559e+01	6.963619967720778448e+01	4.418095586597550550e+01
1.038468775134352740e+01	3.239618716247858288e+01	3.634530714687843300e+01	6.720227129732263904e+01	4.258567947045921187e+01
1.060476162264905220e+01	3.124015032312237494e+01	3.506907841285803329e+01	6.484350732975788389e+01	4.104417570336559606e+01
1.082949933267470577e+01	3.012287442647799907e+01	3.383402141439466249e+01	6.255905287248022262e+01	3.955558290311509495e+01
1.105899971819510696e+01	2.904225282040997413e+01	3.263796191822645198e+01	6.034507131573891314e+01	3.811702822333015206e+01
1.129336371054865928e+01	2.799716523832470116e+01	3.147978228680144497e+01	5.819967728508832039e+01	3.672692008670216524e+01
1.153269438002595848e+01	2.698676028202101307e+01	3.035859977886166661e+01	5.612131495038747175e+01	3.538399892708770267e+01
1.177709698119876869e+01	2.601052511813653112e+01	2.927393372585576614e+01	5.410919970458927253e+01	3.408754536034363980e+01
1.202667899920963279e+01	2.506686343685130325e+01	2.822419339701341912e+01	5.216060192866388689e+01	3.283543961279647760e+01
1.228155019704247053e+01	2.415454164453070263e+01	2.720806243007623237e+01	5.027315887101813274e+01	3.162588931357007027e+01
1.254182266379493349e+01	2.327277118462784955e+01	2.622472896514733520e+01	4.844545574855375492e+01	3.045776810345844510e+01
1.280761086397376225e+01	2.242099366748232825e+01	2.527370124479181968e+01	4.667673389536925299e+01	2.933032969197209283e+01
1.307903168783481007e+01	2.159824235148304794e+01	2.435399014706213805e+01	4.496525355655269607e+01	2.824224490645969610e+01
1.335620450278989146e+01	2.080310821321624104e+01	2.346408673004151524e+01	4.330829462272991037e+01	2.719151132210521027e+01
1.363925120590300821e+01	2.003486866578751702e+01	2.260327222740453834e+01	4.170462976367326746e+01	2.617712321093175731e+01
1.392829627749924271e+01	1.929289337672656757e+01	2.177091497344611781e+01	4.015316893821158573e+01	2.519820286131672660e+01
1.422346683590943783e+01	1.857671703897078075e+01	2.096658880514037904e+01	3.865322202665545603e+01	2.425413327868750457e+01
1.452489269337533528e+01	1.788493343736602625e+01	2.018878869384232289e+01	3.720207784485938873e+01	2.334294657567345510e+01
1.483270641313931115e+01	1.721680601422880130e+01	1.943674101930335141e+01	3.579835372022434825e+01	2.246361216928570670e+01
1.514704336774399174e+01	1.657172553302601870e+01	1.870984016619976487e+01	3.444100738501529690e+01	2.161528532674677194e+01
1.546804179856737527e+01	1.594927647631500633e+01	1.800770906113289271e+01	3.312943099453728024e+01	2.079742215069867584e+01
1.579584287661962527e+01	1.534855353025848324e+01	1.732936687845301549e+01	3.186184033099550916e+01	2.000872542115508068e+01
1.613059076462826624e+01	1.476861871280932270e+01	1.667381059318947223e+01	3.063641793637437871e+01	1.924788191825706107e+01
1.647243268043913034e+01	1.420890603016950315e+01	1.604048095221052606e+01	2.945220603300821693e+01	1.851413864844971258e+01
1.682151896176083383e+01	1.366890915461257272e+01	1.542888487125335040e+01	2.830836101168197061e+01	1.780683037438705085e+01
1.717800313228151410e+01	1.314825611002489048e+01	1.483862275853474699e+01	2.720416282243352768e+01	1.712537521722655853e+01
1.754204196918641045e+01	1.264592841220826891e+01	1.426859950389964204e+01	2.613761754836655271e+01	1.646839155824296341e+01
1.791379557210657580e+01	1.216133214111082772e+01	1.371821062669658708e+01	2.510766163754779612e+01	1.583507346924545800e+01
1.829342743352862044e+01	1.169397770771580802e+01	1.318695633693684321e+01	2.411340762617790645e+01	1.522476015737193578e+01
1.868110451069663469e+01	1.124344719481439725e+01	1.267439567353287266e+01	2.315406546446697433e+01	1.463683797915897600e+01
1.907699729903783492e+01	1.080932334713035026e+01	1.218009584375901788e+01	2.222886725458663548e+01	1.407072130737470950e+01
1.948127990714428748e+01	1.039073572144901902e+01	1.170312598538753690e+01	2.133611791997524421e+01	1.352524014335311797e+01
1.989413013334363711e+01	9.987229472616348858e+00	1.124301626645052821e+01	2.047497200765909042e+01	1.299978780467279904e+01
2.031572954389253738e+01	9.598376667740021517e+00	1.079930895413766656e+01	1.964459672681067559e+01	1.249375930096396026e+01
2.074626355282718393e+01	9.223781031357823679e+00	1.037158495779339518e+01	1.884423699358499249e+01	1.200660585942686431e+01
2.118592150350598402e+01	8.863143912587210238e+00	9.959541925724131772e+00	1.807335612590189911e+01	1.153789844723832303e+01
2.163489675188052530e+01	8.515658914788010847e+00	9.562307084592621464e+00	1.733035207333785621e+01	1.108656514337135413e+01
2.209338675153079734e+01	8.180960352099150512e+00	9.179496129758149436e+00	1.661452385241490504e+01	1.065210987436243073e+01
2.256159314050291798e+01	7.858669843243549558e+00	8.810699706528556163e+00	1.592512030599593942e+01	1.023399952110426447e+01
2.303972182998693796e+01	7.548439955503932985e+00	8.455546863443938577e+00	1.526146370533077068e+01	9.831753925019258489e+00
2.352798309487394945e+01	7.249987455234484734e+00	8.113742803038068274e+00	1.462302024112268661e+01	9.444984377349246785e+00
2.402659166623228870e+01	6.962721825990204394e+00	7.784647161646725877e+00	1.400860618931665336e+01	9.072909140207991996e+00
2.453576682574353285e+01	6.686260624141034725e+00	7.467844314363959235e+00	1.341744856809079067e+01	8.715016236296440511e+00
2.505573250213976877e+01	6.420269201739816189e+00	7.162966714765063969e+00	1.284886523543255343e+01	8.370834005799698829e+00
2.558671736968459953e+01	6.164426606003141629e+00	6.869667844489880437e+00	1.230221603054934043e+01	8.039923751282655573e+00
2.612895494874115698e+01	5.918422287976166984e+00	6.587608500185814897e+00	1.177686765165783456e+01	7.721862868325578333e+00
2.668268370847132687e+01	5.682034089343402705e+00	6.316559234409178991e+00	1.127239903214753625e+01	7.416354723315417452e+00
2.724814717171165412e+01	5.454729747858173994e+00	6.055931427296794567e+00	1.078771343822467443e+01	7.122698438623672246e+00
2.782559402207125743e+01	5.236231619847007579e+00	5.805412620532083956e+00	1.032221556810959484e+01	6.840510370192492751e+00
2.841527821329990999e+01	5.026254629751404579e+00	5.564688752090019008e+00	9.875316665474851874e+00	6.569406546547619463e+00
2.901745908097360527e+01	4.824522471038484639e+00	5.333453885198537137e+00	9.446439298144461816e+00	6.309015981818191676e+00
2.963240145654703639e+01	4.630770352752284325e+00	5.111413636705028019e+00	9.035026266999281574e+00	6.058981876844617531e+00
3.026037578382308624e+01	4.444765325140417112e+00	4.898314311029712265e+00	8.640601609120412974e+00	5.818994671322164081e+00
3.090165823789054755e+01	4.266213874700493847e+00	4.693828769387832445e+00	8.262546446329922745e+00	5.588666167962064613e+00
3.155653084658241525e+01	4.094799768562468856e+00	4.497599872565248624e+00	7.900180742676262469e+00	5.367576375711028192e+00
3.222528161450811979e+01	3.930282061866626542e+00	4.309355465463689860e+00	7.552985857945088810e+00	5.155401683528300971e+00
3.290820464971425707e+01	3.772426320073761996e+00	4.128830664443750464e+00	7.220454838243192341e+00	4.951832511375050316e+00
3.360560029302952501e+01	3.621004573186721309e+00	3.955768312173955081e+00	6.902097501323766870e+00	4.756565996882815561e+00
3.431777525015100849e+01	3.475795093947721348e+00	3.789914549584453063e+00	6.597423733527215006e+00	4.569307366092500544e+00
3.504504272652905428e+01	3.336582710380227468e+00	3.631025069148683837e+00	6.305963966803129317e+00	4.389775165631524700e+00
3.578772256511129513e+01	3.203158910470371712e+00	3.478864077777822583e+00	6.027266012707925391e+00	4.217700751569335438e+00
3.654614138700539883e+01	3.075323828698588002e+00	3.333203114917779875e+00	5.760889765467453572e+00	4.052821002930531158e+00
3.732063273512289925e+01	2.952886308212271160e+00	3.193820605795341550e+00	5.506405778640845128e+00	3.894880869586572647e+00
3.811153722086707774e+01	2.835622779650523562e+00	3.060455815657299627e+00	5.263307552374060450e+00	3.743586486794081125e+00
3.891920267392951160e+01	2.723347481457312647e+00	2.932894885445304745e+00	5.031182073991007364e+00	3.598695296122779830e+00
3.974398429526115706e+01	2.615882772029219261e+00	2.810931611074833025e+00	4.809629169881907806e+00	3.459976996438676178e+00
4.058624481328516254e+01	2.513056544786738122e+00	2.694365915942592782e+00	4.598259522503475694e+00	3.327208922317631767e+00
4.144635464342010778e+01	2.414702175256594252e+00	2.583003582292434874e+00	4.396695089759604436e+00	3.200175726479956850e+00
4.232469205098434628e+01	2.320658467268638336e+00	2.476656221047389028e+00	4.204569097273951783e+00	3.078668674251664683e+00
4.322164331755172384e+01	2.230769593689174712e+00	2.375140200954435343e+00	4.021522360987214384e+00	2.962485561225996822e+00
4.413760291083362119e+01	2.144885026715039889e+00	2.278278168036450335e+00	3.847208010636756548e+00	2.851432828270218600e+00
4.507297365816076251e+01	2.062859452288852147e+00	2.185899040824193396e+00	3.681291645019879155e+00	2.745325016975075805e+00
4.602816692364147144e+01	1.984552664693165269e+00	2.097835873227808179e+00	3.523444974373213689e+00	2.643981464294875572e+00
4.700360278907441369e+01	1.909829438837454818e+00	2.013928001125556477e+00	3.373353252255386625e+00	2.547228207085841412e+00
4.799971023869517950e+01	1.838559380974331914e+00	1.934020903995005147e+00	3.230714428888626699e+00	2.454898946427320539e+00
4.901692734783804895e+01	1.770616760400293366e+00	1.857964506922596959e+00	3.095233957805707092e+00	2.366833109062309148e+00
5.005570147559598126e+01	1.705880360130020312e+00	1.785613349487066737e+00	2.966625395022887801e+00	2.282875462896780228e+00
5.111648946156338980e+01	1.644237609986010318e+00	1.716831848980599817e+00	2.844621356895877806e+00	2.202882305842923216e+00
5.219975782674825382e+01	1.585604496783492356e+00	1.651517589906498884e+00	2.729016604282613834e+00	2.126747364137405505e+00
5.330598297874255564e+01	1.529865567428512207e+00	1.589532364682828547e+00	2.619540834596783885e+00	2.054324615300548995e+00
5.443565142123959077e+01	1.476914188573132281e+00	1.530748012301554661e+00	2.515942770776241844e+00	1.985479225398847358e+00
5.558925996799251124e+01	1.426649027854386631e+00	1.475041536853838542e+00	2.417979645600013328e+00	1.920083122126541753e+00
5.676731596130657209e+01	1.378972527917162960e+00	1.422294758424055061e+00	2.325418874808553138e+00	1.858013576666695865e+00
5.797033749516177181e+01	1.333790278063805124e+00	1.372392901183315583e+00	2.238034419465323221e+00	1.799151720182729175e+00
5.919885364306400533e+01	1.291054268978185426e+00	1.325274812349494624e+00	2.155699936874578615e+00	1.743438224787430046e+00
6.045340469072480261e+01	1.250713799708557117e+00	1.280876650419107587e+00	2.078285023897694650e+00	1.690810625986794102e+00
6.173454237367209885e+01	1.212654788226546598e+00	1.239060774911258100e+00	2.005522214626232813e+00	1.641125181139330147e+00
6.304283011989645757e+01	1.176786846595280212e+00	1.199717074963228436e+00	1.937195921989403491e+00	1.594268422685301001e+00
6.437884329763940627e+01	1.143109242884843502e+00	1.162838617177488931e+00	1.873280559810958534e+00	1.550242051205281024e+00
6.574316946843353549e+01	1.111569576568982365e+00	1.128359009342932318e+00	1.813641284063064019e+00	1.508981861514531397e+00
6.713640864550379206e+01	1.082048448664800100e+00	1.096135122744120727e+00	1.758003405030529764e+00	1.470337607402969260e+00
6.855917355764610477e+01	1.054587069031456492e+00	1.066208091522303780e+00	1.706429796725295045e+00	1.434365142952623184e+00
7.001208991869765441e+01	1.029112515364273728e+00	1.038488155889056852e+00	1.658743740212531570e+00	1.400974243697989730e+00
7.149579670271769771e+01	1.005570715690449646e+00	1.012906823316704230e+00	1.614807419787856801e+00	1.370098555495003145e+00
7.301094642500031284e+01	9.840054643015007096e-01	9.895073684573753026e-01	1.574686639728611892e+00	1.341797410808877489e+00
7.455820542904223203e+01	9.643272818544483815e-01	9.681810690274644804e-01	1.538170957154520346e+00	1.315959425336271638e+00
7.613825417959219521e+01	9.465974628281801362e-01	9.489912842514139912e-01	1.505362741259783643e+00	1.292666785291709086e+00
7.775178756191070306e+01	9.307828631649361917e-01	9.318931638320607780e-01	1.476167337430606574e+00	1.271880530674068588e+00
7.939951518737163383e+01	9.168820852658962073e-01	9.168779397889427196e-01	1.450555224584372471e+00	1.253602520958417621e+00
8.108216170554010205e+01	9.049937233244957913e-01	9.040508017613367864e-01	1.428703548435539927e+00	1.237963253672274888e+00
8.280046712286477373e+01	8.950902291004766420e-01	8.933725804178959118e-01	1.410526708218359904e+00	1.224931232754215227e+00
8.455518712812224180e+01	8.872319847304762641e-01	8.849041702919863139e-01	1.396120278820431215e+00	1.214588122210619403e+00
8.634709342475994731e+01	8.815059110133653952e-01	8.787363834485661940e-01	1.385633246255458806e+00	1.207049861104856792e+00
8.817697407028136070e+01	8.780090111120325558e-01	8.749711130315953600e-01	1.379233868835926025e+00	1.202445533126836885e+00
9.004563382282356088e+01	8.768542171891515746e-01	8.737279572251672732e-01	1.377121537700447984e+00	1.200924891241697212e+00
9.195389449507966617e+01	8.781810603035095086e-01	8.751563387560760132e-01	1.379548619412207522e+00	1.202672082724622893e+00
9.390259531572145590e+01	8.821662952207978137e-01	8.794475731571093080e-01	1.386842210783593599e+00	1.207919316077001426e+00
9.589259329848152902e+01	8.890236833586117049e-01	8.868346033791155714e-01	1.399403590429143973e+00	1.216946581020151852e+00
9.792476361905691817e+01	8.990005403943535089e-01	8.975880604315780165e-01	1.417701040550267244e+00	1.230077204526571766e+00
