# Data associated with arXiv:2208.14002
# 
# Scale-free gravitational potential, Phi(r), of a nfw1-2rhos8e6 dark matter distribution (see Eq. 2.8 and the surrounding discussion)
# 
# Published: 8/25/22, Jack Runburg and Kenny Kiriu, contact: runburg@hawaii.edu
# 
# 
# -----------------------------------------------------------------
# 
# 	 tilde r 		 | 		 tilde Phi
# 
# -----------------------------------------------------------------
1.000000000000000082e-05	6.944412415864362003e-05
1.016902569856036418e-05	7.038156879579440263e-05
1.034090836579813217e-05	7.133166812709149248e-05
1.051569629182590727e-05	7.229459297722660256e-05
1.069343858298338107e-05	7.327051647673489608e-05
1.087418517563349352e-05	7.425961409311614245e-05
1.105798685019213608e-05	7.526206366237757372e-05
1.124489524539464294e-05	7.627804542100082670e-05
1.143496287280373749e-05	7.730774203834148172e-05
1.162824313156251011e-05	7.835133864946526388e-05
1.182479032339672186e-05	7.940902288842670710e-05
1.202465966787094358e-05	8.048098492199843982e-05
1.222790731790219642e-05	8.156741748385366712e-05
1.243459037553620304e-05	8.266851590921195955e-05
1.264476690798990365e-05	8.378447816995016474e-05
1.285849596396550032e-05	8.491550491018960895e-05
1.307583759024001738e-05	8.606179948236154027e-05
1.329685284853523648e-05	8.722356798375959538e-05
1.352160383267306994e-05	8.840101929358677095e-05
1.375015368602047702e-05	8.959436511049993540e-05
1.398256661922970337e-05	9.080381999066353626e-05
1.421890792827791775e-05	9.202960138631423770e-05
1.445924401281218556e-05	9.327192968484798101e-05
1.470364239480425140e-05	9.453102824843326248e-05
1.495217173752060936e-05	9.580712345415859778e-05
1.520490186481353606e-05	9.710044473472311736e-05
1.546190378073772831e-05	9.841122461967435875e-05
1.572324968949899453e-05	9.973969877720409763e-05
1.598901301573965207e-05	1.010861060565063920e-04
1.625926842516730133e-05	1.024506885307091694e-04
1.653409184553174079e-05	1.038336915403824466e-04
1.681356048795696318e-05	1.052353637376361392e-04
1.709775286863338809e-05	1.066559571308111460e-04
1.738674883087671066e-05	1.080957271297732500e-04
1.768062956756000055e-05	1.095549325918197700e-04
1.797947764392438726e-05	1.110338358682032175e-04
1.828337702077590442e-05	1.125327028512849303e-04
1.859241307807381921e-05	1.140518030223222043e-04
1.890667263891824960e-05	1.155914094999031555e-04
1.922624399394281931e-05	1.171517990890320762e-04
1.955121692611963820e-05	1.187332523308784850e-04
1.988168273598394005e-05	1.203360535531980576e-04
2.021773426728446277e-05	1.219604909214308714e-04
2.055946593306806188e-05	1.236068564904927954e-04
2.090697374220454717e-05	1.252754462572612288e-04
2.126035532636048084e-05	1.269665602137731611e-04
2.161970996742848953e-05	1.286805024011378304e-04
2.198513862542019826e-05	1.304175809641766907e-04
2.235674396683105304e-05	1.321781082068029952e-04
2.273463039348393747e-05	1.339624006481447086e-04
2.311890407186101566e-05	1.357707790794278791e-04
2.350967296293065580e-05	1.376035686216242095e-04
2.390704685247916156e-05	1.394610987838788754e-04
2.431113738195477895e-05	1.413437035227247144e-04
2.472205807983296721e-05	1.432517213020946599e-04
2.513992439351238667e-05	1.451854951541461328e-04
2.556485372174920653e-05	1.471453727409021100e-04
2.599696544764047972e-05	1.491317064167273524e-04
2.643638097216418787e-05	1.511448532916436437e-04
2.688322374828698802e-05	1.531851752955021989e-04
2.733761931564792142e-05	1.552530392430192066e-04
2.779969533582839453e-05	1.573488168996886529e-04
2.826958162821882354e-05	1.594728850485860349e-04
2.874741020649071774e-05	1.616256255580697391e-04
2.923331531568612113e-05	1.638074254503992205e-04
2.972743346993304866e-05	1.660186769712742130e-04
3.022990349079926684e-05	1.682597776603158386e-04
3.074086654629380722e-05	1.705311304224954192e-04
3.126046619052763072e-05	1.728331436005262761e-04
3.178884840404535552e-05	1.751662310482347807e-04
3.232616163483768439e-05	1.775308122049162407e-04
3.287255684004812447e-05	1.799273121706977934e-04
3.342818752838356790e-05	1.823561617829134009e-04
3.399320980324275641e-05	1.848177976935121993e-04
3.456778240657304527e-05	1.873126624475084947e-04
3.515206676346841592e-05	1.898412045624884767e-04
3.574622702752206616e-05	1.924038786091925696e-04
3.635043012694450139e-05	1.950011452931796536e-04
3.696484581146223093e-05	1.976334715375963600e-04
3.758964670000808795e-05	2.003013305670584324e-04
3.822500832921870388e-05	2.030052019926664340e-04
3.887110920275097572e-05	2.057455718981653970e-04
3.952813084143210176e-05	2.085229329272650020e-04
4.019625783425803943e-05	2.113377843721407786e-04
4.087567789025284005e-05	2.141906322631229953e-04
4.156658189120576708e-05	2.170819894596000732e-04
4.226916394529853092e-05	2.200123757421414551e-04
4.298362144164019741e-05	2.229823179058678501e-04
4.371015510572303796e-05	2.259923498550764419e-04
4.444896905581571312e-05	2.290430126991406848e-04
4.520027086031053377e-05	2.321348548497069149e-04
4.596427159603870473e-05	2.352684321191961768e-04
4.674118590757267352e-05	2.384443078206371263e-04
4.753123206752940771e-05	2.416630528688411207e-04
4.833463203789430644e-05	2.449252458829441633e-04
4.915161153238073493e-05	2.482314732903274641e-04
4.998240007984356624e-05	2.515823294319411763e-04
5.082723108876559525e-05	2.549784166690461057e-04
5.168634191283236288e-05	2.584203454913915001e-04
5.255997391761710167e-05	2.619087346268562954e-04
5.344837254839108326e-05	2.654442111525592385e-04
5.435178739908172257e-05	2.690274106074761590e-04
5.527047228239525742e-05	2.726589771065654759e-04
5.620468530112457639e-05	2.763395634564350047e-04
5.715468892066349253e-05	2.800698312725682817e-04
5.812075004274504757e-05	2.838504510981284027e-04
5.910314008042789533e-05	2.876821025243621430e-04
6.010213503434844385e-05	2.915654743126260451e-04
6.111801557026345553e-05	2.955012645180581077e-04
6.215106709790228898e-05	2.994901806149129664e-04
6.320157985115178797e-05	3.035329396235839842e-04
6.426984896959787321e-05	3.076302682393432610e-04
6.535617458144342038e-05	3.117829029628032471e-04
6.646086188782971240e-05	3.159915902321505936e-04
6.758422124858115099e-05	3.202570865571447594e-04
6.872656826940111863e-05	3.245801586549353665e-04
6.988822389054047174e-05	3.289615835876991720e-04
7.106951447696465861e-05	3.334021489021330863e-04
7.227077191004629639e-05	3.379026527708277393e-04
7.349233368080552791e-05	3.424639041355380755e-04
7.473454298472863809e-05	3.470867228523941291e-04
7.599774881818697982e-05	3.517719398390527371e-04
7.728230607648789517e-05	3.565203972238412578e-04
7.858857565358148443e-05	3.613329484969064124e-04
7.991692454345255051e-05	3.662104586633905851e-04
8.126772594322802224e-05	3.711538043986828514e-04
8.264135935802465773e-05	3.761638742057473394e-04
8.403821070757165439e-05	3.812415685745779268e-04
8.545867243463269578e-05	3.863878001437914193e-04
8.690314361526321394e-05	3.916034938644036615e-04
8.837203007092955202e-05	3.968895871658020239e-04
8.986574448252320402e-05	4.022470301239551419e-04
9.138470650630395851e-05	4.076767856318873362e-04
9.292934289180014931e-05	4.131798295724399398e-04
9.450008760170456993e-05	4.187571509933681068e-04
9.609738193379394305e-05	4.244097522847804717e-04
9.772167464491231779e-05	4.301386493589779325e-04
9.937342207704681467e-05	4.359448718327001214e-04
1.010530882855375953e-04	4.418294632118345317e-04
1.027611451694522251e-04	4.477934810785999032e-04
1.044980726041651943e-04	4.538379972812534133e-04
1.062643585761784858e-04	4.599640981263488867e-04
1.080604993202192510e-04	4.661728845735738894e-04
1.098869994586575572e-04	4.724654724332178553e-04
1.117443721432778697e-04	4.788429925662834440e-04
1.136331391994486811e-04	4.853065910872991881e-04
1.155538312727281931e-04	4.918574295698473079e-04
1.175069879779481330e-04	4.984966852548661622e-04
1.194931580508180820e-04	5.052255512617455499e-04
1.215128995020904455e-04	5.120452368022578504e-04
1.235667797743341897e-04	5.189569673973729253e-04
1.256553759013554958e-04	5.259619850969771094e-04
1.277792746703147969e-04	5.330615487025501227e-04
1.299390727865835948e-04	5.402569339928341629e-04
1.321353770413874452e-04	5.475494339525322591e-04
1.343688044822834680e-04	5.549403590040829408e-04
1.366399825865173903e-04	5.624310372425430976e-04
1.389495494373137348e-04	5.700228146736332395e-04
1.412981539031428761e-04	5.777170554549724809e-04
1.436864558200198782e-04	5.855151421405585402e-04
1.461151261768842277e-04	5.934184759285298380e-04
1.485848473041125864e-04	6.014284769122519745e-04
1.510963130652191798e-04	6.095465843347812806e-04
1.536502290517936125e-04	6.177742568467347152e-04
1.562473127817378576e-04	6.261129727676354980e-04
1.588882939008491742e-04	6.345642303507511737e-04
1.615739143878149021e-04	6.431295480515006541e-04
1.643049287626683534e-04	6.518104647994523533e-04
1.670821042987704773e-04	6.606085402739782534e-04
1.699062212383743503e-04	6.695253551836064009e-04
1.727780730118311508e-04	6.785625115491162847e-04
1.756984664605053779e-04	6.877216329904412831e-04
1.786682220634525510e-04	6.970043650174065830e-04
1.816881741679340619e-04	7.064123753243812870e-04
1.847591712238235014e-04	7.159473540888689922e-04
1.878820760219775598e-04	7.256110142741081835e-04
1.910577659366365815e-04	7.354050919357340470e-04
1.942871331719188508e-04	7.453313465325372674e-04
1.975710850124866975e-04	7.553915612414089297e-04
2.009105440784431595e-04	7.655875432764830185e-04
2.043064485845435532e-04	7.759211242125799461e-04
2.077597526037827484e-04	7.863941603129623878e-04
2.112714263354412516e-04	7.970085328614973140e-04
2.148424563776607336e-04	8.077661484992606491e-04
2.184738460046266035e-04	8.186689395656517780e-04
2.221666154484372088e-04	8.297188644440799165e-04
2.259218021857336319e-04	8.409179079122698327e-04
2.297404612291798821e-04	8.522680814972725732e-04
2.336236654238643619e-04	8.637714238352137185e-04
2.375725057487147664e-04	8.754300010358674220e-04
2.415880916230062926e-04	8.872459070521043724e-04
2.456715512180506823e-04	8.992212640542845839e-04
2.498240317741551374e-04	9.113582228096622382e-04
2.540466999229345113e-04	9.236589630668572181e-04
2.583407420150777146e-04	9.361256939454820234e-04
2.627073644536481322e-04	9.487606543309670031e-04
2.671477940330213769e-04	9.615661132746704210e-04
2.716632782835508839e-04	9.745443703993394947e-04
2.762550858220584886e-04	9.876977563099830111e-04
2.809245067082517420e-04	1.001028633010249630e-03
2.856728528071605542e-04	1.014539394324345594e-03
2.905014581577071149e-04	1.028232466324618044e-03
2.954116793474984839e-04	1.042110307764825298e-03
3.004048958939589458e-04	1.056175410519209030e-03
3.054825106319022541e-04	1.070430300027420045e-03
3.106459501076553839e-04	1.084877535745387657e-03
3.158966649798455200e-04	1.099519711602210074e-03
3.212361304269563162e-04	1.114359456463127809e-03
3.266658465617811426e-04	1.129399434598697205e-03
3.321873388528732334e-04	1.144642346160198564e-03
3.378021585531251671e-04	1.160090927661401377e-03
3.435118831355896260e-04	1.175747952466745438e-03
3.493181167366675791e-04	1.191616231286029984e-03
3.552224906067888996e-04	1.207698612675704762e-03
3.612266635687054364e-04	1.223997983546822000e-03
3.673323224835388411e-04	1.240517269679781770e-03
3.735411827246973185e-04	1.257259436245907391e-03
3.798549886598084251e-04	1.274227488335984452e-03
3.862755141407951480e-04	1.291424471495827841e-03
3.928045630022363724e-04	1.308853472268978061e-03
3.994439695681523583e-04	1.326517618746625698e-03
4.061955991673505371e-04	1.344420081124834314e-03
4.130613486574917070e-04	1.362564072269201610e-03
4.200431469580040238e-04	1.380952848287000717e-03
4.271429555920115370e-04	1.399589709106946250e-03
4.343627692374198417e-04	1.418477999066656463e-03
4.417046162873167637e-04	1.437621107507922524e-03
4.491705594198478857e-04	1.457022469379891166e-03
4.567626961777168084e-04	1.476685565850235525e-03
4.644831595574927248e-04	1.496613924924473970e-03
4.723341186088662533e-04	1.516811122073472495e-03
4.803177790440425624e-04	1.537280780869295033e-03
4.884363838574312710e-04	1.558026573629480186e-03
4.966922139558113680e-04	1.579052222069859740e-03
5.050875887991499369e-04	1.600361497966038210e-03
5.136248670522445235e-04	1.621958223823614974e-03
5.223064472473935762e-04	1.643846273557323734e-03
5.311347684582509721e-04	1.666029573179122298e-03
5.401123109850867847e-04	1.688512101495426515e-03
5.492415970516181150e-04	1.711297890813551258e-03
5.585251915136241153e-04	1.734391027657497661e-03
5.679657025795404723e-04	1.757795653493226693e-03
5.775657825432239500e-04	1.781515965463482390e-03
5.873281285291183634e-04	1.805556217132375059e-03
5.972554832499969713e-04	1.829920719239750077e-03
6.073506357775315233e-04	1.854613840465564297e-03
6.176164223258701069e-04	1.879640008204314745e-03
6.280557270484683893e-04	1.905003709349710863e-03
6.386714828483902292e-04	1.930709491089693071e-03
6.494666722022935214e-04	1.956761961711908030e-03
6.604443279983617009e-04	1.983165791419849201e-03
6.716075343883770371e-04	2.009925713159693272e-03
6.829594276542177208e-04	2.037046523458074018e-03
6.945031970889825731e-04	2.064533083270844987e-03
7.062420858930204982e-04	2.092390318843032233e-03
7.181793920851009278e-04	2.120623222580089642e-03
7.303184694289851413e-04	2.149236853930602993e-03
7.426627283756636558e-04	2.178236340280607572e-03
7.552156370215079703e-04	2.207626877859616456e-03
7.679807220826359018e-04	2.237413732658593245e-03
7.809615698857278474e-04	2.267602241359916934e-03
7.941618273756021005e-04	2.298197812279574852e-03
8.075852031398165869e-04	2.329205926321695989e-03
8.212354684505887787e-04	2.360632137945584737e-03
8.351164583243314002e-04	2.392482076145431135e-03
8.492320725990840828e-04	2.424761445442809044e-03
8.635862770301777234e-04	2.457476026892208617e-03
8.781831044043956558e-04	2.490631679099655511e-03
8.930266556729828109e-04	2.524234339254682272e-03
9.081211011037989590e-04	2.558290024175754237e-03
9.234706814529467173e-04	2.592804831369338592e-03
9.390797091562086895e-04	2.627784940102803092e-03
9.549525695406079406e-04	2.663236612491260216e-03
9.710937220564705170e-04	2.699166194598629550e-03
9.875077015302894702e-04	2.735580117552970439e-03
1.004199119438780371e-03	2.772484898676370706e-03
1.021172665204465608e-03	2.809887142629500286e-03
1.038433107513160114e-03	2.847793542571054864e-03
1.055985295653722377e-03	2.886210881332234354e-03
1.073834160880457900e-03	2.925146032606483482e-03
1.091984717798539194e-03	2.964605962154631940e-03
1.110442065772854507e-03	3.004597729025675675e-03
1.129211390360662605e-03	3.045128486793348063e-03
1.148297964768467102e-03	3.086205484808702583e-03
1.167707151333511727e-03	3.127836069468875255e-03
1.187444403030319794e-03	3.170027685502247589e-03
1.207515265002700490e-03	3.212787877270213005e-03
1.227925376121640280e-03	3.256124290085696347e-03
1.248680470569537605e-03	3.300044671548708810e-03
1.269786379451208914e-03	3.344556872899070565e-03
1.291249032432127903e-03	3.389668850386566047e-03
1.313074459404352896e-03	3.435388666658686745e-03
1.335268792180613557e-03	3.481724492166224285e-03
1.357838266217031810e-03	3.528684606586879931e-03
1.380789222364966172e-03	3.576277400267157194e-03
1.404128108652453718e-03	3.624511375682687182e-03
1.427861482095777682e-03	3.673395148917277253e-03
1.451996010541646868e-03	3.722937451160858186e-03
1.476538474540514635e-03	3.773147130226567510e-03
1.501495769251562883e-03	3.824033152087189750e-03
1.526874906379880551e-03	3.875604602431189510e-03
1.552683016146397385e-03	3.927870688238568539e-03
1.578927349291094897e-03	3.980840739376749308e-03
1.605615279110095620e-03	4.034524210216762670e-03
1.632754303527175332e-03	4.088930681269944273e-03
1.660352047200289172e-03	4.144069860845389988e-03
1.688416263663707062e-03	4.199951586728401486e-03
1.716954837506350865e-03	4.256585827880170030e-03
1.745975786586963620e-03	4.313982686158955235e-03
1.775487264286699802e-03	4.372152398062960008e-03
1.805497561799810540e-03	4.431105336495203516e-03
1.836015110463037458e-03	4.490852012467949454e-03
1.867048484124379315e-03	4.551403077227368470e-03
1.898606401551900620e-03	4.612769323633770895e-03
1.930697728883249645e-03	4.674961688305911446e-03
1.963331482116591892e-03	4.737991253430049073e-03
1.996516829643624896e-03	4.801869248661931600e-03
2.030263094825430960e-03	4.866607053052592058e-03
2.064579758611852570e-03	4.932216196998135370e-03
2.099476462205150749e-03	4.998708364213818103e-03
2.134963009768679927e-03	5.066095393732695379e-03
2.171049371181348660e-03	5.134389281929063915e-03
2.207745684838647703e-03	5.203602184567057698e-03
2.245062260500998302e-03	5.273746418874517700e-03
2.283009582190270292e-03	5.344834465642579746e-03
2.321598311135244109e-03	5.416878971351135781e-03
2.360839288766866315e-03	5.489892750320500732e-03
2.400743539764126078e-03	5.563888786889529571e-03
2.441322275151419988e-03	5.638880237620502896e-03
2.482586895448264750e-03	5.714880433531019550e-03
2.524548993872262424e-03	5.791902882353226756e-03
2.567220359596177753e-03	5.869961270820607188e-03
2.610612981060093842e-03	5.949069466982679494e-03
2.654739049339540410e-03	6.029241522547849029e-03
2.699610961570552640e-03	6.110491675254712401e-03
2.745241324432623389e-03	6.192834351272108982e-03
2.791642957690524101e-03	6.276284167628196943e-03
2.838828897796003177e-03	6.360855934668866937e-03
2.886812401550338004e-03	6.446564658545731949e-03
2.935606949828818354e-03	6.533425543734087092e-03
2.985226251368169013e-03	6.621453995580986809e-03
3.035684246617996723e-03	6.710665622883897445e-03
3.086995111657330013e-03	6.801076240500085641e-03
3.139173262177360861e-03	6.892701871987086046e-03
3.192233357531519197e-03	6.985558752274611746e-03
3.246190304853968818e-03	7.079663330368031471e-03
3.301059263247754609e-03	7.175032272083913150e-03
3.356855648043719550e-03	7.271682462817784763e-03
3.413595135131412741e-03	7.369631010344469824e-03
3.471293665363201029e-03	7.468895247651272454e-03
3.529967449032819348e-03	7.569492735804311291e-03
3.589632970429635240e-03	7.671441266756137342e-03
3.650306992469857896e-03	7.774758866631403462e-03
3.712006561406061729e-03	7.879463798188334617e-03
3.774749011616297320e-03	7.985574564144694992e-03
3.838551970474150202e-03	8.093109910136337196e-03
3.903433363301120080e-03	8.202088827788608233e-03
3.969411418402700453e-03	8.312530557822965169e-03
4.036504672189604979e-03	8.424454593199137004e-03
4.104731974385511864e-03	8.537880682292973283e-03
4.174112493322873658e-03	8.652828832110425264e-03
4.244665721328222743e-03	8.769319311537850450e-03
4.316411480198500787e-03	8.887372654628956231e-03
4.389369926769958255e-03	9.007009663928611590e-03
4.463561558581177410e-03	9.128251413833882513e-03
4.539007219631814756e-03	9.251119253992504468e-03
4.615728106238700494e-03	9.375634812739107662e-03
4.693745772990876204e-03	9.501820000569356425e-03
4.773082138805334954e-03	9.629697013652439852e-03
4.853759493085097083e-03	9.759288337382035147e-03
4.935800501981372872e-03	9.890616749966040303e-03
5.019228214761578891e-03	1.002370532605531030e-02
5.104066070284974874e-03	1.015857744041175244e-02
5.190337903587798063e-03	1.029525677161584156e-02
5.278067952579629761e-03	1.043376730581388988e-02
5.367280864853020243e-03	1.057413334050541324e-02
5.458001704608171807e-03	1.071637948837053482e-02
5.550255959694683563e-03	1.086053068113800035e-02
5.644069548772311269e-03	1.100661217349369059e-02
5.739468828592763153e-03	1.115464954703005405e-02
5.836480601404602127e-03	1.130466871423665975e-02
5.935132122483251921e-03	1.145669592253181594e-02
6.035451107788337120e-03	1.161075775833580494e-02
6.137465741750428375e-03	1.176688115118562118e-02
6.241204685189401941e-03	1.192509337789153696e-02
6.346697083366644419e-03	1.208542206673555823e-02
6.453972574173352621e-03	1.224789520171203246e-02
6.563061296457267831e-03	1.241254112681043804e-02
6.673993898490092683e-03	1.257938855034052179e-02
6.786801546578089504e-03	1.274846654929995098e-02
6.901515933818189001e-03	1.291980457378454072e-02
7.018169289002107285e-03	1.309343245135335780e-02
7.136794385670962304e-03	1.326938039185993935e-02
7.257424551322942327e-03	1.344767899150827416e-02
7.380093676776592997e-03	1.362835923774336280e-02
7.504836225692410046e-03	1.381145251380115277e-02
7.631687244255296390e-03	1.399699060337573214e-02
7.760682371020751966e-03	1.418500569532970754e-02
7.891857846927448697e-03	1.437553038844743142e-02
8.025250525479058969e-03	1.456859769623122629e-02
8.160897883098169533e-03	1.476424105174051378e-02
8.298838029655216872e-03	1.496249431247388163e-02
8.439109719175405186e-03	1.516339176529389078e-02
8.581752360726531761e-03	1.536696813139459307e-02
8.726806029490927208e-03	1.557325857131170929e-02
8.874311478024487360e-03	1.578229868998368840e-02
9.024310147706032098e-03	1.599412454181456736e-02
9.176844180380181251e-03	1.620877263585685651e-02
9.331956430197019259e-03	1.642627994096141145e-02
9.489690475651922641e-03	1.664668389100519563e-02
9.650090631828802876e-03	1.687002239015349125e-02
9.813201962850383320e-03	1.709633381816336520e-02
9.979070294538865127e-03	1.732565703572803983e-02
1.014774222729061814e-02	1.755803138986186673e-02
1.031926514916845991e-02	1.779349671932551474e-02
1.049368724921524200e-02	1.803209336009100466e-02
1.067105753099251327e-02	1.827386215084623317e-02
1.085142582634790812e-02	1.851884443853843085e-02
1.103484280941536416e-02	1.876708208395616931e-02
1.122136001085190064e-02	1.901861746734936909e-02
1.141102983231507065e-02	1.927349349408681231e-02
1.160390556118510476e-02	1.953175360035046618e-02
1.180004138553588516e-02	1.979344175886607257e-02
1.199949240935904021e-02	2.005860248466949727e-02
1.220231466804522213e-02	2.032728084090778056e-02
1.240856514412720830e-02	2.059952244467442781e-02
1.261830178328901021e-02	2.087537347287821490e-02
1.283158351064561664e-02	2.115488066814444693e-02
1.304847024729788307e-02	2.143809134474792752e-02
1.326902292716726148e-02	2.172505339457684453e-02
1.349330351411505598e-02	2.201581529312626739e-02
1.372137501935110325e-02	2.231042610552081557e-02
1.395330151913657356e-02	2.260893549247454046e-02
1.418914817278613301e-02	2.291139371671269478e-02
1.442898124097431733e-02	2.321785164857805353e-02
1.467286810435134044e-02	2.352836077247564411e-02
1.492087728247356443e-02	2.384297319294557266e-02
1.517307845305392207e-02	2.416174164083453174e-02
1.542954247153780281e-02	2.448471947948729910e-02
1.569034139100966910e-02	2.481196071095714828e-02
1.595554848243628532e-02	2.514351998223344001e-02
1.622523825525205854e-02	2.547945259148510708e-02
1.649948647829230924e-02	2.581981449432199302e-02
1.677837020108039270e-02	2.616466231254120992e-02
1.706196777547459506e-02	2.651405333372094594e-02
1.735035887768101442e-02	2.686804552404620933e-02
1.764362453063833894e-02	2.722669753158720243e-02
1.794184712678114843e-02	2.759006868679073077e-02
1.824511045118791530e-02	2.795821903389661411e-02
1.855349970512023758e-02	2.833120929333842603e-02
1.886710152996000367e-02	2.870910092096321670e-02
1.918600403155108769e-02	2.909195605680758162e-02
1.951029680495259405e-02	2.947983759324178735e-02
1.984007095961033348e-02	2.987280911541450798e-02
2.017541914495388916e-02	3.027093497694775814e-02
2.051643557642630553e-02	3.067428023361966002e-02
2.086321606195374462e-02	3.108291071472464584e-02
2.121585802886252412e-02	3.149689300251339724e-02
2.157446055125112477e-02	3.191629440580337485e-02
2.193912437782497352e-02	3.234118302823831698e-02
2.230995196020145455e-02	3.277162774473306450e-02
2.268704748169360005e-02	3.320769817307939881e-02
2.307051688658016617e-02	3.364946474628602996e-02
2.346046790987047978e-02	3.409699868659953059e-02
2.385701010757239338e-02	3.455037197591757231e-02
2.426025488747183059e-02	3.500965743060478058e-02
2.467031554043257191e-02	3.547492867381377146e-02
2.508730727222522119e-02	3.594626010552987722e-02
2.551134723589388795e-02	3.642372697817077704e-02
2.594255456467021298e-02	3.690740536797570276e-02
2.638105040544361582e-02	3.739737214551981659e-02
2.682695795279727360e-02	3.789370505035666303e-02
2.728040248361941061e-02	3.839648266224667678e-02
2.774151139229957819e-02	3.890578437296950826e-02
2.821041422651998296e-02	3.942169045847242898e-02
2.868724272365149111e-02	3.994428205030459839e-02
2.917213084776511603e-02	4.047364111010422205e-02
2.966521482726893269e-02	4.100985049662749654e-02
3.016663319318120540e-02	4.155299393924802992e-02
3.067652681805041123e-02	4.210315601513809486e-02
3.119503895553308453e-02	4.266042221790670302e-02
3.172231528064078931e-02	4.322487889392880034e-02
3.225850393066707206e-02	4.379661330827897686e-02
3.280375554680643041e-02	4.437571359834659862e-02
3.335822331647670530e-02	4.496226881151640931e-02
3.392206301635675159e-02	4.555636889181174931e-02
3.449543305615163091e-02	4.615810469311004693e-02
3.507849452309746291e-02	4.676756797659732678e-02
3.567141122721874391e-02	4.738485140688208225e-02
3.627434974735024853e-02	4.801004859278992093e-02
3.688747947793717674e-02	4.864325402490848188e-02
3.751097267662616142e-02	4.928456315757768352e-02
3.814500451266075037e-02	4.993407232567297072e-02
3.878975311609485915e-02	5.059187883951220960e-02
3.944539962783806530e-02	5.125808088880783736e-02
4.011212825054691344e-02	5.193277763402548430e-02
4.079012630037611581e-02	5.261606917173899944e-02
4.147958425960481671e-02	5.330805648963084231e-02
4.218069583015218033e-02	5.400884157162499227e-02
4.289365798799760210e-02	5.471852727840869485e-02
4.361867103852071215e-02	5.543721745525664879e-02
4.435593867277683178e-02	5.616501688819514060e-02
4.510566802472350950e-02	5.690203125272638024e-02
4.586806972941463723e-02	5.764836721259015279e-02
4.664335798217766893e-02	5.840413237157097981e-02
4.743175059879158745e-02	5.916943521969131314e-02
4.823346907668181471e-02	5.994438523484692249e-02
4.904873865714945436e-02	6.072909283129374752e-02
4.987778838865244979e-02	6.152366930482632695e-02
5.072085119115625484e-02	6.232822693343529480e-02
5.157816392157245355e-02	6.314287892541467495e-02
5.244996744030298863e-02	6.396773936287694640e-02
5.333650667890960095e-02	6.480292330163528458e-02
5.423803070892688205e-02	6.564854671635030059e-02
5.515479281183843091e-02	6.650472644630883723e-02
5.608705055023580077e-02	6.737158029016676597e-02
5.703506584018021297e-02	6.824922695073391832e-02
5.799910502478755614e-02	6.913778598357650518e-02
5.897943894905668949e-02	7.003737788335190340e-02
5.997634303596301869e-02	7.094812403043029847e-02
6.099009736383805003e-02	7.187014664269110453e-02
6.202098674505685666e-02	7.280356886315114684e-02
6.306930080605555045e-02	7.374851465077426893e-02
6.413533406870128295e-02	7.470510900499036100e-02
6.521938603303781279e-02	7.567347732698131990e-02
6.632176126142910744e-02	7.665374626440246697e-02
6.744276946412586238e-02	7.764604316928580552e-02
6.858272558627788451e-02	7.865049619390683533e-02
6.974194989641739617e-02	7.966723429349799324e-02
7.092076807643786507e-02	8.069638723760279297e-02
7.211951131309368712e-02	8.173808554844032292e-02
7.333851639104646547e-02	8.279246050667102286e-02
7.457812578748428123e-02	8.385964418088964756e-02
7.583868776833958825e-02	8.493976932281901981e-02
7.712055648613416747e-02	8.603296945841756860e-02
7.842409207947753647e-02	8.713937875782416798e-02
7.974966077424722188e-02	8.825913212144903541e-02
8.109763498647923341e-02	8.939236550063749120e-02
8.246839342699753550e-02	9.053921407072566818e-02
8.386232120781254851e-02	9.169981433123298997e-02
8.527980995031705924e-02	9.287430570779259265e-02
8.672125789531190398e-02	9.406282517213641892e-02
8.818707001489085873e-02	9.526551133164976037e-02
8.967765812621682209e-02	9.648250327830718009e-02
9.119344100722104329e-02	9.771394067908256709e-02
9.273484451425793862e-02	9.895996369608535403e-02
9.430230170174896953e-02	1.002207128996928515e-01
9.589625294384790388e-02	1.014963293606748751e-01
9.751714605816352854e-02	1.027869545444523580e-01
9.916543643157306465e-02	1.040927303001137616e-01
1.008415871481621734e-01	1.054137988365771161e-01
1.025460691193275653e-01	1.067503026869486976e-01
1.042793612160791694e-01	1.081023846999668026e-01
1.060419504035768068e-01	1.094701879242019199e-01
1.078343318779438342e-01	1.108538556985338291e-01
1.096570092053898021e-01	1.122535315563408936e-01
1.115104944636879369e-01	1.136693591297479600e-01
1.133953083860418237e-01	1.151014822326371367e-01
1.153119805073836990e-01	1.165500447630931635e-01
1.172610493131479026e-01	1.180151906093380998e-01
1.192430623905555293e-01	1.194970637375595696e-01
1.212585765824598510e-01	1.209958080127347818e-01
1.233081581437884267e-01	1.225115672711423465e-01
1.253923829006330093e-01	1.240444852277847315e-01
1.275118364120260972e-01	1.255947054022084342e-01
1.296671141344518663e-01	1.271623712818799601e-01
1.318588215891403626e-01	1.287476256465045765e-01
1.340875745321854495e-01	1.303506113993260773e-01
1.363539991275424801e-01	1.319714709616308657e-01
1.386587321229457159e-01	1.336103463484300535e-01
1.410024210288032542e-01	1.352673791198799325e-01
1.433857243001131487e-01	1.369427103302475190e-01
1.458093115214542101e-01	1.386364804604902634e-01
1.482738635951064698e-01	1.403488294180658957e-01
1.507800729323471867e-01	1.420798963861313324e-01
1.533286436479847636e-01	1.438298198636271397e-01
1.559202917581761494e-01	1.455987375684076879e-01
1.585557453815923112e-01	1.473867863257351807e-01
1.612357449439809631e-01	1.491941010193960360e-01
1.639610433861866667e-01	1.510208185722173579e-01
1.667324063756906449e-01	1.528670720303949848e-01
1.695506125217208226e-01	1.547329942653270507e-01
1.724164535940033438e-01	1.566187169289909031e-01
1.753307347452060516e-01	1.585243705056391950e-01
1.782942747371474568e-01	1.604500841878104545e-01
1.813079061708234574e-01	1.623959857421843345e-01
1.843724757203275000e-01	1.643622015658372237e-01
1.874888443707211083e-01	1.663488565546215048e-01
1.906578876599247796e-01	1.683560739638060577e-01
1.938804959247014126e-01	1.703839754660511352e-01
1.971575745507916644e-01	1.724326810137640775e-01
2.004900442272835592e-01	1.745023086963354286e-01
2.038788412052750798e-01	1.765929747734876487e-01
2.073249175609150063e-01	1.787047936238691237e-01
2.108292414628857858e-01	1.808378774691902502e-01
2.143927974444073958e-01	1.829923365117752387e-01
2.180165866798430274e-01	1.851682787700289767e-01
2.217016272659736997e-01	1.873658099338084970e-01
2.254489545080342605e-01	1.895850334099448697e-01
2.292596212105766917e-01	1.918260501778487337e-01
2.331346979732569213e-01	1.940889586479225548e-01
2.370752734916163618e-01	1.963738546963446352e-01
2.410824548629473540e-01	1.986808315218649701e-01
2.451573678973335835e-01	2.010099795092978869e-01
2.493011574339402958e-01	2.033613862659565952e-01
2.535149876626587306e-01	2.057351364072515787e-01
2.578000424511790456e-01	2.081313115876163022e-01
2.621575256775992568e-01	2.105499903186223709e-01
2.665886615686511307e-01	2.129912479440853046e-01
2.710946950436425307e-01	2.154551567387251454e-01
2.756768920642191367e-01	2.179417831428279717e-01
2.803365399900296095e-01	2.204511963596865742e-01
2.850749479404112718e-01	2.229834561942234394e-01
2.898934471621800180e-01	2.255386207649637820e-01
2.947933914036459657e-01	2.281167444421554891e-01
2.997761572949446118e-01	2.307178778502796401e-01
3.048431447347966228e-01	2.333420676736950028e-01
3.099957772838110026e-01	2.359893566916775320e-01
3.152355025644269504e-01	2.386597835709030335e-01
3.205637926676255800e-01	2.413533828961558492e-01
3.259821445665060935e-01	2.440701849685084357e-01
3.314920805368620771e-01	2.468102171815517720e-01
3.370951485848599494e-01	2.495734985490601632e-01
3.427929228819465157e-01	2.523600475138776389e-01
3.485870042071142483e-01	2.551698767108834809e-01
3.544790203966314834e-01	2.580029941429726192e-01
3.604706268013856407e-01	2.608594030346254034e-01
3.665635067519453227e-01	2.637391018818696087e-01
3.727593720314937853e-01	2.666420843130037355e-01
3.790599633567491855e-01	2.695683389438139343e-01
3.854670508670132723e-01	2.725178494364620674e-01
3.919824346214941246e-01	2.754905943614646691e-01
3.986079451050231759e-01	2.784865470570422885e-01
4.053454437423328338e-01	2.815056756712098207e-01
4.121968234210137139e-01	2.845479431175979013e-01
4.191640090233237359e-01	2.876133068105253821e-01
4.262489579669776485e-01	2.907017188191672874e-01
4.334536607550772414e-01	2.938131257186997747e-01
4.407801415353455599e-01	2.969474684658729435e-01
4.482304586688004022e-01	3.001046824692142900e-01
4.558067053080540054e-01	3.032846974703997112e-01
4.635110099853732013e-01	3.064874374309616289e-01
4.713455372106929997e-01	3.097128206020881014e-01
4.793124880797287601e-01	3.129607594162254203e-01
4.874141008923670304e-01	3.162311603887611455e-01
4.956526517815184607e-01	3.195239241993423351e-01
5.040304553525852826e-01	3.228389455208220959e-01
5.125498653337533517e-01	3.261761131016794879e-01
5.212132752372591327e-01	3.295353096349055155e-01
5.300231190318516195e-01	3.329164117866426631e-01
5.389818718266018438e-01	3.363192895978333041e-01
5.480920505662881803e-01	3.397438086817386460e-01
5.573562147385243692e-01	3.431898268541172525e-01
5.667769670928383130e-01	3.466571963862962735e-01
5.763569543719186949e-01	3.501457633771155042e-01
5.860988680552025043e-01	3.536553677647197858e-01
5.960054451150506027e-01	3.571858433669111155e-01
6.060794687856858598e-01	3.607370177818224333e-01
6.163237693451454335e-01	3.643087125044578989e-01
6.267412249104387101e-01	3.679007432319877369e-01
6.373347622461452699e-01	3.715129182872820013e-01
6.481073575866924674e-01	3.751450411382011296e-01
6.590620374725127961e-01	3.787969086494081816e-01
6.702018796003550438e-01	3.824683116604716826e-01
6.815300136879469672e-01	3.861590348600533740e-01
6.930496223532930378e-01	3.898688569477198329e-01
7.047639420088206430e-01	3.935975498966228781e-01
7.166762637706404204e-01	3.973448818867615917e-01
7.287899343831883980e-01	4.011106128456699005e-01
7.411083571594764274e-01	4.048944976659384909e-01
7.536349929372584411e-01	4.086962857722285514e-01
7.663733610513340233e-01	4.125157190852543621e-01
7.793270403223097054e-01	4.163525364316273958e-01
7.924996700620573487e-01	4.202064692134203638e-01
8.058949510961670448e-01	4.240772435996967848e-01
8.195166468036988450e-01	4.279645806001566299e-01
8.333685841744831180e-01	4.318681948097768397e-01
8.474546548843202576e-01	4.357877963310531344e-01
8.617788163883257635e-01	4.397230896974257397e-01
8.763450930327818522e-01	4.436737742192313760e-01
8.911575771857650485e-01	4.476395440066814335e-01
9.062204303868837130e-01	4.516200881923793653e-01
9.215378845164673427e-01	4.556150909598256638e-01
9.371142429844909749e-01	4.596242315852903104e-01
9.529538819396250471e-01	4.636471846814398390e-01
9.690612514986907122e-01	4.676836201490923717e-01
9.854408769969253967e-01	4.717332034131092033e-01
1.002097360259361913e+00	4.757955954880569438e-01
1.019035380893695386e+00	4.798704529991160150e-01
1.036259697605026009e+00	4.839574285608065352e-01
1.053775149532790278e+00	4.880561706150240986e-01
1.071586657610325677e+00	4.921663236921474671e-01
1.089699225947380778e+00	4.962875285436882944e-01
1.108117943236025305e+00	5.004194222437995387e-01
1.126847984180302076e+00	5.045616383390514326e-01
1.145894610950043413e+00	5.087138069684501440e-01
1.165263174659284751e+00	5.128755550440381450e-01
1.184959116869630069e+00	5.170465063385613069e-01
1.204987971119068746e+00	5.212262816401619370e-01
1.225355364476592435e+00	5.254144989493209073e-01
1.246067019123127118e+00	5.296107735909254544e-01
1.267128753959161580e+00	5.338147183152323061e-01
1.288546486239548816e+00	5.380259433158945948e-01
1.310326233235965754e+00	5.422440572388509405e-01
1.332474113927433867e+00	5.464686659637709720e-01
1.354996350719455345e+00	5.506993737090341012e-01
1.377899271192165376e+00	5.549357828849602603e-01
1.401189309878072775e+00	5.591774943630271055e-01
1.424873010069821255e+00	5.634241075702131063e-01
1.448957025658507369e+00	5.676752205970895249e-01
1.473448123003098242e+00	5.719304304770724823e-01
1.498353182831403840e+00	5.761893332784879806e-01
1.523679202173229497e+00	5.804515242112882056e-01
1.549433296326152343e+00	5.847165979123426505e-01
1.575622700854574010e+00	5.889841485354696538e-01
1.602254773622528550e+00	5.932537698589098740e-01
1.629336996860851317e+00	5.975250555624084248e-01
1.656876979269319872e+00	6.017975994365616366e-01
1.684882458154278284e+00	6.060709950586011807e-01
1.713361301602444930e+00	6.103448367034447486e-01
1.742321510691409836e+00	6.146187190238214804e-01
1.771771221737550084e+00	6.188922372210950984e-01
1.801718708581883988e+00	6.231649874133765588e-01
1.832172384914617203e+00	6.274365666015329079e-01
1.863140806638941216e+00	6.317065728491870757e-01
1.894632674274788098e+00	6.359746055298982625e-01
1.926656835403250945e+00	6.402402654166963192e-01
1.959222287152264430e+00	6.445031547820123663e-01
1.992338178724363251e+00	6.487628776603849845e-01
2.026013813967100230e+00	6.530190398712565347e-01
2.060258653986974053e+00	6.572712492682328822e-01
2.095082319807497040e+00	6.615191157994094739e-01
2.130494595072189856e+00	6.657622516806948054e-01
2.166505428793310539e+00	6.700002715383424068e-01
2.203124938146971523e+00	6.742327925315307890e-01
2.240363411315581477e+00	6.784594344790170206e-01
2.278231310378250996e+00	6.826798199809273049e-01
2.316739274250128933e+00	6.868935746688910049e-01
2.355898121671370138e+00	6.911003268505657715e-01
2.395718854246625451e+00	6.952997085770999952e-01
2.436212659535957670e+00	6.994913547318382108e-01
2.477390914197924676e+00	7.036749037623730718e-01
2.519265187185870225e+00	7.078499975759908747e-01
2.561847242998160024e+00	7.120162817403558053e-01
2.605149044983431139e+00	7.161734054820686479e-01
2.649182758701655427e+00	7.203210219215214760e-01
2.693960755342017954e+00	7.244587880809258973e-01
2.739495615198612732e+00	7.285863649497649197e-01
2.785800131204812846e+00	7.327034177047339059e-01
2.832887312527463397e+00	7.368096157012641312e-01
2.880770388221738365e+00	7.409046325260890686e-01
2.929462810947857765e+00	7.449881462152297962e-01
2.978978260750571039e+00	7.490598393233047769e-01
3.029330648902521350e+00	7.531193985964605986e-01
3.080534121812634751e+00	7.571665157335796259e-01
3.132603065000477027e+00	7.612008869865862781e-01
3.185552107137887834e+00	7.652222131734236488e-01
3.239396124158830492e+00	7.692302003019330092e-01
3.294150243438799031e+00	7.732245589327882973e-01
3.349829848044809655e+00	7.772050044889904363e-01
3.406450581057223204e+00	7.811712575192042429e-01
3.464028349964686004e+00	7.851230435418788955e-01
3.522579331133254943e+00	7.890600930349024322e-01
3.582119974351172242e+00	7.929821417383161597e-01
3.642667007450346439e+00	7.968889304226816073e-01
3.704237441006055231e+00	8.007802050173921105e-01
3.766848573116013732e+00	8.046557166986102461e-01
3.830517994260218551e+00	8.085152218840422345e-01
3.895263592243014550e+00	8.123584821959601854e-01
3.961103557218577542e+00	8.161852646017554447e-01
4.028056386801467603e+00	8.199953413135279146e-01
4.096140891263432948e+00	8.237884899096300506e-01
4.165376198818180775e+00	8.275644932715751079e-01
4.235781760995385170e+00	8.313231396228610848e-01
4.307377358105535237e+00	8.350642225586967227e-01
4.380183104797232829e+00	8.387875410039556945e-01
4.454219455708298803e+00	8.424928992494846725e-01
4.529507211212534301e+00	8.461801069543450904e-01
4.606067523263474683e+00	8.498489791480994260e-01
4.683921901337057214e+00	8.534993360945478669e-01
4.763092218474635153e+00	8.571310035504883240e-01
4.843600717428146574e+00	8.607438124867611284e-01
4.925470016909234694e+00	8.643375992523626428e-01
5.008723117943856273e+00	8.679122054532497632e-01
5.093383410334457295e+00	8.714674779912428004e-01
5.179474679231212519e+00	8.750032690346628561e-01
5.267021111814501388e+00	8.785194359557541022e-01
5.356047304090164829e+00	8.820158413551635324e-01
5.446578267799784712e+00	8.854923530360812034e-01
5.538639437447652192e+00	8.889488439020004629e-01
5.632256677446509485e+00	8.923851920334172627e-01
5.727456289384188715e+00	8.958012805329096384e-01
5.824265019412900202e+00	8.991969976226801275e-01
5.922710065763608256e+00	9.025722365302712991e-01
6.022819086387228182e+00	9.059268953854353601e-01
6.124620206725158056e+00	9.092608773539248013e-01
6.228142027611035303e+00	9.125740904400740927e-01
6.333413633306047785e+00	9.158664475290382301e-01
6.440464599670190360e+00	9.191378663838802865e-01
6.549325002471445778e+00	9.223882691084813734e-01
6.660025425835619295e+00	9.256175832097570666e-01
6.772596970838784536e+00	9.288257403539250667e-01
6.887071264245168578e+00	9.320126769822950630e-01
7.003480467392588338e+00	9.351783340648186504e-01
7.121857285228077927e+00	9.383226571301735985e-01
7.242234975496383065e+00	9.414455961082843771e-01
7.364647358083541206e+00	9.445471053867459110e-01
7.489128824518638261e+00	9.476271436167812423e-01
7.615714347635920589e+00	9.506856738309092947e-01
7.744439491400456177e+00	9.537226632219981681e-01
7.875340420899716420e+00	9.567380831993588242e-01
8.008453912504041483e+00	9.597319093016483116e-01
8.143817364199005482e+00	9.627041210726792198e-01
8.281468806092183499e+00	9.656547021089522120e-01
8.421446911097760335e+00	9.685836399060806512e-01
8.563791005801492773e+00	9.714909258545283421e-01
8.708541081509549642e+00	9.743765551597783903e-01
8.855737805483945735e+00	9.772405267806026918e-01
9.005422532367880706e+00	9.800828433635516701e-01
9.157637315804374012e+00	9.829035112111663697e-01
9.312424920251002547e+00	9.857025401306944712e-01
9.469828832994659606e+00	9.884799434841725629e-01
9.629893276369060118e+00	9.912357380649335914e-01
9.792663220179065320e+00	9.939699440437596012e-01
9.958184394334800515e+00	9.966825849263039050e-01
1.012650330169933710e+01	9.993736874285871208e-01
1.029766723115371541e+01	1.002043281494613414e+00
1.047172427088250757e+01	1.004691400160669490e+00
1.064872332188427428e+01	1.007318079554831547e+00
1.082871411171002762e+01	1.009923358799198256e+00
1.101174720843425447e+01	1.012507279926089021e+00
1.119787403486185262e+01	1.015069887874833654e+00
1.138714688297520183e+01	1.017611230396212596e+00
1.157961892862566167e+01	1.020131357936734817e+00
1.177534424647303979e+01	1.022630323701073429e+00
1.197437782517795135e+01	1.025108183495689218e+00
1.217677558285059547e+01	1.027564995640568357e+00
1.238259438276100788e+01	1.030000821031325842e+00
1.259189204931461603e+01	1.032415722981969486e+00
1.280472738429782709e+01	1.034809767152829796e+00
1.302116018339845027e+01	1.037183021548953255e+00
1.324125125300498418e+01	1.039535556447525044e+00
1.346506242729025793e+01	1.041867444311485036e+00
1.369265658558342480e+01	1.044178759762367514e+00
1.392409767003596599e+01	1.046469579509347270e+00
1.415945070358605307e+01	1.048739982218918732e+00
1.439878180822651998e+01	1.050990048657082454e+00
1.464215822358192653e+01	1.053219861416079928e+00
1.488964832579915942e+01	1.055429504934423557e+00
1.514132164675782732e+01	1.057619065486092857e+00
1.539724889360486770e+01	1.059788631107969836e+00
1.565750196861980470e+01	1.061938291468768947e+00
1.592215398941546312e+01	1.064068137941488912e+00
1.619127930948012661e+01	1.066178263426636796e+00
1.646495353906724546e+01	1.068268762407084127e+00
1.674325356643772622e+01	1.070339730814340973e+00
1.702625757946180585e+01	1.072391266013207556e+00
1.731404508758553007e+01	1.074423466758685608e+00
1.760669694416904463e+01	1.076436433128201919e+00
1.790429536920192888e+01	1.078430266479200039e+00
1.820692397240297211e+01	1.080405069379748006e+00
1.851466777671009822e+01	1.082360945629868842e+00
1.882761324216724574e+01	1.084298000097439818e+00
1.914584829021545431e+01	1.086216338818641436e+00
1.946946232839389879e+01	1.088116068787071677e+00
1.979854627545908841e+01	1.089997298062385989e+00
2.013319258692800773e+01	1.091860135616611993e+00
2.047349528105359084e+01	1.093704691342720858e+00
2.081954996523887758e+01	1.095531076023864792e+00
2.117145386289756814e+01	1.097339401220334798e+00
2.152930584076909071e+01	1.099129779319074407e+00
2.189320643669466548e+01	1.100902323394648663e+00
2.226325788786357052e+01	1.102657147308957253e+00
2.263956415953613899e+01	1.104394365484741458e+00
2.302223097425292053e+01	1.106114092999574972e+00
2.341136584153708355e+01	1.107816445555939611e+00
2.380707808809889059e+01	1.109501539387357738e+00
2.420947888855114627e+01	1.111169491177057544e+00
2.461868129664312121e+01	1.112820418164838898e+00
2.503480027702318367e+01	1.114454437997101532e+00
2.545795273753748944e+01	1.116071668672806272e+00
2.588825756207539186e+01	1.117672228641320320e+00
2.632583564396948717e+01	1.119256236659597725e+00
2.677080991996021808e+01	1.120823811726953334e+00
2.722330540473507554e+01	1.122375073204594953e+00
2.768344922605082559e+01	1.123910140662812251e+00
2.815137066045024739e+01	1.125429133795905035e+00
2.862720116958168148e+01	1.126932172642628460e+00
2.911107443713334675e+01	1.128419377275989177e+00
2.960312640639132908e+01	1.129890867887088035e+00
3.010349531843243653e+01	1.131346764789362247e+00
3.061232175096317221e+01	1.132787188387447186e+00
3.112974865781429301e+01	1.134212259052491234e+00
3.165592140910392160e+01	1.135622097237201533e+00
3.219098783207849834e+01	1.137016823327010373e+00
3.273509825264502382e+01	1.138396557712723967e+00
3.328840553760464616e+01	1.139761420683016002e+00
3.385106513760008085e+01	1.141111532475733048e+00
3.442323513078967778e+01	1.142447013188709670e+00
3.500507626725861599e+01	1.143767982798888472e+00
3.559675201418191648e+01	1.145074561123017309e+00
3.619842860174963306e+01	1.146366867813721768e+00
3.681027506986945497e+01	1.147645022319959907e+00
3.743246331565791252e+01	1.148909143850340708e+00
3.806516814173434682e+01	1.150159351421143228e+00
3.870856730533186152e+01	1.151395763741452916e+00
3.936284156823732872e+01	1.152618499288421861e+00
4.002817474757663518e+01	1.153827676210780195e+00
4.070475376745718421e+01	1.155023412363467061e+00
4.139276871148439341e+01	1.156205825283178612e+00
4.209241287616510618e+01	1.157375032130999015e+00
4.280388282521361276e+01	1.158531149718327269e+00
4.352737844477648110e+01	1.159674294511461312e+00
4.426310299958944938e+01	1.160804582515980732e+00
4.501126319008503884e+01	1.161922129410075222e+00
4.577206921046389709e+01	1.163027050357711811e+00
4.654573480774909910e+01	1.164119460193001832e+00
4.733247734183772337e+01	1.165199473217061188e+00
4.813251784656739574e+01	1.166267203271632802e+00
4.894608109181602629e+01	1.167322763775407335e+00
4.977339564664967497e+01	1.168366267648082379e+00
5.061469394353941453e+01	1.169397827296744685e+00
5.147021234366199849e+01	1.170417554581833608e+00
5.234019120330587782e+01	1.171425560923222697e+00
5.322487494139806330e+01	1.172421957163073625e+00
5.412451210817385316e+01	1.173406853579986864e+00
5.503935545500626603e+01	1.174380359962007958e+00
5.596966200541572789e+01	1.175342585466159884e+00
5.691569312728113772e+01	1.176293638760185889e+00
5.787771460626974118e+01	1.177233627881870248e+00
5.885599672051007758e+01	1.178162660315478227e+00
5.985081431652515249e+01	1.179080842879148605e+00
6.086244688645088985e+01	1.179988281909302827e+00
6.189117864655855783e+01	1.180885083009123537e+00
6.293729861710444595e+01	1.181771351240462176e+00
6.400110070353041181e+01	1.182647191073907589e+00
6.508288377903505761e+01	1.183512706252326074e+00
6.618295176854263673e+01	1.184367999965503904e+00
6.730161373408913050e+01	1.185213174750913145e+00
6.843918396165355489e+01	1.186048332471916211e+00
6.959598204945567090e+01	1.186873574359921246e+00
7.077233299774606223e+01	1.187689001019821555e+00
7.196856730011528214e+01	1.188494712343952875e+00
7.318502103634435230e+01	1.189290807595883015e+00
7.442203596682681166e+01	1.190077385393629505e+00
7.567995962858455528e+01	1.190854543613152794e+00
7.695914543290872700e+01	1.191622379555421496e+00
7.825995276464949768e+01	1.192380989744608710e+00
7.958274708318410262e+01	1.193130470110210561e+00
8.092790002509306646e+01	1.193870915831494850e+00
8.229578950856954123e+01	1.194602421457278574e+00
8.368679983959597735e+01	1.195325080808061324e+00
8.510132181991289713e+01	1.196038987040217938e+00
8.653975285681501362e+01	1.196744232629664451e+00
8.800249707480163863e+01	1.197440909312410096e+00
8.948996542911412178e+01	1.198129108184293301e+00
9.100257582119419908e+01	1.198808919632136538e+00
9.254075321609118987e+01	1.199480433307411387e+00
9.410492976185659586e+01	1.200143738248421021e+00
9.569554491095378523e+01	1.200798922705718974e+00
9.731304554372266580e+01	1.201446074253237795e+00
9.895788609392928947e+01	1.202085279825660047e+00
1.006305286764376348e+02	1.202716625618435842e+00
1.023314432170412118e+02	1.203340197100268849e+00
1.040611075844862796e+02	1.203956079109674615e+00
1.058200077247298054e+02	1.204564355747193227e+00
1.076086377974633734e+02	1.205165110394553096e+00
1.094275003149479204e+02	1.205758425797276434e+00
1.112771062831930067e+02	1.206344383967989486e+00
1.131579753455222743e+02	1.206923066190924487e+00
1.150706359285678531e+02	1.207494553165709528e+00
1.170156253907290136e+02	1.208058924814930712e+00
1.189934901731438543e+02	1.208616260368853945e+00
1.210047859532090087e+02	1.209166638398570859e+00
1.230500778006978635e+02	1.209710136799532876e+00
1.251299403365151335e+02	1.210246832729179101e+00
1.272449578941347568e+02	1.210776802735664237e+00
1.293957246837690604e+02	1.211300122604147100e+00
1.315828449593089147e+02	1.211816867508906492e+00
1.338069331880899426e+02	1.212327111923977130e+00
1.360686142235236389e+02	1.212830929622099152e+00
1.383685234806508220e+02	1.213328393742653777e+00
1.407073071146594430e+02	1.213819576741214323e+00
1.430856222024197280e+02	1.214304550402106830e+00
1.455041369270908831e+02	1.214783385821730066e+00
1.479635307658433305e+02	1.215256153510971160e+00
1.504644946807591168e+02	1.215722923213503615e+00
1.530077313129538652e+02	1.216183764130554623e+00
1.555939551799847322e+02	1.216638744695026642e+00
1.582238928765917478e+02	1.217087932790076987e+00
1.608982832788323662e+02	1.217531395582953202e+00
1.636178777516695106e+02	1.217969199620125842e+00
1.663834403600635596e+02	1.218401410841654986e+00
1.691957480836375396e+02	1.218828094481285262e+00
1.720555910349655733e+02	1.219249315196530681e+00
1.749637726815560939e+02	1.219665136963880459e+00
1.779211100715817793e+02	1.220075623186307689e+00
1.809284340634302453e+02	1.220480836617250153e+00
1.839865895591310334e+02	1.220880839359988812e+00
1.870964357417281576e+02	1.221275692951576675e+00
1.902588463166685528e+02	1.221665458334070253e+00
1.934747097572649466e+02	1.222050195701331665e+00
1.967449295543138987e+02	1.222429964794124579e+00
2.000704244699266781e+02	1.222804824714514238e+00
2.034521287956564777e+02	1.223174833896099933e+00
2.068909926149848104e+02	1.223540050263125956e+00
2.103879820702443340e+02	1.223900531132030789e+00
2.139440796340576298e+02	1.224256333157260901e+00
2.175602843853577042e+02	1.224607512517206676e+00
2.212376122900808468e+02	1.224954124732218430e+00
2.249770964865966505e+02	1.225296224777878695e+00
2.287797875759696069e+02	1.225633867094875429e+00
2.326467539171220835e+02	1.225967105486095221e+00
2.365790819269863619e+02	1.226295993223849301e+00
2.405778763857347258e+02	1.226620583018406707e+00
2.446442607471615247e+02	1.226940927063511655e+00
2.487793774543193308e+02	1.227257076910471811e+00
2.529843882604822340e+02	1.227569083661018468e+00
2.572604745555416912e+02	1.227876997806386150e+00
2.616088376979143391e+02	1.228180869336577663e+00
2.660306993520598553e+02	1.228480747679505214e+00
2.705273018317088258e+02	1.228776681772252743e+00
2.750999084488843778e+02	1.229068719981653013e+00
2.797498038688314637e+02	1.229356910161941929e+00
2.844782944709368735e+02	1.229641299675618971e+00
2.892867087157579817e+02	1.229921935349443496e+00
2.941763975182495869e+02	1.230198863497436568e+00
2.991487346272989498e+02	1.230472129924365055e+00
3.042051170116823755e+02	1.230741779967106320e+00
3.093469652525361084e+02	1.231007858407454636e+00
3.145757239424706313e+02	1.231270409594613202e+00
3.198928620914214775e+02	1.231529477346115176e+00
3.252998735393691732e+02	1.231785104998308178e+00
3.307982773760288637e+02	1.232037335441902748e+00
3.363896183676337728e+02	1.232286211043416513e+00
3.420754673909387975e+02	1.232531773712239875e+00
3.478574218745504822e+02	1.232774064922505408e+00
3.537371062477265582e+02	1.233013125618422245e+00
3.597161723967509488e+02	1.233248996342524384e+00
3.657963001290331135e+02	1.233481717163353197e+00
3.719791976450445077e+02	1.233711327663226331e+00
3.782666020182322768e+02	1.233937867020274526e+00
3.846602796830517832e+02	1.234161373996284228e+00
3.911620269312371079e+02	1.234381886782390136e+00
3.977736704164719868e+02	1.234599443260404161e+00
4.044970676675784489e+02	1.234814080851055706e+00
4.113341076103915839e+02	1.235025836497174900e+00
4.182867110984475403e+02	1.235234746784620530e+00
4.253568314526407903e+02	1.235440847846082768e+00
4.325464550100122665e+02	1.235644175380547383e+00
4.398576016817999061e+02	1.235844764707218602e+00
4.472923255209361173e+02	1.236042650692170675e+00
4.548527152991227354e+02	1.236237867875479068e+00
4.625408950936740666e+02	1.236430450315003871e+00
4.703590248842695019e+02	1.236620431729483771e+00
4.783093011597930513e+02	1.236807845377363213e+00
4.863939575354394265e+02	1.236992724200673077e+00
4.946152653802362238e+02	1.237175100718066023e+00
5.029755344551887219e+02	1.237355007046577082e+00
5.114771135621948588e+02	1.237532474990391762e+00
5.201223912039447441e+02	1.237707535892470290e+00
5.289137962549582426e+02	1.237880220802196618e+00
5.378537986439790757e+02	1.238050560365453912e+00
5.469449100478946093e+02	1.238218584859354321e+00
5.561896845973827794e+02	1.238384324211843301e+00
5.655907195944980685e+02	1.238547808008711781e+00
5.751506562423700188e+02	1.238709065460277925e+00
5.848721803872531382e+02	1.238868125413132626e+00
5.947580232731010028e+02	1.239025016443012550e+00
6.048109623089127354e+02	1.239179766674363137e+00
6.150338218490370537e+02	1.239332404000610621e+00
6.254294739866654709e+02	1.239482955887387883e+00
6.360008393607505468e+02	1.239631449554364773e+00
6.467508879765434813e+02	1.239777911810780342e+00
6.576826400400219654e+02	1.239922369214376596e+00
6.687991668064009900e+02	1.240064847936997561e+00
6.801035914430051434e+02	1.240205373880590489e+00
6.915990899067132887e+02	1.240343972643275672e+00
7.032888918362326649e+02	1.240480669425380933e+00
7.151762814594706015e+02	1.240615489226700285e+00
7.272645985162197348e+02	1.240748456691484147e+00
7.395572391964639110e+02	1.240879596130429974e+00
7.520576570945196409e+02	1.241008931628170942e+00
7.647693641793268853e+02	1.241136486942295614e+00
7.776959317811260917e+02	1.241262285522783504e+00
7.908409915948119533e+02	1.241386350504270819e+00
8.042082367002620913e+02	1.241508704839149990e+00
8.178014225998882694e+02	1.241629371072791477e+00
8.316243682737505196e+02	1.241748371569603382e+00
8.456809572524798568e+02	1.241865728373140909e+00
8.599751387083596228e+02	1.241981463240534822e+00
8.745109285648341029e+02	1.242095597701141863e+00
8.892924106247685359e+02	1.242208152992106962e+00
9.043237377177986218e+02	1.242319150040792408e+00
9.196091328670457870e+02	1.242428609630951808e+00
9.351528904755820122e+02	1.242536552198908018e+00
9.509593775329200298e+02	1.242642997921877601e+00
9.670330348419231541e+02	1.242747966756233335e+00
9.833783782664356750e+02	1.242851478415923472e+00
1.000000000000000000e+03	1.242953552313269538e+00
