# Data associated with arXiv:2208.14002
# 
# Scale-free J-factor angular distribution, J_S(theta), of a nfw1-7rhos4e4 dark matter distribution (see Eq. 2.4 and the surrounding discussion)
# 
# Published: 8/25/22, Jack Runburg and Kenny Kiriu, contact: runburg@hawaii.edu
# 
# 
# -----------------------------------------------------------------
# 
# 	 tilde theta 		 | 	 tilde J s-wave 		 | 	 tilde J p-wave 		 | 	 tilde J d-wave 		 | 	 tilde J sommerfeld 
# 
# -----------------------------------------------------------------
1.000000000000000021e-03	1.620559561078225586e+12	8.064400755767867432e+11	3.210206888217104492e+12	4.024355875359425781e+12
1.021192151037671062e-03	1.580629313370390137e+12	7.919022699291187744e+11	3.175923863861571777e+12	3.915049461671756348e+12
1.042833409340945643e-03	1.539944290577838623e+12	7.770685168964056396e+11	3.140883812660996582e+12	3.803737848023551758e+12
1.064933292458827233e-03	1.498525944283253906e+12	7.619442226701829834e+11	3.105092950450662109e+12	3.690486791255908691e+12
1.087501519637659123e-03	1.456400938382690674e+12	7.465364395514106445e+11	3.068560731317460449e+12	3.575377074601093262e+12
1.110548016095517111e-03	1.413601942904472656e+12	7.308541230944724121e+11	3.031300381893395020e+12	3.458506781568154297e+12
1.134082917387199208e-03	1.370168590892246338e+12	7.149084433446315918e+11	2.993329554277644043e+12	3.339994034342887695e+12
1.158116573861711456e-03	1.326148651061332520e+12	6.987131683891325684e+11	2.954671140466885254e+12	3.219980345045490234e+12
1.182659555214217667e-03	1.281599494847520508e+12	6.822851478730433350e+11	2.915354314998570312e+12	3.098634799852412109e+12
1.207722655134462354e-03	1.236589980651512451e+12	6.656449405691221924e+11	2.875415915141340820e+12	2.976159417230152832e+12
1.233316896053688856e-03	1.191202958448363281e+12	6.488176607313824463e+11	2.834902349639975098e+12	2.852796240025276367e+12
1.259453533992170365e-03	1.145538756428865234e+12	6.318341800423859863e+11	2.793872397251912109e+12	2.728837147540874023e+12
1.286144063509461061e-03	1.099720358383343262e+12	6.147329618969980469e+11	2.752401651076400391e+12	2.604638296316978027e+12
1.313400222759557485e-03	1.053901854821655151e+12	5.975631681300936279e+11	2.710590418448737305e+12	2.480643392641715820e+12
1.341233998653187541e-03	1.008284437951516846e+12	5.803908294394781494e+11	2.668580311243078125e+12	2.357426956651238770e+12
1.369657632129505243e-03	9.631554874083990479e+11	5.633148408620412598e+11	2.626599883418152832e+12	2.235797548664428711e+12
1.398683623539492566e-03	9.190543831942493896e+11	5.465393111245644531e+11	2.585182789618421875e+12	2.117223387811378662e+12
1.428324738143458596e-03	8.752859404070866699e+11	5.296864059481361694e+11	2.543009927890072754e+12	2.000122966738847168e+12
1.458594011725036863e-03	8.330037116768626709e+11	5.131350823089842529e+11	2.500909397499765625e+12	1.887787639055230957e+12
1.489504756324154782e-03	7.920776154202835693e+11	4.967856051229113770e+11	2.458435422406996094e+12	1.780029417943923584e+12
1.521070566091505720e-03	7.534565847380560303e+11	4.811089253442533569e+11	2.417134127538717285e+12	1.679103077634360840e+12
1.553305323267072666e-03	7.168247236110400391e+11	4.659960606850994873e+11	2.376721838942006836e+12	1.584114026292527832e+12
1.586223204285366938e-03	6.816264804254661865e+11	4.511965247142245483e+11	2.336403357245454102e+12	1.493630247143267334e+12
1.619838686010041055e-03	6.481712789144660645e+11	4.368834028084049072e+11	2.296776346033463867e+12	1.408326611206849854e+12
1.654166552100628336e-03	6.163687365071798096e+11	4.230382797462096558e+11	2.257825135278159668e+12	1.327896571996760986e+12
1.689221899514206692e-03	5.861107003901207275e+11	4.096371230150153809e+11	2.219521427533174805e+12	1.251992379111739258e+12
1.725020145144853453e-03	5.573308338618731689e+11	3.966679712768696289e+11	2.181859646031466064e+12	1.180382013117164062e+12
1.761577032603788440e-03	5.299767433952502441e+11	3.841226910991724243e+11	2.144841375918320068e+12	1.112877901932023682e+12
1.798908639143220224e-03	5.039730762549458008e+11	3.719863462995189819e+11	2.108453111998981201e+12	1.049240927306221313e+12
1.837031382726912916e-03	4.792324123505302124e+11	3.602369015394756470e+11	2.072667663597754150e+12	9.891800942484356689e+11
1.875962029250603357e-03	4.557005483869426270e+11	3.488655785997702637e+11	2.037481601400720703e+12	9.325323684860921631e+11
1.915717699915417882e-03	4.333349213562303467e+11	3.378638425399981079e+11	2.002894785443163086e+12	8.791333071603115234e+11
1.956315878757565116e-03	4.120727766284893799e+11	3.272192655328090210e+11	1.968895219651340332e+12	8.287950190918054199e+11
1.997774420337589726e-03	3.918434309334277344e+11	3.169125542088150635e+11	1.935457471511124756e+12	7.812942616345175781e+11
2.040111557592579582e-03	3.726026044071387939e+11	3.069363177717186890e+11	1.902578728946647461e+12	7.364928668253366699e+11
2.083345909854779961e-03	3.543157112029121704e+11	2.972832178487302856e+11	1.870259197658202148e+12	6.942672640747022705e+11
2.127496491040134757e-03	3.369305219824224243e+11	2.879420174915701294e+11	1.838486807357564697e+12	6.544654602477414551e+11
2.172582718010372237e-03	3.203898864907804565e+11	2.788965695175964355e+11	1.807238781361048828e+12	6.169092716670988770e+11
2.218624419112281976e-03	3.046576325882207031e+11	2.701391656348834839e+11	1.776510849207541992e+12	5.814898976292117920e+11
2.265641842897974604e-03	2.897056484758298950e+11	2.616657323848892517e+11	1.746306806063770752e+12	5.481137131071893921e+11
2.313655667029933423e-03	2.754904919716237793e+11	2.534638372511300354e+11	1.716611095561690430e+12	5.166503312144830322e+11
2.362687007374795686e-03	2.619659549071186218e+11	2.455212482892059937e+11	1.687405496140899902e+12	4.869690517490830688e+11
2.412757427289825233e-03	2.491024898113941956e+11	2.378303307591154785e+11	1.658684750941571045e+12	4.589747557252742920e+11
2.463888947106213784e-03	2.368772388823553772e+11	2.303881537743771057e+11	1.630453401223469238e+12	4.326010278659391479e+11
2.516104053813336943e-03	2.252540918460395508e+11	2.231834579648656921e+11	1.602695876069795654e+12	4.077393826925217285e+11
2.569425710948245768e-03	2.141956873442826233e+11	2.162056677964802856e+11	1.575395578469623291e+12	3.842864212803120728e+11
2.623877368694733318e-03	2.036778894113526306e+11	2.094485770697059937e+11	1.548548443438428467e+12	3.621717465510316772e+11
2.679482974196439188e-03	1.936821078686717834e+11	2.029086754119190063e+11	1.522157121383141602e+12	3.413355021664802856e+11
2.736266982088478034e-03	1.841783431453943481e+11	1.965773868181181946e+11	1.496209046993691162e+12	3.216975244161840210e+11
2.794254365252289707e-03	1.751363874857346802e+11	1.904440663037239990e+11	1.470686482854361328e+12	3.031726879027730713e+11
2.853470625798387814e-03	1.665365260517363281e+11	1.845048468580661926e+11	1.445588515788881592e+12	2.857063982366815796e+11
2.913941806281861776e-03	1.583636336602896729e+11	1.787555620229756165e+11	1.420915553914792480e+12	2.692525652011942444e+11
2.975694501155571117e-03	1.505928026778623047e+11	1.731889140672710876e+11	1.396656069908870117e+12	2.537440965679664917e+11
3.038755868466027146e-03	1.431996086009913025e+11	1.677961829685117798e+11	1.372794722177076416e+12	2.391174066474469299e+11
3.103153641797168783e-03	1.361679480335367889e+11	1.625727741548084412e+11	1.349328202391460205e+12	2.253261788930175171e+11
3.168916142467233243e-03	1.294855122840536957e+11	1.575169659815420227e+11	1.326260816726467041e+12	2.123368074489026489e+11
3.236072291984112663e-03	1.231316311829272308e+11	1.526203297336560669e+11	1.303577585359830811e+12	2.000937370949587097e+11
3.304651624764658874e-03	1.170865566519110870e+11	1.478767688982803650e+11	1.281267512712241455e+12	1.885477960524803162e+11
3.374684301123556836e-03	1.113371357833888550e+11	1.432815956659634094e+11	1.259326019012357666e+12	1.776624078033179932e+11
3.446201120537424525e-03	1.058733479169161682e+11	1.388330371484786987e+11	1.237756638266568604e+12	1.674101913844513245e+11
3.519233535190044709e-03	1.006780491950581512e+11	1.345247704601247864e+11	1.216547467492003662e+12	1.577481446058819885e+11
3.593813663804625805e-03	9.573527218156883240e+10	1.303499863247286072e+11	1.195685043381265869e+12	1.486360757065463562e+11
3.669974305769219299e-03	9.103427428525050354e+10	1.263062245522600098e+11	1.175168862653557617e+12	1.400470016256990967e+11
3.747748955561452412e-03	8.656689453913493347e+10	1.223906696985493164e+11	1.154999272406624756e+12	1.319574306133483734e+11
3.827171817478984984e-03	8.231892127520903015e+10	1.185982413849832306e+11	1.135166206849372559e+12	1.243343038615337219e+11
3.908277820682117681e-03	7.827744372052017212e+10	1.149233167796052704e+11	1.115658089719454834e+12	1.171455619446747131e+11
3.991102634555192957e-03	7.443368824704666138e+10	1.113628052499008331e+11	1.096471989534904541e+12	1.103695809052011414e+11
4.075682684393532908e-03	7.078100590859579468e+10	1.079156524991836243e+11	1.077611748379848755e+12	1.039889463289471893e+11
4.162055167422817371e-03	6.730762174855283356e+10	1.045759539720855103e+11	1.059064093776677612e+12	9.797564756638810730e+10
4.250258069157961290e-03	6.400309629852145386e+10	1.013397730004678345e+11	1.040821088283859375e+12	9.230602128339855957e+10
4.340330180108637088e-03	6.086026419737125397e+10	9.820419007271269226e+10	1.022879440433804321e+12	8.696191640031739807e+10
4.432311112838861061e-03	5.787370650725009918e+10	9.516779196311035156e+10	1.005241304991681274e+12	8.193011522652163696e+10
4.526241319388085715e-03	5.503367182416608429e+10	9.222627335573504639e+10	9.878966433116881104e+11	7.718832658471549988e+10
4.622162109061505458e-03	5.233171881216805267e+10	8.937526082798426819e+10	9.708354365423320312e+11	7.271757935397006226e+10
4.720115666597336779e-03	4.976199579020915985e+10	8.661294660240182495e+10	9.540569105207524414e+11	6.850412967080139923e+10
4.820145070719144588e-03	4.732008452436074066e+10	8.393790586388888550e+10	9.375625077280814209e+11	6.453700331625271606e+10
4.922294313081310678e-03	4.499791334384371185e+10	8.134588134448518372e+10	9.213412100035458984e+11	6.079871594185076141e+10
5.026608317615998724e-03	4.278865640064910126e+10	7.883384085400827026e+10	9.053862686689365234e+11	5.727434858309361267e+10
5.133132960290130720e-03	4.068753510205975342e+10	7.639944894504264832e+10	8.896946744418824463e+11	5.395308355437957764e+10
5.241915089281041530e-03	3.869094545515522766e+10	7.404195092558750916e+10	8.742693407989121094e+11	5.082610824357978058e+10
5.353002545579732367e-03	3.679220956190059662e+10	7.175758761890373230e+10	8.590996725388852539e+11	4.787978630980967712e+10
5.466444184030696055e-03	3.498580761566950989e+10	6.954319804425497437e+10	8.441777933035996094e+11	4.510203952445418549e+10
5.582289894817666839e-03	3.326783745550645447e+10	6.739754867918157959e+10	8.295036024438129883e+11	4.248463651226744080e+10
5.700590625404708227e-03	3.163535821301682663e+10	6.531925823975641632e+10	8.150775316631711426e+11	4.002063184044177246e+10
5.821398402942216249e-03	3.008284746566640472e+10	6.330530788174040985e+10	8.008906213605874023e+11	3.769875960721247101e+10
5.944766357147824969e-03	2.860584145743579483e+10	6.135313518640663910e+10	7.869361877583820801e+11	3.551023312544954681e+10
6.070748743672167193e-03	2.720115386400892258e+10	5.946108078769606781e+10	7.732121095466368408e+11	3.344782335073900223e+10
6.199400967959818945e-03	2.586638384949142456e+10	5.762869044260668945e+10	7.597215460984692383e+11	3.150657953445910645e+10
6.330779609615908021e-03	2.459696665917306137e+10	5.585273683613984680e+10	7.464540056435915527e+11	2.967745579359581757e+10
6.464942447289089879e-03	2.338929238826178360e+10	5.413109773329196930e+10	7.334037440749201660e+11	2.795318061972255707e+10
6.601948484081890736e-03	2.224075936954021454e+10	5.246269956536421967e+10	7.205702293762425537e+11	2.632881743615631866e+10
6.741857973499477616e-03	2.114940666622752380e+10	5.084646973869441223e+10	7.079537167951187744e+11	2.479961888462911606e+10
6.884732445948405985e-03	2.011146292824516678e+10	4.928012861641693878e+10	6.955466971587492676e+11	2.335890474394261551e+10
7.030634735796891313e-03	1.912400857892294312e+10	4.776163406101309967e+10	6.833430896896276855e+11	2.200095880377331543e+10
7.179629009008595825e-03	1.818491942509052658e+10	4.628977034314929962e+10	6.713412105334738770e+11	2.072144586978999710e+10
7.331780791361950343e-03	1.729259281033333206e+10	4.486420666864302063e+10	6.595439363877252197e+11	1.951734155299679565e+10
7.487156997267587974e-03	1.644391522457827950e+10	4.348232584632865143e+10	6.479414374734896240e+11	1.838269875913587570e+10
7.645825959196438613e-03	1.563652428141763878e+10	4.214262705394689941e+10	6.365294993277388916e+11	1.731334578894893646e+10
7.807857457731475631e-03	1.486868605258738327e+10	4.084421736622325134e+10	6.253073020792785645e+11	1.630595423047714424e+10
7.973322752256328111e-03	1.413909037914452362e+10	3.958631324458936310e+10	6.142752847384090576e+11	1.535775806138106728e+10
8.142294612294233985e-03	1.344516710685545921e+10	3.836710624496817780e+10	6.034265307738862305e+11	1.446447268624952316e+10
8.314847349511189298e-03	1.278500540531827354e+10	3.718502306435759735e+10	5.927559135132929688e+11	1.362254292481862450e+10
8.491056850397209546e-03	1.215718970838863373e+10	3.603918466242195129e+10	5.822622338998535156e+11	1.282941943481514740e+10
8.671000609640279119e-03	1.156064845755908394e+10	3.492930664014743805e+10	5.719478263882738037e+11	1.208303303528203583e+10
8.854757764207504128e-03	1.099326094825093842e+10	3.385329562143744278e+10	5.618036209509167480e+11	1.137979088390403175e+10
9.042409128148579806e-03	1.045348149377147484e+10	3.281006303867268372e+10	5.518263907056389160e+11	1.071702692424034309e+10
9.234037228136720080e-03	9.940154518712499619e+09	3.179893095956220245e+10	5.420155819564027100e+11	1.009278463989216423e+10
9.429726339762870002e-03	9.452403106037557602e+09	3.081927299748963165e+10	5.323713173013497314e+11	9.505265398264442444e+09
9.629562524599030379e-03	8.988478237209733963e+09	2.986964183960636139e+10	5.228872958168450317e+11	8.951776107395254135e+09
9.833633668047030499e-03	8.547129469950220108e+09	2.894888386490147781e+10	5.135594607999926147e+11	8.430198033597320557e+09
1.004202951798940403e-02	8.127413506815199852e+09	2.805630032711144638e+10	5.043866965828422852e+11	7.938842237726430893e+09
1.025484172425938229e-02	7.728612417152555466e+09	2.719168781795030212e+10	4.953711515653013916e+11	7.476568687812146187e+09
1.047216387894729824e-02	7.349284273103871346e+09	2.635339705183638000e+10	4.865046690129079590e+11	7.040971312736211777e+09
1.069409155756119272e-02	6.988417421708417892e+09	2.554057859653890991e+10	4.777844492326770630e+11	6.630525619254573822e+09
1.092072236105970547e-02	6.645241904016501427e+09	2.475276229809132767e+10	4.692104098976065674e+11	6.243950114605931282e+09
1.115215595877575537e-02	6.319169619603809357e+09	2.398943541787566376e+10	4.607823923829246216e+11	5.880153925269131660e+09
1.138849413224978825e-02	6.009012346408101082e+09	2.324942595038227463e+10	4.524945757310629272e+11	5.537446115936009407e+09
1.162984081999205582e-02	5.713951539768155098e+09	2.253190550197944260e+10	4.443438351947712402e+11	5.214499827091461182e+09
1.187630216319339981e-02	5.433358768492041588e+09	2.183631546727553940e+10	4.363291191674835815e+11	4.910337206143151283e+09
1.212798655240480798e-02	5.166752013908629417e+09	2.116248726814789581e+10	4.284521699464826660e+11	4.624151070701174736e+09
1.238500467520621366e-02	4.913152554687035561e+09	2.050915962024818039e+10	4.207059302275602417e+11	4.354530053051358223e+09
1.264746956488544717e-02	4.671898019719617844e+09	1.987563560173081589e+10	4.130877103684457397e+11	4.100465978720070362e+09
1.291549665014883955e-02	4.442475531188646317e+09	1.926158767192897415e+10	4.055977462034605713e+11	3.861208579585612774e+09
1.318920380588532899e-02	4.224489796718689442e+09	1.866662572532395935e+10	3.982359099487482300e+11	3.636081183443891525e+09
1.346871140500627631e-02	4.017135002737568855e+09	1.808977603890902710e+10	3.909966267441868286e+11	3.423983823462922573e+09
1.375414237138396570e-02	3.819875096450632572e+09	1.753048092925761032e+10	3.838778954997757568e+11	3.224161832562027454e+09
1.404562223391196511e-02	3.632291537815998554e+09	1.698825785661756325e+10	3.768783326440688477e+11	3.035950132426742554e+09
1.434327918171109106e-02	3.454059973104633331e+09	1.646297939577050018e+10	3.699995775005635986e+11	2.858899361144522667e+09
1.464724412050539583e-02	3.284517234881192207e+09	1.595368332688467216e+10	3.632355575004580688e+11	2.692085407888237000e+09
1.495765073019278586e-02	3.123229447779127598e+09	1.545980487542174149e+10	3.565837741543678589e+11	2.534917837831616879e+09
1.527463552363575450e-02	2.969855085782254696e+09	1.498109677540221214e+10	3.500444659594727783e+11	2.386914149855911732e+09
1.559833790669801906e-02	2.824127842350983143e+09	1.451729943018757629e+10	3.436178474921561279e+11	2.247662781821355343e+09
1.592890023955338338e-02	2.685502188831777096e+09	1.406757365798204803e+10	3.372983210832648315e+11	2.116476545649891853e+09
1.626646789929399317e-02	2.553626903241782665e+09	1.363155629244322205e+10	3.310847814650877075e+11	1.992882869600888252e+09
1.661118934386526108e-02	2.428223325751525402e+09	1.320885251829696465e+10	3.249757695293412476e+11	1.876495330861948729e+09
1.696321617735579643e-02	2.309072677893180847e+09	1.279932938876315498e+10	3.189724385379042969e+11	1.766992836611123085e+09
1.732270321667098503e-02	2.195726399973771095e+09	1.240227810708999443e+10	3.130699043223687744e+11	1.663840033132375002e+09
1.768980855961942850e-02	2.087900135597651482e+09	1.201725204009368515e+10	3.072658391592145386e+11	1.566649025982291698e+09
1.806469365444235767e-02	1.985366546627696276e+09	1.164403306916250229e+10	3.015601943251787109e+11	1.475133045230333567e+09
1.844752337081655841e-02	1.887945778916977167e+09	1.128248626574574852e+10	2.959539110551682129e+11	1.389042472311130285e+09
1.883846607236187159e-02	1.795269177444970131e+09	1.093188300050570297e+10	2.904412695638107910e+11	1.307930324949386597e+09
1.923769369068539445e-02	1.707106485457530260e+09	1.059195888585679626e+10	2.850214618788646851e+11	1.231521971835664988e+09
1.964538180099485026e-02	1.623272245175743103e+09	1.026245149535546303e+10	2.796937264372319946e+11	1.159567019317547560e+09
2.006170969931423895e-02	1.543618520893336535e+09	9.943205440995075226e+09	2.744584723563768311e+11	1.091880791994638443e+09
2.048686048133601528e-02	1.467842456287504435e+09	9.633689158116031647e+09	2.693116202440053101e+11	1.028111863916386366e+09
2.092102112294418406e-02	1.395757572413867474e+09	9.333564624817060471e+09	2.642512195584373474e+11	9.680400006147102118e+08
2.136438256244391209e-02	1.327212595692493916e+09	9.042637314544424057e+09	2.592770062673838501e+11	9.114723891152536869e+08
2.181713978453380873e-02	1.262085758987783432e+09	8.760824265952249527e+09	2.543900835341028748e+11	8.582623129827013016e+08
2.227949190605761978e-02	1.200128381108291864e+09	8.487545270894138336e+09	2.495851961230957642e+11	8.081299746987830400e+08
2.275164226357336353e-02	1.141189408770215750e+09	8.222584056147585869e+09	2.448616086299228210e+11	7.609029032150603533e+08
2.323379850277806913e-02	1.085145465511255264e+09	7.965786659845886230e+09	2.402192931175578308e+11	7.164400754724634886e+08
2.372617266982774559e-02	1.031896255861390948e+09	7.716980966529455185e+09	2.356579054233409424e+11	6.746088747229641676e+08
2.422898130459259780e-02	9.812376811435428858e+08	7.475754528787003517e+09	2.311739424747192993e+11	6.352032349176967144e+08
2.474244553588843265e-02	9.330473587200753689e+08	7.241875490823176384e+09	2.267661365192455750e+11	5.980797132279794216e+08
2.526679117872631872e-02	8.872246787233518362e+08	7.015165727937400818e+09	2.224338106138602600e+11	5.631275145280889273e+08
2.580224883362318075e-02	8.436869711257256269e+08	6.795565709622551918e+09	2.181780007215196228e+11	5.302482018855676651e+08
2.634905398801689475e-02	8.022668113393857479e+08	6.582641532455806732e+09	2.139944387475354614e+11	4.992727125065422058e+08
2.690744711983068457e-02	7.628650234644539356e+08	6.376193489766893387e+09	2.098819578889464111e+11	4.700927064560631514e+08
2.747767380323228384e-02	7.253995742414515018e+08	6.176123276528879166e+09	2.058408935872417908e+11	4.426201805022804737e+08
2.805998481663422514e-02	6.898022733021243811e+08	5.982299478231667519e+09	2.018710017306791077e+11	4.167772482204092741e+08
2.865463625298309350e-02	6.559358492010878325e+08	5.794372754090043068e+09	1.979687366674962158e+11	3.924287627161324620e+08
2.926188963238583740e-02	6.237199137187839746e+08	5.612197948718359947e+09	1.941335493638629456e+11	3.694953805037089586e+08
2.988201201712300387e-02	5.930875902723101377e+08	5.435620742019588470e+09	1.903646328794055786e+11	3.479014302690461278e+08
3.051527612909937445e-02	5.639825887566337585e+08	5.264583766238938332e+09	1.866627026568719177e+11	3.275901954854845405e+08
3.116196046978347151e-02	5.362924214260731936e+08	5.098763904380480766e+09	1.830242914974857178e+11	3.084537743654024601e+08
3.182234944268905880e-02	5.099519112223988771e+08	4.937997943095122337e+09	1.794482720210832825e+11	2.904277518543609381e+08
3.249673347845206950e-02	4.849065459946036339e+08	4.782207268212071419e+09	1.759348525493405151e+11	2.734573133472321033e+08
3.318540916255835471e-02	4.611098257931140065e+08	4.631304959550233841e+09	1.724840840666362000e+11	2.574929663395756185e+08
3.388867936577820428e-02	4.384696200677350760e+08	4.484993614623672485e+09	1.690924551810903625e+11	2.424526302775494158e+08
3.460685337736497946e-02	4.169330707984681129e+08	4.343177045325881958e+09	1.657597796999867249e+11	2.282854068436702788e+08
3.534024704107661952e-02	3.964557529616230726e+08	4.205736560317085743e+09	1.624853675859705811e+11	2.149478866442568004e+08
3.608918289407971741e-02	3.769992209685847163e+08	4.072612012672496796e+09	1.592695502106791077e+11	2.024005999831074178e+08
3.685399030879719234e-02	3.584880630923777819e+08	3.943563665615854740e+09	1.561095478329335327e+11	1.905804136147505641e+08
3.763500563776207147e-02	3.408793979717401266e+08	3.818461331681068420e+09	1.530042508036474304e+11	1.794453988108754158e+08
3.843257236154112161e-02	3.241370292427530289e+08	3.697240232973282814e+09	1.499538005856853027e+11	1.689632136805291772e+08
3.924704123979310538e-02	3.082291425619162321e+08	3.579840809387640476e+09	1.469584001014235229e+11	1.591028870459365249e+08
4.007877046552850431e-02	2.930940495769524574e+08	3.466018339517061710e+09	1.440147222802890015e+11	1.498122903515858948e+08
4.092812582263813392e-02	2.786969507962426543e+08	3.355704363253143311e+09	1.411227834372261047e+11	1.410618951642960310e+08
4.179548084676026898e-02	2.650083612669641078e+08	3.248813240976557732e+09	1.382821161213485413e+11	1.328232092068759352e+08
4.268121698955689575e-02	2.520019296808085442e+08	3.145286512535356522e+09	1.354927635389519196e+11	1.250736617709533721e+08
4.358572378647117967e-02	2.396272277032547593e+08	3.044941363271396637e+09	1.327523528995144653e+11	1.177722041179980785e+08
4.450939902804028347e-02	2.278560040836793482e+08	2.947677763174301147e+09	1.300599677610469360e+11	1.108947118339430392e+08
4.545264893483848267e-02	2.166642461537809372e+08	2.853442748831503391e+09	1.274157186742449036e+11	1.044198641685263515e+08
4.641588833612779463e-02	2.060301076754798293e+08	2.762191282537517548e+09	1.248198128179048157e+11	9.832942963169859350e+07
4.739954085229469011e-02	1.959123938622839749e+08	2.673732090994390965e+09	1.222693360214509735e+11	9.259060662894156575e+07
4.840403908115278181e-02	1.862881600493994355e+08	2.588008721355468750e+09	1.197641652805280304e+11	8.718542798252721131e+07
4.942982478819387543e-02	1.771378565708744228e+08	2.504961157957906246e+09	1.173040824339203644e+11	8.209700340705956519e+07
5.047734910087089966e-02	1.684433524565792680e+08	2.424535298587757111e+09	1.148889321439165344e+11	7.730972472739030421e+07
5.154707270699779992e-02	1.601710225237244070e+08	2.346593331214785099e+09	1.125168050158498688e+11	7.279981881306615472e+07
5.263946605735428386e-02	1.523022232538037598e+08	2.271056758062116623e+09	1.101868162334740601e+11	6.855111941760143638e+07
5.375500957258409762e-02	1.448210440824599564e+08	2.197883474786202431e+09	1.078989942635027008e+11	6.455190184091526270e+07
5.489419385447772554e-02	1.377124201557230055e+08	2.127036440558893919e+09	1.056535246528811646e+11	6.078951714894118160e+07
5.605751990173300781e-02	1.309489289369868636e+08	2.058367169822248220e+09	1.034478730102054443e+11	5.724440298385491967e+07
5.724549933028778848e-02	1.245154139429443032e+08	1.991833331419628620e+09	1.012820155634436951e+11	5.390525727716384828e+07
5.845865459832211286e-02	1.183989315948848277e+08	1.927388155422585249e+09	9.915568720143336487e+10	5.076183762264883518e+07
5.969751923602879817e-02	1.125869484704990983e+08	1.864986093911800385e+09	9.706867876058670044e+10	4.780441623860011995e+07
6.096263808025296355e-02	1.070571228652015626e+08	1.804520291463467598e+09	9.501934229562174988e+10	4.501802383711352199e+07
6.225456751410456124e-02	1.017971256224516332e+08	1.745931601220862627e+09	9.300700707058984375e+10	4.239331300597873330e+07
6.357387571164835327e-02	9.679643309375694394e+07	1.689188623435821056e+09	9.103174565851634216e+10	3.992237786934112757e+07
6.492114288777969811e-02	9.204460018310901523e+07	1.634257844037044048e+09	8.909356542609071350e+10	3.759799889384014159e+07
6.629696155339574737e-02	8.752344786161150038e+07	1.581024380941165209e+09	8.719026571158821106e+10	3.540746067219003290e+07
6.770193677597398374e-02	8.322293915861536562e+07	1.529457641686712265e+09	8.532192786868664551e+10	3.334437749981689826e+07
6.913668644567325106e-02	7.913424481251107156e+07	1.479515190667540312e+09	8.348807970830101013e+10	3.140201242827840149e+07
7.060184154707406512e-02	7.524948058200715482e+07	1.431173175021774054e+09	8.168902071844802856e+10	2.957463884793537110e+07
7.209804643667737378e-02	7.155303939476215839e+07	1.384335399603513241e+09	7.992277187942195129e+10	2.785284518094848469e+07
7.362595912628441819e-02	6.803702204704543948e+07	1.338960615943213463e+09	7.818894566803498840e+10	2.623075545390288532e+07
7.518625157238204015e-02	6.469449298047953099e+07	1.295027203374098778e+09	7.648768674573437500e+10	2.470394841251729056e+07
7.677960997166025092e-02	6.151813768061566353e+07	1.252502130584073782e+09	7.481878434936668396e+10	2.326729079201586545e+07
7.840673506279315086e-02	5.849599366048017144e+07	1.211301011066026449e+09	7.318050686599314880e+10	2.191349839958404005e+07
8.006834243461452560e-02	5.562138458810527623e+07	1.171399580181699038e+09	7.157288265650166321e+10	2.063830970784191415e+07
8.176516284082480102e-02	5.288868868732332438e+07	1.132765124933427334e+09	6.999553108149397278e+10	1.943787622747996449e+07
8.349794252136732986e-02	5.029176248604263365e+07	1.095373074286764860e+09	6.844848452461061096e+10	1.830825641635730490e+07
8.526744353061486981e-02	4.782093216741247475e+07	1.059153701356233716e+09	6.693026820672966003e+10	1.724386847353588417e+07
8.707444407251174745e-02	4.547074270662592351e+07	1.024074332829154968e+09	6.544045326209949493e+10	1.624116084748563357e+07
8.891973884281766105e-02	4.323663635028374940e+07	9.901206116624373198e+08	6.397927899351155090e+10	1.529728201608032547e+07
9.080413937860487561e-02	4.111345872890407592e+07	9.572578320610398054e+08	6.254622144544968414e+10	1.440906603331427835e+07
9.272847441516200717e-02	3.909338702746900171e+07	9.254297245579775572e+08	6.114013461434764862e+10	1.357201262188222259e+07
9.469359025046093781e-02	3.717196423392441124e+07	8.946099960917212963e+08	5.976073706197471619e+10	1.278355258126683161e+07
9.670035111734798239e-02	3.534549445697809756e+07	8.647792846198954582e+08	5.840797480501659393e+10	1.204126516696014442e+07
9.874963956362264872e-02	3.360965761560062319e+07	8.359147640818834305e+08	5.708171395130636597e+10	1.134272310089573823e+07
1.008423568401705106e-01	3.195812784002282843e+07	8.079599788068743944e+08	5.578054319937274170e+10	1.068441897714006528e+07
1.029794232973221257e-01	3.038726359622480348e+07	7.808961515971790552e+08	5.450444134810984039e+10	1.006426606098104268e+07
1.051617787896111378e-01	2.889406740494548529e+07	7.547063006841155291e+08	5.325332076332557678e+10	9.480512354633687064e+06
1.073903830891107247e-01	2.747492175088761374e+07	7.293641851300615072e+08	5.202675500332669830e+10	8.931024860748816282e+06
1.096662163075285135e-01	2.612471142850796506e+07	7.048277314268280268e+08	5.082383282644283295e+10	8.413246587455686182e+06
1.119902793272475605e-01	2.484046117847762257e+07	6.810735892319647074e+08	4.964416446539772797e+10	7.925398964105519466e+06
1.143635942415015677e-01	2.361973966538218781e+07	6.580915786640731096e+08	4.848793899635244751e+10	7.466203833887785673e+06
1.167872048038782751e-01	2.245952019674372673e+07	6.358573180618488789e+08	4.735473987692597198e+10	7.033941315882246941e+06
1.192621768873494831e-01	2.135566671146376804e+07	6.143317277938506603e+08	4.624357430586013031e+10	6.626580451531864703e+06
1.217895989530276418e-01	2.030574842557355016e+07	5.934982235388462543e+08	4.515430091028666687e+10	6.242811033074546605e+06
1.243705825288575900e-01	1.930779264284521714e+07	5.733428534075068235e+08	4.408680406334274292e+10	5.881489835865650326e+06
1.270062626984522769e-01	1.835926934057850391e+07	5.538475503809664249e+08	4.304085999392103577e+10	5.541413599291713908e+06
1.296977986002878502e-01	1.745683419388395548e+07	5.349752962939957976e+08	4.201542533369419098e+10	5.220851968230704777e+06
1.324463739374786009e-01	1.659850127730508521e+07	5.167132605567622781e+08	4.101046033742312622e+10	4.918878413648068905e+06
1.352531974983535168e-01	1.578266974516567029e+07	4.990494855194180012e+08	4.002590371555465698e+10	4.634565496381184086e+06
1.381195036880665805e-01	1.500722639042345248e+07	4.819658277541754842e+08	3.906145059103813934e+10	4.366906968688664027e+06
1.410465530714722360e-01	1.426946736164294928e+07	4.654326396162196398e+08	3.811626919683195496e+10	4.114645307080987375e+06
1.440356329275057634e-01	1.356776960153514519e+07	4.494351699956706166e+08	3.719010129605788422e+10	3.876943949440817814e+06
1.470880578153118678e-01	1.290083431506567635e+07	4.339662583957999349e+08	3.628305367858729553e+10	3.653193446811004542e+06
1.502051701523716420e-01	1.226689766030867212e+07	4.190060477344776988e+08	3.539463517962519836e+10	3.442491369805262424e+06
1.533883408048797858e-01	1.166377345061785728e+07	4.045313817734163404e+08	3.452426418151654816e+10	3.243917285277298186e+06
1.566389696906345663e-01	1.109013574529429339e+07	3.905283936524261832e+08	3.367166874857712173e+10	3.056798637137495913e+06
1.599584863947036695e-01	1.054493005694586225e+07	3.769903002855889797e+08	3.283693219953624725e+10	2.880630688480080105e+06
1.633483507981373095e-01	1.002668541342311166e+07	3.639010767157720923e+08	3.201966808118283844e+10	2.714754638849072158e+06
1.668100537200059019e-01	9.533634229673927650e+06	3.512376505996116400e+08	3.121912832393089294e+10	2.558386785475537181e+06
1.703451175730422984e-01	9.064693321797709912e+06	3.389899291193585992e+08	3.043520063037591934e+10	2.411052375709184445e+06
1.739550970331800450e-01	8.619006319337004796e+06	3.271506855870656967e+08	2.966789126090707779e+10	2.272322584289231338e+06
1.776415797232799298e-01	8.195347403850679286e+06	3.157065798627834916e+08	2.891692774974147797e+10	2.141686082551622763e+06
1.814061869113461622e-01	7.792287444426277652e+06	3.046367974005653858e+08	2.818157611676881790e+10	2.018531271901848493e+06
1.852505742235391883e-01	7.408941587686520070e+06	2.939334848790751100e+08	2.746177815138024139e+10	1.902483718082250794e+06
1.891764323722997243e-01	7.044614199107071385e+06	2.835887365552316904e+08	2.675741104047641373e+10	1.793212166016003815e+06
1.931854878999012814e-01	6.698284442540360615e+06	2.735909896865702868e+08	2.606824431154312515e+10	1.690296225826757727e+06
1.972795039377621684e-01	6.368796853059443645e+06	2.639225963147304058e+08	2.539366011606188583e+10	1.593274155042982660e+06
2.014602809818480389e-01	6.055428622217718512e+06	2.545763141389195621e+08	2.473359732341012192e+10	1.501840844942822587e+06
2.057296576845067948e-01	5.757614520911892876e+06	2.455454176213844419e+08	2.408792961953986359e+10	1.415740912279953714e+06
2.100895116630852322e-01	5.474504990874219686e+06	2.368190619220741689e+08	2.345639234747438049e+10	1.334644412642804673e+06
2.145417603256798700e-01	5.205165833329150453e+06	2.283822347242824137e+08	2.283844354568910599e+10	1.258181386396585265e+06
2.190883617143895290e-01	4.949006633225428872e+06	2.202281351195617318e+08	2.223400751508391571e+10	1.186122076320517343e+06
2.237313153664367560e-01	4.705567978063243441e+06	2.123515504251928031e+08	2.164302410420199203e+10	1.118259172405627323e+06
2.284726631935388719e-01	4.474143318225072697e+06	2.047419557019816041e+08	2.106516726611226273e+10	1.054330961123347748e+06
2.333144903799153069e-01	4.253977354381328449e+06	1.973867094378003180e+08	2.049996640738636780e+10	9.940543228146596812e+05
2.382589262993237145e-01	4.044587828033229802e+06	1.902794381937315762e+08	1.994731335566955948e+10	9.372370892093140865e+05
2.433081454515323150e-01	3.845601210968195926e+06	1.834161718218660355e+08	1.940722280158352280e+10	8.837331937545527471e+05
2.484643684186368384e-01	3.656430275861186441e+06	1.767869538530836105e+08	1.887932316533661270e+10	8.333201328547175508e+05
2.537298628416438939e-01	3.476464354490899015e+06	1.703808835363621712e+08	1.836319312972664642e+10	7.857843134115528082e+05
2.591069444177515613e-01	3.305309546480967198e+06	1.641925568218580186e+08	1.785874883198011017e+10	7.409742537748831091e+05
2.645979779187619951e-01	3.142662067389592528e+06	1.582181439970275760e+08	1.736596765967208099e+10	6.987693367118670139e+05
2.702053782310787078e-01	2.988034146780471317e+06	1.524489934738264978e+08	1.688452667064682388e+10	6.590017890303765889e+05
2.759316114177428059e-01	2.840932054521995597e+06	1.468754813552761078e+08	1.641402151256216431e+10	6.214952902059345506e+05
2.817791958029755572e-01	2.701034057896271814e+06	1.414929516897177994e+08	1.595437941131303024e+10	5.861404555455363588e+05
2.877507030797054055e-01	2.568093051870185882e+06	1.362978500926672816e+08	1.550555799874629402e+10	5.528362550275494577e+05
2.938487594405665426e-01	2.441704083270157222e+06	1.312825770172509253e+08	1.506726351399350357e+10	5.214501823892301181e+05
3.000760467328633108e-01	2.321467974634663668e+06	1.264387151378835887e+08	1.463912007069069672e+10	4.918480672666694154e+05
3.064353036380134121e-01	2.207121959238323849e+06	1.217622772290073484e+08	1.422106161068110847e+10	4.639389889586177887e+05
3.129293268759847368e-01	2.098464943722508382e+06	1.172498712563441396e+08	1.381301545233627129e+10	4.376470723300463869e+05
3.195609724352570513e-01	1.995160951252606465e+06	1.128949121654930115e+08	1.341473078730690002e+10	4.128664349339119508e+05
3.263331568288500573e-01	1.896887238949035760e+06	1.086900479999473840e+08	1.302585938862576485e+10	3.894898804186206544e+05
3.332488583769670498e-01	1.803429201956439530e+06	1.046315677623033971e+08	1.264631243492126274e+10	3.674491055920187500e+05
3.403111185168231634e-01	1.714623140619982500e+06	1.007168640510340929e+08	1.227607158979961967e+10	3.466826085963610094e+05
3.475230431402304698e-01	1.630190462422961835e+06	9.693983338632336259e+07	1.191486802777189255e+10	3.271066301753412699e+05
3.548878039595292910e-01	1.549870217014571186e+06	9.329416095983548462e+07	1.156238620776720047e+10	3.086395385339194909e+05
3.624086399024666338e-01	1.473487141229384579e+06	8.977627902610480785e+07	1.121851285626765442e+10	2.912225097234661225e+05
3.700888585366366446e-01	1.400907931965747382e+06	8.638445385095050931e+07	1.088329171620477486e+10	2.748135877466445090e+05
3.779318375241043637e-01	1.331901703642811626e+06	8.311258384539018571e+07	1.055638443620178223e+10	2.593407897167297197e+05
3.859410261068597081e-01	1.266257464144303929e+06	7.995564722803588212e+07	1.023756345013727379e+10	2.447423888797196269e+05
3.941199466237500504e-01	1.203832087901584571e+06	7.691048896332697570e+07	9.926717955113838196e+09	2.309736761815603240e+05
4.024721960595590287e-01	1.144516979289547307e+06	7.397533732356879115e+07	9.623846789119989395e+09	2.179990433810816321e+05
4.110014476269163164e-01	1.088120900314369937e+06	7.114505379053735733e+07	9.328681735156328201e+09	2.057633744932809204e+05
4.197114523817274123e-01	1.034473244866671390e+06	6.841497906050102413e+07	9.040961971519813538e+09	1.942174680740493059e+05
4.286060408728412652e-01	9.834571357737834333e+05	6.578266388381060958e+07	8.760627819005920410e+09	1.833261845791338128e+05
4.376891248266767120e-01	9.349840772255676566e+05	6.324623310408877581e+07	8.487642194764204025e+09	1.730616059960536077e+05
4.469646988675492483e-01	8.888957506675533950e+05	6.080123579906725138e+07	8.221751330330368996e+09	1.633798911420009390e+05
4.564368422744575216e-01	8.450542023607846349e+05	5.844376835082083941e+07	7.962748408418339729e+09	1.542425062810812087e+05
4.661097207750954374e-01	8.033639941075167153e+05	5.617134616108091176e+07	7.710517463378751755e+09	1.456219036465243844e+05
4.759875883778879602e-01	7.637529795835636323e+05	5.398265688830879331e+07	7.465061546503202438e+09	1.374963109942847805e+05
4.860747892428489703e-01	7.260901661861651810e+05	5.187357888145247847e+07	7.226128222106934547e+09	1.298304363059851021e+05
4.963757595920870180e-01	6.902639960609441623e+05	4.984062934548978508e+07	6.993500390303272247e+09	1.225945924740829214e+05
5.068950296608012440e-01	6.561965411765208701e+05	4.788193438669912517e+07	6.767127524894737244e+09	1.157671342538308672e+05
5.176372256896176749e-01	6.238289611401999136e+05	4.599600784225992113e+07	6.546960608882257462e+09	1.093301350605331245e+05
5.286070719591531297e-01	5.930529299219485838e+05	4.417939636035931110e+07	6.332791222154639244e+09	1.032567486867937405e+05
5.398093928676924724e-01	5.637782296116797952e+05	4.242911833255485445e+07	6.124427957132331848e+09	9.752287381494842703e+04
5.512491150528981976e-01	5.359412328033891972e+05	4.074327109615669399e+07	5.921780536066465378e+09	9.211120850170150516e+04
5.629312695584811621e-01	5.094939318123027915e+05	3.912093597810596228e+07	5.724864190796057701e+09	8.700913202126297983e+04
5.748609940467923618e-01	4.843467920604448300e+05	3.755873221288706362e+07	5.533427904238406181e+09	8.219352077050345542e+04
5.870435350582976497e-01	4.604268482798541081e+05	3.605418707605411112e+07	5.347317886454689980e+09	7.764650294347215095e+04
5.994842503189414806e-01	4.376821511208309676e+05	3.460574287186569721e+07	5.166461414740023613e+09	7.335472283719878760e+04
6.121886110964055439e-01	4.160735167451165617e+05	3.321234957882371545e+07	4.990834583406663895e+09	6.930705991690566589e+04
6.251622046063020077e-01	3.955269799196855165e+05	3.187119338146280125e+07	4.820227935913295746e+09	6.548619620651128935e+04
6.384107364693620834e-01	3.759835239800317213e+05	3.058007396823907271e+07	4.654486691452464104e+09	6.187775755325835780e+04
6.519400332206916060e-01	3.574007366331769153e+05	2.933761423026131839e+07	4.493534889289863586e+09	5.847102287657848501e+04
6.657560448722088520e-01	3.397466222901743604e+05	2.814290165312961489e+07	4.337348925317819595e+09	5.525762114290316094e+04
6.798648475293831428e-01	3.229601101782203768e+05	2.699343250255331770e+07	4.185729567836997509e+09	5.222363823058176786e+04
6.942726460634290886e-01	3.069934607797866338e+05	2.588735561069726944e+07	4.038546372780277729e+09	4.935771179659775225e+04
7.089857768401280902e-01	2.918120498247168725e+05	2.482340646305714920e+07	3.895724942622375011e+09	4.665135378419546032e+04
7.240107105064845783e-01	2.773897403303686879e+05	2.380085462186696008e+07	3.757250569616100311e+09	4.409833342732381425e+04
7.393540548364295750e-01	2.636761344892853522e+05	2.281745085707657039e+07	3.622933805262068272e+09	4.168705686092669202e+04
7.550225576368376768e-01	2.506326106962797639e+05	2.187160716647548229e+07	3.492654958325886726e+09	3.940889154112200777e+04
7.710231097151263313e-01	2.382309036869680858e+05	2.096223997944480553e+07	3.366348260745185375e+09	3.725726856906651665e+04
7.873627479097432547e-01	2.264496542077753984e+05	2.008869821597604081e+07	3.243995992701733112e+09	3.522709395616914117e+04
8.040486581848822478e-01	2.152472934510454943e+05	1.924898136653911322e+07	3.125417200138203621e+09	3.330908164944426244e+04
8.210881787907730045e-01	2.045925721828818496e+05	1.844173641797992960e+07	3.010501806593672752e+09	3.149672792562907125e+04
8.384888034909533383e-01	1.944624178809453733e+05	1.766594909678711742e+07	2.899168063121078968e+09	2.978457498370271787e+04
8.562581848579297050e-01	1.848393634784690803e+05	1.692110619772979990e+07	2.791410703881708622e+09	2.816867489698721329e+04
8.744041376386801900e-01	1.756891529313171341e+05	1.620540688859885745e+07	2.687051804925462246e+09	2.664170485528017525e+04
8.929346421914835519e-01	1.669864869320614380e+05	1.551771008458815888e+07	2.585999549459097862e+09	2.519853186610105331e+04
9.118578479955742333e-01	1.587125355478939018e+05	1.485717755872910656e+07	2.488193337113990784e+09	2.383480131090742361e+04
9.311820772351820930e-01	1.508530130831684510e+05	1.422330380563092977e+07	2.393613767735358715e+09	2.254745169214552880e+04
9.509158284595223831e-01	1.433796948731826269e+05	1.361455504135333933e+07	2.302106728469080448e+09	2.133069516824846505e+04
9.710677803203476843e-01	1.362721038839328976e+05	1.302994340597937442e+07	2.213587707884720325e+09	2.018040580697196128e+04
9.916467953887124764e-01	1.295148706975274108e+05	1.246872393110335991e+07	2.127994508128931046e+09	1.909321101254718815e+04
1.012661924052612461e+00	1.230963068109775631e+05	1.193042816223984025e+07	2.045301378389883757e+09	1.806659089958554978e+04
1.034122408497234025e+00	1.169931694746614521e+05	1.141373624013858475e+07	1.965362988963862658e+09	1.709610510102995249e+04
1.056037686769547568e+00	1.111888814638048352e+05	1.091774866516456567e+07	1.888092324720429420e+09	1.617831392962412610e+04
1.078417396929040706e+00	1.056708984376918670e+05	1.044186649605714343e+07	1.813441593115234375e+09	1.531073474718853868e+04
1.101271381286411888e+00	1.004296531605725759e+05	9.985658952378368005e+06	1.741385386302596092e+09	1.449125907361361351e+04
1.124609690732098155e+00	9.544601616716140416e+04	9.547995861873444170e+06	1.671799411027315378e+09	1.371638372003318909e+04
1.148442589156521310e+00	9.070656412499939324e+04	9.128119746766757220e+06	1.604608745334820986e+09	1.298342345143725652e+04
1.172780557964020254e+00	8.620105872815390467e+04	8.725483791440617293e+06	1.539763415354826927e+09	1.229033983740296753e+04
1.197634300682437924e+00	8.192166646523719828e+04	8.339753089485600591e+06	1.477246573156265974e+09	1.163560038867097137e+04
1.223014747670394531e+00	7.785265190957259620e+04	7.969870811430850066e+06	1.416923799550778866e+09	1.101624794936693252e+04
1.248933060924324545e+00	7.398314261312260351e+04	7.615218436353616416e+06	1.358730234029807806e+09	1.043029194351081060e+04
1.275400638987373769e+00	7.030478298648455529e+04	7.275305116923664697e+06	1.302615735545470238e+09	9.876074719713809827e+03
1.302429121962336289e+00	6.681115622264493140e+04	6.949816790891065262e+06	1.248559928368660927e+09	9.352324341647439724e+03
1.330030396630823342e+00	6.348932681872232206e+04	6.637901630186459981e+06	1.196459927451508045e+09	8.856798944651589409e+03
1.358216601680917401e+00	6.033048558343196783e+04	6.338994408189662732e+06	1.146252074285302162e+09	8.387837058318806157e+03
1.387000133045610317e+00	5.732781310299949837e+04	6.052701795539015904e+06	1.097898994948654890e+09	7.944168296980652485e+03
1.416393649354382722e+00	5.447605254836237873e+04	5.778736104887455702e+06	1.051373904458731890e+09	7.524811900074751975e+03
1.446410077500298819e+00	5.176457550392314442e+04	5.516323806481628679e+06	1.006571504760437727e+09	7.127891895042891520e+03
1.477062618325094778e+00	4.918624217315494025e+04	5.264991866188103333e+06	9.634346335829923153e+08	6.752167218454842441e+03
1.508364752424737887e+00	4.673548712255891587e+04	5.024397231171937659e+06	9.219274215805369616e+08	6.396635761504998300e+03
1.540330246078020826e+00	4.440800242060799064e+04	4.794286456550749019e+06	8.820272943371325731e+08	6.060469268046442266e+03
1.572973157300799230e+00	4.219506082017797598e+04	4.574016734509031288e+06	8.436488843198575974e+08	5.742203234825804429e+03
1.606307842028519950e+00	4.009087309307872056e+04	4.363197508315617219e+06	8.067460264286479950e+08	5.440863011128818471e+03
1.640348960429783842e+00	3.809089708025679283e+04	4.161513704673048574e+06	7.712803608479727507e+08	5.155638051653405455e+03
1.675111483353698638e+00	3.619160216838707856e+04	3.968723398572486360e+06	7.372191831296900511e+08	4.885869292918833708e+03
1.710610698913865635e+00	3.438582629140668723e+04	3.784281210226785857e+06	7.044869983736417294e+08	4.630405597744353145e+03
1.746862219211904321e+00	3.266887322330163079e+04	3.607843342212379910e+06	6.730402473924063444e+08	4.388448481655935211e+03
1.783881987203444153e+00	3.103703593964099855e+04	3.439145054369892925e+06	6.428469868238859177e+08	4.159348699170387590e+03
1.821686283709640364e+00	2.948742036158133124e+04	3.278003467607692350e+06	6.138888047472623587e+08	3.942619607127687686e+03
1.860291734577268707e+00	2.801415285875598420e+04	3.123946312208842486e+06	5.860974945213702917e+08	3.737335968195607620e+03
1.899715317990559260e+00	2.661342173083695525e+04	2.976661120104418136e+06	5.594253891262065172e+08	3.542846433750219148e+03
1.939974371937992492e+00	2.528220129252928746e+04	2.835914203426073305e+06	5.338393966587681174e+08	3.358643068518156269e+03
1.981086601837313665e+00	2.401811954274746677e+04	2.701547625709305052e+06	5.093224451210102439e+08	3.184340114762540907e+03
2.023070088322156401e+00	2.281636233736246868e+04	2.573155892964144703e+06	4.858144429673171639e+08	3.019185319193609757e+03
2.065943295193674256e+00	2.167383411171354237e+04	2.450491624525798019e+06	4.632814689081990123e+08	2.862677892201509167e+03
2.109725077540682392e+00	2.058806511448639139e+04	2.333360808307622559e+06	4.416969218439606428e+08	2.714418515983397356e+03
2.154434690031884259e+00	1.955711139164134875e+04	2.221607508186882362e+06	4.210362636235517263e+08	2.574085763231510100e+03
2.200091795383838367e+00	1.857702991971181109e+04	2.114879689290916082e+06	4.012430564382919073e+08	2.441077064958444225e+03
2.246716473008353532e+00	1.764530492537353348e+04	2.012968951405427186e+06	3.822875707437636852e+08	2.314999785695752053e+03
2.294329227843169949e+00	1.675992018325092067e+04	1.915711578546595527e+06	3.641474437168949246e+08	2.195530462186601653e+03
2.342950999369765697e+00	1.591928304942213072e+04	1.822986452024160186e+06	3.468075403079947829e+08	2.082416586399350763e+03
2.392603170822269476e+00	1.512016614412181298e+04	1.734491779174464755e+06	3.302170434520497322e+08	1.975175139362105483e+03
2.443307578591545681e+00	1.436052327876359232e+04	1.650037684135662625e+06	3.143432262351510525e+08	1.873497448819395458e+03
2.495086521828544068e+00	1.363870822349750051e+04	1.569485520038651535e+06	2.991659962820119262e+08	1.777132656698822530e+03
2.547962772251191943e+00	1.295341665993569768e+04	1.492729683221757179e+06	2.846713578519102931e+08	1.685871413734174666e+03
2.601959584159102334e+00	1.230200893497608922e+04	1.419522220300201327e+06	2.708191796952825785e+08	1.599326079622682073e+03
2.657100704660517732e+00	1.168281923845597885e+04	1.349708513874413213e+06	2.575837791155108213e+08	1.517248830645839917e+03
2.713410384115983121e+00	1.109450316571535950e+04	1.283158692322579445e+06	2.449415148945080638e+08	1.439436144527491706e+03
2.770913386803353973e+00	1.053599313157474353e+04	1.219779613487933297e+06	2.328783766241180301e+08	1.365723511248975228e+03
2.829635001808795014e+00	1.000513188808519772e+04	1.159363726175739663e+06	2.213601365446740091e+08	1.295803273374027867e+03
2.889601054148607684e+00	9.500561834531899876e+03	1.101785297063413775e+06	2.103670099539361000e+08	1.229477370406209957e+03
2.950837916126738403e+00	9.021184775249579616e+03	1.046938093342831009e+06	1.998807266062147915e+08	1.166583009808674888e+03
3.013372518932980082e+00	8.566127495340742826e+03	9.947325703473979374e+05	1.898838516189094186e+08	1.106989616428332965e+03
3.077232364486974792e+00	8.133628573288029656e+03	9.449933979676197050e+05	1.803465173579567969e+08	1.050449258453433004e+03
3.142445537533192557e+00	7.722580181815004835e+03	8.976151038140611490e+05	1.712518317330213487e+08	9.968028676084464905e+02
3.209040717992251324e+00	7.332084952739127402e+03	8.525133457607839955e+05	1.625863238651206791e+08	9.459220871798015651e+02
3.277047193573979555e+00	6.961429323321583070e+03	8.096145253425333649e+05	1.543359785517799854e+08	8.977014223946870288e+02
3.346494872657771680e+00	6.609176462783270836e+03	7.687637694871379063e+05	1.464715120880903900e+08	8.519395767713162968e+02
3.417414297445926952e+00	6.274421037636333494e+03	7.298729160054440144e+05	1.389785334916644692e+08	8.085101329268288737e+02
3.489836657395697816e+00	5.956429505892906491e+03	6.928714781808693660e+05	1.318457525332254171e+08	7.673099822642376466e+02
3.563793802936028321e+00	5.654619355564228499e+03	6.577009806973903906e+05	1.250629170277512968e+08	7.282558519818780951e+02
3.639318259474964901e+00	5.367819919771731293e+03	6.242285558222990949e+05	1.186035043881812245e+08	6.911866717829230993e+02
3.716443241703908829e+00	5.095290041416089480e+03	5.923777134518846869e+05	1.124540954571858793e+08	6.560002016998955696e+02
3.795202668205029717e+00	4.836429842158188876e+03	5.620895288009525975e+05	1.066051349315838367e+08	6.226136607681811483e+02
3.875631176368202979e+00	4.590764290542904746e+03	5.333169549784640549e+05	1.010487268709048778e+08	5.909610820971356588e+02
3.957764137624104617e+00	4.357340981557234045e+03	5.059499394023827626e+05	9.576272427176849544e+07	5.609119259553290249e+02
4.041637673000112230e+00	4.135551878461258639e+03	4.799216517840209417e+05	9.073442869348618388e+07	5.323827607777764115e+02
4.127288669005872102e+00	3.924906176887190213e+03	4.551830550927052391e+05	8.595580010409553349e+07	5.053072371253181814e+02
4.214754793855508552e+00	3.725016884388236122e+03	4.316956362830601865e+05	8.142048429374361038e+07	4.796329154472782648e+02
4.304074514033643162e+00	3.535110623456479971e+03	4.093685323162857094e+05	7.711008989960113168e+07	4.552561911818938825e+02
4.395287111212434539e+00	3.354687293497146129e+03	3.881439678630171693e+05	7.301306969542910159e+07	4.321097432930140485e+02
4.488432699527177050e+00	3.183345104065591840e+03	3.679811186260706163e+05	6.912265354896099865e+07	4.101403413267211135e+02
4.583552243217979161e+00	3.020769097296461496e+03	3.488479672281162930e+05	6.543348092925063521e+07	3.893058688290902865e+02
4.680687574645305382e+00	2.866332772237662994e+03	3.306696047329606954e+05	6.193023245379795134e+07	3.695221290620265790e+02
4.779881412687339015e+00	2.719623546908031130e+03	3.133973479213247192e+05	5.860305280342906713e+07	3.507334724846262475e+02
4.881177381527165515e+00	2.580312341526049750e+03	2.969971579169662436e+05	5.544622049852486700e+07	3.328969091891863741e+02
4.984620029838152888e+00	2.448142862540601072e+03	2.814422102526163799e+05	5.245509316777195036e+07	3.159788607151803035e+02
5.090254850375883322e+00	2.322609349346742874e+03	2.666704102557301521e+05	4.961671549504745752e+07	2.999128949126198904e+02
5.198128299985286915e+00	2.203370114419881702e+03	2.526416662134681246e+05	4.692311492682049423e+07	2.846543833558285996e+02
5.308287820031761584e+00	2.090155482257956464e+03	2.393277980089377379e+05	4.436953279345169663e+07	2.701686294068056782e+02
5.420781857265304815e+00	1.982756859387636723e+03	2.267058764795647585e+05	4.195175716009619832e+07	2.564282749560214256e+02
5.535659885126738011e+00	1.880767711727476581e+03	2.147245080031004327e+05	3.965881360786610097e+07	2.433789614322183184e+02
5.652972425505520704e+00	1.783903880226124784e+03	2.033513620397162158e+05	3.748458357532979548e+07	2.309838146530137237e+02
5.772771070958623518e+00	1.691944222159000446e+03	1.925630328526527446e+05	3.542506621094180644e+07	2.192147754512114091e+02
5.895108507400270703e+00	1.604718633744896351e+03	1.823392706710646453e+05	3.347619168638670072e+07	2.080499103782108818e+02
6.020038537272556667e+00	1.521902562288353465e+03	1.726384581377668073e+05	3.162901511420324072e+07	1.974471045748072129e+02
6.147616103207036886e+00	1.443258248346852952e+03	1.634346417191788205e+05	2.987893355800587684e+07	1.873763849929042635e+02
6.277897312187818990e+00	1.368604302159348663e+03	1.547081061294438259e+05	2.822246285696553439e+07	1.778147851755113606e+02
6.410939460226692255e+00	1.297801509348851823e+03	1.464398390498190711e+05	2.665525474974245578e+07	1.687432124472576902e+02
6.546801057561175696e+00	1.230593148106373974e+03	1.385987932086466171e+05	2.517108170852528885e+07	1.601283390708110517e+02
6.685541854386596761e+00	1.166778918161158117e+03	1.311633100319293444e+05	2.376616889526590332e+07	1.519451845916524917e+02
6.827222867133428963e+00	1.106209988191859793e+03	1.241157830989532085e+05	2.243706397576725483e+07	1.441749884510086304e+02
6.971906405301561804e+00	1.048771712976842082e+03	1.174396053883060667e+05	2.117982844863789529e+07	1.368027819910070377e+02
7.119656098863218929e+00	9.942637189324962037e+02	1.111124148740178207e+05	1.999041279199910909e+07	1.298035384212084580e+02
7.270536926246596643e+00	9.425158720319730037e+02	1.051152838832463021e+05	1.886540060887126625e+07	1.231559398943002179e+02
7.424615242912579127e+00	8.934060324924984116e+02	9.943126817862789903e+04	1.780094145742474496e+07	1.168433479907032648e+02
7.581958810536977289e+00	8.468388764638631301e+02	9.404889335796928208e+04	1.679474635621766374e+07	1.108534997486564180e+02
7.742636826811277295e+00	8.026610652290780763e+02	8.895155076983824256e+04	1.584392558093735389e+07	1.051674785727786343e+02
7.906719955874896399e+00	7.607266792724468587e+02	8.412074189619351819e+04	1.494463146654437296e+07	9.976675952516711732e+01
8.074280359392364659e+00	7.209354800077496748e+02	7.954325462868571049e+04	1.409400805898781866e+07	9.463862956290418538e+01
8.245391728289099831e+00	6.832071166206864063e+02	7.521073708089881984e+04	1.329067563750450499e+07	8.977343464182898458e+01
8.420129315159766037e+00	6.474277354303336551e+02	7.110976760798822215e+04	1.253204514633231051e+07	8.515668709593187202e+01
8.598569967363353328e+00	6.134707686945513387e+02	6.722353893638652517e+04	1.181448419926041365e+07	8.077146736041741804e+01
8.780792160819700598e+00	5.812539644125732821e+02	6.354298231377076445e+04	1.113637450368758477e+07	7.660760081765943141e+01
8.966876034522190508e+00	5.507083511272062424e+02	6.006054503033292713e+04	1.049638253652941808e+07	7.265673683895266777e+01
9.156903425781846906e+00	5.217534399069837718e+02	5.676493765734387125e+04	9.891964526969626546e+06	6.890857605339930103e+01
9.350957906218383187e+00	4.942780312269089222e+02	5.364333118642759655e+04	9.320710499842002988e+06	6.534933999971580931e+01
9.549124818513869073e+00	4.682146795346575345e+02	5.068860967595267721e+04	8.781419908384891227e+06	6.197082587381822094e+01
9.751491313945386707e+00	4.435038015287665871e+02	4.789221516124826303e+04	8.272144784853460267e+06	5.876474087793718581e+01
9.958146390713055851e+00	4.200903442447071825e+02	4.524757712231266487e+04	7.791601095958481543e+06	5.572405379469579145e+01
1.016918093308028581e+01	3.978782062012463143e+02	4.274428411303224857e+04	7.337975357423419133e+06	5.283695631445703356e+01
1.038468775134352740e+01	3.768111016758692244e+02	4.037454884966537065e+04	6.909553711839605123e+06	5.009626471621874089e+01
1.060476162264905220e+01	3.568388811753478080e+02	3.813216847309154400e+04	6.505086688717488199e+06	4.749580184853152787e+01
1.082949933267470577e+01	3.379205727554323175e+02	3.601311166733194841e+04	6.123949499776876532e+06	4.503075459010185710e+01
1.105899971819510696e+01	3.199798109253403027e+02	3.400768764122208813e+04	5.764158814755890518e+06	4.269095478511378872e+01
1.129336371054865928e+01	3.029668939647323214e+02	3.210957984007125560e+04	5.424418349110602401e+06	4.046979336633744850e+01
1.153269438002595848e+01	2.868400309323197348e+02	3.031466268262097947e+04	5.104083463444874622e+06	3.836237953548104684e+01
1.177709698119876869e+01	2.715663268299649644e+02	2.861832825159963613e+04	4.802137331248171628e+06	3.636456854834261065e+01
1.202667899920963279e+01	2.570897120343564097e+02	2.701375017647566347e+04	4.517234832804809324e+06	3.446934358628637796e+01
1.228155019704247053e+01	2.433643655702766182e+02	2.549626897060046394e+04	4.248617541122707538e+06	3.267115743462504440e+01
1.254182266379493349e+01	2.303556861282978616e+02	2.406103378323774814e+04	3.995221148767308332e+06	3.096512395302896792e+01
1.280761086397376225e+01	2.180349264964562792e+02	2.270460831106350815e+04	3.756379787022226490e+06	2.934749514720661523e+01
1.307903168783481007e+01	2.063657772047273511e+02	2.142323944357029541e+04	3.531467393133160193e+06	2.781393369764452927e+01
1.335620450278989146e+01	1.953044194496598891e+02	2.021119932338202489e+04	3.319294907090900466e+06	2.635882515859478303e+01
1.363925120590300821e+01	1.848223464260694016e+02	1.906521279049960867e+04	3.119249846875976771e+06	2.497870122280592753e+01
1.392829627749924271e+01	1.748937270789937486e+02	1.798267409292051161e+04	2.930906888803150970e+06	2.367043158406783832e+01
1.422346683590943783e+01	1.654966029904482241e+02	1.696024666324268401e+04	2.753503842817150988e+06	2.243072106941627197e+01
1.452489269337533528e+01	1.565922458177716692e+02	1.599387074534238855e+04	2.586351175873059779e+06	2.125474859651863113e+01
1.483270641313931115e+01	1.481557693658458561e+02	1.508063341298764135e+04	2.428898303858498577e+06	2.013944957693193416e+01
1.514704336774399174e+01	1.401653827680846689e+02	1.421758909367403976e+04	2.280522289649570361e+06	1.908205635824733548e+01
1.546804179856737527e+01	1.326033299613500844e+02	1.340304485308379844e+04	2.140962464800782967e+06	1.808051861988545994e+01
1.579584287661962527e+01	1.254439940576464068e+02	1.263389646913110482e+04	2.009616097333515529e+06	1.713136247057328987e+01
1.613059076462826624e+01	1.186622330117016730e+02	1.190700004044394700e+04	1.885856769789542072e+06	1.623112809460555894e+01
1.647243268043913034e+01	1.122399958168820717e+02	1.122067240465963187e+04	1.769433048488737550e+06	1.537773215594861753e+01
1.682151896176083383e+01	1.061607680946329424e+02	1.057255663029581956e+04	1.659834582254153444e+06	1.456902923031291230e+01
1.717800313228151410e+01	1.004106474443028674e+02	9.961209980873645691e+03	1.556815209829059662e+06	1.380340448153366850e+01
1.754204196918641045e+01	9.496615422741025725e+01	9.384033378706833901e+03	1.459909221260288265e+06	1.307778491189405834e+01
1.791379557210657580e+01	8.981124978221930633e+01	8.838917450842580365e+03	1.368684214290988166e+06	1.238985336333886877e+01
1.829342743352862044e+01	8.493199646123824209e+01	8.324540406594742308e+03	1.282935731179395923e+06	1.173795581060666748e+01
1.868110451069663469e+01	8.031594170975466795e+01	7.839253449991284469e+03	1.202325943444126751e+06	1.112051294225518561e+01
1.907699729903783492e+01	7.595101982156600684e+01	7.381674421275064560e+03	1.126597765101664932e+06	1.053606948703000157e+01
1.948127990714428748e+01	7.181921578408262974e+01	6.949900719146935444e+03	1.055424859893305227e+06	9.982299003353604760e+00
1.989413013334363711e+01	6.790899160615016683e+01	6.542404754305264760e+03	9.884953672833127202e+05	9.457493622834606484e+00
2.031572954389253738e+01	6.420954454404110834e+01	6.158140475568256988e+03	9.256426978414743207e+05	8.960339949472196253e+00
2.074626355282718393e+01	6.071098801779680798e+01	5.795855243822379634e+03	8.666191603195888456e+05	8.489600710159933783e+00
2.118592150350598402e+01	5.740440871973959958e+01	5.454516710546494323e+03	8.112313984039712232e+05	8.044211213022673945e+00
2.163489675188052530e+01	5.427560602203910634e+01	5.132632967289427143e+03	7.592253277640844462e+05	7.622312226233836974e+00
2.209338675153079734e+01	5.131590764115032499e+01	4.829068969319976532e+03	7.103731184373033466e+05	7.222602660687890364e+00
2.256159314050291798e+01	4.851690064016769810e+01	4.543037748715081761e+03	6.645528863587421365e+05	6.844080246936425915e+00
2.303972182998693796e+01	4.587081655184093876e+01	4.273506842327307822e+03	6.215565818487249780e+05	6.485748384704367986e+00
2.352798309487394945e+01	4.337088492345337443e+01	4.019768592666285713e+03	5.812627059765236918e+05	6.146810853934575825e+00
2.402659166623228870e+01	4.100700274696885117e+01	3.780725557868664964e+03	5.434790865432311548e+05	5.825903527621656863e+00
2.453576682574353285e+01	3.877184119811541052e+01	3.555466853254930811e+03	5.080301068193442188e+05	5.521947535820807218e+00
2.505573250213976877e+01	3.665885299565708522e+01	3.343381015754013333e+03	4.748211936656834441e+05	5.234180868762347671e+00
2.558671736968459953e+01	3.466185757971086900e+01	3.143631595705186101e+03	4.436842226671010721e+05	4.961804237836766163e+00
2.612895494874115698e+01	3.277506686803521774e+01	2.955683539896850107e+03	4.145365279934455175e+05	4.704144472748330585e+00
2.668268370847132687e+01	3.099349604624427457e+01	2.778902237285051797e+03	3.872550979685579659e+05	4.460438229283593792e+00
2.724814717171165412e+01	2.930957742856864101e+01	2.612492956482708450e+03	3.617048703433254268e+05	4.229673486120063330e+00
2.782559402207125743e+01	2.771833595735708045e+01	2.455888967779835184e+03	3.377836696027129656e+05	4.011249644242606216e+00
2.841527821329990999e+01	2.621495567524540249e+01	2.308535730169634007e+03	3.153907051336705335e+05	3.804577356775878272e+00
2.901745908097360527e+01	2.479486739722689137e+01	2.169984955590035952e+03	2.944533763753423118e+05	3.609069454907600782e+00
2.963240145654703639e+01	2.345376307727595133e+01	2.039669293054886793e+03	2.748615419716023025e+05	3.424035502180279078e+00
3.026037578382308624e+01	2.218777495755432483e+01	1.917244180506360863e+03	2.565633982479239930e+05	3.249037897067525549e+00
3.090165823789054755e+01	2.099259894976696117e+01	1.802162534473314508e+03	2.394554213816365518e+05	3.083524059272939155e+00
3.155653084658241525e+01	1.986388225386793493e+01	1.694007799277112099e+03	2.234716998713678331e+05	2.926971807270537962e+00
3.222528161450811979e+01	1.879810414347777581e+01	1.592357378755956006e+03	2.085349347240242350e+05	2.778841816703459422e+00
3.290820464971425707e+01	1.779191650871254637e+01	1.496867152158703220e+03	1.945875334477538418e+05	2.638688567442525557e+00
3.360560029302952501e+01	1.684213849621366066e+01	1.407160237517572568e+03	1.815614983686972701e+05	2.506120431079695177e+00
3.431777525015100849e+01	1.594574788581066827e+01	1.322925829560956572e+03	1.694050654127136222e+05	2.380781440604203603e+00
3.504504272652905428e+01	1.509987692708324047e+01	1.243849297141465968e+03	1.580640651530965406e+05	2.262258780849254247e+00
3.578772256511129513e+01	1.430180736419227472e+01	1.169618008226268557e+03	1.474831551118208445e+05	2.150149224427115868e+00
3.654614138700539883e+01	1.354897989922291579e+01	1.099990161938532765e+03	1.376245455636309052e+05	2.044164228783981407e+00
3.732063273512289925e+01	1.283898809338279001e+01	1.034658576321989131e+03	1.284314538803112519e+05	1.943995385320805402e+00
3.811153722086707774e+01	1.216925273074035907e+01	9.733829544818880777e+02	1.198669978289602732e+05	1.849312749356246899e+00
3.891920267392951160e+01	1.153757513519284572e+01	9.158990092253881130e+02	1.118841246813595935e+05	1.759767345792150106e+00
3.974398429526115706e+01	1.094188924526952356e+01	8.620016332724818540e+02	1.044499461689217133e+05	1.675110228911760091e+00
4.058624481328516254e+01	1.038023677100492392e+01	8.114691665766251845e+02	9.752631025483552366e+04	1.595105967543178682e+00
4.144635464342010778e+01	9.850763417164102975e+00	7.641134962814519440e+02	9.108276810095841938e+04	1.519518716508819312e+00
4.232469205098434628e+01	9.351712767438350227e+00	7.197371861301592162e+02	8.508573761375177128e+04	1.448080315225999781e+00
4.322164331755172384e+01	8.881422849525961283e+00	6.781721839682500104e+02	7.950822728792842827e+04	1.380572374497482491e+00
4.413760291083362119e+01	8.438321514124979217e+00	6.392415728588541697e+02	7.432037922662864730e+04	1.316803579260045431e+00
4.507297365816076251e+01	8.020922142005687761e+00	6.027949250690116969e+02	6.949810469056379225e+04	1.256595189382543998e+00
4.602816692364147144e+01	7.627819397798347723e+00	5.686779694503882183e+02	6.501585083799123822e+04	1.199734792389580251e+00
4.700360278907441369e+01	7.257685197569719193e+00	5.367538262870120889e+02	6.085166117331833084e+04	1.146036894079776491e+00
4.799971023869517950e+01	6.909263854696046536e+00	5.068890771514256244e+02	5.698397936689347989e+04	1.095349558319594907e+00
4.901692734783804895e+01	6.581369060057664200e+00	4.789571681954165001e+02	5.339230168857438548e+04	1.047528042206511190e+00
5.005570147559598126e+01	6.272879203079271271e+00	4.528467269843603162e+02	5.005932255893724505e+04	1.002419611693837753e+00
5.111648946156338980e+01	5.982761441928566626e+00	4.284400697908594111e+02	4.696558568788966659e+04	9.598625307532804296e-01
5.219975782674825382e+01	5.710187789377696888e+00	4.056625068535358878e+02	4.410004481580332504e+04	9.197635969087386565e-01
5.330598297874255564e+01	5.454160830997428100e+00	3.843953697269135432e+02	4.144297807057051250e+04	8.819928445324104471e-01
5.443565142123959077e+01	5.213766857456861636e+00	3.645599919420054675e+02	3.898322381314570521e+04	8.464451046210316187e-01
5.558925996799251124e+01	4.988150967400092561e+00	3.460549976810244743e+02	3.670412428891837772e+04	8.129777084511876639e-01
5.676731596130657209e+01	4.776505637592787679e+00	3.288066509550113778e+02	3.459494174606710294e+04	7.814896564103992471e-01
5.797033749516177181e+01	4.578064818822292992e+00	3.127332272393447283e+02	3.264294506330813965e+04	7.518837612192124098e-01
5.919885364306400533e+01	4.392349273364740903e+00	2.977800157633149638e+02	3.083924356043153239e+04	7.241017519368612154e-01
6.045340469072480261e+01	4.218870887657365287e+00	2.839045698572580818e+02	2.917775627594122489e+04	6.980898391461436425e-01
6.173454237367209174e+01	4.056800459414006355e+00	2.710138580924138410e+02	2.764396540182468743e+04	6.737122960913853875e-01
6.304283011989645757e+01	3.905466405207063563e+00	2.590464198216247382e+02	2.622912365370255793e+04	6.508865638486222016e-01
6.437884329763940627e+01	3.764704839758669763e+00	2.479833455224373893e+02	2.493004662273077702e+04	6.295991897612984722e-01
6.574316946843353549e+01	3.634067230917743530e+00	2.377711315715937701e+02	2.373818440376948638e+04	6.097921800470104126e-01
6.713640864550379206e+01	3.512760749608959898e+00	2.283382525579376079e+02	2.264363030998227623e+04	5.913608827859024863e-01
6.855917355764610477e+01	3.400867788142856174e+00	2.196876131973211557e+02	2.164620978109847420e+04	5.743209262136924620e-01
7.001208991869765441e+01	3.297856897592942538e+00	2.117618407971195040e+02	2.073727539188393712e+04	5.585905045833017279e-01
7.149579670271769771e+01	3.203314427231526818e+00	2.045206719987795054e+02	1.991102382033548929e+04	5.441197172807380467e-01
7.301094642500031284e+01	3.117336111825754319e+00	1.979688264532341577e+02	1.916759025340073276e+04	5.309302523129619811e-01
7.455820542904223203e+01	3.039330816333992935e+00	1.920481869312235972e+02	1.849869944780779770e+04	5.189431188823767638e-01
7.613825417959219521e+01	2.969485587184163666e+00	1.867696190128717149e+02	1.790517502997495831e+04	5.081909726775758473e-01
7.775178756191070306e+01	2.907504913458653917e+00	1.821021621968724560e+02	1.738242978748722817e+04	4.986344438132110923e-01
7.939951518737163383e+01	2.853251992102819212e+00	1.780285709461632280e+02	1.692764957625724492e+04	4.902574761126620162e-01
8.108216170554010205e+01	2.807096339153531961e+00	1.745756773552528500e+02	1.654374798705577632e+04	4.831180332352970064e-01
8.280046712286477373e+01	2.768764637554527841e+00	1.717144560004015545e+02	1.622639585461057322e+04	4.771824650666032230e-01
8.455518712812224180e+01	2.738421594108756185e+00	1.694535159456709721e+02	1.597609469427688964e+04	4.724799270568537102e-01
8.634709342475994731e+01	2.716357928788115661e+00	1.678120635508009570e+02	1.579468213097084299e+04	4.690579679011016578e-01
8.817697407028136070e+01	2.702906125052475073e+00	1.668125523544098598e+02	1.568436705806999998e+04	4.669704122326935880e-01
9.004563382282356088e+01	2.698468226481110843e+00	1.664830459788419432e+02	1.564802920456960965e+04	4.662814595527172146e-01
9.195389449507966617e+01	2.703567507330507880e+00	1.668616699198625213e+02	1.568978507086520767e+04	4.670730764317500006e-01
9.390259531572145590e+01	2.718900303706375254e+00	1.680010833306643576e+02	1.581555773273404156e+04	4.694524005135763400e-01
9.589259329848152902e+01	2.745333751255858434e+00	1.699682197366675211e+02	1.603303523169494474e+04	4.735515016447716663e-01
9.792476361905691817e+01	2.783888099218259971e+00	1.728427042578944679e+02	1.635146067977708481e+04	4.795249284534923162e-01
