# Data associated with arXiv:2208.14002
# 
# Scale-free J-factor angular distribution, J_S(theta), of a nfw1-7rhos4e3_truncated dark matter distribution (see Eq. 2.4 and the surrounding discussion)
# 
# Published: 8/25/22, Jack Runburg and Kenny Kiriu, contact: runburg@hawaii.edu
# 
# 
# -----------------------------------------------------------------
# 
# 	 tilde theta 		 | 	 tilde J s-wave 		 | 	 tilde J p-wave 		 | 	 tilde J d-wave 		 | 	 tilde J sommerfeld 
# 
# -----------------------------------------------------------------
1.000000000000000021e-03	1.641077215203499756e+12	6.581811129035468750e+12	2.841154071820455625e+14	1.528726453746222656e+12
1.021192151037671062e-03	1.600322548594729248e+12	6.468868933558693359e+12	2.811997533298401562e+14	1.486094809675200684e+12
1.042833409340945643e-03	1.558784629590862305e+12	6.353549578601031250e+12	2.782176828823579062e+14	1.442674575579409912e+12
1.064933292458827233e-03	1.516484620122260010e+12	6.235887916356314453e+12	2.751695281838873750e+14	1.398491491626185791e+12
1.087501519637659123e-03	1.473448859948958008e+12	6.115930589758056641e+12	2.720558651958745312e+14	1.353577119735224609e+12
1.110548016095517111e-03	1.429709625617463379e+12	5.993737587303018555e+12	2.688775501929966875e+14	1.307969696788247803e+12
1.134082917387199208e-03	1.385306030684616699e+12	5.869384562185432617e+12	2.656357631540753438e+14	1.261715148468811279e+12
1.158116573861711456e-03	1.340285112372523193e+12	5.742965119221358398e+12	2.623320595830737500e+14	1.214868314855304932e+12
1.182659555214217667e-03	1.294703154078077637e+12	5.614593845496737305e+12	2.589684332570725312e+14	1.167494445341518066e+12
1.207722655134462354e-03	1.248627334199209961e+12	5.484410012426329102e+12	2.555473935089621562e+14	1.119671066206069580e+12
1.233316896053688856e-03	1.202137819160826904e+12	5.352582248780825195e+12	2.520720624377972188e+14	1.071490357383763916e+12
1.259453533992170365e-03	1.155330502561731445e+12	5.219314622528402344e+12	2.485463005008260938e+14	1.023062270819466064e+12
1.286144063509461061e-03	1.108320717086676758e+12	5.084854750545191406e+12	2.449748744929119688e+14	9.745187691092700195e+11
1.313400222759557485e-03	1.061248512442224854e+12	4.949505569227166992e+12	2.413636926365728438e+14	9.260198715740112305e+11
1.341233998653187541e-03	1.014286657213009766e+12	4.813642364604140625e+12	2.377201569982388438e+14	8.777628551456977539e+11
1.369657632129505243e-03	9.676541615700451660e+11	4.677741819079326172e+12	2.340537413493958438e+14	8.299978480357987061e+11
1.398683623539492566e-03	9.216425751126933594e+11	4.542438285198905273e+12	2.303771108504356562e+14	7.830583309019964600e+11
1.428324738143458596e-03	8.766902629128781738e+11	4.408679261846500000e+12	2.267091763558023750e+14	7.374476106125744629e+11
1.458594011725036863e-03	8.336422534793992920e+11	4.278268402427686035e+12	2.230857035536677500e+14	6.941420233166605225e+11
1.489504756324154782e-03	7.927251515673182373e+11	4.151749075574513184e+12	2.195187355857048438e+14	6.533852371408496094e+11
1.521070566091505720e-03	7.538305500939562988e+11	4.028996801212725586e+12	2.160072790685882188e+14	6.150346737163372803e+11
1.553305323267072666e-03	7.168247320361700439e+11	3.909836975801376953e+12	2.125490804338180938e+14	5.789098643901173096e+11
1.586223204285366938e-03	6.816264826948188477e+11	3.794170810817340332e+12	2.091436709185104062e+14	5.448944176722836304e+11
1.619838686010041055e-03	6.481712899117520752e+11	3.681964598563924805e+12	2.057915357960406875e+14	5.128929803069398804e+11
1.654166552100628336e-03	6.163687346284982910e+11	3.573098226208258301e+12	2.024915921369178125e+14	4.827805043633467407e+11
1.689221899514206692e-03	5.861106985114105225e+11	3.467405055173742676e+12	1.992416380105586875e+14	4.544172122058142700e+11
1.725020145144853453e-03	5.573308319833912354e+11	3.364827062070313477e+12	1.960415290707645312e+14	4.277113005077271729e+11
1.761577032603788440e-03	5.299767415165690918e+11	3.265301537497374512e+12	1.928914035750278750e+14	4.025866201276354980e+11
1.798908639143220224e-03	5.039730743762646484e+11	3.168742882684097168e+12	1.897903974339055000e+14	3.789453097834447021e+11
1.837031382726912916e-03	4.792324104718491821e+11	3.075000127648833984e+12	1.867364629273950312e+14	3.566779060211072998e+11
1.875962029250603357e-03	4.557005465082615356e+11	2.984008670057263672e+12	1.837293072090268750e+14	3.357111171199305420e+11
1.915717699915417882e-03	4.333349194775491943e+11	2.895741699936049805e+12	1.807693686675681250e+14	3.159880190581144409e+11
1.956315878757565116e-03	4.120727747498083496e+11	2.810087888430355957e+12	1.778554427412783125e+14	2.974278246519845581e+11
1.997774420337589726e-03	3.918434290547407837e+11	2.726941051862187500e+12	1.749858967688668750e+14	2.799469101370494995e+11
2.040111557592579582e-03	3.726026025284576416e+11	2.646230915594823730e+12	1.721603284336285625e+14	2.634881613499312744e+11
2.083345909854779961e-03	3.543157093242310181e+11	2.567931997064392578e+12	1.693791554358086250e+14	2.480046688940673828e+11
2.127496491040134757e-03	3.369305201037412720e+11	2.491960910401191406e+12	1.666413483987928125e+14	2.334355138002420959e+11
2.172582718010372237e-03	3.203898846120993042e+11	2.418198905026473145e+12	1.639451351406765938e+14	2.197125054265740356e+11
2.218624419112281976e-03	3.046576307095395508e+11	2.346611900753767578e+12	1.612904748638654688e+14	2.067928121887142334e+11
2.265641842897974604e-03	2.897056465971486816e+11	2.277156268915158203e+12	1.586774898747689688e+14	1.946395080589511719e+11
2.313655667029933423e-03	2.754904900929422607e+11	2.209762518138862793e+12	1.561052575769779062e+14	1.832025387679567566e+11
2.362687007374795686e-03	2.619659530284371033e+11	2.144335949156262939e+12	1.535722594751395312e+14	1.724313324371781006e+11
2.412757427289825233e-03	2.491024879327126465e+11	2.080826316904963135e+12	1.510781900569722500e+14	1.622896314142192688e+11
2.463888947106213784e-03	2.368772370036737976e+11	2.019220503083821777e+12	1.486235155470207188e+14	1.527506102694594727e+11
2.516104053813336943e-03	2.252540899673580322e+11	1.959434860334061035e+12	1.462070446136803125e+14	1.437736733363872375e+11
2.569425710948245768e-03	2.141956854655696716e+11	1.901395149698577148e+12	1.438274920459735938e+14	1.353188342837361298e+11
2.623877368694733318e-03	2.036778875326710815e+11	1.845060725960184082e+12	1.414846275364671250e+14	1.273593507807434998e+11
2.679482974196439188e-03	1.936821059899902039e+11	1.790406254455056641e+12	1.391786972810329375e+14	1.198720233666325531e+11
2.736266982088478034e-03	1.841783412667127075e+11	1.737373843743784424e+12	1.369087839309235156e+14	1.128263818303565521e+11
2.794254365252289707e-03	1.751363856070530396e+11	1.685884963003299316e+12	1.346735224453249844e+14	1.061905260953176422e+11
2.853470625798387814e-03	1.665365241730546875e+11	1.635909865652301758e+12	1.324727897023213594e+14	9.994309931083230591e+10
2.913941806281861776e-03	1.583636317816080017e+11	1.587430019062621094e+12	1.303068888354638125e+14	9.406743703922837830e+10
2.975694501155571117e-03	1.505928007991806030e+11	1.540381151265698486e+12	1.281747292517989531e+14	8.853726754604495239e+10
3.038755868466027146e-03	1.431996067223096008e+11	1.494708623723620361e+12	1.260752788645227500e+14	8.332962148010868835e+10
3.103153641797168783e-03	1.361679461548552094e+11	1.450374022825047363e+12	1.240082346823560312e+14	7.842655504389085388e+10
3.168916142467233243e-03	1.294855104053720551e+11	1.407367020877695312e+12	1.219739858459239844e+14	7.381507971119111633e+10
3.236072291984112663e-03	1.231316293042455902e+11	1.365632606667596924e+12	1.199715097969685781e+14	6.947546150519665527e+10
3.304651624764658874e-03	1.170865547732294159e+11	1.325112445571683105e+12	1.179996916615250312e+14	6.538800385744205475e+10
3.374684301123556836e-03	1.113371339047071533e+11	1.285787576897407715e+12	1.160585088188894844e+14	6.154060964171202087e+10
3.446201120537424525e-03	1.058733460382344360e+11	1.247634784754368652e+12	1.141480644414740625e+14	5.792161855879782104e+10
3.519233535190044709e-03	1.006780473163763885e+11	1.210611552377770020e+12	1.122675197058233594e+14	5.451582449272997284e+10
3.593813663804625805e-03	9.573527030288705444e+10	1.174668712051889404e+12	1.104158694731510000e+14	5.130843137532617950e+10
3.669974305769219299e-03	9.103427240656871033e+10	1.139779881956479248e+12	1.085929119578043438e+14	4.828871989150221252e+10
3.747748955561452412e-03	8.656689266045310974e+10	1.105939225644016602e+12	1.067990562892225469e+14	4.544915444706656647e+10
3.827171817478984984e-03	8.231891939652719116e+10	1.073094593279087891e+12	1.050331804691483125e+14	4.277626034152394104e+10
3.908277820682117681e-03	7.827744184183831787e+10	1.041210373632589478e+12	1.032945241638017656e+14	4.025933007076707458e+10
3.991102634555192957e-03	7.443368636836477661e+10	1.010263639269075195e+12	1.015829191398933594e+14	3.788983768542006683e+10
4.075682684393532908e-03	7.078100402991390991e+10	9.802418080259935303e+11	9.989856757043457812e+13	3.566133219574192047e+10
4.162055167422817371e-03	6.730761986987081146e+10	9.511086979592398682e+11	9.824063358540035938e+13	3.356408625433486176e+10
4.250258069157961290e-03	6.400309441983941650e+10	9.228240875458518066e+11	9.660822518544492188e+13	3.158884285601309967e+10
4.340330180108637088e-03	6.086026231868918610e+10	8.953725009123356934e+11	9.500126765523262500e+13	2.972956598716020966e+10
4.432311112838861061e-03	5.787370462856848907e+10	8.687438322524149170e+11	9.342000369997331250e+13	2.798097649575967789e+10
4.526241319388085715e-03	5.503366994548388672e+10	8.428994160543406982e+11	9.186347044448389062e+13	2.633515569436502838e+10
4.622162109061505458e-03	5.233171693348590851e+10	8.178118510456219482e+11	9.033103009858907812e+13	2.478532268727868652e+10
4.720115666597336779e-03	4.976199391152697754e+10	7.934604860507769775e+11	8.882246887294551562e+13	2.332633709685126495e+10
4.820145070719144588e-03	4.732008264567852020e+10	7.698403197265909424e+11	8.733810554283368750e+13	2.195430435418163300e+10
4.922294313081310678e-03	4.499791146516155243e+10	7.469174220271361084e+11	8.587702392102007812e+13	2.066293487578420258e+10
5.026608317615998724e-03	4.278865452196683502e+10	7.246627216126878662e+11	8.443852866220350000e+13	1.944678119346262741e+10
5.133132960290130720e-03	4.068753322337744904e+10	7.030657048813089600e+11	8.302261047505914062e+13	1.830203456611909485e+10
5.241915089281041530e-03	3.869094357647291565e+10	6.821142856428615723e+11	8.162936212788929688e+13	1.722550262947100830e+10
5.353002545579732367e-03	3.679220768321822357e+10	6.617821874409812012e+11	8.025803461731562500e+13	1.621218220448674583e+10
5.466444184030696055e-03	3.498580573698710632e+10	6.420443483663277588e+11	7.890798170421289062e+13	1.525799757345597649e+10
5.582289894817666839e-03	3.326783557682405090e+10	6.228868235067308350e+11	7.757907489472040625e+13	1.435973172647261047e+10
5.700590625404708227e-03	3.163535633433437729e+10	6.043066472039383545e+11	7.627163498911354688e+13	1.351508412381056023e+10
5.821398402942216249e-03	3.008284558698389435e+10	5.862724649583352051e+11	7.498468713605970312e+13	1.272001100862372017e+10
5.944766357147824969e-03	2.860583957875322342e+10	5.687669934786746826e+11	7.371780351333114062e+13	1.197128164363510513e+10
6.070748743672167193e-03	2.720115198532632446e+10	5.517774692664627686e+11	7.247083527423196875e+13	1.126655241684587860e+10
6.199400967959818945e-03	2.586638197080877304e+10	5.352973022501207275e+11	7.124394533107576562e+13	1.060378489956302643e+10
6.330779609615908021e-03	2.459696478049039078e+10	5.193046696214925537e+11	7.003642619156709375e+13	9.979976953451934814e+09
6.464942447289089879e-03	2.338929050957902908e+10	5.037787855016012573e+11	6.884768334641451562e+13	9.392520213462678909e+09
6.601948484081890736e-03	2.224075749085739517e+10	4.887115191185435791e+11	6.767769363301522656e+13	8.839541349086687088e+09
6.741857973499477616e-03	2.114940478754465485e+10	4.740977944518477173e+11	6.652665032312440625e+13	8.319605152810553551e+09
6.884732445948405985e-03	2.011146104956224442e+10	4.599138508495242920e+11	6.539370684265759375e+13	7.830109366998299599e+09
7.030634735796891313e-03	1.912400670023994827e+10	4.461468710581361694e+11	6.427852888133407031e+13	7.369229802611308098e+09
7.179629009008595825e-03	1.818491754640745926e+10	4.327850815375902100e+11	6.318092552755671875e+13	6.935375346195611000e+09
7.331780791361950343e-03	1.729259093165018082e+10	4.198259143890606079e+11	6.210114785376557812e+13	6.527415543184486389e+09
7.487156997267587974e-03	1.644391334589505196e+10	4.072494608831121826e+11	6.103845076664487500e+13	6.143410753890641212e+09
7.645825959196438613e-03	1.563652240273434258e+10	3.950406448814062500e+11	5.999236770316075000e+13	5.781762759884448051e+09
7.807857457731475631e-03	1.486868417390400314e+10	3.831939699258031006e+11	5.896292305108267188e+13	5.441409409888253212e+09
7.973322752256328111e-03	1.413908850046105576e+10	3.717031159231448975e+11	5.795018871130905469e+13	5.121332420113549232e+09
8.142294612294233985e-03	1.344516522817189598e+10	3.605517285941473389e+11	5.695350023720989062e+13	4.820034384897995949e+09
8.314847349511189298e-03	1.278500352663304520e+10	3.497275526434475098e+11	5.597247203050257031e+13	4.536320945846380234e+09
8.491056850397209546e-03	1.215718782970488358e+10	3.392228286155861816e+11	5.500699981361027344e+13	4.269248892087532997e+09
8.671000609640279119e-03	1.156064657887523079e+10	3.290358754022530518e+11	5.405732036098218750e+13	4.018159634863996029e+09
8.854757764207504128e-03	1.099325906956698799e+10	3.191485894740725098e+11	5.312265615449375781e+13	3.781749792655347824e+09
9.042409128148579806e-03	1.045347961508741570e+10	3.095521680055220947e+11	5.220274376530175000e+13	3.559157749186130047e+09
9.234037228136720080e-03	9.940152640028329849e+09	3.002398398963329468e+11	5.129749140362764844e+13	3.349637128771652222e+09
9.429726339762870002e-03	9.452401227353284836e+09	2.912081589535711060e+11	5.040703131120582031e+13	3.152618965894962788e+09
9.629562524599030379e-03	8.988476358525320053e+09	2.824437300680893555e+11	4.953074893406032812e+13	2.967156424914256096e+09
9.833633668047030499e-03	8.547127591265690804e+09	2.739363473166436768e+11	4.866829015046358594e+13	2.792503200384480000e+09
1.004202951798940403e-02	8.127411628130518913e+09	2.656814341917773132e+11	4.781964082093402344e+13	2.628123367738135815e+09
1.025484172425938229e-02	7.728610538467733383e+09	2.576762393419660034e+11	4.698493464418924219e+13	2.473560341736176968e+09
1.047216387894729824e-02	7.349282394418906212e+09	2.499068383768552856e+11	4.616348520062878906e+13	2.328042356062193871e+09
1.069409155756119272e-02	6.988415543023308754e+09	2.423667987617447510e+11	4.535509617380988281e+13	2.191025086456780434e+09
1.092072236105970547e-02	6.645240025331027985e+09	2.350498632676444397e+11	4.455963814751506250e+13	2.062057470153719425e+09
1.115215595877575537e-02	6.319167740918373108e+09	2.279545313513748169e+11	4.377728827618067969e+13	1.940793143878047705e+09
1.138849413224978825e-02	6.009010467722500801e+09	2.210690085228859863e+11	4.300743735234944531e+13	1.826630467706247568e+09
1.162984081999205582e-02	5.713949661082371712e+09	2.143858446767203674e+11	4.224980647058692969e+13	1.719125308189833164e+09
1.187630216319339981e-02	5.433356889806069374e+09	2.079019984133222351e+11	4.150441805281895312e+13	1.617945626450195312e+09
1.212798655240480798e-02	5.166750135222466469e+09	2.016139204317974854e+11	4.077130943950442188e+13	1.522809137171603203e+09
1.238500467520621366e-02	4.913150676000671387e+09	1.955121121319635925e+11	4.004995966790779688e+13	1.433235361334787130e+09
1.264746956488544717e-02	4.671896141033044815e+09	1.895902304401042175e+11	3.934011762174967188e+13	1.348895801422609568e+09
1.291549665014883955e-02	4.442473652501849174e+09	1.838442143971962585e+11	3.864171685397178125e+13	1.269508477276589632e+09
1.318920380588532899e-02	4.224487918031658649e+09	1.782729533428266602e+11	3.795491945553186719e+13	1.194869480926619291e+09
1.346871140500627631e-02	4.017133124050310612e+09	1.728660230940559998e+11	3.727910964100023438e+13	1.124592430281224489e+09
1.375414237138396570e-02	3.819873217763041019e+09	1.676191121144457703e+11	3.661414823447743750e+13	1.058417650729200125e+09
1.404562223391196511e-02	3.632289659128217220e+09	1.625284964447315674e+11	3.595996681644986719e+13	9.961386679428230524e+08
1.434327918171109106e-02	3.454058094416581154e+09	1.575922660766250000e+11	3.531665742837118750e+13	9.375749099682841301e+08
1.464724412050539583e-02	3.284515356192854881e+09	1.528025568533553162e+11	3.468373426234730078e+13	8.824388920144473314e+08
1.495765073019278586e-02	3.123227569090497971e+09	1.481542067919619446e+11	3.406097177151024219e+13	8.305192814446618557e+08
1.527463552363575450e-02	2.969853207093318462e+09	1.436447617002551575e+11	3.344835654593478906e+13	7.816532498304084539e+08
1.559833790669801906e-02	2.824125963661725521e+09	1.392724700380203552e+11	3.284596889993262891e+13	7.357100991561027765e+08
1.592890023955338338e-02	2.685500310142183304e+09	1.350294980013323059e+11	3.225328176499191797e+13	6.924469192924041748e+08
1.626646789929399317e-02	2.553625024551839352e+09	1.309125810081695404e+11	3.167019435892430078e+13	6.517144840789849758e+08
1.661118934386526108e-02	2.428221447061218262e+09	1.269183297807819977e+11	3.109660636717882031e+13	6.133743763223215342e+08
1.696321617735579643e-02	2.309070799202495098e+09	1.230459866198028564e+11	3.053266065612530078e+13	5.773263762695664167e+08
1.732270321667098503e-02	2.195724521282689571e+09	1.192885511945489655e+11	2.997785876815466797e+13	5.433849151442648172e+08
1.768980855961942850e-02	2.087898256906155586e+09	1.156423871170095978e+11	2.943203671676505859e+13	5.114220322080597281e+08
1.806469365444235767e-02	1.985364667935769320e+09	1.121058119628303528e+11	2.889521409271716016e+13	4.813443201921213865e+08
1.844752337081655841e-02	1.887943900224600077e+09	1.086766381117526398e+11	2.836737673840520703e+13	4.530591944740471840e+08
1.883846607236187159e-02	1.795267298752126694e+09	1.053496180755980835e+11	2.784815196683033594e+13	4.264278922922294736e+08
1.923769369068539445e-02	1.707104606764217138e+09	1.021213192827648621e+11	2.733736385921835938e+13	4.013505808508605957e+08
1.964538180099485026e-02	1.623270366481901646e+09	9.898979310569372559e+10	2.683499712007448438e+13	3.777477073129434586e+08
2.006170969931423895e-02	1.543616642198964834e+09	9.595424312050715637e+10	2.634115846369391016e+13	3.555576799454502463e+08
2.048686048133601528e-02	1.467840577592577934e+09	9.300864847756788635e+10	2.585535238060717188e+13	3.346592379634614587e+08
2.092102112294418406e-02	1.395755693718362808e+09	9.015104091306628418e+10	2.537752353363192188e+13	3.149839435932357311e+08
2.136438256244391209e-02	1.327210716996386051e+09	8.737909744253764343e+10	2.490758697072056641e+13	2.964642335759708881e+08
2.181713978453380873e-02	1.262083880291048527e+09	8.469201641760630798e+10	2.444563322972417969e+13	2.790514691603156328e+08
2.227949190605761978e-02	1.200126502410902262e+09	8.208504861626696777e+10	2.399126038762727734e+13	2.626547406053623855e+08
2.275164226357336353e-02	1.141187530072128773e+09	7.955566348877499390e+10	2.354433921593229297e+13	2.472141091589089036e+08
2.323379850277806913e-02	1.085143586812470436e+09	7.710273173608451843e+10	2.310489926054895312e+13	2.326841322290006876e+08
2.372617266982774559e-02	1.031894377161862493e+09	7.472480117917535400e+10	2.267293224906256641e+13	2.190200312598127127e+08
2.422898130459259780e-02	9.812358024432395697e+08	7.241786065827143860e+10	2.224808068015898828e+13	2.061538050910856724e+08
2.474244553588843265e-02	9.330454800189640522e+08	7.017987626005639648e+10	2.183024460299706641e+13	1.940380922162624896e+08
2.526679117872631872e-02	8.872228000213974714e+08	6.800930152346559906e+10	2.141938329602722266e+13	1.826355176363045573e+08
2.580224883362318075e-02	8.436850924228936434e+08	6.590560603539318085e+10	2.101559293269642578e+13	1.719144285528099835e+08
2.634905398801689475e-02	8.022649326356365681e+08	6.386459186778723907e+10	2.061846164342466406e+13	1.618172822973611653e+08
2.690744711983068457e-02	7.628631447597494125e+08	6.188482323690576935e+10	2.022793885413294531e+13	1.523104809985759258e+08
2.747767380323228384e-02	7.253976955357494354e+08	5.996489829891170502e+10	1.984397962964735156e+13	1.433624698428992033e+08
2.805998481663422514e-02	6.898003945953832865e+08	5.810398911040814972e+10	1.946662450995799609e+13	1.349491456406262219e+08
2.865463625298309350e-02	6.559339704932622910e+08	5.629888058854443359e+10	1.909555697801657031e+13	1.270256699571109712e+08
2.926188963238583740e-02	6.237180350098291636e+08	5.454784086290246582e+10	1.873067118088850781e+13	1.195647134105564654e+08
2.988201201712300387e-02	5.930857115621768236e+08	5.285001781781067657e+10	1.837198256092725000e+13	1.125432274488995224e+08
3.051527612909937445e-02	5.639807100452718735e+08	5.120449731161522675e+10	1.801949517833865234e+13	1.059403760188852400e+08
3.116196046978347151e-02	5.362905427134289742e+08	4.960828925404472351e+10	1.767289243458173828e+13	9.972228811427704990e+07
3.182234944268905880e-02	5.099500325084179640e+08	4.806017317987711334e+10	1.733212229906540430e+13	9.386692080638387799e+07
3.249673347845206950e-02	4.849046672792292833e+08	4.655902232068508911e+10	1.699714094616008789e+13	8.835634862422786653e+07
3.318540916255835471e-02	4.611079470762855411e+08	4.510438846266938019e+10	1.666801424352669531e+13	8.317461765097127855e+07
3.388867936577820428e-02	4.384677413493906260e+08	4.369335898583459473e+10	1.634439924664062500e+13	7.829427030798412859e+07
3.460685337736497946e-02	4.169311920785425901e+08	4.232493658498290253e+10	1.602626118920333594e+13	7.369894131859648228e+07
3.534024704107661952e-02	3.964538742400495410e+08	4.099823533340843201e+10	1.571357786074328320e+13	6.937396076967027783e+07
3.608918289407971741e-02	3.769973422452921271e+08	3.971257823522631836e+10	1.540636592225162305e+13	6.530701447709093988e+07
3.685399030879719234e-02	3.584861843672919273e+08	3.846571721028094482e+10	1.510436275541828516e+13	6.147661125877653807e+07
3.763500563776207147e-02	3.408775192447855473e+08	3.725646322284381866e+10	1.480747668610546680e+13	5.786966319704791158e+07
3.843257236154112161e-02	3.241351505138481855e+08	3.608424917163979340e+10	1.451572999417549609e+13	5.447519040861328691e+07
3.924704123979310538e-02	3.082272638309782743e+08	3.494840296993259430e+10	1.422912168392344141e+13	5.128292775182570517e+07
4.007877046552850431e-02	2.930921708438944817e+08	3.384684398035079575e+10	1.394738931869233789e+13	4.827638014108961076e+07
4.092812582263813392e-02	2.786950720609732866e+08	3.277870973799745941e+10	1.367048205653776172e+13	4.544517228919312358e+07
4.179548084676026898e-02	2.650064825293888152e+08	3.174325419130902481e+10	1.339837156225851953e+13	4.278062549781730771e+07
4.268121698955689575e-02	2.520000509408286214e+08	3.074010724339535141e+10	1.313110133239672070e+13	4.027494172085046023e+07
4.358572378647117967e-02	2.396253489607672691e+08	2.976724315237060928e+10	1.286839214085243359e+13	3.791472775017680973e+07
4.450939902804028347e-02	2.278541253385767043e+08	2.882401608005524445e+10	1.261022228287074805e+13	3.569234631437630951e+07
4.545264893483848267e-02	2.166623674059513211e+08	2.790977170562665939e+10	1.235656452375844727e+13	3.360064330153441429e+07
4.641588833612779463e-02	2.060282289248062074e+08	2.702403554903800964e+10	1.210743063373685938e+13	3.163360285607383400e+07
4.739954085229469011e-02	1.959105151086444557e+08	2.616521546218848419e+10	1.186260334388043750e+13	2.978078701130843908e+07
4.840403908115278181e-02	1.862862812926670909e+08	2.533253654586124420e+10	1.162201758532863086e+13	2.803598273424331844e+07
4.942982478819387543e-02	1.771359778109169900e+08	2.452562652641164017e+10	1.138569386148895703e+13	2.639401229310145602e+07
5.047734910087089966e-02	1.684414736932584345e+08	2.374389515161649704e+10	1.115360430745858203e+13	2.484961168798270449e+07
5.154707270699779992e-02	1.601691437568960190e+08	2.298599914553889084e+10	1.092555969966025391e+13	2.339499719289138541e+07
5.263946605735428386e-02	1.523003444833172262e+08	2.225127758631820297e+10	1.070150445514720312e+13	2.202509388513772190e+07
5.375500957258409762e-02	1.448191653081591129e+08	2.153928547512629318e+10	1.048142957576789062e+13	2.073585799132438749e+07
5.489419385447772554e-02	1.377105413774439096e+08	2.084968800877540588e+10	1.026535567696909766e+13	1.952335511864076927e+07
5.605751990173300781e-02	1.309470501545591205e+08	2.018107662373936462e+10	1.005304916642129883e+13	1.838110972018230706e+07
5.724549933028778848e-02	1.245135351561906040e+08	1.953306067643857956e+10	9.844505626817271484e+12	1.730557265522741526e+07
5.845865459832211286e-02	1.183970528036200255e+08	1.890511083825971603e+10	9.639680901383556641e+12	1.629318829510204867e+07
5.969751923602879817e-02	1.125850696745296121e+08	1.829696257667506409e+10	9.438606987585812500e+12	1.534108512293729931e+07
6.096263808025296355e-02	1.070552440643257797e+08	1.770742720872703171e+10	9.241079105384902344e+12	1.444413520179487020e+07
6.225456751410456124e-02	1.017952468164593726e+08	1.713603188404933929e+10	9.047057663603001953e+12	1.359946374876334146e+07
6.357387571164835327e-02	9.679455428242892027e+07	1.658250793742180252e+10	8.856563513040287109e+12	1.280454306137775071e+07
6.492114288777969811e-02	9.204272136621671915e+07	1.604641188329538345e+10	8.669562431249641602e+12	1.205675623109033331e+07
6.629696155339574737e-02	8.752156903891639411e+07	1.552681792789681816e+10	8.485898933040773438e+12	1.135237880646934919e+07
6.770193677597398374e-02	8.322106032986910641e+07	1.502326047993638039e+10	8.305527250806675781e+12	1.068894890113977157e+07
6.913668644567325106e-02	7.913236597745425999e+07	1.453548100039647102e+10	8.128453024358160156e+12	1.006460453385232389e+07
7.060184154707406512e-02	7.524760174036929011e+07	1.406319346029245377e+10	7.954689562331381836e+12	9.477311740643376485e+06
7.209804643667737378e-02	7.155116054626122117e+07	1.360544853933483315e+10	7.784037491396913086e+12	8.924039609901718795e+06
7.362595912628441819e-02	6.803514319138750434e+07	1.316191514179603004e+10	7.616480376201872070e+12	8.402973641517769545e+06
7.518625157238204015e-02	6.469261411735802144e+07	1.273231257497767830e+10	7.452005950777206055e+12	7.912531413942994550e+06
7.677960997166025092e-02	6.151625880971068144e+07	1.231638331396320343e+10	7.290617373344414062e+12	7.451217671129276045e+06
7.840673506279315086e-02	5.849411478145776689e+07	1.191329722045726204e+10	7.132145952578446289e+12	7.016537780543586239e+06
8.006834243461452560e-02	5.561950570061837137e+07	1.152281870065439034e+10	6.976592484796096680e+12	6.607233105288338847e+06
8.176516284082480102e-02	5.288680979100921005e+07	1.114463744044944763e+10	6.823926043469685547e+12	6.221946710942179896e+06
8.349794252136732986e-02	5.028988358052230626e+07	1.077853757527112007e+10	6.674154480108674805e+12	5.859491473586611450e+06
8.526744353061486981e-02	4.781905325229182839e+07	1.042380269394094658e+10	6.527123175320619141e+12	5.518007984560286626e+06
8.707444407251174745e-02	4.546886378150910139e+07	1.008018902640857887e+10	6.382822466994804688e+12	5.196374912795644253e+06
8.891973884281766105e-02	4.323475741471049935e+07	9.747486871429708481e+09	6.241247945393853516e+12	4.893682528766356409e+06
9.080413937860487561e-02	4.111157978244259208e+07	9.425415397495141983e+09	6.102367667072112305e+12	4.608861478503286839e+06
9.272847441516200717e-02	3.909150806965261698e+07	9.113407339756828308e+09	5.966063059998634766e+12	4.340525079501242377e+06
9.469359025046093781e-02	3.717008526426656544e+07	8.811197681716922760e+09	5.832302981926147461e+12	4.087782204824573826e+06
9.670035111734798239e-02	3.534361547497116029e+07	8.518651776497797966e+09	5.701102704244621094e+12	3.849911546423446387e+06
9.874963956362264872e-02	3.360777862071532756e+07	8.235476627562775612e+09	5.572423418313739258e+12	3.626077418386984151e+06
1.008423568401705106e-01	3.195624883170728758e+07	7.961197667788702965e+09	5.446161688035230469e+12	3.415180264220589772e+06
1.029794232973221257e-01	3.038538457390335575e+07	7.695574268299173355e+09	5.322288110973860352e+12	3.216531358039150015e+06
1.051617787896111378e-01	2.889218836801782250e+07	7.438492200857213020e+09	5.200819940882936523e+12	3.029578934613235295e+06
1.073903830891107247e-01	2.747304269872759655e+07	7.189672582377771378e+09	5.081705848550558594e+12	2.853620967644681223e+06
1.096662163075285135e-01	2.612283236046270654e+07	6.948712875622364044e+09	4.964859025163419922e+12	2.687847623919337522e+06
1.119902793272475605e-01	2.483858209386613965e+07	6.715391076264075279e+09	4.850245453192481445e+12	2.531682368883790914e+06
1.143635942415015677e-01	2.361786056349435076e+07	6.489598841380988121e+09	4.737877647699841797e+12	2.384703059144004714e+06
1.167872048038782751e-01	2.245764107683881745e+07	6.271109281847392082e+09	4.627719959822025391e+12	2.246373857133291662e+06
1.192621768873494831e-01	2.135378757276951894e+07	6.059549813972517967e+09	4.519684245188461914e+12	2.116026048969604541e+06
1.217895989530276418e-01	2.030386926728431880e+07	5.854739147279353142e+09	4.413745604226283203e+12	1.993243891202098923e+06
1.243705825288575900e-01	1.930591346412090585e+07	5.656569740576408386e+09	4.309908307986065918e+12	1.877668284720571944e+06
1.270062626984522769e-01	1.835739014054289833e+07	5.464848085456113815e+09	4.208142327024422363e+12	1.768893876823384548e+06
1.296977986002878502e-01	1.745495497162328660e+07	5.279223428372915268e+09	4.108351844037474121e+12	1.666387051767132478e+06
1.324463739374786009e-01	1.659662203186628968e+07	5.099562079265089035e+09	4.010529823370335449e+12	1.569820558785030618e+06
1.352531974983535168e-01	1.578079047555485554e+07	4.925752850623704910e+09	3.914671000948016113e+12	1.478927505243290681e+06
1.381195036880665805e-01	1.500534709560406022e+07	4.757630365097074509e+09	3.820753611513782227e+12	1.393367391195051372e+06
1.410465530714722360e-01	1.426758804053384438e+07	4.594886365130639076e+09	3.728688014953875977e+12	1.312735088393705199e+06
1.440356329275057634e-01	1.356589025300880149e+07	4.437402745795517921e+09	3.638463466562145508e+12	1.236777653021984966e+06
1.470880578153118678e-01	1.289895493794614263e+07	4.285073011165584564e+09	3.550070057161924316e+12	1.165268771361608524e+06
1.502051701523716420e-01	1.226501825336951762e+07	4.137752204181474686e+09	3.463490566647234375e+12	1.097958538412840338e+06
1.533883408048797858e-01	1.166189401257991605e+07	3.995169925559613228e+09	3.378641799600752930e+12	1.034513783410438220e+06
1.566389696906345663e-01	1.108825627482347935e+07	3.857229950475254059e+09	3.295521434486167480e+12	9.747479795328171458e+05
1.599584863947036695e-01	1.054305055265065841e+07	3.723835782718198299e+09	3.214118356793916016e+12	9.184806696796821197e+05
1.633483507981373095e-01	1.002480587385249883e+07	3.594847261498886585e+09	3.134404425111400391e+12	8.655066207034524996e+05
1.668100537200059019e-01	9.531754653314227238e+06	3.470030332763173103e+09	3.056303607762773438e+12	8.155774552658424946e+05
1.703451175730422984e-01	9.062813707070305943e+06	3.349300028520052910e+09	2.979814818213048340e+12	7.685359559969241964e+05
1.739550970331800450e-01	8.617126664595292881e+06	3.232575952849628925e+09	2.904932282341558105e+12	7.242468638508147560e+05
1.776415797232799298e-01	8.193467707377444021e+06	3.119731883266818047e+09	2.831631372110297852e+12	6.825488687313060509e+05
1.814061869113461622e-01	7.790407704430336133e+06	3.010561937553143024e+09	2.759838306272107422e+12	6.432396119510359131e+05
1.852505742235391883e-01	7.407061802299675532e+06	2.904983495916282177e+09	2.689544651326716797e+12	6.062048440451429924e+05
1.891764323722997243e-01	7.042734366380751133e+06	2.802934187666429043e+09	2.620750961703729980e+12	5.713345352274155011e+05
1.931854878999012814e-01	6.696404560442148708e+06	2.704295019270931244e+09	2.553431441082082520e+12	5.384979870129193878e+05
1.972795039377621684e-01	6.366916919469463639e+06	2.608893653539684296e+09	2.487525718610541504e+12	5.075443385764047271e+05
2.014602809818480389e-01	6.053548634924827144e+06	2.516649125920411587e+09	2.423017767598849121e+12	4.783745389174739248e+05
2.057296576845067948e-01	5.755734477609768510e+06	2.427510904796212673e+09	2.359909765345787109e+12	4.509116692257840186e+05
2.100895116630852322e-01	5.472624889157215133e+06	2.341366946377479553e+09	2.298172470991320801e+12	4.250461794971273048e+05
2.145417603256798977e-01	5.203285670688002370e+06	2.258074481621982098e+09	2.237758031571124512e+12	4.006617432483908487e+05
2.190883617143895290e-01	4.947126407042755745e+06	2.177555556450634003e+09	2.178646788334172363e+12	3.776823805907219648e+05
2.237313153664367560e-01	4.703687685608868487e+06	2.099770221153485060e+09	2.120843104068439941e+12	3.560442120314631029e+05
2.284726631935388719e-01	4.472262956651146524e+06	2.024609673097405910e+09	2.064311594236523682e+12	3.356612318466115394e+05
2.333144903799153069e-01	4.252096920717171393e+06	1.951957649364777565e+09	2.009014730502656006e+12	3.164459525607416290e+05
2.382589262993237145e-01	4.042707319180116523e+06	1.881742235217579603e+09	1.954932589180942627e+12	2.983332048695459380e+05
2.433081454515323150e-01	3.843720623693651985e+06	1.813931616870823622e+09	1.902071493598132812e+12	2.812801416140835499e+05
2.484643684186368384e-01	3.654549606793241110e+06	1.748423389651564837e+09	1.850393664847060791e+12	2.652128158951822552e+05
2.537298628416438939e-01	3.474583600112038199e+06	1.685116014895914793e+09	1.799863686290695557e+12	2.500628655289881572e+05
2.591069444177515613e-01	3.303428703121760394e+06	1.623949417059745073e+09	1.750465444125326416e+12	2.357833184927926923e+05
2.645979779187619951e-01	3.140781131222101860e+06	1.564893596499430895e+09	1.702203828664059326e+12	2.223355483270628902e+05
2.702053782310787078e-01	2.986153113811334595e+06	1.507859462447361231e+09	1.655044996766989014e+12	2.096646453693927615e+05
2.759316114177428059e-01	2.839050920585208572e+06	1.452754565248531342e+09	1.608951990396496826e+12	1.977162980929114565e+05
2.817791958029755572e-01	2.699152818645664025e+06	1.399531057037618399e+09	1.563914433574699951e+12	1.864528908711410477e+05
2.877507030797054055e-01	2.566211702771544456e+06	1.348155038284506083e+09	1.519930234172018066e+12	1.758444886596325377e+05
2.938487594405665426e-01	2.439822619592999574e+06	1.298553753030678988e+09	1.476973658328737793e+12	1.658476995931091369e+05
3.000760467328633108e-01	2.319586391443674918e+06	1.250643436041079044e+09	1.435006675444867188e+12	1.564193172775506391e+05
3.064353036380134121e-01	2.205240251384350937e+06	1.204380419323736668e+09	1.394018292607151123e+12	1.475311571526860644e+05
3.129293268759847368e-01	2.096583105833274778e+06	1.159740411587763786e+09	1.354012843804724121e+12	1.391585708542757493e+05
3.195609724352570513e-01	1.993278977722691605e+06	1.116652452192514420e+09	1.314958334136043457e+12	1.312673296730964503e+05
3.263331568288500573e-01	1.895005123929957394e+06	1.075047103441153288e+09	1.276823734902741211e+12	1.238248699573291524e+05
3.332488583769670498e-01	1.801546939345739083e+06	1.034884187717500925e+09	1.239597738803555176e+12	1.168068355245999846e+05
3.403111185168231634e-01	1.712740724050135817e+06	9.961451258540680408e+08	1.203285289784911865e+12	1.101961687999944843e+05
3.475230431402304698e-01	1.628307885249664541e+06	9.587604764080195427e+08	1.167848333116019775e+12	1.039644728954167658e+05
3.548878039595292910e-01	1.547987472304546507e+06	9.226732238793880939e+08	1.133263623750622070e+12	9.808532452792277036e+04
3.624086399024666338e-01	1.471604221747575095e+06	8.878515504170054197e+08	1.099523165944653564e+12	9.254224638104301994e+04
3.700888585366366446e-01	1.399024830162100028e+06	8.542696452515608072e+08	1.066620364848911377e+12	8.731915576769220934e+04
3.779318375241043637e-01	1.330018411638131598e+06	8.218765206115336418e+08	1.034534955219436890e+12	8.239480848768151191e+04
3.859410261068597081e-01	1.264373973715785192e+06	7.906174286891019344e+08	1.003237132000506104e+12	7.774926074320390762e+04
3.941199466237500504e-01	1.201948390467517311e+06	7.604611393039648533e+08	9.727157591565316162e+11	7.336752698937393143e+04
4.024721960595590287e-01	1.142633065893341554e+06	7.313938257558923960e+08	9.429768429810601807e+11	6.923895328717141820e+04
4.110014476269163164e-01	1.086236761607863940e+06	7.033612846798965931e+08	9.139881350678198242e+11	6.534579364380241896e+04
4.197114523817274123e-01	1.032588871092643938e+06	6.763195514187048674e+08	8.857278636509045410e+11	6.167218136938961834e+04
4.286060408728412652e-01	9.815725167476678034e+05	6.502443429864665270e+08	8.581901946421212158e+11	5.820703209817166498e+04
4.376891248266767120e-01	9.330992023163133999e+05	6.251158416395666599e+08	8.313685907441291504e+11	5.494155355471673101e+04
4.469646988675492483e-01	8.870106087775873020e+05	6.008924939764218330e+08	8.052431757405548096e+11	5.186159955275867105e+04
4.564368422744575216e-01	8.431687819050212856e+05	5.775342524608129263e+08	7.797906220183641357e+11	4.895495233939268655e+04
4.661097207750954374e-01	8.014782829914398026e+05	5.550166136598774195e+08	7.550006168010253906e+11	4.621280894994223490e+04
4.759875883778879602e-01	7.618669651801622240e+05	5.333283128622767329e+08	7.308766831087541504e+11	4.362834230411848694e+04
4.860747892428489703e-01	7.242038353118753294e+05	5.124267623403934836e+08	7.073906646435977783e+11	4.119011607660551090e+04
4.963757595920870180e-01	6.883773349504037760e+05	4.922795534861888289e+08	6.845254116069881592e+11	3.888884736847883323e+04
5.068950296608012440e-01	6.543095354561130516e+05	4.728665996542490721e+08	6.622727712632183838e+11	3.671755883213485504e+04
5.176372256896176749e-01	6.219415958003352862e+05	4.541743116472114921e+08	6.406302717294366455e+11	3.467052384700791299e+04
5.286070719591531297e-01	5.911651892880063970e+05	4.361675261966057420e+08	6.195743467191143799e+11	3.273918671584932599e+04
5.398093928676924724e-01	5.618900973135357490e+05	4.188169314637400508e+08	5.990868467000598145e+11	3.091590413231166531e+04
5.512491150528981976e-01	5.340526917434609495e+05	4.021048134694057703e+08	5.791600373639100342e+11	2.919520059424802093e+04
5.629312695584811621e-01	5.076049641320348019e+05	3.860195745156466365e+08	5.597917072440729980e+11	2.757286485394702686e+04
5.748609940467923618e-01	4.824573791051307926e+05	3.705302869446280599e+08	5.409614721246455688e+11	2.604181127616866070e+04
5.870435350582976497e-01	4.585369705617260188e+05	3.556118539373558760e+08	5.226529067863571167e+11	2.459617509612110734e+04
5.994842503189414806e-01	4.357917882803110988e+05	3.412478355998098254e+08	5.048575299601386719e+11	2.323162355418602237e+04
6.121886110964055439e-01	4.141826475101218093e+05	3.274297117806716561e+08	4.875757921451336670e+11	2.194494626863539088e+04
6.251622046063020077e-01	3.936355820628901129e+05	3.141284298061481714e+08	4.707857419717525635e+11	2.073025743361227796e+04
6.384107364693620834e-01	3.740915742739518755e+05	3.013230271764861941e+08	4.544736068856730957e+11	1.958317995754076037e+04
6.519400332206916060e-01	3.555082108029726660e+05	2.889988823212788105e+08	4.386309355667412109e+11	1.850025241088214534e+04
6.657560448722088520e-01	3.378534949640245177e+05	2.771487401215506792e+08	4.232584747632403564e+11	1.747887632672043401e+04
6.798648475293831428e-01	3.210663548351312056e+05	2.657466798621670604e+08	4.083350850874462891e+11	1.651446562796248691e+04
6.942726460634290886e-01	3.050990496946749045e+05	2.547749197083358169e+08	3.938489878123187256e+11	1.560357737881664980e+04
7.089857768401280902e-01	2.899169540106245549e+05	2.442204119867696762e+08	3.797915146120368652e+11	1.474340939270961098e+04
7.240107105064845783e-01	2.754939294776099850e+05	2.340763897130780220e+08	3.661614119699996948e+11	1.393197054522376129e+04
7.393540548364295750e-01	2.617795769013589015e+05	2.243198699523344636e+08	3.529381646322877808e+11	1.316562928270954581e+04
7.550225576368376768e-01	2.487352732223328494e+05	2.149353191502402127e+08	3.401105271048838501e+11	1.244165171242968972e+04
7.710231097151263313e-01	2.363327516506095999e+05	2.059120296922010183e+08	3.276721487263081055e+11	1.175784729495019928e+04
7.873627479097432547e-01	2.245506513319940132e+05	1.972435021773496270e+08	3.156211234272839355e+11	1.111264870700771098e+04
8.040486581848822478e-01	2.133474017789913632e+05	1.889101172983720303e+08	3.039401856370768433e+11	1.050315980710586155e+04
8.210881787907730045e-01	2.026917519942444342e+05	1.808984596975191832e+08	2.926189408418888550e+11	9.927227828553097424e+03
8.384888034909533383e-01	1.925606276036359486e+05	1.731988999956339300e+08	2.816507299448105469e+11	9.383128406330322832e+03
8.562581848579297050e-01	1.829365595952950534e+05	1.658061730475630164e+08	2.710347883359218140e+11	8.869653629768852625e+03
8.744041376386801900e-01	1.737852898813167994e+05	1.587026685785621107e+08	2.607542200811168518e+11	8.384469498626991481e+03
8.929346421914835519e-01	1.650815170061292592e+05	1.518770068797473311e+08	2.507998993027745056e+11	7.925893236750546748e+03
9.118578479955742333e-01	1.568064087783077266e+05	1.453208826840723157e+08	2.411658355449566040e+11	7.492568660174826618e+03
9.311820772351820930e-01	1.489456771265855059e+05	1.390287408271874487e+08	2.318479117072645569e+11	7.083518562560430837e+03
9.509158284595223831e-01	1.414710948866511462e+05	1.329855850176797062e+08	2.228312083537688599e+11	6.696915658882619027e+03
9.710677803203476843e-01	1.343621823934028216e+05	1.271814240218570381e+08	2.141070203961687012e+11	6.331409769067366142e+03
9.916467953887124764e-01	1.276035674583193322e+05	1.216090862222619504e+08	2.056696432436896973e+11	5.985971261177340239e+03
1.012661924052612461e+00	1.211835586596534267e+05	1.162639782476788759e+08	1.975171515286057739e+11	5.659778809899451517e+03
1.034122408497234025e+00	1.150789101715289144e+05	1.111331741090350747e+08	1.896360502768180542e+11	5.351428296712587326e+03
1.056037686769547568e+00	1.092730415255122789e+05	1.062077820133401304e+08	1.820180553174879761e+11	5.059805775927758987e+03
1.078417396929040706e+00	1.037534049590148643e+05	1.014819311629461199e+08	1.746586455191896362e+11	4.784140413502544106e+03
1.101271381286411888e+00	9.851042962459419505e+04	9.695158401903806627e+07	1.675559592406720886e+11	4.523769490845494147e+03
1.124609690732098155e+00	9.352498224291013321e+04	9.260508121344368160e+07	1.606965892498070068e+11	4.277550285478549995e+03
1.148442589156521310e+00	8.878363545152560982e+04	8.843495988272622228e+07	1.540724142170747681e+11	4.044659033774072213e+03
1.172780557964020254e+00	8.427614668392555905e+04	8.443545901299990714e+07	1.476775004360918579e+11	3.824429198555869334e+03
1.197634300682437924e+00	7.999467792162067781e+04	8.060324024652971327e+07	1.415102688049279480e+11	3.616363295255362573e+03
1.223014747670394531e+00	7.592348896704064100e+04	7.692834150791612267e+07	1.355590863962613678e+11	3.419558215995264618e+03
1.248933060924324545e+00	7.205170231868840347e+04	7.340434568426132202e+07	1.298174319351976166e+11	3.233339738039690928e+03
1.275400638987373769e+00	6.837095688517394592e+04	7.002677275863054395e+07	1.242812731324269714e+11	3.057217116252608776e+03
1.302429121962336289e+00	6.487483061433055991e+04	6.679242650386710465e+07	1.189484523193757172e+11	2.890774302417191393e+03
1.330030396630823342e+00	6.155038153537133621e+04	6.369263333374317735e+07	1.138085213375438690e+11	2.733271618252550979e+03
1.358216601680917401e+00	5.838879419503879035e+04	6.072202344130481035e+07	1.088552690139121246e+11	2.584225617050095025e+03
1.387000133045610317e+00	5.538324236676874716e+04	5.787617774543510377e+07	1.040831564234430542e+11	2.443205198638493584e+03
1.416393649354382722e+00	5.252846197146578925e+04	5.515215761756667495e+07	9.948943111549812317e+10	2.309888949492748452e+03
1.446410077500298819e+00	4.981381687118373520e+04	5.254282300475739688e+07	9.506547762555184937e+10	2.183706205238529037e+03
1.477062618325094778e+00	4.723215903606295615e+04	5.004330687557481974e+07	9.080551215251115417e+10	2.064240710998493341e+03
1.508364752424737887e+00	4.477791424568659568e+04	4.765020967789781839e+07	8.670606220894741821e+10	1.951181035518862018e+03
1.540330246078020826e+00	4.244676518091218168e+04	4.536119352278153598e+07	8.276539066497517395e+10	1.844273738560926176e+03
1.572973157300799230e+00	4.022997455415772856e+04	4.316982393326429278e+07	7.897502801045138550e+10	1.743045786139162146e+03
1.606307842028519950e+00	3.812174238605132996e+04	4.107184443371572345e+07	7.532895648335502625e+10	1.647175457420002886e+03
1.640348960429783842e+00	3.611751499126806448e+04	3.906412363616926968e+07	7.182305345571810913e+10	1.556410835384743450e+03
1.675111483353698638e+00	3.421374938337529602e+04	3.714454647532346845e+07	6.845527904686700439e+10	1.470559903182081825e+03
1.710610698913865635e+00	3.240327019619938801e+04	3.530752999605092406e+07	6.521795008057695007e+10	1.389239067152979487e+03
1.746862219211904321e+00	3.068136688681582746e+04	3.354968364462826774e+07	6.210687770233315277e+10	1.312193552460935507e+03
1.783881987203444153e+00	2.904431699623752502e+04	3.186855684749151394e+07	5.911940091353743744e+10	1.239229476280321251e+03
1.821686283709640364e+00	2.748920977985226637e+04	3.026227112030911446e+07	5.625363742609068298e+10	1.170185078592149466e+03
1.860291734577268707e+00	2.601015358205668963e+04	2.872582195346315205e+07	5.350170603867755127e+10	1.104754189655185201e+03
1.899715317990559260e+00	2.460331717253624083e+04	2.725613305376520753e+07	5.085885988688441467e+10	1.042738647635047073e+03
1.939974371937992492e+00	2.326565366617268592e+04	2.585103936078430712e+07	4.832248652054048157e+10	9.839826400196315035e+02
1.981086601837313665e+00	2.199476800400324282e+04	2.450890269146009162e+07	4.589078954608860779e+10	9.283563620981025224e+02
2.023070088322156401e+00	2.078582091062760810e+04	2.322562697117646039e+07	4.355775447969833374e+10	8.756141735454618811e+02
2.065943295193674256e+00	1.963568936943769586e+04	2.199880735635341704e+07	4.132024222120131683e+10	8.255997359188191922e+02
2.109725077540682392e+00	1.854187357141665052e+04	2.082648829692618549e+07	3.917553187142901611e+10	7.781861230067343058e+02
2.154434690031884259e+00	1.750239656906660457e+04	1.970698417144692689e+07	3.712061879820417786e+10	7.332733917915544453e+02
2.200091795383838367e+00	1.651327902599882145e+04	1.863673876023416966e+07	3.514991611286064148e+10	6.906651728269324622e+02
2.246716473008353532e+00	1.557196508828713559e+04	1.761364465126235038e+07	3.326045758002442169e+10	6.502342658223993794e+02
2.294329227843169949e+00	1.467639415607031879e+04	1.663608804534628056e+07	3.145014651756767273e+10	6.118788324762282400e+02
2.342950999369765697e+00	1.382492461486512912e+04	1.570284672642946057e+07	2.971755499864883804e+10	5.755170413823670970e+02
2.392603170822269476e+00	1.301427318695961549e+04	1.481087859095860645e+07	2.805763394276260376e+10	5.409938359545212734e+02
2.443307578591545681e+00	1.224233316641871897e+04	1.395813622436933219e+07	2.646663059242069626e+10	5.082053554830739586e+02
2.495086521828544068e+00	1.150738894011391130e+04	1.314310875050992519e+07	2.494221013468225479e+10	4.770661515314799317e+02
2.547962772251191943e+00	1.080805851327472192e+04	1.236468696792397834e+07	2.348291828340795898e+10	4.475091176860922815e+02
2.601959584159102334e+00	1.014161308224138338e+04	1.162035287003300339e+07	2.208479001320108795e+10	4.194087306206720882e+02
2.657100704660517732e+00	9.506286887716949423e+03	1.090854760311212391e+07	2.074550591733597946e+10	3.926833417361664829e+02
2.713410384115983121e+00	8.900619791708333651e+03	1.022780564812043309e+07	1.946230973276198578e+10	3.672640454191971457e+02
2.770913386803353973e+00	8.323411207674978868e+03	9.576933241057751700e+06	1.823299037903800964e+10	3.430924420917972952e+02
2.829635001808795014e+00	7.772348512314316395e+03	8.953683497770912945e+06	1.705382606296879768e+10	3.200631542735641801e+02
2.889601054148607684e+00	7.245893568207888165e+03	8.356622333395977505e+06	1.592257756098253822e+10	2.981062255977666950e+02
2.950837916126738403e+00	6.742734147312690766e+03	7.784541880522850901e+06	1.483740699189376640e+10	2.771621391758296227e+02
3.013372518932980082e+00	6.261742161769586346e+03	7.236326216068618931e+06	1.379636317566025925e+10	2.571790840286935236e+02
3.077232364486974792e+00	5.800848524693876243e+03	6.709685750934182666e+06	1.279492579838308525e+10	2.380639527751499145e+02
3.142445537533192557e+00	5.358570459824824866e+03	6.203143910972445272e+06	1.183061173707120895e+10	2.197515894471312663e+02
3.209040717992251324e+00	4.933546581746253651e+03	5.715353214735838585e+06	1.090120838354196930e+10	2.021825786008805608e+02
3.277047193573979555e+00	4.524478858436131304e+03	5.245019472501902841e+06	1.000460154530704689e+10	1.853003006952689020e+02
3.346494872657771680e+00	4.129179733726319682e+03	4.789733218197783455e+06	9.136263525947864532e+09	1.690103867314233241e+02
3.417414297445926952e+00	3.745757286266372830e+03	4.347319374534077942e+06	8.291888851402103424e+09	1.532317798237045281e+02
3.489836657395697816e+00	3.372142759448920060e+03	3.915512732422655914e+06	7.467357518336097717e+09	1.378772903303218698e+02
3.563793802936028321e+00	3.005879094839489881e+03	3.491616381830693223e+06	6.657806955073586464e+09	1.228444731390788007e+02
3.639318259474964901e+00	2.643037185666172263e+03	3.071241424351883121e+06	5.855166206936182022e+09	1.079704161205511639e+02
3.716443241703908829e+00	2.278550902809019590e+03	2.648510088569785468e+06	5.048142734553336143e+09	9.304543281092090012e+01
3.795202668205029717e+00	1.904391536871255084e+03	2.214095697484290693e+06	4.218897829022350311e+09	7.773938553027052478e+01
3.875631176368202979e+00	1.505356944262200614e+03	1.750424588579839095e+06	3.334186224484453201e+09	6.143087998932340099e+01
3.957764137624104617e+00	1.042321984482031667e+03	1.212127764037061483e+06	2.307939948832901478e+09	4.252311016160943069e+01
4.041637673000112230e+00	2.606267249682634315e+02	3.031157478094770340e+05	5.769389810987112522e+08	1.063002297955041620e+01
4.127288669005872102e+00	nan	nan	nan	nan
4.214754793855508552e+00	nan	nan	nan	nan
4.304074514033643162e+00	nan	nan	nan	nan
4.395287111212434539e+00	nan	nan	nan	nan
4.488432699527177050e+00	nan	nan	nan	nan
4.583552243217979161e+00	nan	nan	nan	nan
4.680687574645305382e+00	nan	nan	nan	nan
4.779881412687339015e+00	nan	nan	nan	nan
4.881177381527165515e+00	nan	nan	nan	nan
4.984620029838152888e+00	nan	nan	nan	nan
5.090254850375883322e+00	nan	nan	nan	nan
5.198128299985286915e+00	nan	nan	nan	nan
5.308287820031761584e+00	nan	nan	nan	nan
5.420781857265304815e+00	nan	nan	nan	nan
5.535659885126738011e+00	nan	nan	nan	nan
5.652972425505520704e+00	nan	nan	nan	nan
5.772771070958623518e+00	nan	nan	nan	nan
5.895108507400270703e+00	nan	nan	nan	nan
6.020038537272556667e+00	nan	nan	nan	nan
6.147616103207036886e+00	nan	nan	nan	nan
6.277897312187818990e+00	nan	nan	nan	nan
6.410939460226692255e+00	nan	nan	nan	nan
6.546801057561175696e+00	nan	nan	nan	nan
6.685541854386596761e+00	nan	nan	nan	nan
6.827222867133428963e+00	nan	nan	nan	nan
6.971906405301561804e+00	nan	nan	nan	nan
7.119656098863218929e+00	nan	nan	nan	nan
7.270536926246596643e+00	nan	nan	nan	nan
7.424615242912579127e+00	nan	nan	nan	nan
7.581958810536977289e+00	nan	nan	nan	nan
7.742636826811277295e+00	nan	nan	nan	nan
7.906719955874896399e+00	nan	nan	nan	nan
8.074280359392364659e+00	nan	nan	nan	nan
8.245391728289099831e+00	nan	nan	nan	nan
8.420129315159766037e+00	nan	nan	nan	nan
8.598569967363353328e+00	nan	nan	nan	nan
8.780792160819700598e+00	nan	nan	nan	nan
8.966876034522190508e+00	nan	nan	nan	nan
9.156903425781846906e+00	nan	nan	nan	nan
9.350957906218383187e+00	nan	nan	nan	nan
9.549124818513869073e+00	nan	nan	nan	nan
9.751491313945386707e+00	nan	nan	nan	nan
9.958146390713055851e+00	nan	nan	nan	nan
1.016918093308028581e+01	nan	nan	nan	nan
1.038468775134352740e+01	nan	nan	nan	nan
1.060476162264905220e+01	nan	nan	nan	nan
1.082949933267470577e+01	nan	nan	nan	nan
1.105899971819510696e+01	nan	nan	nan	nan
1.129336371054865928e+01	nan	nan	nan	nan
1.153269438002595848e+01	nan	nan	nan	nan
1.177709698119876869e+01	nan	nan	nan	nan
1.202667899920963279e+01	nan	nan	nan	nan
1.228155019704247053e+01	nan	nan	nan	nan
1.254182266379493349e+01	nan	nan	nan	nan
1.280761086397376225e+01	nan	nan	nan	nan
1.307903168783481007e+01	nan	nan	nan	nan
1.335620450278989146e+01	nan	nan	nan	nan
1.363925120590300821e+01	nan	nan	nan	nan
1.392829627749924271e+01	nan	nan	nan	nan
1.422346683590943783e+01	nan	nan	nan	nan
1.452489269337533528e+01	nan	nan	nan	nan
1.483270641313931115e+01	nan	nan	nan	nan
1.514704336774399174e+01	nan	nan	nan	nan
1.546804179856737527e+01	nan	nan	nan	nan
1.579584287661962527e+01	nan	nan	nan	nan
1.613059076462826624e+01	nan	nan	nan	nan
1.647243268043913034e+01	nan	nan	nan	nan
1.682151896176083383e+01	nan	nan	nan	nan
1.717800313228151410e+01	nan	nan	nan	nan
1.754204196918641045e+01	nan	nan	nan	nan
1.791379557210657580e+01	nan	nan	nan	nan
1.829342743352862044e+01	nan	nan	nan	nan
1.868110451069663469e+01	nan	nan	nan	nan
1.907699729903783492e+01	nan	nan	nan	nan
1.948127990714428748e+01	nan	nan	nan	nan
1.989413013334363711e+01	nan	nan	nan	nan
2.031572954389253738e+01	nan	nan	nan	nan
2.074626355282718393e+01	nan	nan	nan	nan
2.118592150350598402e+01	nan	nan	nan	nan
2.163489675188052530e+01	nan	nan	nan	nan
2.209338675153079734e+01	nan	nan	nan	nan
2.256159314050291798e+01	nan	nan	nan	nan
2.303972182998693796e+01	nan	nan	nan	nan
2.352798309487394945e+01	nan	nan	nan	nan
2.402659166623228870e+01	nan	nan	nan	nan
2.453576682574353285e+01	nan	nan	nan	nan
2.505573250213976877e+01	nan	nan	nan	nan
2.558671736968459953e+01	nan	nan	nan	nan
2.612895494874115698e+01	nan	nan	nan	nan
2.668268370847132687e+01	nan	nan	nan	nan
2.724814717171165412e+01	nan	nan	nan	nan
2.782559402207125743e+01	nan	nan	nan	nan
2.841527821329990999e+01	nan	nan	nan	nan
2.901745908097360527e+01	nan	nan	nan	nan
2.963240145654703639e+01	nan	nan	nan	nan
3.026037578382308624e+01	nan	nan	nan	nan
3.090165823789054755e+01	nan	nan	nan	nan
3.155653084658241525e+01	nan	nan	nan	nan
3.222528161450811979e+01	nan	nan	nan	nan
3.290820464971425707e+01	nan	nan	nan	nan
3.360560029302952501e+01	nan	nan	nan	nan
3.431777525015100849e+01	nan	nan	nan	nan
3.504504272652905428e+01	nan	nan	nan	nan
3.578772256511129513e+01	nan	nan	nan	nan
3.654614138700539883e+01	nan	nan	nan	nan
3.732063273512289925e+01	nan	nan	nan	nan
3.811153722086707774e+01	nan	nan	nan	nan
3.891920267392951160e+01	nan	nan	nan	nan
3.974398429526115706e+01	nan	nan	nan	nan
4.058624481328516254e+01	nan	nan	nan	nan
4.144635464342010778e+01	nan	nan	nan	nan
4.232469205098434628e+01	nan	nan	nan	nan
4.322164331755172384e+01	nan	nan	nan	nan
4.413760291083362119e+01	nan	nan	nan	nan
4.507297365816076251e+01	nan	nan	nan	nan
4.602816692364147144e+01	nan	nan	nan	nan
4.700360278907441369e+01	nan	nan	nan	nan
4.799971023869517950e+01	nan	nan	nan	nan
4.901692734783804895e+01	nan	nan	nan	nan
5.005570147559598126e+01	nan	nan	nan	nan
5.111648946156338980e+01	nan	nan	nan	nan
5.219975782674825382e+01	nan	nan	nan	nan
5.330598297874255564e+01	nan	nan	nan	nan
5.443565142123959077e+01	nan	nan	nan	nan
5.558925996799251124e+01	nan	nan	nan	nan
5.676731596130657209e+01	nan	nan	nan	nan
5.797033749516177181e+01	nan	nan	nan	nan
5.919885364306400533e+01	nan	nan	nan	nan
6.045340469072480261e+01	nan	nan	nan	nan
6.173454237367209885e+01	nan	nan	nan	nan
6.304283011989645757e+01	nan	nan	nan	nan
6.437884329763940627e+01	nan	nan	nan	nan
6.574316946843353549e+01	nan	nan	nan	nan
6.713640864550379206e+01	nan	nan	nan	nan
6.855917355764610477e+01	nan	nan	nan	nan
7.001208991869765441e+01	nan	nan	nan	nan
7.149579670271769771e+01	nan	nan	nan	nan
7.301094642500031284e+01	nan	nan	nan	nan
7.455820542904223203e+01	nan	nan	nan	nan
7.613825417959219521e+01	nan	nan	nan	nan
7.775178756191070306e+01	nan	nan	nan	nan
7.939951518737163383e+01	nan	nan	nan	nan
8.108216170554010205e+01	nan	nan	nan	nan
8.280046712286477373e+01	nan	nan	nan	nan
8.455518712812224180e+01	nan	nan	nan	nan
8.634709342475994731e+01	nan	nan	nan	nan
8.817697407028136070e+01	nan	nan	nan	nan
9.004563382282356088e+01	nan	nan	nan	nan
9.195389449507966617e+01	nan	nan	nan	nan
9.390259531572145590e+01	nan	nan	nan	nan
9.589259329848152902e+01	nan	nan	nan	nan
9.792476361905691817e+01	nan	nan	nan	nan
