# Data associated with arXiv:2208.14002
# 
# Scale-free gravitational potential, Phi(r), of a nfw1-7rhos4e3_truncated dark matter distribution (see Eq. 2.8 and the surrounding discussion)
# 
# Published: 8/25/22, Jack Runburg and Kenny Kiriu, contact: runburg@hawaii.edu
# 
# 
# -----------------------------------------------------------------
# 
# 	 tilde r 		 | 		 tilde Phi
# 
# -----------------------------------------------------------------
1.000000000000000082e-05	8.108585280692699737e-02
1.016902569856036418e-05	8.149460876069498927e-02
1.034090836579813217e-05	8.190542501462778902e-02
1.051569629182590727e-05	8.231831195717938254e-02
1.069343858298338107e-05	8.273328002908959811e-02
1.087418517563349352e-05	8.315033972364767323e-02
1.105798685019213608e-05	8.356950158695972131e-02
1.124489524539464294e-05	8.399077621820841277e-02
1.143496287280373749e-05	8.441417426992926798e-02
1.162824313156251011e-05	8.483970644828128793e-02
1.182479032339672186e-05	8.526738351330155619e-02
1.202465966787094358e-05	8.569721627919969775e-02
1.222790731790219642e-05	8.612921561461475695e-02
1.243459037553620304e-05	8.656339244289036616e-02
1.264476690798990365e-05	8.699975774236447246e-02
1.285849596396550032e-05	8.743832254663277959e-02
1.307583759024001738e-05	8.787909794482876014e-02
1.329685284853523648e-05	8.832209508191003755e-02
1.352160383267306994e-05	8.876732515894010522e-02
1.375015368602047702e-05	8.921479943336292628e-02
1.398256661922970337e-05	8.966452921929538022e-02
1.421890792827791775e-05	9.011652588780295903e-02
1.445924401281218556e-05	9.057080086720321888e-02
1.470364239480425140e-05	9.102736564333797908e-02
1.495217173752060936e-05	9.148623175987120881e-02
1.520490186481353606e-05	9.194741081858051612e-02
1.546190378073772831e-05	9.241091447964168426e-02
1.572324968949899453e-05	9.287675446193917328e-02
1.598901301573965207e-05	9.334494254334531338e-02
1.625926842516730133e-05	9.381549056102758688e-02
1.653409184553174079e-05	9.428841041173709192e-02
1.681356048795696318e-05	9.476371405212487276e-02
1.709775286863338809e-05	9.524141349902917608e-02
1.738674883087671066e-05	9.572152082977798682e-02
1.768062956756000055e-05	9.620404818251013235e-02
1.797947764392438726e-05	9.668900775645841716e-02
1.828337702077590442e-05	9.717641181227355818e-02
1.859241307807381921e-05	9.766627267233282672e-02
1.890667263891824960e-05	9.815860272103500705e-02
1.922624399394281931e-05	9.865341440513465676e-02
1.955121692611963820e-05	9.915072023403810608e-02
1.988168273598394005e-05	9.965053278012699078e-02
2.021773426728446277e-05	1.001528646790728755e-01
2.055946593306806188e-05	1.006577286301576779e-01
2.090697374220454717e-05	1.011651373965850725e-01
2.126035532636048084e-05	1.016751038058198719e-01
2.161970996742848953e-05	1.021876407498870792e-01
2.198513862542019826e-05	1.027027611857200401e-01
2.235674396683105304e-05	1.032204781354697093e-01
2.273463039348393747e-05	1.037408046868415201e-01
2.311890407186101566e-05	1.042637539934157115e-01
2.350967296293065580e-05	1.047893392749938007e-01
2.390704685247916156e-05	1.053175738179159132e-01
2.431113738195477895e-05	1.058484709754026892e-01
2.472205807983296721e-05	1.063820441678896139e-01
2.513992439351238667e-05	1.069183068833650802e-01
2.556485372174920653e-05	1.074572726777090065e-01
2.599696544764047972e-05	1.079989551750360766e-01
2.643638097216418787e-05	1.085433680680313040e-01
2.688322374828698802e-05	1.090905251183028751e-01
2.733761931564792142e-05	1.096404401567278725e-01
2.779969533582839453e-05	1.101931270837918780e-01
2.826958162821882354e-05	1.107485998699450774e-01
2.874741020649071774e-05	1.113068725559513000e-01
2.923331531568612113e-05	1.118679592532430267e-01
2.972743346993304866e-05	1.124318741442674324e-01
3.022990349079926684e-05	1.129986314828589494e-01
3.074086654629380722e-05	1.135682455945829228e-01
3.126046619052763072e-05	1.141407308770951562e-01
3.178884840404535552e-05	1.147161018005181804e-01
3.232616163483768439e-05	1.152943729077882812e-01
3.287255684004812447e-05	1.158755588150289367e-01
3.342818752838356790e-05	1.164596742119171358e-01
3.399320980324275641e-05	1.170467338620447412e-01
3.456778240657304527e-05	1.176367526033045424e-01
3.515206676346841592e-05	1.182297453482464428e-01
3.574622702752206616e-05	1.188257270844599450e-01
3.635043012694450139e-05	1.194247128749480052e-01
3.696484581146223093e-05	1.200267178585053413e-01
3.758964670000808795e-05	1.206317572500973517e-01
3.822500832921870388e-05	1.212398463412437677e-01
3.887110920275097572e-05	1.218510005003937274e-01
3.952813084143210176e-05	1.224652351733266503e-01
4.019625783425803943e-05	1.230825658835237452e-01
4.087567789025284005e-05	1.237030082325645403e-01
4.156658189120576708e-05	1.243265779005164468e-01
4.226916394529853092e-05	1.249532906463269449e-01
4.298362144164019741e-05	1.255831623082204473e-01
4.371015510572303796e-05	1.262162088040878205e-01
4.444896905581571312e-05	1.268524461318930874e-01
4.520027086031053377e-05	1.274918903700754391e-01
4.596427159603870473e-05	1.281345576779369944e-01
4.674118590757267352e-05	1.287804642960616863e-01
4.753123206752940771e-05	1.294296265467209384e-01
4.833463203789430644e-05	1.300820608342681817e-01
4.915161153238073493e-05	1.307377836455644593e-01
4.998240007984356624e-05	1.313968115503823808e-01
5.082723108876559525e-05	1.320591612018227334e-01
5.168634191283236288e-05	1.327248493367292614e-01
5.255997391761710167e-05	1.333938927761079418e-01
5.344837254839108326e-05	1.340663084255462600e-01
5.435178739908172257e-05	1.347421132756358719e-01
5.527047228239525742e-05	1.354213244023965423e-01
5.620468530112457639e-05	1.361039589677021933e-01
5.715468892066349253e-05	1.367900342197093944e-01
5.812075004274504757e-05	1.374795674932874079e-01
5.910314008042789533e-05	1.381725762104507316e-01
6.010213503434844385e-05	1.388690778807933068e-01
6.111801557026345553e-05	1.395690901019251695e-01
6.215106709790228898e-05	1.402726305599110435e-01
6.320157985115178797e-05	1.409797170297105440e-01
6.426984896959787321e-05	1.416903673756216564e-01
6.535617458144342038e-05	1.424045995517249363e-01
6.646086188782971240e-05	1.431224316023310406e-01
6.758422124858115099e-05	1.438438816624291461e-01
6.872656826940111863e-05	1.445689679581389220e-01
6.988822389054047174e-05	1.452977088071636114e-01
7.106951447696465861e-05	1.460301226192450563e-01
7.227077191004629639e-05	1.467662278966223866e-01
7.349233368080552791e-05	1.475060432344907080e-01
7.473454298472863809e-05	1.482495873214641768e-01
7.599774881818697982e-05	1.489968789400392957e-01
7.728230607648789517e-05	1.497479369670618177e-01
7.858857565358148443e-05	1.505027803741953718e-01
7.991692454345255051e-05	1.512614282283915312e-01
8.126772594322802224e-05	1.520238996923637675e-01
8.264135935802465773e-05	1.527902140250616825e-01
8.403821070757165439e-05	1.535603905821494031e-01
8.545867243463269578e-05	1.543344488164840878e-01
8.690314361526321394e-05	1.551124082785989844e-01
8.837203007092955202e-05	1.558942886171868769e-01
8.986574448252320402e-05	1.566801095795862520e-01
9.138470650630395851e-05	1.574698910122707962e-01
9.292934289180014931e-05	1.582636528613393934e-01
9.450008760170456993e-05	1.590614151730101733e-01
9.609738193379394305e-05	1.598631980941151165e-01
9.772167464491231779e-05	1.606690218725986552e-01
9.937342207704681467e-05	1.614789068580169407e-01
1.010530882855375953e-04	1.622928735020409963e-01
1.027611451694522251e-04	1.631109423589608698e-01
1.044980726041651943e-04	1.639331340861926167e-01
1.062643585761784858e-04	1.647594694447881702e-01
1.080604993202192510e-04	1.655899692999460993e-01
1.098869994586575572e-04	1.664246546215266409e-01
1.117443721432778697e-04	1.672635464845670661e-01
1.136331391994486811e-04	1.681066660698011528e-01
1.155538312727281931e-04	1.689540346641796587e-01
1.175069879779481330e-04	1.698056736613940132e-01
1.194931580508180820e-04	1.706616045624022859e-01
1.215128995020904455e-04	1.715218489759567089e-01
1.235667797743341897e-04	1.723864286191349182e-01
1.256553759013554958e-04	1.732553653178724729e-01
1.277792746703147969e-04	1.741286810074983149e-01
1.299390727865835948e-04	1.750063977332724507e-01
1.321353770413874452e-04	1.758885376509259635e-01
1.343688044822834680e-04	1.767751230272039675e-01
1.366399825865173903e-04	1.776661762404098954e-01
1.389495494373137348e-04	1.785617197809535595e-01
1.412981539031428761e-04	1.794617762519004900e-01
1.436864558200198782e-04	1.803663683695242714e-01
1.461151261768842277e-04	1.812755189638613762e-01
1.485848473041125864e-04	1.821892509792679971e-01
1.510963130652191798e-04	1.831075874749799881e-01
1.536502290517936125e-04	1.840305516256743046e-01
1.562473127817378576e-04	1.849581667220341619e-01
1.588882939008491742e-04	1.858904561713151382e-01
1.615739143878149021e-04	1.868274434979154408e-01
1.643049287626683534e-04	1.877691523439470045e-01
1.670821042987704773e-04	1.887156064698101432e-01
1.699062212383743503e-04	1.896668297547705329e-01
1.727780730118311508e-04	1.906228461975378596e-01
1.756984664605053779e-04	1.915836799168482429e-01
1.786682220634525510e-04	1.925493551520478241e-01
1.816881741679340619e-04	1.935198962636801301e-01
1.847591712238235014e-04	1.944953277340747688e-01
1.878820760219775598e-04	1.954756741679378462e-01
1.910577659366365815e-04	1.964609602929519305e-01
1.942871331719188508e-04	1.974512109603637489e-01
1.975710850124866975e-04	1.984464511455899249e-01
2.009105440784431595e-04	1.994467059488161109e-01
2.043064485845435532e-04	2.004520005956020590e-01
2.077597526037827484e-04	2.014623604374878030e-01
2.112714263354412516e-04	2.024778109526027825e-01
2.148424563776607336e-04	2.034983777462777421e-01
2.184738460046266035e-04	2.045240865516586848e-01
2.221666154484372088e-04	2.055549632303237118e-01
2.259218021857336319e-04	2.065910337729017499e-01
2.297404612291798821e-04	2.076323242996947205e-01
2.336236654238643619e-04	2.086788610613013184e-01
2.375725057487147664e-04	2.097306704392437882e-01
2.415880916230062926e-04	2.107877789465969209e-01
2.456715512180506823e-04	2.118502132286197159e-01
2.498240317741551374e-04	2.129180000633898173e-01
2.540466999229345113e-04	2.139911663624393390e-01
2.583407420150777146e-04	2.150697391713947415e-01
2.627073644536481322e-04	2.161537456706179305e-01
2.671477940330213769e-04	2.172432131758502971e-01
2.716632782835508839e-04	2.183381691388593671e-01
2.762550858220584886e-04	2.194386411480876709e-01
2.809245067082517420e-04	2.205446569293043335e-01
2.856728528071605542e-04	2.216562443462584964e-01
2.905014581577071149e-04	2.227734314013362915e-01
2.954116793474984839e-04	2.238962462362190931e-01
3.004048958939589458e-04	2.250247171325449880e-01
3.054825106319022541e-04	2.261588725125724120e-01
3.106459501076553839e-04	2.272987409398459502e-01
3.158966649798455200e-04	2.284443511198654686e-01
3.212361304269563162e-04	2.295957319007560227e-01
3.266658465617811426e-04	2.307529122739421512e-01
3.321873388528732334e-04	2.319159213748228920e-01
3.378021585531251671e-04	2.330847884834500172e-01
3.435118831355896260e-04	2.342595430252085997e-01
3.493181167366675791e-04	2.354402145714994676e-01
3.552224906067888996e-04	2.366268328404249888e-01
3.612266635687054364e-04	2.378194276974753552e-01
3.673323224835388411e-04	2.390180291562198078e-01
3.735411827246973185e-04	2.402226673789976397e-01
3.798549886598084251e-04	2.414333726776128619e-01
3.862755141407951480e-04	2.426501755140310912e-01
3.928045630022363724e-04	2.438731065010781573e-01
3.994439695681523583e-04	2.451021964031417644e-01
4.061955991673505371e-04	2.463374761368738730e-01
4.130613486574917070e-04	2.475789767718976908e-01
4.200431469580040238e-04	2.488267295315142735e-01
4.271429555920115370e-04	2.500807657934130401e-01
4.343627692374198417e-04	2.513411170903841474e-01
4.417046162873167637e-04	2.526078151110321968e-01
4.491705594198478857e-04	2.538808917004908294e-01
4.567626961777168084e-04	2.551603788611494505e-01
4.644831595574927248e-04	2.564463087533616625e-01
4.723341186088662533e-04	2.577387136961754588e-01
4.803177790440425624e-04	2.590376261680564229e-01
4.884363838574312710e-04	2.603430788076139812e-01
4.966922139558113680e-04	2.616551044143300420e-01
5.050875887991499369e-04	2.629737359492899107e-01
5.136248670522445235e-04	2.642990065359139273e-01
5.223064472473935762e-04	2.656309494606928223e-01
5.311347684582509721e-04	2.669695981739227952e-01
5.401123109850867847e-04	2.683149862904445904e-01
5.492415970516181150e-04	2.696671475903825721e-01
5.585251915136241153e-04	2.710261160198865205e-01
5.679657025795404723e-04	2.723919256918752030e-01
5.775657825432239500e-04	2.737646108867807238e-01
5.873281285291183634e-04	2.751442060532959810e-01
5.972554832499969713e-04	2.765307458091220694e-01
6.073506357775315233e-04	2.779242649417189570e-01
6.176164223258701069e-04	2.793247984090562186e-01
6.280557270484683893e-04	2.807323813403660995e-01
6.386714828483902292e-04	2.821470490368982453e-01
6.494666722022935214e-04	2.835688369726745428e-01
6.604443279983617009e-04	2.849977807952474018e-01
6.716075343883770371e-04	2.864339163264568722e-01
6.829594276542177208e-04	2.878772795631915904e-01
6.945031970889825731e-04	2.893279066781488940e-01
7.062420858930204982e-04	2.907858340205970449e-01
7.181793920851009278e-04	2.922510981171386746e-01
7.303184694289851413e-04	2.937237356724747839e-01
7.426627283756636558e-04	2.952037835701704638e-01
7.552156370215079703e-04	2.966912788734202278e-01
7.679807220826359018e-04	2.981862588258164526e-01
7.809615698857278474e-04	2.996887608521160984e-01
7.941618273756021005e-04	3.011988225590100932e-01
8.075852031398165869e-04	3.027164817358926618e-01
8.212354684505887787e-04	3.042417763556313215e-01
8.351164583243314002e-04	3.057747445753380422e-01
8.492320725990840828e-04	3.073154247371390757e-01
8.635862770301777234e-04	3.088638553689483923e-01
8.781831044043956558e-04	3.104200751852381757e-01
8.930266556729828109e-04	3.119841230877976046e-01
9.081211011037989590e-04	3.135560381665577490e-01
9.234706814529467173e-04	3.151358597002901774e-01
9.390797091562086895e-04	3.167236271574263573e-01
9.549525695406079406e-04	3.183193801968185466e-01
9.710937220564705170e-04	3.199231586685130080e-01
9.875077015302894702e-04	3.215350026145220030e-01
1.004199119438780371e-03	3.231549522695956189e-01
1.021172665204465608e-03	3.247830480619935956e-01
1.038433107513160114e-03	3.264193306142560980e-01
1.055985295653722377e-03	3.280638407439744886e-01
1.073834160880457900e-03	3.297166194645613224e-01
1.091984717798539194e-03	3.313777079860187880e-01
1.110442065772854507e-03	3.330471477157073701e-01
1.129211390360662605e-03	3.347249802591127366e-01
1.148297964768467102e-03	3.364112474206117920e-01
1.167707151333511727e-03	3.381059912042377325e-01
1.187444403030319794e-03	3.398092538144428798e-01
1.207515265002700490e-03	3.415210776568615159e-01
1.227925376121640280e-03	3.432415053390696635e-01
1.248680470569537605e-03	3.449705796713438688e-01
1.269786379451208914e-03	3.467083436674183727e-01
1.291249032432127903e-03	3.484548405452396191e-01
1.313074459404352896e-03	3.502101137277192078e-01
1.335268792180613557e-03	3.519742068434846272e-01
1.357838266217031810e-03	3.537471637276265457e-01
1.380789222364966172e-03	3.555290284224459918e-01
1.404128108652453718e-03	3.573198451781957052e-01
1.427861482095777682e-03	3.591196584538210446e-01
1.451996010541646868e-03	3.609285129176966200e-01
1.476538474540514635e-03	3.627464534483608172e-01
1.501495769251562883e-03	3.645735251352461015e-01
1.526874906379880551e-03	3.664097732794056039e-01
1.552683016146397385e-03	3.682552433942378189e-01
1.578927349291094897e-03	3.701099812062053074e-01
1.605615279110095620e-03	3.719740326555502352e-01
1.632754303527175332e-03	3.738474438970062486e-01
1.660352047200289172e-03	3.757302613006276437e-01
1.688416263663707062e-03	3.776225314520413323e-01
1.716954837506350865e-03	3.795243011537764444e-01
1.745975786586963620e-03	3.814356174255633114e-01
1.775487264286699802e-03	3.833565275051111221e-01
1.805497561799810540e-03	3.852870788488091947e-01
1.836015110463037458e-03	3.872273191324085984e-01
1.867048484124379315e-03	3.891772962517451862e-01
1.898606401551900620e-03	3.911370583237108733e-01
1.930697728883249645e-03	3.931066536911219100e-01
1.963331482116591892e-03	3.950861308817044670e-01
1.996516829643624896e-03	3.970755387282281501e-01
2.030263094825430960e-03	3.990749262076465631e-01
2.064579758611852570e-03	4.010843425530236650e-01
2.099476462205150749e-03	4.031038372187926155e-01
2.134963009768679927e-03	4.051334598841991874e-01
2.171049371181348660e-03	4.071732604541529188e-01
2.207745684838647703e-03	4.092232890598752615e-01
2.245062260500998302e-03	4.112835960595038198e-01
2.283009582190270292e-03	4.133542320398770897e-01
2.321598311135244109e-03	4.154352478122839698e-01
2.360839288766866315e-03	4.175266944203194774e-01
2.400743539764126078e-03	4.196286231355307872e-01
2.441322275151419988e-03	4.217410854592003600e-01
2.482586895448264750e-03	4.238641331228759079e-01
2.524548993872262424e-03	4.259978180888922550e-01
2.567220359596177753e-03	4.281421925508788195e-01
2.610612981060093842e-03	4.302973089342576052e-01
2.654739049339540410e-03	4.324632198967289787e-01
2.699610961570552640e-03	4.346399783287442919e-01
2.745241324432623389e-03	4.368276373539661805e-01
2.791642957690524101e-03	4.390262503297161500e-01
2.838828897796003177e-03	4.412358708474083957e-01
2.886812401550338004e-03	4.434565527329690782e-01
2.935606949828818354e-03	4.456883500472427206e-01
2.985226251368169013e-03	4.479313170863826188e-01
3.035684246617996723e-03	4.501855083822266512e-01
3.086995111657330013e-03	4.524509787026573804e-01
3.139173262177360861e-03	4.547277830519452224e-01
3.192233357531519197e-03	4.570159766712286742e-01
3.246190304853968818e-03	4.593156150382824987e-01
3.301059263247754609e-03	4.616267538685658867e-01
3.356855648043719550e-03	4.639494491150386035e-01
3.413595135131412741e-03	4.662837569686493211e-01
3.471293665363201029e-03	4.686297338592292361e-01
3.529967449032819348e-03	4.709874364416805625e-01
3.589632970429635240e-03	4.733569216489995624e-01
3.650306992469857896e-03	4.757382466045461666e-01
3.712006561406061729e-03	4.781314686948894832e-01
3.774749011616297320e-03	4.805366455451273722e-01
3.838551970474150202e-03	4.829538350154052861e-01
3.903433363301120080e-03	4.853830952042306190e-01
3.969411418402700453e-03	4.878244844550530535e-01
4.036504672189604979e-03	4.902780613428471268e-01
4.104731974385511864e-03	4.927438846901871505e-01
4.174112493322873658e-03	4.952220135501850251e-01
4.244665721328222743e-03	4.977125072218147595e-01
4.316411480198500787e-03	5.002154252439309223e-01
4.389369926769958255e-03	5.027308273864097288e-01
4.463561558581177410e-03	5.052587736692134568e-01
4.539007219631814756e-03	5.077993243391020206e-01
4.615728106238700494e-03	5.103525398907643451e-01
4.693745772990876204e-03	5.129184810574377584e-01
4.773082138805334954e-03	5.154972088017318876e-01
4.853759493085097083e-03	5.180887843327707243e-01
4.935800501981372872e-03	5.206932690978055556e-01
5.019228214761578891e-03	5.233107247721451305e-01
5.104066070284974874e-03	5.259412132770481252e-01
5.190337903587798063e-03	5.285847967706335249e-01
5.278067952579629761e-03	5.312415376378001319e-01
5.367280864853020243e-03	5.339114985081797604e-01
5.458001704608171807e-03	5.365947422467524097e-01
5.550255959694683563e-03	5.392913319438632502e-01
5.644069548772311269e-03	5.420013309328090001e-01
5.739468828592763153e-03	5.447248027803778259e-01
5.836480601404602127e-03	5.474618112771753031e-01
5.935132122483251921e-03	5.502124204543544783e-01
6.035451107788337120e-03	5.529766945744195583e-01
6.137465741750428375e-03	5.557546981218393078e-01
6.241204685189401941e-03	5.585464958188007811e-01
6.346697083366644419e-03	5.613521526170655029e-01
6.453972574173352621e-03	5.641717336747534839e-01
6.563061296457267831e-03	5.670053044308245305e-01
6.673993898490092683e-03	5.698529304805665108e-01
6.786801546578089504e-03	5.727146776891095525e-01
6.901515933818189001e-03	5.755906121306495482e-01
7.018169289002107285e-03	5.784808001047317960e-01
7.136794385670962304e-03	5.813853081303502757e-01
7.257424551322942327e-03	5.843042029471942067e-01
7.380093676776592997e-03	5.872375515128270829e-01
7.504836225692410046e-03	5.901854209982981825e-01
7.631687244255296390e-03	5.931478787982874534e-01
7.760682371020751966e-03	5.961249925108048631e-01
7.891857846927448697e-03	5.991168299573862432e-01
8.025250525479058969e-03	6.021234591576107853e-01
8.160897883098169533e-03	6.051449483530408902e-01
8.298838029655216872e-03	6.081813659786238224e-01
8.439109719175405186e-03	6.112327806884684245e-01
8.581752360726531761e-03	6.142992613250745082e-01
8.726806029490927208e-03	6.173808769429743881e-01
8.874311478024487360e-03	6.204776967969097834e-01
9.024310147706032098e-03	6.235897903252990426e-01
9.176844180380181251e-03	6.267172271737599942e-01
9.331956430197019259e-03	6.298600771809778065e-01
9.489690475651922641e-03	6.330184103614421298e-01
9.650090631828802876e-03	6.361922969306001985e-01
9.813201962850383320e-03	6.393818072893849846e-01
9.979070294538865127e-03	6.425870120062536772e-01
1.014774222729061814e-02	6.458079818431959884e-01
1.031926514916845991e-02	6.490447877393522580e-01
1.049368724921524200e-02	6.522975007927305224e-01
1.067105753099251327e-02	6.555661922862280333e-01
1.085142582634790812e-02	6.588509336707483177e-01
1.103484280941536416e-02	6.621517965469573275e-01
1.122136001085190064e-02	6.654688526905728763e-01
1.141102983231507065e-02	6.688021740352509958e-01
1.160390556118510476e-02	6.721518326547761824e-01
1.180004138553588516e-02	6.755179007869044350e-01
1.199949240935904021e-02	6.789004508163936080e-01
1.220231466804522213e-02	6.822995552577713063e-01
1.240856514412720830e-02	6.857152867808585794e-01
1.261830178328901021e-02	6.891477181760039539e-01
1.283158351064561664e-02	6.925969223742176606e-01
1.304847024729788307e-02	6.960629724332638713e-01
1.326902292716726148e-02	6.995459415230992350e-01
1.349330351411505598e-02	7.030459029433604456e-01
1.372137501935110325e-02	7.065629300979899829e-01
1.395330151913657356e-02	7.100970965015862557e-01
1.418914817278613301e-02	7.136484757733293494e-01
1.442898124097431733e-02	7.172171416297317137e-01
1.467286810435134044e-02	7.208031678799355912e-01
1.492087728247356443e-02	7.244066284173047432e-01
1.517307845305392207e-02	7.280275972266044837e-01
1.542954247153780281e-02	7.316661483604364191e-01
1.569034139100966910e-02	7.353223559410219101e-01
1.595554848243628532e-02	7.389962941624719228e-01
1.622523825525205854e-02	7.426880372790384266e-01
1.649948647829230924e-02	7.463976595844002970e-01
1.677837020108039270e-02	7.501252354357806906e-01
1.706196777547459506e-02	7.538708392122065449e-01
1.735035887768101442e-02	7.576345453388980689e-01
1.764362453063833894e-02	7.614164282681898932e-01
1.794184712678114843e-02	7.652165624559886803e-01
1.824511045118791530e-02	7.690350223848728684e-01
1.855349970512023758e-02	7.728718825427610684e-01
1.886710152996000367e-02	7.767272173977725069e-01
1.918600403155108769e-02	7.806011014231033496e-01
1.951029680495259405e-02	7.844936090738546808e-01
1.984007095961033348e-02	7.884048147608506696e-01
2.017541914495388916e-02	7.923347928761782510e-01
2.051643557642630553e-02	7.962836177686795081e-01
2.086321606195374462e-02	8.002513637171990712e-01
2.121585802886252412e-02	8.042381049557637551e-01
2.157446055125112477e-02	8.082439156481929787e-01
2.193912437782497352e-02	8.122688698612013924e-01
2.230995196020145455e-02	8.163130415883005364e-01
2.268704748169360005e-02	8.203765047239262032e-01
2.307051688658016617e-02	8.244593330367467887e-01
2.346046790987047978e-02	8.285616001915019346e-01
2.385701010757239338e-02	8.326833797230035472e-01
2.426025488747183059e-02	8.368247450098775797e-01
2.467031554043257191e-02	8.409857692936886231e-01
2.508730727222522119e-02	8.451665256533048565e-01
2.551134723589388795e-02	8.493670869788546574e-01
2.594255456467021298e-02	8.535875259920726599e-01
2.638105040544361582e-02	8.578279152007564079e-01
2.682695795279727360e-02	8.620883269166139673e-01
2.728040248361941061e-02	8.663688332180943252e-01
2.774151139229957819e-02	8.706695059535445314e-01
2.821041422651998296e-02	8.749904167211083328e-01
2.868724272365149111e-02	8.793316368586848730e-01
2.917213084776511603e-02	8.836932374280167535e-01
2.966521482726893269e-02	8.880752891983214603e-01
3.016663319318120540e-02	8.924778626455364128e-01
3.067652681805041123e-02	8.969010279146752973e-01
3.119503895553308453e-02	9.013448548331108867e-01
3.172231528064078931e-02	9.058094128651824617e-01
3.225850393066707206e-02	9.102947711294581135e-01
3.280375554680643041e-02	9.148009983486288244e-01
3.335822331647670530e-02	9.193281628696873264e-01
3.392206301635675159e-02	9.238763326103965889e-01
3.449543305615163091e-02	9.284455750756691605e-01
3.507849452309746291e-02	9.330359573277356988e-01
3.567141122721874391e-02	9.376475459514816979e-01
3.627434974735024853e-02	9.422804070690117273e-01
3.688747947793717674e-02	9.469346063069025154e-01
3.751097267662616142e-02	9.516102087595325054e-01
3.814500451266075037e-02	9.563072790049326199e-01
3.878975311609485915e-02	9.610258810697640541e-01
3.944539962783806530e-02	9.657660783910430036e-01
4.011212825054691344e-02	9.705279338321444182e-01
4.079012630037611581e-02	9.753115096460640565e-01
4.147958425960481671e-02	9.801168674359330701e-01
4.218069583015218033e-02	9.849440681703195422e-01
4.289365798799760210e-02	9.897931721448899323e-01
4.361867103852071215e-02	9.946642389425882635e-01
4.435593867277683178e-02	9.995573274468493308e-01
4.510566802472350950e-02	1.004472495802477994e+00
4.586806972941463723e-02	1.009409801375442894e+00
4.664335798217766893e-02	1.014369300763547921e+00
4.743175059879158745e-02	1.019351049756673566e+00
4.823346907668181471e-02	1.024355103296555658e+00
4.904873865714945436e-02	1.029381515484220078e+00
4.987778838865244979e-02	1.034430339539879729e+00
5.072085119115625484e-02	1.039501627762917213e+00
5.157816392157245355e-02	1.044595431539722785e+00
5.244996744030298863e-02	1.049711801282624535e+00
5.333650667890960095e-02	1.054850786435092225e+00
5.423803070892688205e-02	1.060012435419053656e+00
5.515479281183843091e-02	1.065196795624346882e+00
5.608705055023580077e-02	1.070403913373799698e+00
5.703506584018021297e-02	1.075633833898474112e+00
5.799910502478755614e-02	1.080886601306738637e+00
5.897943894905668949e-02	1.086162258552994864e+00
5.997634303596301869e-02	1.091460847421733771e+00
6.099009736383805003e-02	1.096782408474247905e+00
6.202098674505685666e-02	1.102126981046859910e+00
6.306930080605555045e-02	1.107494603189493665e+00
6.413533406870128295e-02	1.112885311667595856e+00
6.521938603303781279e-02	1.118299141895726656e+00
6.632176126142910744e-02	1.123736127942083884e+00
6.744276946412586238e-02	1.129196302458514101e+00
6.858272558627788451e-02	1.134679696680902961e+00
6.974194989641739617e-02	1.140186340382870034e+00
7.092076807643786507e-02	1.145716261824501370e+00
7.211951131309368712e-02	1.151269487750530285e+00
7.333851639104646547e-02	1.156846043340904240e+00
7.457812578748428123e-02	1.162445952157110884e+00
7.583868776833958825e-02	1.168069236141471512e+00
7.712055648613416747e-02	1.173715915565111123e+00
7.842409207947753647e-02	1.179386008972342248e+00
7.974966077424722188e-02	1.185079533180206646e+00
8.109763498647923341e-02	1.190796503224180736e+00
8.246839342699753550e-02	1.196536932301574430e+00
8.386232120781254851e-02	1.202300831769772316e+00
8.527980995031705924e-02	1.208088211090575292e+00
8.672125789531190398e-02	1.213899077773058055e+00
8.818707001489085873e-02	1.219733437369598494e+00
8.967765812621682209e-02	1.225591293419480809e+00
9.119344100722104329e-02	1.231472647391281816e+00
9.273484451425793862e-02	1.237377498676504928e+00
9.430230170174896953e-02	1.243305844532500037e+00
9.589625294384790388e-02	1.249257680024996153e+00
9.751714605816352854e-02	1.255232998018557922e+00
9.916543643157306465e-02	1.261231789119388269e+00
1.008415871481621734e-01	1.267254041618218086e+00
1.025460691193275653e-01	1.273299741481413561e+00
1.042793612160791694e-01	1.279368872273079161e+00
1.060419504035768068e-01	1.285461415143650310e+00
1.078343318779438342e-01	1.291577348760620358e+00
1.096570092053898021e-01	1.297716649280732604e+00
1.115104944636879369e-01	1.303879290303801008e+00
1.133953083860418237e-01	1.310065242821921050e+00
1.153119805073836990e-01	1.316274475179768144e+00
1.172610493131479026e-01	1.322506953037924760e+00
1.192430623905555293e-01	1.328762639312245808e+00
1.212585765824598510e-01	1.335041494135647211e+00
1.233081581437884267e-01	1.341343474826898863e+00
1.253923829006330093e-01	1.347668535816780588e+00
1.275118364120260972e-01	1.354016628636966590e+00
1.296671141344518663e-01	1.360387701838491115e+00
1.318588215891403626e-01	1.366781700978814573e+00
1.340875745321854495e-01	1.373198568563706923e+00
1.363539991275424801e-01	1.379638243983404511e+00
1.386587321229457159e-01	1.386100663506229846e+00
1.410024210288032542e-01	1.392585760188512323e+00
1.433857243001131487e-01	1.399093463867700171e+00
1.458093115214542101e-01	1.405623701101545775e+00
1.482738635951064698e-01	1.412176395104042248e+00
1.507800729323471867e-01	1.418751465735727857e+00
1.533286436479847636e-01	1.425348829439690768e+00
1.559202917581761494e-01	1.431968399179754714e+00
1.585557453815923112e-01	1.438610084435036018e+00
1.612357449439809631e-01	1.445273791128266261e+00
1.639610433861866667e-01	1.451959421576237919e+00
1.667324063756906449e-01	1.458666874466900687e+00
1.695506125217208226e-01	1.465396044808954024e+00
1.724164535940033438e-01	1.472146823884524780e+00
1.753307347452060516e-01	1.478919099189913267e+00
1.782942747371474568e-01	1.485712754434964644e+00
1.813079061708234574e-01	1.492527669467507367e+00
1.843724757203275000e-01	1.499363720231059682e+00
1.874888443707211083e-01	1.506220778745669175e+00
1.906578876599247796e-01	1.513098713059187972e+00
1.938804959247014126e-01	1.519997387190796134e+00
1.971575745507916644e-01	1.526916661123393970e+00
2.004900442272835592e-01	1.533856390720865548e+00
2.038788412052750798e-01	1.540816427750351991e+00
2.073249175609150063e-01	1.547796619788210704e+00
2.108292414628857858e-01	1.554796810218427305e+00
2.143927974444073958e-01	1.561816838178777367e+00
2.180165866798430274e-01	1.568856538551854030e+00
2.217016272659736997e-01	1.575915741893038957e+00
2.254489545080342605e-01	1.582994274444117888e+00
2.292596212105766917e-01	1.590091958063125421e+00
2.331346979732569213e-01	1.597208610208572299e+00
2.370752734916163618e-01	1.604344043927055319e+00
2.410824548629473540e-01	1.611498067797006550e+00
2.451573678973335835e-01	1.618670485917568902e+00
2.493011574339402958e-01	1.625861097889743423e+00
2.535149876626587306e-01	1.633069698778631507e+00
2.578000424511790456e-01	1.640296079096812409e+00
2.621575256775992568e-01	1.647540024791434909e+00
2.665886615686511307e-01	1.654801317213249856e+00
2.710946950436425307e-01	1.662079733085396471e+00
2.756768920642191367e-01	1.669375044537374952e+00
2.803365399900296095e-01	1.676687019044010185e+00
2.850749479404112718e-01	1.684015419401295288e+00
2.898934471621800180e-01	1.691360003781832821e+00
2.947933914036459657e-01	1.698720525663568237e+00
2.997761572949446118e-01	1.706096733821845124e+00
3.048431447347966228e-01	1.713488372380510771e+00
3.099957772838110026e-01	1.720895180758365228e+00
3.152355025644269504e-01	1.728316893657383613e+00
3.205637926676255800e-01	1.735753241117516943e+00
3.259821445665060935e-01	1.743203948482354271e+00
3.314920805368620771e-01	1.750668736376292278e+00
3.370951485848599494e-01	1.758147320784416712e+00
3.427929228819465157e-01	1.765639412999743918e+00
3.485870042071142483e-01	1.773144719648009016e+00
3.544790203966314834e-01	1.780662942719469566e+00
3.604706268013856407e-01	1.788193779571018105e+00
3.665635067519453227e-01	1.795736922925490697e+00
3.727593720314937853e-01	1.803292060933692431e+00
3.790599633567491855e-01	1.810858877167273118e+00
3.854670508670132723e-01	1.818437050638002983e+00
3.919824346214941246e-01	1.826026255851824764e+00
3.986079451050231759e-01	1.833626162821795802e+00
4.053454437423328338e-01	1.841236437095520539e+00
4.121968234210137139e-01	1.848856739809569660e+00
4.191640090233237359e-01	1.856486727704666828e+00
4.262489579669776485e-01	1.864126053176436759e+00
4.334536607550772414e-01	1.871774364339482855e+00
4.407801415353455599e-01	1.879431305023563814e+00
4.482304586688004022e-01	1.887096514853960461e+00
4.558067053080540054e-01	1.894769629331360505e+00
4.635110099853732013e-01	1.902450279805461220e+00
4.713455372106929997e-01	1.910138093613653831e+00
4.793124880797287601e-01	1.917832694099416146e+00
4.874141008923670304e-01	1.925533700648814239e+00
4.956526517815184607e-01	1.933240728835037503e+00
5.040304553525852826e-01	1.940953390399286604e+00
5.125498653337533517e-01	1.948671293361965651e+00
5.212132752372591327e-01	1.956394042105750408e+00
5.300231190318516195e-01	1.964121237428083422e+00
5.389818718266018438e-01	1.971852476611584803e+00
5.480920505662881803e-01	1.979587353531470528e+00
5.573562147385243692e-01	1.987325458746343143e+00
5.667769670928383130e-01	1.995066379527616451e+00
5.763569543719186949e-01	2.002809699994414494e+00
5.860988680552025043e-01	2.010555001227825933e+00
5.960054451150506027e-01	2.018301861281019072e+00
6.060794687856858598e-01	2.026049855345402051e+00
6.163237693451454335e-01	2.033798555857624812e+00
6.267412249104387101e-01	2.041547532519460972e+00
6.373347622461452699e-01	2.049296352481038141e+00
6.481073575866924674e-01	2.057044580434844061e+00
6.590620374725127961e-01	2.064791778665159505e+00
6.702018796003550438e-01	2.072537507236765997e+00
6.815300136879469672e-01	2.080281324064622961e+00
6.930496223532930378e-01	2.088022784998256220e+00
7.047639420088206430e-01	2.095761444029175191e+00
7.166762637706404204e-01	2.103496853316181969e+00
7.287899343831883980e-01	2.111228563346714715e+00
7.411083571594764274e-01	2.118956123077476494e+00
7.536349929372584411e-01	2.126679080019936219e+00
7.663733610513340233e-01	2.134396980372934127e+00
7.793270403223097054e-01	2.142109369186158130e+00
7.924996700620573487e-01	2.149815790453564190e+00
8.058949510961670448e-01	2.157515787227838988e+00
8.195166468036988450e-01	2.165208901821158882e+00
8.333685841744831180e-01	2.172894675861987590e+00
8.474546548843202576e-01	2.180572650473603602e+00
8.617788163883257635e-01	2.188242366391431659e+00
8.763450930327818522e-01	2.195903364117093304e+00
8.911575771857650485e-01	2.203555184025198788e+00
9.062204303868837130e-01	2.211197366552365651e+00
9.215378845164673427e-01	2.218829452268690883e+00
9.371142429844909749e-01	2.226450982065627304e+00
9.529538819396250471e-01	2.234061497308188482e+00
9.690612514986907122e-01	2.241660539909820393e+00
9.854408769969253967e-01	2.249247652532615049e+00
1.002097360259361913e+00	2.256822378727027623e+00
1.019035380893695386e+00	2.264384263034389111e+00
1.036259697605026009e+00	2.271932851136496900e+00
1.053775149532790278e+00	2.279467690058402773e+00
1.071586657610325677e+00	2.286988328222307132e+00
1.089699225947380778e+00	2.294494315621931513e+00
1.108117943236025305e+00	2.301985204007886754e+00
1.126847984180302076e+00	2.309460546946786152e+00
1.145894610950043413e+00	2.316919900011597644e+00
1.165263174659284751e+00	2.324362820940074847e+00
1.184959116869630069e+00	2.331788869697074329e+00
1.204987971119068746e+00	2.339197608675310125e+00
1.225355364476592435e+00	2.346588602836098048e+00
1.246067019123127118e+00	2.353961419776569919e+00
1.267128753959161580e+00	2.361315629929017224e+00
1.288546486239548816e+00	2.368650806680964838e+00
1.310326233235965754e+00	2.375966526489535546e+00
1.332474113927433867e+00	2.383262368981111212e+00
1.354996350719455345e+00	2.390537917173528371e+00
1.377899271192165376e+00	2.397792757500755378e+00
1.401189309878072775e+00	2.405026479987876442e+00
1.424873010069821255e+00	2.412238678369564404e+00
1.448957025658507369e+00	2.419428950206817142e+00
1.473448123003098242e+00	2.426596896989970276e+00
1.498353182831403840e+00	2.433742124277303187e+00
1.523679202173229497e+00	2.440864241802040091e+00
1.549433296326152343e+00	2.447962863569684622e+00
1.575622700854574010e+00	2.455037607996018334e+00
1.602254773622528550e+00	2.462088097964239441e+00
1.629336996860851317e+00	2.469113961003956081e+00
1.656876979269319872e+00	2.476114829315146260e+00
1.684882458154278284e+00	2.483090339922637391e+00
1.713361301602444930e+00	2.490040134727645516e+00
1.742321510691409836e+00	2.496963860662007484e+00
1.771771221737550084e+00	2.503861169702241707e+00
1.801718708581883988e+00	2.510731719029732467e+00
1.832172384914617203e+00	2.517575171071835705e+00
1.863140806638941216e+00	2.524391193576997150e+00
1.894632674274788098e+00	2.531179459740760862e+00
1.926656835403250945e+00	2.537939648249228686e+00
1.959222287152264430e+00	2.544671443327932714e+00
1.992338178724363251e+00	2.551374534872844713e+00
2.026013813967100230e+00	2.558048618475282865e+00
2.060258653986974053e+00	2.564693395478128579e+00
2.095082319807497040e+00	2.571308573081917626e+00
2.130494595072189856e+00	2.577893864353526077e+00
2.166505428793310539e+00	2.584448988283419180e+00
2.203124938146971523e+00	2.590973669900831666e+00
2.240363411315581477e+00	2.597467640243115827e+00
2.278231310378250996e+00	2.603930636409661492e+00
2.316739274250128933e+00	2.610362401677440936e+00
2.355898121671370138e+00	2.616762685455773951e+00
2.395718854246625451e+00	2.623131243331767948e+00
2.436212659535957670e+00	2.629467837168965261e+00
2.477390914197924676e+00	2.635772235068111868e+00
2.519265187185870225e+00	2.642044211386478381e+00
2.561847242998160024e+00	2.648283546834367730e+00
2.605149044983431139e+00	2.654490028431186310e+00
2.649182758701655427e+00	2.660663449505230815e+00
2.693960755342017954e+00	2.666803609788520824e+00
2.739495615198612732e+00	2.672910315354882105e+00
2.785800131204812846e+00	2.678983378640146462e+00
2.832887312527463397e+00	2.685022618470408240e+00
2.880770388221738365e+00	2.691027860050053455e+00
2.929462810947857765e+00	2.696998934936426728e+00
2.978978260750571039e+00	2.702935681081352293e+00
3.029330648902521350e+00	2.708837942790504272e+00
3.080534121812634751e+00	2.714705570708670912e+00
3.132603065000477027e+00	2.720538421835366538e+00
3.185552107137887834e+00	2.726336359488441996e+00
3.239396124158830492e+00	2.732099253281527140e+00
3.294150243438799031e+00	2.737826979124862170e+00
3.349829848044809655e+00	2.743519419175082685e+00
3.406450581057223204e+00	2.749176461821848605e+00
3.464028349964686004e+00	2.754798001681241892e+00
3.522579331133254943e+00	2.760383939513180174e+00
3.582119974351172242e+00	2.765934182221139626e+00
3.642667007450346439e+00	2.771448642847170074e+00
3.704237441006055231e+00	2.776927240459756252e+00
3.766848573116013732e+00	2.782369900155949427e+00
3.830517994260218551e+00	2.787776553063150420e+00
3.895263592243014550e+00	2.793147136184280122e+00
3.961103557218577542e+00	2.798481592474471480e+00
4.028056386801467603e+00	2.803779870699998789e+00
4.096140891263432948e+00	2.809041925427055997e+00
4.165376198818180775e+00	2.814267716981400103e+00
4.235781760995385170e+00	2.819457211380091088e+00
4.307377358105535237e+00	2.824610380250823116e+00
4.380183104797232829e+00	2.829727200821237521e+00
4.454219455708298803e+00	2.834807655858585296e+00
4.529507211212534301e+00	2.839851733555805779e+00
4.606067523263474683e+00	2.844859427517259842e+00
4.683921901337057214e+00	2.849830736719526136e+00
4.763092218474635153e+00	2.854765665364054961e+00
4.843600717428146574e+00	2.859664222883432139e+00
4.925470016909234694e+00	2.864526423882675310e+00
5.008723117943856273e+00	2.869352287992388728e+00
5.093383410334457295e+00	2.874141839879337912e+00
5.179474679231212519e+00	2.878895109167272981e+00
5.267021111814501388e+00	2.883612130306763000e+00
5.356047304090164829e+00	2.888292942583674972e+00
5.446578267799784712e+00	2.892937590005674409e+00
5.538639437447652192e+00	2.897546121198025126e+00
5.632256677446509485e+00	2.902118589423131834e+00
5.727456289384188715e+00	2.906655052412361329e+00
5.824265019412900202e+00	2.911155572332930763e+00
5.922710065763608256e+00	2.915620215732221965e+00
6.022819086387228182e+00	2.920049053422979490e+00
6.124620206725158056e+00	2.924442160414478131e+00
6.228142027611035303e+00	2.928799615873332485e+00
6.333413633306047785e+00	2.933121503010897690e+00
6.440464599670190360e+00	2.937407908990161243e+00
6.549325002471445778e+00	2.941658924925261154e+00
6.660025425835619295e+00	2.945874645696539229e+00
6.772596970838784536e+00	2.950055169979014291e+00
6.887071264245168578e+00	2.954200600084403217e+00
7.003480467392588338e+00	2.958311041936212415e+00
7.121857285228077927e+00	2.962386604950681956e+00
7.242234975496383065e+00	2.966427402012862924e+00
7.364647358083541206e+00	2.970433549332640144e+00
7.489128824518638261e+00	2.974405166414140655e+00
7.615714347635920589e+00	2.978342375990859381e+00
7.744439491400456177e+00	2.982245303886731591e+00
7.875340420899716420e+00	2.986114078994238863e+00
8.008453912504041483e+00	2.989948833200282152e+00
8.143817364199005482e+00	2.993749701270115526e+00
8.281468806092183499e+00	2.997516820779796642e+00
8.421446911097760335e+00	3.001250332104492102e+00
8.563791005801492773e+00	3.004950378255167642e+00
8.708541081509549642e+00	3.008617104837844280e+00
8.855737805483945735e+00	3.012250660019404336e+00
9.005422532367880706e+00	3.015851194404281177e+00
9.157637315804374012e+00	3.019418860950793260e+00
9.312424920251002547e+00	3.022953814980665843e+00
9.469828832994659606e+00	3.026456214001287837e+00
9.629893276369060118e+00	3.029926217704760116e+00
9.792663220179065320e+00	3.033363987902036651e+00
9.958184394334800515e+00	3.036769688386411925e+00
1.012650330169933710e+01	3.040143484929805684e+00
1.029766723115371541e+01	3.043485545201199738e+00
1.047172427088250757e+01	3.046796038685559260e+00
1.064872332188427428e+01	3.050075136584111668e+00
1.082871411171002762e+01	3.053323011844170320e+00
1.101174720843425447e+01	3.056539838992025970e+00
1.119787403486185262e+01	3.059725794118905995e+00
1.138714688297520183e+01	3.062881054813659798e+00
1.157961892862566167e+01	3.066005800097351575e+00
1.177534424647303979e+01	3.069100210335677481e+00
1.197437782517795135e+01	3.072164467220702466e+00
1.217677558285059547e+01	3.075198753681954500e+00
1.238259438276100788e+01	3.078203253822829222e+00
1.259189204931461603e+01	3.081178152888086164e+00
1.280472738429782709e+01	3.084123637155868902e+00
1.302116018339845027e+01	3.087039893954681258e+00
1.324125125300498418e+01	3.089927111529430448e+00
1.346506242729025793e+01	3.092785479036927132e+00
1.369265658558342480e+01	3.095615186464245383e+00
1.392409767003596599e+01	3.098416424599570895e+00
1.415945070358605307e+01	3.101189384945607141e+00
1.439878180822651998e+01	3.103934259682946895e+00
1.464215822358192653e+01	3.106651241654962980e+00
1.488964832579915942e+01	3.109340524233941139e+00
1.514132164675782732e+01	3.112002301355778933e+00
1.539724889360486770e+01	3.114636767431288256e+00
1.565750196861980470e+01	3.117244117269514447e+00
1.592215398941546312e+01	3.119824546113988184e+00
1.619127930948012661e+01	3.122378249509044856e+00
1.646495353906724546e+01	3.124905423292844819e+00
1.674325356643772622e+01	3.127406263575125855e+00
1.702625757946180585e+01	3.129880966649237539e+00
1.731404508758553007e+01	3.132329728953334502e+00
1.760669694416904463e+01	3.134752747092304670e+00
1.790429536920192888e+01	3.137150217713183142e+00
1.820692397240297211e+01	3.139522337486344128e+00
1.851466777671009822e+01	3.141869303127028168e+00
1.882761324216724574e+01	3.144191311280338574e+00
1.914584829021545431e+01	3.146488558502622102e+00
1.946946232839389879e+01	3.148761241245358722e+00
1.979854627545908841e+01	3.151009555837702258e+00
2.013319258692800773e+01	3.153233698362453374e+00
2.047349528105359084e+01	3.155433864736589378e+00
2.081954996523887758e+01	3.157610250599832025e+00
2.117145386289756814e+01	3.159763051280939372e+00
2.152930584076909071e+01	3.161892461831168788e+00
2.189320643669466548e+01	3.163998676929899556e+00
2.226325788786357052e+01	3.166081890864860249e+00
2.263956415953613899e+01	3.168142297527548390e+00
2.302223097425292053e+01	3.170180090373568405e+00
2.341136584153708355e+01	3.172195462357050300e+00
2.380707808809889059e+01	3.174188605977621869e+00
2.420947888855114627e+01	3.176159713192665546e+00
2.461868129664312121e+01	3.178108975400993241e+00
2.503480027702318367e+01	3.180036583443278886e+00
2.545795273753748944e+01	3.181942727557310224e+00
2.588825756207539186e+01	3.183827597349957017e+00
2.632583564396948717e+01	3.185691381795898725e+00
2.677080991996021808e+01	3.187534269188456726e+00
2.722330540473507554e+01	3.189356447131006522e+00
2.768344922605082559e+01	3.191158102537191343e+00
2.815137066045024739e+01	3.192939421559360724e+00
2.862720116958168148e+01	3.194700589601859431e+00
2.911107443713334675e+01	3.196441791331352977e+00
2.960312640639132908e+01	3.198163210585945659e+00
3.010349531843243653e+01	3.199865030397163412e+00
3.061232175096317221e+01	3.201547433017338573e+00
3.112974865781429301e+01	3.203210599793322455e+00
3.165592140910392160e+01	3.204854711270726852e+00
3.219098783207849834e+01	3.206479947086867455e+00
3.273509825264502382e+01	3.208086486003901783e+00
3.328840553760464616e+01	3.209674505858331361e+00
3.385106513760008085e+01	3.211244183618866099e+00
3.442323513078967778e+01	3.212795695285290964e+00
3.500507626725861599e+01	3.214329215908628523e+00
3.559675201418191648e+01	3.215844919625195697e+00
3.619842860174963306e+01	3.217342979563216687e+00
3.681027506986945497e+01	3.218823567882235892e+00
3.743246331565791252e+01	3.220286855786237190e+00
3.806516814173434682e+01	3.221733013430275516e+00
3.870856730533186152e+01	3.223162209981028870e+00
3.936284156823732872e+01	3.224574613614757723e+00
4.002817474757663518e+01	3.225970391429939355e+00
4.070475376745718421e+01	3.227349709516127874e+00
4.139276871148439341e+01	3.228712732936488194e+00
4.209241287616510618e+01	3.230059625661059197e+00
4.280388282521361276e+01	3.231390550637686321e+00
4.352737844477648110e+01	3.232705669744426302e+00
4.426310299958944938e+01	3.234005143753558187e+00
4.501126319008503884e+01	3.235289132408093238e+00
4.577206921046389709e+01	3.236557794335197524e+00
4.654573480774909910e+01	3.237811287097370538e+00
4.733247734183772337e+01	3.239049767144181136e+00
4.813251784656739574e+01	3.240273389844298357e+00
4.894608109181602629e+01	3.241482309444354559e+00
4.977339564664967497e+01	3.242676679114126159e+00
5.061469394353941453e+01	3.243856650906179251e+00
5.147021234366199849e+01	3.245022375736541509e+00
5.234019120330587782e+01	3.246174003458230928e+00
5.322487494139806330e+01	3.247311682751524486e+00
5.412451210817385316e+01	3.248435561227419832e+00
5.503935545500626603e+01	3.249545785343026960e+00
5.596966200541572789e+01	3.250642500463475582e+00
5.691569312728113772e+01	3.251725850797791306e+00
5.787771460626974118e+01	3.252795979472427934e+00
5.885599672051007758e+01	3.253853028453455476e+00
5.985081431652515249e+01	3.254897138597537154e+00
6.086244688645088985e+01	3.255928449651520395e+00
6.189117864655855783e+01	3.256947100214294011e+00
6.293729861710444595e+01	3.257953227768382476e+00
6.400110070353041181e+01	3.258946968693884116e+00
6.508288377903505761e+01	3.259928458227947967e+00
6.618295176854263673e+01	3.260897830472706538e+00
6.730161373408913050e+01	3.261855218460614214e+00
6.843918396165355489e+01	3.262800754067421760e+00
6.959598204945567090e+01	3.263734568048012097e+00
7.077233299774606223e+01	3.264656790077021586e+00
7.196856730011528214e+01	3.265567548702413614e+00
7.318502103634435230e+01	3.266466971333479741e+00
7.442203596682681166e+01	3.267355184331884654e+00
7.567995962858455528e+01	3.268232312903224912e+00
7.695914543290872700e+01	3.269098481169566472e+00
7.825995276464949768e+01	3.269953812172285978e+00
7.958274708318410262e+01	3.270798427847553924e+00
8.092790002509306646e+01	3.271632449014551636e+00
8.229578950856954123e+01	3.272455995446627242e+00
8.368679983959597735e+01	3.273269185821876093e+00
8.510132181991289713e+01	3.274072137702126017e+00
8.653975285681501362e+01	3.274864967633090984e+00
8.800249707480163863e+01	3.275647791047729296e+00
8.948996542911412178e+01	3.276420722320396273e+00
9.100257582119419908e+01	3.277183874768909266e+00
9.254075321609118987e+01	3.277937360656820065e+00
9.410492976185659586e+01	3.278681291172763412e+00
9.569554491095378523e+01	3.279415776479093658e+00
9.731304554372266580e+01	3.280140925688372455e+00
9.895788609392928947e+01	3.280856846865370269e+00
1.006305286764376348e+02	3.281563647058504785e+00
1.023314432170412118e+02	3.282261432258253286e+00
1.040611075844862796e+02	3.282950307464785666e+00
1.058200077247298054e+02	3.283630376640027659e+00
1.076086377974633734e+02	3.284301742740848962e+00
1.094275003149479204e+02	3.284964507709673409e+00
1.112771062831930067e+02	3.285618772502276297e+00
1.131579753455222743e+02	3.286264637063364358e+00
1.150706359285678531e+02	3.286902200341563773e+00
1.170156253907290136e+02	3.287531560338167402e+00
1.189934901731438543e+02	3.288152814026905624e+00
1.210047859532090087e+02	3.288766057444590718e+00
1.230500778006978635e+02	3.289371385657586799e+00
1.251299403365151335e+02	3.289968892739763007e+00
1.272449578941347568e+02	3.290558671860798423e+00
1.293957246837690604e+02	3.291140815206492043e+00
1.315828449593089147e+02	3.291715414022097885e+00
1.338069331880899426e+02	3.292282558641791645e+00
1.360686142235236389e+02	3.292842338450346684e+00
1.383685234806508220e+02	3.293394841893610092e+00
1.407073071146594430e+02	3.293940156548559539e+00
1.430856222024197280e+02	3.294478369046637045e+00
1.455041369270908831e+02	3.295009565101627569e+00
1.479635307658433305e+02	3.295533829575579166e+00
1.504644946807591168e+02	3.296051246412241564e+00
1.530077313129538652e+02	3.296561898659079226e+00
1.555939551799847322e+02	3.297065868496725560e+00
1.582238928765917478e+02	3.297563237263261282e+00
1.608982832788323662e+02	3.298054085379607869e+00
1.636178777516695106e+02	3.298538492435934000e+00
1.663834403600635596e+02	3.299016537189758402e+00
1.691957480836375396e+02	3.299488297502945144e+00
1.720555910349655733e+02	3.299953850447710391e+00
1.749637726815560939e+02	3.300413272243691853e+00
1.779211100715817793e+02	3.300866638275314902e+00
1.809284340634302453e+02	3.301314023123293584e+00
1.839865895591310334e+02	3.301755500560569878e+00
1.870964357417281576e+02	3.302191143521990835e+00
1.902588463166685528e+02	3.302621024184646981e+00
1.934747097572649466e+02	3.303045213914163281e+00
1.967449295543138987e+02	3.303463783280578436e+00
2.000704244699266781e+02	3.303876802090757625e+00
2.034521287956564777e+02	3.304284339374765178e+00
2.068909926149848104e+02	3.304686463388446960e+00
2.103879820702443340e+02	3.305083241641492364e+00
2.139440796340576298e+02	3.305474740878132422e+00
2.175602843853577042e+02	3.305861027095937210e+00
2.212376122900808468e+02	3.306242165574227787e+00
2.249770964865966505e+02	3.306618220829598442e+00
2.287797875759696069e+02	3.306989256655404219e+00
2.326467539171220835e+02	3.307355336157538073e+00
2.365790819269863619e+02	3.307716521688902400e+00
2.405778763857347258e+02	3.308072874896092586e+00
2.446442607471615247e+02	3.308424456769545774e+00
2.487793774543193308e+02	3.308771327550278141e+00
2.529843882604822340e+02	3.309113546811965456e+00
2.572604745555416912e+02	3.309451173464186713e+00
2.616088376979143391e+02	3.309784265718591190e+00
2.660306993520598553e+02	3.310112881103512539e+00
2.705273018317088258e+02	3.310437076532797285e+00
2.750999084488843778e+02	3.310756908224442796e+00
2.797498038688314637e+02	3.311072431740058164e+00
2.844782944709368735e+02	3.311383702036693855e+00
2.892867087157579817e+02	3.311690773392237830e+00
2.941763975182495869e+02	3.311993699461916574e+00
2.991487346272989498e+02	3.312292533306981035e+00
3.042051170116823755e+02	3.312587327320461128e+00
3.093469652525361084e+02	3.312878133301297101e+00
3.145757239424706313e+02	3.313165002468029474e+00
3.198928620914214775e+02	3.313447985386954286e+00
3.252998735393691732e+02	3.313727132054689495e+00
3.307982773760288637e+02	3.314002491894820768e+00
3.363896183676337728e+02	3.314274113712246894e+00
3.420754673909387975e+02	3.314542045739510723e+00
3.478574218745504822e+02	3.314806335675932747e+00
3.537371062477265582e+02	3.315067030590189923e+00
3.597161723967509488e+02	3.315324177044457699e+00
3.657963001290331135e+02	3.315577821012310800e+00
3.719791976450445077e+02	3.315828007940751387e+00
3.782666020182322768e+02	3.316074782711783797e+00
3.846602796830517832e+02	3.316318189684789974e+00
3.911620269312371079e+02	3.316558272664923201e+00
3.977736704164719868e+02	3.316795074957365141e+00
4.044970676675784489e+02	3.317028639335628526e+00
4.113341076103915839e+02	3.317259008031624656e+00
4.182867110984475403e+02	3.317486222814122421e+00
4.253568314526407903e+02	3.317710324892396923e+00
4.325464550100122665e+02	3.317931355021243256e+00
4.398576016817999061e+02	3.318149353426938397e+00
4.472923255209361173e+02	3.318364359874036218e+00
4.548527152991227354e+02	3.318576413608597342e+00
4.625408950936740666e+02	3.318785553437366254e+00
4.703590248842695019e+02	3.318991817655739140e+00
4.783093011597930513e+02	3.319195244103958942e+00
4.863939575354394265e+02	3.319395870172137109e+00
4.946152653802362238e+02	3.319593732766435323e+00
5.029755344551887219e+02	3.319788868348020117e+00
5.114771135621948588e+02	3.319981312939882745e+00
5.201223912039447441e+02	3.320171102111726391e+00
5.289137962549582426e+02	3.320358270970916070e+00
5.378537986439790757e+02	3.320542854240946085e+00
5.469449100478946093e+02	3.320724886176175339e+00
5.561896845973827794e+02	3.320904400600402262e+00
5.655907195944980685e+02	3.321081430949863744e+00
5.751506562423700188e+02	3.321256010229804545e+00
5.848721803872531382e+02	3.321428171004294772e+00
5.947580232731010028e+02	3.321597945482578584e+00
6.048109623089127354e+02	3.321765365446255558e+00
6.150338218490370537e+02	3.321930462255362926e+00
6.254294739866654709e+02	3.322093266921583687e+00
6.360008393607505468e+02	3.322253810049062395e+00
6.467508879765434813e+02	3.322412121832005738e+00
6.576826400400219654e+02	3.322568232125194587e+00
6.687991668064009900e+02	3.322722170396264829e+00
6.801035914430051434e+02	3.322873965704820520e+00
6.915990899067132887e+02	3.323023646802040876e+00
7.032888918362326649e+02	3.323171242035008799e+00
7.151762814594706015e+02	3.323316779400391940e+00
7.272645985162197348e+02	3.323460286545883324e+00
7.395572391964639110e+02	3.323601790772386710e+00
7.520576570945196409e+02	3.323741319010602879e+00
7.647693641793268853e+02	3.323878897879603223e+00
7.776959317811260917e+02	3.324014553642562042e+00
7.908409915948119533e+02	3.324148312219225243e+00
8.042082367002620913e+02	3.324280199220940979e+00
8.178014225998882694e+02	3.324410239916217424e+00
8.316243682737505196e+02	3.324538459252141198e+00
8.456809572524798568e+02	3.324664881858143684e+00
8.599751387083596228e+02	3.324789532049836627e+00
8.745109285648341029e+02	3.324912433820895075e+00
8.892924106247685359e+02	3.325033610881344970e+00
9.043237377177986218e+02	3.325153086605917796e+00
9.196091328670457870e+02	3.325270884072398569e+00
9.351528904755820122e+02	3.325387026095010246e+00
9.509593775329200298e+02	3.325501535144836041e+00
9.670330348419231541e+02	3.325614433437682038e+00
9.833783782664356750e+02	3.325725742898090420e+00
1.000000000000000000e+03	3.325835485135142822e+00
