# Data associated with arXiv:2208.14002
# 
# Scale-free velocity distribution, f(E), of a nfw0-9rhos8e6 dark matter distribution (see Eq. 2.7 and the surrounding discussion)
# 
# Published: 8/25/22, Jack Runburg and Kenny Kiriu, contact: runburg@hawaii.edu
# 
# 
# -----------------------------------------------------------------
# 
# 	 tilde E 		 | 		 tilde f
# 
# -----------------------------------------------------------------
1.368946620424845740e-06	7.685971390535274744e+08
1.394420332386403939e-06	7.401560431191015244e+08
1.420368064666615536e-06	7.120494039865971804e+08
1.446798637828209431e-06	6.844416263525350094e+08
1.473721036562959315e-06	6.578601547174845934e+08
1.501144412745557630e-06	6.319193870615344048e+08
1.529078088544358883e-06	6.070017768767489195e+08
1.557531559589945890e-06	5.830670314940017462e+08
1.586514498202695032e-06	5.600760466261094809e+08
1.616036756680360787e-06	5.379915569504017830e+08
1.646108370646820065e-06	5.167779915265346766e+08
1.676739562463157315e-06	4.964012148917301297e+08
1.707940744702157469e-06	4.768281152726520300e+08
1.739722523687499067e-06	4.580267122422094345e+08
1.772095703098732830e-06	4.399667566202091575e+08
1.805071287643385487e-06	4.226191096009892821e+08
1.838660486797344185e-06	4.059556141073412895e+08
1.872874718614826782e-06	3.899491011129254699e+08
1.907725613609274629e-06	3.745738158567948341e+08
1.943225018706384183e-06	3.598050149519454837e+08
1.979385001270750868e-06	3.456185642435439229e+08
2.016217853207355073e-06	3.319914646853339672e+08
2.053736095139414941e-06	3.189017875390716195e+08
2.091952480663925638e-06	3.063282929470286369e+08
2.130880000686362318e-06	2.942506729315760136e+08
2.170531887836073145e-06	2.826494117737482786e+08
2.210921620963746836e-06	2.715055174050688148e+08
2.252062929722620849e-06	2.608010215651320815e+08
2.293969799234843914e-06	2.505187443189689815e+08
2.336656474844725929e-06	2.406419393432703316e+08
2.380137466960331700e-06	2.311545246377440393e+08
2.424427555985224397e-06	2.220412487514223158e+08
2.469541797341904138e-06	2.132874068480978608e+08
2.515495526588690826e-06	2.048787581719091237e+08
2.562304364631862190e-06	1.968016475409248769e+08
2.609984223034659366e-06	1.890430118512192965e+08
2.658551309425151806e-06	1.815903538483523726e+08
2.708022133004608157e-06	1.744315864791309536e+08
2.758413510158428423e-06	1.675550591053141356e+08
2.809742570171390358e-06	1.609496822258032858e+08
2.862026761049215436e-06	1.546048006549050212e+08
2.915283855448494467e-06	1.485101122047322094e+08
2.969531956716821527e-06	1.426557181732398868e+08
3.024789505045397763e-06	1.370321530326876342e+08
3.081075283735976599e-06	1.316303622974863052e+08
3.138408425584487734e-06	1.264415740402926356e+08
3.196808419383341045e-06	1.214573490369922966e+08
3.256295116544683822e-06	1.166696577865658849e+08
3.316888737846930531e-06	1.120707535922253430e+08
3.378609880306682663e-06	1.076531772671413571e+08
3.441479524178590382e-06	1.034097881848365813e+08
3.505519040085303601e-06	9.933370632679602504e+07
3.570750196280157357e-06	9.541833365650808811e+07
3.637195166044882290e-06	9.165734185215635598e+07
3.704876535224906726e-06	8.804463507453602552e+07
3.773817309904912170e-06	8.457437361318966746e+07
3.844040924227028301e-06	8.124094356352517009e+07
3.915571248354588462e-06	7.803893758483536541e+07
3.988432596583875779e-06	7.496316768974773586e+07
4.062649735606880860e-06	7.200866198435294628e+07
4.138247892927655361e-06	6.917065059357403219e+07
4.215252765435217149e-06	6.644453497582525015e+07
4.293690528135985652e-06	6.382589249816778302e+07
4.373587843048519729e-06	6.131048664439010620e+07
4.454971868263825069e-06	5.889425461759871989e+07
4.537870267174033115e-06	5.657328438218220323e+07
4.622311217872869269e-06	5.434381276234924048e+07
4.708323422730867390e-06	5.220223589721827954e+07
4.795936118148657720e-06	5.014509048488961160e+07
4.885179084491777356e-06	4.816904296367248148e+07
4.976082656210075467e-06	4.627089522139019519e+07
5.068677732145509640e-06	4.444757787620888650e+07
5.162995786031464007e-06	4.269613950893963873e+07
5.259068877187506669e-06	4.101374532473548502e+07
5.356929661412934736e-06	3.939767495680326968e+07
5.456611402082903402e-06	3.784531089220786095e+07
5.558147981451045546e-06	3.635414121441099793e+07
5.661573912162106385e-06	3.492175406605415046e+07
5.766924348978865601e-06	3.354582990100043267e+07
5.874235100726957845e-06	3.222414387344605848e+07
5.983542642462013134e-06	3.095455827715855092e+07
6.094884127862933868e-06	2.973501726617789641e+07
6.208297401855641893e-06	2.856354580540901795e+07
6.323821013471709484e-06	2.743825119184307382e+07
6.441494228945909534e-06	2.635731403027085960e+07
6.561357045057541820e-06	2.531898223455609754e+07
6.683450202719624826e-06	2.432157661198203266e+07
6.807815200820992125e-06	2.336348487136321142e+07
6.934494310325643679e-06	2.244315668156478554e+07
7.063530588634267380e-06	2.155910219486017898e+07
7.194967894212961384e-06	2.070989080715421215e+07
7.328850901493732881e-06	1.989415010321351886e+07
7.465225116052315465e-06	1.911056023440290987e+07
7.604136890067940040e-06	1.835785293877021968e+07
7.745633438070804720e-06	1.763481116157909855e+07
7.889762852982182736e-06	1.694026525525546074e+07
8.036574122452746940e-06	1.627309153819454461e+07
8.186117145504879180e-06	1.563221125220961682e+07
8.338442749484090797e-06	1.501658729590438120e+07
8.493602707325946809e-06	1.442522390950639360e+07
8.651649755143686919e-06	1.385716538086018898e+07
8.812637610143126516e-06	1.331149234479218721e+07
8.976620988870439921e-06	1.278732214614978433e+07
9.143655625799175247e-06	1.228380768895171210e+07
9.313798292263024726e-06	1.180013437138637342e+07
9.487106815740272943e-06	1.133551982279337198e+07
9.663640099497053317e-06	1.088921296831437573e+07
9.843458142595475871e-06	1.046049201290057227e+07
1.002662206027397687e-05	1.004866370903006569e+07
1.021319410470634469e-05	9.653062137858694419e+06
1.040323768614661664e-05	9.273047562865370885e+06
1.059681739446726500e-05	8.908005692248173058e+06
1.079399902109739953e-05	8.557346199648337439e+06
1.099484958136912121e-05	8.220502119076562114e+06
1.119943733727888824e-05	7.896929011853931472e+06
1.140783182067228506e-05	7.586103718499145471e+06
1.162010385685951603e-05	7.287523740315126255e+06
1.183632558866980288e-05	7.000706364819196053e+06
1.205657050095313064e-05	6.725188010017828085e+06
1.228091344553699261e-05	6.460523305386473425e+06
1.250943066664739585e-05	6.206284373491201550e+06
1.274219982680187228e-05	5.962060366021315567e+06
1.297930003318412970e-05	5.727456537087787874e+06
1.322081186450858437e-05	5.502093708650861867e+06
1.346681739838411946e-05	5.285607699563203380e+06
1.371740023918667152e-05	5.077648560745528899e+06
1.397264554644931339e-05	4.877880263764745556e+06
1.423264006378040286e-05	4.685980078929032199e+06
1.449747214831858421e-05	4.501637857135617174e+06
1.476723180073559135e-05	4.324555720249325037e+06
1.504201069579623604e-05	4.154447562623597682e+06
1.532190221348620632e-05	3.991038531056061853e+06
1.560700147071857137e-05	3.834064608763123862e+06
1.589740535362890489e-05	3.683272267458167858e+06
1.619321255047094632e-05	3.538417910315613262e+06
1.649452358512289147e-05	3.399267456299069803e+06
1.680144085121676573e-05	3.265596153072460555e+06
1.711406864690121865e-05	3.137188142935713287e+06
1.743251321025074697e-05	3.013836036521857604e+06
1.775688275533219827e-05	2.895340588391036727e+06
1.808728750894153856e-05	2.781510403378422838e+06
1.842383974802306755e-05	2.672161682680749334e+06
1.876665383778336357e-05	2.567117854173459113e+06
1.911584627051373091e-05	2.466209286940087099e+06
1.947153570513320109e-05	2.369273061160190962e+06
1.983384300746633864e-05	2.276152687857457437e+06
2.020289129126897362e-05	2.186697807975447737e+06
2.057880596001591812e-05	2.100763993581775110e+06
2.096171474946484619e-05	2.018212549947390100e+06
2.135174777101030651e-05	1.938910216331553645e+06
2.174903755584338860e-05	1.862728988437133376e+06
2.215371909993086645e-05	1.789545870200653793e+06
2.256592990982991630e-05	1.719242918633336667e+06
2.298581004935346234e-05	1.651706497045363300e+06
2.341350218710192512e-05	1.586827703492820729e+06
2.384915164487770719e-05	1.524501839436007198e+06
2.429290644699813668e-05	1.464628345834350213e+06
2.474491737052457528e-05	1.407110632104919991e+06
2.520533799642342507e-05	1.351855902527264552e+06
2.567432476167727263e-05	1.298775027439345606e+06
2.615203701236327685e-05	1.247782391816082643e+06
2.663863705771681207e-05	1.198795747601537267e+06
2.713429022519888247e-05	1.151736092593101552e+06
2.763916491658508526e-05	1.106527540432235925e+06
2.815343266509645831e-05	1.063097186260134680e+06
2.867726819358972211e-05	1.021375005821694504e+06
2.921084947382836277e-05	9.812937335592099698e+05
2.975435778685289279e-05	9.427887506677738857e+05
3.030797778447190245e-05	9.057979894485551631e+05
3.087189755189409843e-05	8.702618269425979815e+05
3.144630867152206849e-05	8.361229890989033738e+05
3.203140628793055050e-05	8.033264596310202032e+05
3.262738917404921967e-05	7.718193865377745824e+05
3.323445979857440533e-05	7.415510027318097418e+05
3.385282439463055068e-05	7.124725438317635562e+05
3.448269302970584041e-05	6.845371622168305330e+05
3.512427967688521178e-05	6.576998597179510398e+05
3.577780228740398498e-05	6.319174101925025461e+05
3.644348286454830965e-05	6.071482893345120829e+05
3.712154753892490461e-05	5.833526108847940341e+05
3.781222664512803606e-05	5.604920590781637002e+05
3.851575479982717999e-05	5.385298257898953743e+05
3.923237098130331435e-05	5.174305554383943672e+05
3.996231861045985480e-05	4.971602841590409516e+05
4.070584563333552904e-05	4.776863874741737964e+05
4.146320460514741951e-05	4.589775249048044789e+05
4.223465277589132701e-05	4.410035902311713435e+05
4.302045217753001612e-05	4.237356629994706018e+05
4.382086971279670505e-05	4.071459628539179103e+05
4.463617724564510622e-05	3.912078043553123716e+05
4.546665169337571119e-05	3.758955515486702789e+05
4.631257512046941610e-05	3.611845784811672056e+05
4.717423483416032269e-05	3.470512301795746898e+05
4.805192348177879066e-05	3.334727828873077524e+05
4.894593914989932081e-05	3.204274065759202931e+05
4.985658546532429735e-05	3.078941325173315709e+05
5.078417169793925285e-05	2.958528178524910472e+05
5.172901286547336111e-05	2.842841118400776759e+05
5.269142984020027233e-05	2.731694262474756106e+05
5.367174945761582169e-05	2.624909049839632935e+05
5.467030462712742066e-05	2.522313952051708766e+05
5.568743444479489450e-05	2.423744192059978086e+05
5.672348430815746701e-05	2.329041481132284389e+05
5.777880603318786851e-05	2.238053764314557484e+05
5.885375797341141281e-05	2.150634975034723757e+05
5.994870514123036830e-05	2.066644792871145473e+05
6.106401933149454534e-05	1.985948425411394855e+05
6.220007924735801875e-05	1.908416388242589892e+05
6.335727062846708830e-05	1.833924292212227883e+05
6.453598638151843386e-05	1.762352643249254907e+05
6.573662671323485165e-05	1.693586652266714082e+05
6.695959926580040151e-05	1.627516052935982007e+05
6.820531925480166039e-05	1.564034914870558423e+05
6.947420960972105217e-05	1.503041479347407876e+05
7.076670111702769558e-05	1.444437990310079476e+05
7.208323256591678177e-05	1.388130540870611730e+05
7.342425089674223205e-05	1.334028919364191242e+05
7.479021135219524681e-05	1.282046466136232048e+05
7.618157763127780552e-05	1.232099930868547817e+05
7.759882204612256348e-05	1.184109338547866937e+05
7.904242568171232519e-05	1.137997860619654530e+05
8.051287855855021472e-05	1.093691694017879199e+05
8.201067979833833084e-05	1.051119938354464248e+05
8.353633779271596644e-05	1.010214482329373568e+05
8.509037037511691509e-05	9.709098956730766804e+04
8.667330499580117237e-05	9.331433197088571615e+04
8.828567890012018892e-05	8.968543713762552943e+04
8.992803931007496742e-05	8.619850423951823905e+04
9.160094360922571316e-05	8.284796054993060534e+04
9.330495953101855099e-05	7.962845254170130647e+04
9.504066535058652745e-05	7.653483732665526622e+04
9.680865008009321645e-05	7.356217426989169326e+04
9.860951366768125651e-05	7.070571700720861554e+04
1.004438672000925928e-04	6.796090582188947883e+04
1.023123331090284173e-04	6.532336038449900661e+04
1.042155453813144411e-04	6.278887256101088133e+04
1.061541497729465546e-04	6.035339965823249804e+04
1.081288040270806511e-04	5.801305797188641009e+04
1.101401780960462241e-04	5.576411649624425627e+04
1.121889543674510243e-04	5.360299085331103561e+04
1.142758278944555183e-04	5.152623762330949103e+04
1.164015066302926489e-04	4.953054874155359721e+04
1.185667116671076666e-04	4.761274616990889626e+04
1.207721774792026279e-04	4.576977671944002213e+04
1.230186521707583359e-04	4.399870727579415689e+04
1.253068977281241749e-04	4.229671997866658785e+04
1.276376902767504705e-04	4.066110767401014164e+04
1.300118203428548972e-04	3.908926950516584475e+04
1.324300931199062672e-04	3.757870719348080456e+04
1.348933287400115285e-04	3.612702003727207921e+04
1.374023625503019105e-04	3.473190203527759877e+04
1.399580453943996420e-04	3.339113767192898376e+04
1.425612438990682927e-04	3.210259846815730634e+04
1.452128407661317151e-04	3.086423954969191254e+04
1.479137350697638245e-04	2.967409634031547466e+04
1.506648425592438162e-04	2.853028144183699260e+04
1.534670959672772153e-04	2.743098147510803028e+04
1.563214453239841328e-04	2.637445456583217674e+04
1.592288582766551513e-04	2.535902681617713461e+04
1.621903204153851328e-04	2.438309030607422028e+04
1.652068356046844486e-04	2.344510017472241452e+04
1.682794263211820167e-04	2.254357221078420480e+04
1.714091339975274818e-04	2.167708047148408150e+04
1.745970193726057015e-04	2.084425494441882256e+04
1.778441628481787625e-04	2.004377939979517760e+04
1.811516648520681758e-04	1.927438926747152436e+04
1.845206462080035590e-04	1.853486958267673617e+04
1.879522485122478274e-04	1.782405302808310807e+04
1.914476345171306764e-04	1.714081817353852603e+04
1.950079885216098627e-04	1.648408743400234380e+04
1.986345167689888434e-04	1.585282559564598159e+04
2.023284478519216903e-04	1.524603801041503175e+04
2.060910331248307211e-04	1.466276903396178386e+04
2.099235471238807492e-04	1.410210050633925675e+04
2.138272879946349870e-04	1.356315025108156260e+04
2.178035779275392953e-04	1.304507068776512278e+04
2.218537636013712805e-04	1.254704744959743766e+04
2.259792166347996572e-04	1.206829809755976385e+04
2.301813340461980216e-04	1.160807084934970226e+04
2.344615387218642276e-04	1.116564339155355447e+04
2.388212798927917058e-04	1.074032170191747718e+04
2.432620336201510726e-04	1.033143895491855437e+04
2.477853032896357968e-04	9.938354443148680730e+03
2.523926201148308959e-04	9.560452560078832903e+03
2.570855436497664222e-04	9.197141790443554783e+03
2.618656623108204053e-04	8.847853817144399727e+03
2.667345939081404113e-04	8.512042534394069662e+03
2.716939861867483552e-04	8.189183242569622962e+03
2.767455173775084103e-04	7.878771773259965812e+03
2.818908967581287730e-04	7.580323688914921149e+03
2.871318652243805172e-04	7.293373512945699076e+03
2.924701958717117775e-04	7.017473979426637015e+03
2.979076945874440719e-04	6.752195322330772797e+03
3.034462006537413654e-04	6.497124585791719255e+03
3.090875873615398753e-04	6.251864966343437118e+03
3.148337626356334496e-04	6.016035179618041184e+03
3.206866696711176980e-04	5.789268847913873287e+03
3.266482875813873812e-04	5.571213916136563967e+03
3.327206320578969599e-04	5.361532093638948936e+03
3.389057560418909528e-04	5.159898308854177230e+03
3.452057504083147640e-04	4.966000194564593585e+03
3.516227446621243377e-04	4.779537586771294627e+03
3.581589076472086624e-04	4.600222048514066046e+03
3.648164482681542161e-04	4.427776407646562802e+03
3.715976162250727460e-04	4.261934316852017218e+03
3.785047027617233196e-04	4.102439827589410925e+03
3.855400414271650008e-04	3.949046984041837732e+03
3.927060088511745580e-04	3.801519431619121860e+03
4.000050255336758576e-04	3.659630033638022269e+03
4.074395566484184943e-04	3.523160524195433482e+03
4.150121128611643467e-04	3.391901146093462557e+03
4.227252511626319680e-04	3.265650326268046229e+03
4.305815757164543575e-04	3.144214350124913835e+03
4.385837387224181282e-04	3.027407055955878604e+03
4.467344412952442795e-04	2.915049542141061011e+03
4.550364343591887790e-04	2.806969875044198488e+03
4.634925195587279363e-04	2.703002822451538577e+03
4.721055501856208651e-04	2.602989589723137215e+03
4.808784321226224740e-04	2.506777565097525439e+03
4.898141248041411799e-04	2.414220084162515832e+03
4.989156421941344077e-04	2.325176186254444019e+03
5.081860537815376978e-04	2.239510401841460407e+03
5.176284855935350121e-04	2.157092532047517125e+03
5.272461212269690962e-04	2.077797443674060105e+03
5.370422028982145589e-04	2.001504870822536532e+03
5.470200325118252131e-04	1.928099225532220316e+03
5.571829727482796374e-04	1.857469412012770363e+03
5.675344481711514129e-04	1.789508654253975919e+03
5.780779463540384024e-04	1.724114325277886564e+03
5.888170190275874996e-04	1.661187784889645172e+03
5.997552832469602762e-04	1.600634224714491211e+03
6.108964225800811573e-04	1.542362518025445752e+03
6.222441883170318775e-04	1.486285075935205668e+03
6.338024007009433877e-04	1.432317706763145907e+03
6.455749501807529767e-04	1.380379489304997151e+03
6.575657986861956680e-04	1.330392637520001244e+03
6.697789809254063283e-04	1.282282385011713586e+03
6.822186057055162943e-04	1.235976861932309248e+03
6.948888572766222542e-04	1.191406985578197464e+03
7.077939966995351519e-04	1.148506346400434040e+03
7.209383632376917305e-04	1.107211111974324240e+03
7.343263757736500329e-04	1.067459918813293143e+03
7.479625342505609106e-04	1.029193779052323862e+03
7.618514212852777346e-04	9.923559882799855814e+02
7.759977030969093109e-04	9.568920359697174263e+02
7.904061318435825004e-04	9.227495188441116625e+02
8.050815466403369713e-04	8.898780601037294673e+02
8.200288752598001735e-04	8.582292305679620767e+02
8.352531357325414111e-04	8.277564707763000342e+02
8.507594379754576360e-04	7.984150213622026513e+02
8.665529854486483897e-04	7.701618497005586050e+02
8.826390768412532535e-04	7.429555844860360594e+02
8.990231077867087998e-04	7.167564509022354287e+02
9.157105726079269210e-04	6.915262080239464240e+02
9.327070660928620449e-04	6.672280894655250449e+02
9.500182853009686785e-04	6.438267453983131645e+02
9.676500314010459550e-04	6.212881884752700898e+02
9.856082115409746380e-04	5.995797390828060998e+02
1.003898840749865590e-03	5.786699773075458779e+02
1.022528043873122128e-03	5.585286909212403543e+02
1.041502057540964754e-03	5.391268306315269001e+02
1.060827232170934902e-03	5.204364635035677793e+02
1.080510034004923681e-03	5.024307306802803623e+02
1.100557047181268929e-03	4.850838045824279448e+02
1.120974975842478714e-03	4.683708498705289003e+02
1.141770646279135527e-03	4.522679843881188617e+02
1.162951009110557753e-03	4.367522421049177979e+02
1.184523141502774601e-03	4.218015379430029839e+02
1.206494249424415596e-03	4.073946332189147483e+02
1.228871669941093356e-03	3.935111031520908682e+02
1.251662873548868614e-03	3.801313050391894990e+02
1.274875466547409613e-03	3.672363482524866640e+02
1.298517193453445004e-03	3.548080645026321349e+02
1.322595939455137792e-03	3.428289809448453980e+02
1.347119732907979452e-03	3.312822920181204154e+02
1.372096747872861896e-03	3.201518343685496006e+02
1.397535306696941161e-03	3.094220618698155363e+02
1.423443882637944434e-03	2.990780216339537674e+02
1.449831102532564853e-03	2.891053310698117116e+02
1.476705749509604152e-03	2.794901559834860336e+02
1.504076765748526678e-03	2.702191892453732294e+02
1.531953255284076824e-03	2.612796303812264682e+02
1.560344486857658756e-03	2.526591661919952401e+02
1.589259896958824907e-03	2.443459519211341444e+02
1.618709092221374494e-03	2.363285930023676258e+02
1.648701853218088442e-03	2.285961277356060179e+02
1.679248136990073303e-03	2.211380106538962593e+02
1.710358080267341532e-03	2.139440965507742192e+02
1.742042002615204130e-03	2.070046249313692783e+02
1.774310409632329872e-03	2.003102051900754930e+02
1.807173996201168024e-03	1.938518024041937053e+02
1.840643649791465089e-03	1.876207236931601301e+02
1.874730453817615231e-03	1.816086049935969697e+02
1.909445691050580757e-03	1.758073983983872495e+02
1.944800847085116462e-03	1.702093600236224233e+02
1.980807613863068244e-03	1.648070383296554553e+02
2.017477893253461808e-03	1.595932629451671403e+02
2.054823800690173344e-03	1.545611337842618127e+02
2.092857668867924206e-03	1.497040105087010033e+02
2.131592051497362226e-03	1.450155030360224089e+02
2.171039727120003138e-03	1.404894615259583190e+02
2.211213702983799278e-03	1.361199673548495639e+02
2.252127218980118795e-03	1.319013240888399991e+02
2.293793751642876546e-03	1.278280491896762072e+02
2.336227018210644980e-03	1.238948656840302078e+02
2.379440980752485762e-03	1.200966943340871893e+02
2.423449850358299230e-03	1.164286461662806573e+02
2.468268091394468407e-03	1.128860149697294872e+02
2.513910425825581236e-03	1.094642705130805211e+02
2.560391837603027704e-03	1.061590519833135176e+02
2.607727577121212153e-03	1.029661605850227630e+02
2.655933165742222542e-03	9.988155506683865781e+01
2.705024400389687434e-03	9.690134409437038698e+01
2.755017358212628192e-03	9.402178121321050241e+01
2.805928401320065789e-03	9.123925947472714881e+01
2.857774181587164567e-03	8.855030576122753416e+01
2.910571645533696194e-03	8.595157595474773871e+01
2.964338039275543710e-03	8.343984990295052739e+01
3.019090913550072711e-03	8.101202674154960448e+01
3.074848128816065271e-03	7.866512033146990746e+01
3.131627860429013737e-03	7.639625509122797098e+01
3.189448603892479969e-03	7.420266142682758925e+01
3.248329180186275943e-03	7.208167203966759473e+01
3.308288741172203846e-03	7.003071794146637785e+01
3.369346775225194861e-03	6.804732471777917624e+01
3.431523112227840861e-03	6.612910904434573922e+01
3.494837930037885884e-03	6.427377487403074952e+01
3.559311759678379997e-03	6.247911079752402230e+01
3.624965491270914966e-03	6.074298618983371512e+01
3.691820379921294248e-03	5.906334856838155645e+01
3.759898051687528189e-03	5.743822043330666105e+01
3.829220509630785856e-03	5.586569657090638685e+01
3.899810139949873387e-03	5.434394126140922054e+01
3.971689718199894990e-03	5.287118562134231325e+01
4.044882415595607052e-03	5.144572519106031194e+01
4.119411805400057316e-03	5.006591744399906929e+01
4.195301869399003548e-03	4.873017950942958976e+01
4.272577004461639884e-03	4.743698584231187709e+01
4.351262029188115305e-03	4.618486612556993975e+01
4.431382190644242783e-03	4.497240322269430379e+01
4.512963171183914310e-03	4.379823114529963846e+01
4.596031095359527988e-03	4.266103313847767708e+01
4.680612536920849588e-03	4.155953984359400977e+01
4.766734525902611291e-03	4.049252755208694055e+01
4.854424555801150308e-03	3.945881644360913043e+01
4.943710590840365814e-03	3.845726899245077135e+01
5.034621073327162459e-03	3.748678836629687083e+01
5.127184931096625924e-03	3.654631690541823730e+01
5.221431585047047602e-03	3.563483468490970552e+01
5.317390956764844398e-03	3.475135809832212885e+01
5.415093476239529746e-03	3.389493847483279865e+01
5.514570089668598823e-03	3.306466081475746677e+01
5.615852267352424224e-03	3.225964254086061800e+01
5.718972011678905357e-03	3.147903227828915007e+01
5.823961865197860299e-03	3.072200872542896732e+01
5.930854918784834832e-03	2.998777944336616486e+01
6.039684819894101421e-03	2.927557983583454160e+01
6.150485780900501187e-03	2.858467234412762892e+01
6.263292587529702138e-03	2.791434501007865165e+01
6.378140607376471191e-03	2.726391086233603644e+01
6.495065798510263506e-03	2.663270692951163454e+01
6.614104718167700646e-03	2.602009323974596811e+01
6.735294531531095356e-03	2.542545209718764454e+01
6.858673020592318675e-03	2.484818726918161502e+01
6.984278593101113375e-03	2.428772292018232548e+01
7.112150291743048365e-03	2.374350342855461804e+01
7.242327802689383504e-03	2.321499207395838482e+01
7.374851465611963024e-03	2.270167062063855212e+01
7.509762282429725995e-03	2.220303869968821076e+01
7.647101926791711850e-03	2.171861278388339755e+01
7.786912753508999120e-03	2.124792625988786554e+01
7.929237808062485418e-03	2.079052791032527736e+01
8.074120836184837252e-03	2.034598227372223533e+01
8.221606293514845468e-03	1.991386840675489012e+01
8.371739355322363116e-03	1.949377960026599510e+01
8.524565926301644336e-03	1.908532296234723802e+01
8.680132650431188202e-03	1.868811857770796081e+01
8.838486920897619878e-03	1.830179956160763766e+01
8.999676890081310596e-03	1.792601112814987019e+01
9.163751479601151689e-03	1.756041036614084305e+01
9.330760390415776540e-03	1.720466577576648604e+01
9.500754112978491289e-03	1.685845686533162535e+01
9.673783937442712033e-03	1.652147376220343133e+01
9.849901963914980269e-03	1.619341682847603536e+01
1.002916111275210971e-02	1.587399630955878393e+01
1.021161513489896207e-02	1.556293197288924368e+01
1.039731862226328865e-02	1.525995278549719814e+01
1.058632701812364622e-02	1.496479659279647834e+01
1.077869662756655161e-02	1.467720980231508499e+01
1.097448462794841165e-02	1.439694708718421268e+01
1.117374907937803905e-02	1.412377111547965391e+01
1.137654893521502023e-02	1.385745226118786810e+01
1.158294405257913676e-02	1.359776835169964926e+01
1.179299520286578896e-02	1.334450440965163409e+01
1.200676408226220189e-02	1.309745244856111235e+01
1.222431332225895097e-02	1.285641105432389786e+01
1.244570650015097701e-02	1.262118557924513951e+01
1.267100814952235553e-02	1.239158746279444223e+01
1.290028377070847471e-02	1.216743422232095995e+01
1.313359984122925220e-02	1.194854938544459877e+01
1.337102382618673285e-02	1.173476211228735799e+01
1.361262418862008508e-02	1.152590705398209714e+01
1.385847039981080893e-02	1.132182424202831328e+01
1.410863294953079196e-02	1.112235887663886125e+01
1.436318335622515513e-02	1.092736117460287204e+01
1.462219417712230969e-02	1.073668621332939921e+01
1.488573901840482480e-02	1.055019381941130696e+01
1.515389254459828527e-02	1.036774835746848922e+01
1.542673048920906349e-02	1.018921866377197993e+01
1.570432966394046462e-02	1.001447788068600175e+01
1.598676796843197592e-02	9.843403357978319335e+00
1.627412439974583805e-02	9.675876504729240324e+00
1.656647906171614462e-02	9.511782700456064887e+00
1.686391317414982771e-02	9.351011179856817179e+00
1.716650908186866109e-02	9.193454912175653249e+00
1.747435026358126059e-02	9.039010525926437722e+00
1.778752134057348319e-02	8.887578210656652544e+00
1.810610808520539405e-02	8.739061587975825773e+00
1.843019742920257512e-02	8.593367662744228141e+00
1.875987747172931652e-02	8.450406742622881495e+00
1.909523748723065961e-02	8.310092265168984582e+00
1.943636793303005553e-02	8.172340884764539126e+00
1.978336045666903228e-02	8.037072221079125001e+00
2.013630790297471843e-02	7.904208900017361650e+00
2.049530432060257812e-02	7.773676423966803917e+00
2.086044496920173505e-02	7.645403124288487895e+00
2.123182632486961610e-02	7.519320085539446197e+00
2.160954608630239956e-02	7.395361052475878161e+00
2.199370318088680887e-02	7.273462423549263534e+00
2.238439776728999575e-02	7.153563150513233992e+00
2.278173124455840082e-02	7.035604670080746637e+00
2.318580625127278708e-02	6.919530842327027642e+00
2.359672667505894467e-02	6.805287893936307064e+00
2.401459765007268182e-02	6.692824350134380040e+00
2.443952556649517729e-02	6.582091077069414098e+00
2.487161806712565038e-02	6.473040989160242731e+00
2.531098405213800390e-02	6.365629208032215658e+00
2.575773368329827354e-02	6.259812934692107866e+00
2.621197837855164178e-02	6.155551356151766740e+00
2.667383082034662650e-02	6.052805638427909862e+00
2.714340494831544298e-02	5.951538833709337339e+00
2.762081596184637333e-02	5.851715856181598951e+00
2.810618032202962316e-02	5.753303340001147959e+00
2.859961574313465288e-02	5.656269758362749478e+00
2.910124119346010549e-02	5.560585151873955745e+00
2.961117689544644216e-02	5.466221229104125889e+00
3.012954431483790343e-02	5.373151197320056305e+00
3.065646616019461132e-02	5.281349842632689473e+00
3.119206637860889170e-02	5.190793338536380475e+00
3.173647014579290132e-02	5.101459176296022413e+00
3.228980386063934338e-02	5.013326362232080946e+00
3.285219514140434033e-02	4.926374958556331229e+00
3.342377280993634459e-02	4.840586349427924873e+00
3.400466688706049040e-02	4.755943046589642620e+00
3.459500857996397616e-02	4.672428665348135723e+00
3.519493027503865779e-02	4.590027838053652331e+00
3.580456551828351680e-02	4.508726211682041907e+00
3.642404901064579675e-02	4.428510290771985325e+00
3.705351658631085565e-02	4.349367553078959503e+00
3.769310520100414841e-02	4.271286224613431770e+00
3.834295291826922414e-02	4.194255310173973683e+00
3.900319888585902089e-02	4.118264504052887354e+00
3.967398332425715185e-02	4.043304203301944177e+00
4.035544750087324828e-02	3.969365392136354309e+00
4.104773371146495931e-02	3.896439569192859942e+00
4.175098527097177020e-02	3.824518796499373874e+00
4.246534645935243907e-02	3.753595584523376161e+00
4.319096253071216807e-02	3.683662851561370744e+00
4.392797967079708349e-02	3.614713869507111266e+00
4.467654497151973131e-02	3.546742263011344765e+00
4.543680640698949391e-02	3.479741891581180635e+00
4.620891280274224550e-02	3.413706924474757542e+00
4.699301380120670529e-02	3.348631688035814236e+00
4.778925983751192152e-02	3.284510678910135262e+00
4.859780209685499175e-02	3.221338562325359867e+00
4.941879248968913951e-02	3.159110029587715029e+00
5.025238360632459239e-02	3.097819915534346880e+00
5.109872868341287094e-02	3.037463050947448728e+00
5.195798156896012238e-02	2.978034304453853309e+00
5.283029665396022506e-02	2.919528498201349187e+00
5.371582890978102154e-02	2.861940353736162290e+00
5.461473373947287047e-02	2.805264639004560134e+00
5.552716699310391441e-02	2.749496005159981937e+00
5.645328491654320879e-02	2.694628964748184696e+00
5.739324409149605677e-02	2.640657938234350244e+00
5.834720139265590216e-02	2.587577209485009355e+00
5.931531393302659494e-02	2.535380882063028363e+00
6.029773901726791230e-02	2.484062914009922629e+00
6.129463407797733354e-02	2.433617116778974410e+00
6.230615662232935614e-02	2.384037095339968104e+00
6.333246418231651409e-02	2.335316267113359157e+00
6.437371424321383651e-02	2.287447863437562567e+00
6.543006418826256831e-02	2.240424917591973486e+00
6.650167124081061976e-02	2.194240256665355826e+00
6.758869238989514971e-02	2.148886523406115856e+00
6.869128432963168829e-02	2.104356121444133088e+00
6.980960339628798639e-02	2.060641297870745792e+00
7.094380548927176067e-02	2.017734074072699002e+00
7.209404600560381793e-02	1.975626282599618033e+00
7.326047977172248094e-02	1.934309558595382006e+00
7.444326095906018959e-02	1.893775359971947569e+00
7.564254302027845211e-02	1.854014932688162975e+00
7.685847860199999937e-02	1.815019400355528667e+00
7.809121947092938221e-02	1.776779651274456695e+00
7.934091643659406390e-02	1.739286473810099931e+00
8.060771926214334304e-02	1.702530461830215280e+00
8.189177658479691868e-02	1.666502076866649418e+00
8.319323584551639728e-02	1.631191642013867904e+00
8.451224316728039865e-02	1.596589351748415764e+00
8.584894330461925738e-02	1.562685292682765237e+00
8.720347953671996055e-02	1.529469424814992706e+00
8.857599358207983442e-02	1.496931622311362675e+00
8.996662550299000527e-02	1.465061673235249939e+00
9.137551362047170722e-02	1.433849257910218888e+00
9.280279441189684397e-02	1.403284030759505141e+00
9.424860242571787838e-02	1.373355561707445993e+00
9.571307017552817265e-02	1.344053370517939383e+00
9.719632805421053734e-02	1.315366949409854325e+00
9.869850422447487559e-02	1.287285751016009616e+00
1.002197245328674963e-01	1.259799221076979059e+00
1.017601123800382229e-01	1.232896785764908243e+00
1.033197886980864455e-01	1.206567847715771524e+00
1.048988717495818457e-01	1.180801855688707214e+00
1.064974770837354978e-01	1.155588269388945433e+00
1.081157174233075835e-01	1.130916559774633789e+00
1.097537025676328104e-01	1.106776232395742632e+00
1.114115392786196590e-01	1.083156848047400311e+00
1.130893311834847009e-01	1.060047998676249437e+00
1.147871786771693797e-01	1.037439353853040425e+00
1.165051788072740818e-01	1.015320628192897479e+00
1.182434251773914619e-01	9.936816266749529669e-01
1.200020078472298080e-01	9.725122202330230836e-01
1.217810132209678070e-01	9.518023745731569729e-01
1.235805239484671775e-01	9.315421261773093597e-01
1.254006188292231538e-01	9.117216358335044069e-01
1.272413726982754012e-01	8.923311489889406145e-01
1.291028563312752175e-01	8.733610247875333021e-01
1.309851363494475840e-01	8.548017356372739073e-01
1.328882751079515090e-01	8.366438666822577641e-01
1.348123306033057189e-01	8.188781284184106779e-01
1.367573563806054049e-01	8.014953607923408496e-01
1.387234014258942605e-01	7.844865363070910869e-01
1.407105100746416093e-01	7.678427493058902487e-01
1.427187219298634568e-01	7.515552419477554702e-01
1.447480717473142164e-01	7.356153990061529147e-01
1.467985893637739903e-01	7.200147475641183181e-01
1.488702995953137265e-01	7.047449597924333453e-01
1.509632221588412815e-01	6.897978614993830471e-01
1.530773715810943847e-01	6.751654261593346140e-01
1.552127571178857079e-01	6.608397930937232045e-01
1.573693826719187727e-01	6.468132428259397715e-01
1.595472467149225970e-01	6.330782304879024602e-01
1.617463422122958072e-01	6.196273652400980936e-01
1.639666565446693813e-01	6.064534197995913312e-01
1.662081714450499015e-01	5.935493317968448812e-01
1.684708629208800101e-01	5.809082040235680200e-01
1.707547011991748798e-01	5.685233061303899271e-01
1.730596506529618328e-01	5.563880757911657815e-01
1.753856697541864018e-01	5.444961183962526707e-01
1.777327110065573534e-01	5.328412098268390240e-01
1.801007208979339691e-01	5.214172943652114478e-01
1.824896398560932331e-01	5.102184863056713482e-01
1.848994021909687591e-01	4.992390691038980366e-01
1.873299360672910918e-01	4.884734978062589272e-01
1.897811634526875013e-01	4.779163951015112932e-01
1.922530000892375412e-01	4.675625535299811619e-01
1.947453554688892419e-01	4.574069327015853337e-01
1.972581327944009366e-01	4.474446603037532388e-01
1.997912289631325333e-01	4.376710299953965322e-01
2.023445345548390006e-01	4.280815004704162652e-01
2.049179338044227194e-01	4.186716922422916154e-01
2.075113045991717475e-01	4.094373883611568399e-01
2.101245184771368124e-01	4.003745304147947603e-01
2.127574406157703435e-01	3.914792174265780966e-01
2.154099298396953410e-01	3.827477022799958273e-01
2.180818386351352500e-01	3.741763899612526312e-01
2.207730131484235692e-01	3.657618326749720872e-01
2.234832932115913551e-01	3.575007306485397107e-01
2.262125123591405551e-01	3.493899255007429927e-01
2.289604978613433983e-01	3.414263946616271084e-01
2.317270707405107433e-01	3.336072517540588644e-01
2.345120458216988502e-01	3.259297408492060621e-01
2.373152317578378356e-01	3.183912319105605682e-01
2.401364310801321900e-01	3.109892154569663392e-01
2.429754402489784915e-01	3.037213016089208018e-01
2.458320497036118879e-01	2.965852071872595030e-01
2.487060439201051742e-01	2.895787602116633996e-01
2.515972014695659342e-01	2.826998898245307590e-01
2.545052950930706270e-01	2.759466204263191225e-01
2.574300917633461916e-01	2.693170693469949528e-01
2.603713527675502459e-01	2.628094384251686844e-01
2.633288337825379077e-01	2.564220109498100419e-01
2.663022849604060882e-01	2.501531447965425481e-01
2.692914510132554673e-01	2.440012677645705952e-01
2.722960713105103125e-01	2.379648712064241500e-01
2.753158799731763584e-01	2.320425061118207566e-01
2.783506059689193624e-01	2.262327762626457905e-01
2.813999732261497355e-01	2.205343342523602701e-01
2.844637007298114750e-01	2.149458756984092278e-01
2.875415026457261991e-01	2.094661342528049142e-01
2.906330884237119383e-01	2.040938775454989862e-01
2.937381629214168566e-01	1.988279017634403123e-01
2.968564265315030704e-01	1.936670273657986052e-01
2.999875752958468533e-01	1.886100954233830840e-01
3.031313010394002805e-01	1.836559634905499672e-01
3.062872915069995150e-01	1.788035002195447476e-01
3.094552304838726897e-01	1.740515852700973976e-01
3.126347979489437212e-01	1.693991027323834830e-01
3.158256701990544979e-01	1.648449400113020102e-01
3.190275199998570121e-01	1.603879848611273196e-01
3.222400167257599701e-01	1.560271222292384519e-01
3.254628265145125821e-01	1.517612324512346844e-01
3.286956124036201632e-01	1.475891902504052056e-01
3.319380344849823250e-01	1.435098615164852875e-01
3.351897500664117180e-01	1.395221036284656213e-01
3.384504138101976922e-01	1.356247623567068683e-01
3.417196778954564307e-01	1.318166727759001733e-01
3.449971921807259978e-01	1.280966578581156090e-01
3.482826043483274181e-01	1.244635283476557275e-01
3.515755600697034189e-01	1.209160819122452185e-01
3.548757031706625265e-01	1.174531029926711850e-01
3.581826757785382953e-01	1.140733654039650241e-01
3.614961184894016077e-01	1.107756277839617165e-01
3.648156705342535111e-01	1.075586399873920962e-01
3.681409699264227564e-01	1.044211395665489012e-01
3.714716536357111076e-01	1.013618529907887172e-01
3.748073577443201687e-01	9.837949856622511813e-02
3.781477176016918018e-01	9.547278552664149875e-02
3.814923679962481384e-01	9.264041577555859330e-02
3.848409433033910809e-01	8.988108433432542843e-02
3.881930776540369887e-01	8.719348168826200618e-02
3.915484050866523402e-01	8.457629092362746459e-02
3.949065597071729772e-01	8.202820214414674460e-02
3.982671758438005027e-01	7.954789396998315776e-02
4.016298882027638517e-01	7.713404819371064147e-02
4.049943320228140409e-01	7.478534763383005990e-02
4.083601432218763039e-01	7.250047744712274922e-02
4.117269585565704326e-01	7.027812620905472818e-02
4.150944157599200657e-01	6.811698730120543943e-02
4.184621536998714419e-01	6.601575993139220666e-02
4.218298125114569586e-01	6.397315040803956687e-02
4.251970337531082444e-01	6.198787322098877478e-02
4.285634605326479329e-01	6.005865199979983082e-02
4.319287376611893881e-01	5.818422059701924831e-02
4.352925117746410111e-01	5.636332415077132535e-02
4.386544314735623673e-01	5.459471977552005778e-02
4.420141474605532306e-01	5.287717747285432951e-02
4.453713126553096036e-01	5.120948112037682770e-02
4.487255823269805655e-01	4.959042896812929091e-02
4.520766142237713781e-01	4.801883431241515954e-02
4.554240686789715609e-01	4.649352648213661565e-02
4.587676087351560406e-01	4.501335099692147651e-02
4.621069002653279134e-01	4.357717015624099771e-02
4.654416120694347958e-01	4.218386379343511822e-02
4.687714159904580735e-01	4.083232941428559248e-02
4.720959870240936107e-01	3.952148254928040255e-02
4.754150034089823507e-01	3.825025730977679728e-02
4.787281467306829796e-01	3.701760646406354605e-02
4.820351020247048424e-01	3.582250159272472312e-02
4.853355578534418457e-01	3.466393356900095840e-02
4.886292064027419890e-01	3.354091246952866506e-02
4.919157435742425033e-01	3.245246762718907024e-02
4.951948690527985253e-01	3.139764798842437088e-02
4.984662863929729681e-01	3.037552188244276030e-02
5.017297031007090791e-01	2.938517706157424067e-02
5.049848306918313101e-01	2.842572088707527936e-02
5.082313847659984951e-01	2.749628001582574491e-02
5.114690850852124937e-01	2.659600035541634377e-02
5.146976556110030021e-01	2.572404715651147381e-02
5.179168245850515051e-01	2.487960473990754109e-02
5.211263245694308655e-01	2.406187634040907880e-02
5.243258925096173639e-01	2.327008395593144208e-02
5.275152697762806042e-01	2.250346819739617102e-02
5.306942022137702830e-01	2.176128808444818472e-02
5.338624401810810882e-01	2.104282078534509826e-02
5.370197385919169841e-01	2.034736143516397561e-02
5.401658569516143427e-01	1.967422287663653235e-02
5.433005593844366654e-01	1.902273542325648090e-02
5.464236146726678678e-01	1.839224659907529730e-02
5.495347962719854262e-01	1.778212083511205438e-02
5.526338823471501627e-01	1.719173924572730411e-02
5.557206557795946189e-01	1.662049931127833335e-02
5.587949041990866172e-01	1.606781461520393611e-02
5.618564199855967667e-01	1.553311455452072859e-02
5.649050002870108500e-01	1.501584402343510323e-02
5.679404470341152811e-01	1.451546310258399787e-02
5.709625669329968511e-01	1.403144681443927594e-02
5.739711714857959057e-01	1.356328476049712024e-02
5.769660769761967289e-01	1.311048090229361730e-02
5.799471044749696658e-01	1.267255315545360618e-02
5.829140798430634263e-01	1.224903313496286499e-02
5.858668337109134150e-01	1.183946588718080319e-02
5.888052014770278619e-01	1.144340955294919325e-02
5.917290233041903047e-01	1.106043503210888714e-02
5.946381440911556737e-01	1.069012577542862753e-02
5.975324134653735575e-01	1.033207743703961484e-02
6.004116857704354659e-01	9.985897548248197364e-03
6.032758200342490662e-01	9.651205297238719255e-03
6.061246799554912412e-01	9.327631237927439325e-03
6.089581338754266326e-01	9.014816923924818745e-03
6.117760547615207489e-01	8.712414713302181132e-03
6.145783201656638273e-01	8.420087481107951799e-03
6.173648122023814855e-01	8.137508325478728932e-03
6.201354175244014888e-01	7.864360293553749812e-03
6.228900272761371815e-01	7.600336157716509194e-03
6.256285370668536183e-01	7.345138134548926008e-03
6.283508469408563002e-01	7.098477601824685311e-03
6.310568613255275183e-01	6.860074913908059333e-03
6.337464890071100587e-01	6.629659093696505835e-03
6.364196430833070073e-01	6.406967621247607568e-03
6.390762409246116826e-01	6.191746211792853796e-03
6.417162041262004513e-01	5.983748574180031317e-03
6.443394584743987741e-01	5.782736157582802836e-03
6.469459338913549074e-01	5.588477976379710270e-03
6.495355643979988658e-01	5.400750355738031215e-03
6.521082880622267597e-01	5.219336744138303695e-03
6.546640469532715167e-01	5.044027495479858070e-03
6.572027870894489032e-01	4.874619685139037692e-03
6.597244583945616192e-01	4.710916871288169973e-03
6.622290146455549475e-01	4.552728951369075343e-03
6.647164134159671001e-01	4.399871946170940719e-03
6.671866160356042519e-01	4.252167822487396172e-03
6.696395875249325780e-01	4.109444316500980229e-03
6.720752965566687553e-01	3.971534752912250429e-03
6.744937153891833459e-01	3.838277889152529997e-03
6.768948198186001131e-01	3.709517740910088773e-03
6.792785891305748169e-01	3.585103406676163739e-03
6.816450060334506844e-01	3.464888950562176884e-03
6.839940566095784602e-01	3.348733203225650289e-03
6.863257302663724468e-01	3.236499644832765629e-03
6.886400196678934549e-01	3.128056255552494249e-03
6.909369206857549628e-01	3.023275369200363171e-03
6.932164323498425373e-01	2.922033520403252704e-03
6.954785567786929690e-01	2.824211360141639683e-03
6.977232991303463638e-01	2.729693476994904128e-03
6.999506675530300370e-01	2.638368284231162788e-03
7.021606731147476133e-01	2.550127927714075822e-03
7.043533297550196304e-01	2.464868129217480733e-03
7.065286542332545050e-01	2.382488086741923420e-03
7.086866660616588653e-01	2.302890372501889722e-03
7.108273874544538407e-01	2.225980809896606610e-03
7.129508432796065609e-01	2.151668366504506675e-03
7.150570609884077111e-01	2.079865074498823095e-03
7.171460705676286906e-01	2.010485913336950998e-03
7.192179044909648988e-01	1.943448702815318277e-03
7.212725976496560110e-01	1.878674046866588834e-03
7.233101873052530939e-01	1.816085208636802981e-03
7.253307130412171011e-01	1.755608033934713628e-03
7.273342166954687160e-01	1.697170880267643732e-03
7.293207423115458665e-01	1.640704511696108652e-03
7.312903360983614709e-01	1.586142028182170377e-03
7.332430463521485420e-01	1.533418799323594877e-03
7.351789234255560190e-01	1.482472377974125392e-03
7.370980196604169921e-01	1.433242430698449714e-03
7.390003893465131313e-01	1.385670665076066139e-03
7.408860886632567810e-01	1.339700766801240435e-03
7.427551756315510234e-01	1.295278332405037274e-03
7.446077100619340472e-01	1.252350800252139242e-03
7.464437535054276873e-01	1.210867398368253552e-03
7.482633692050018048e-01	1.170779073890948745e-03
7.500666220411292828e-01	1.132038449789086977e-03
7.518535784924484933e-01	1.094599750336051240e-03
7.536243065765704241e-01	1.058418764395894877e-03
7.553788758144460713e-01	1.023452782342006064e-03
7.571173571717101369e-01	9.896605499021900350e-04
7.588398230236037545e-01	9.570022156989417637e-04
7.605463470977863460e-01	9.254392894711938825e-04
7.622370044413395718e-01	8.949345889707287487e-04
7.639118713644019731e-01	8.654522050973015085e-04
7.655710254009112647e-01	8.369574502741713995e-04
7.672145452730942949e-01	8.094168145122254384e-04
7.688425108332995750e-01	7.827979415853558070e-04
7.704550030307375508e-01	7.570695735950042559e-04
7.720521038747049092e-01	7.322015161794316954e-04
7.736338963814715086e-01	7.081646145219870668e-04
7.752004645387583492e-01	6.849307029955422482e-04
7.767518932762572659e-01	6.624725750685791234e-04
7.782882684077447877e-01	6.407639608635260376e-04
7.798096766049926742e-01	6.197794835135125293e-04
7.813162053609187252e-01	5.994946292282941468e-04
7.828079429439955828e-01	5.798857285690223141e-04
7.842849783643333073e-01	5.609299160527434760e-04
7.857474013465004514e-01	5.426051062758657523e-04
7.871953022808427791e-01	5.248899710466701108e-04
7.886287721930907990e-01	5.077639083282096824e-04
7.900479027191312786e-01	4.912070204637867133e-04
7.914527860579114726e-01	4.752000878606447618e-04
7.928435149432836448e-01	4.597245506232445415e-04
7.942201826197130554e-01	4.447624757403397769e-04
7.955828827983070228e-01	4.302965505962640450e-04
7.969317096278279999e-01	4.163100481731782593e-04
7.982667576791485642e-01	4.027868105322601538e-04
7.995881218919216327e-01	3.897112347656238210e-04
8.008958975639889344e-01	3.770682505669757396e-04
8.021901803093741679e-01	3.648432992639364433e-04
8.034710660424506656e-01	3.530223185615743455e-04
8.047386509404912402e-01	3.415917265321079428e-04
8.059930314207028879e-01	3.305384041622272439e-04
8.072343041150230603e-01	3.198496784864779180e-04
8.084625658412923910e-01	3.095133085595340190e-04
8.096779135808834793e-01	2.995174704713727014e-04
8.108804444501217512e-01	2.898507430083363057e-04
8.120702556823334861e-01	2.805020929476175037e-04
8.132474445950718112e-01	2.714608628546917287e-04
8.144121085794894244e-01	2.627167577628918460e-04
8.155643450626349766e-01	2.542598326124871004e-04
8.167042515024147686e-01	2.460804793925799156e-04
8.178319253503298913e-01	2.381694186292924889e-04
8.189474640382122805e-01	2.305176847711349665e-04
8.200509649630548514e-01	2.231166152965434620e-04
8.211425254525333006e-01	2.159578447237413604e-04
8.222222427627460251e-01	2.090332875198469499e-04
8.232902140454159134e-01	2.023351358174217283e-04
8.243465363330297890e-01	1.958558452566320086e-04
8.253913065308048358e-01	1.895881247279209455e-04
8.264246213834688382e-01	1.835249341176851262e-04
8.274465774656099004e-01	1.776594691094663747e-04
8.284572711742271833e-01	1.719851547545678987e-04
8.294567986943197635e-01	1.664956408417326097e-04
8.304452559951579493e-01	1.611847905575012512e-04
8.314227388180004397e-01	1.560466739987114869e-04
8.323893426491834058e-01	1.510755627253199541e-04
8.333451627160400887e-01	1.462659211992319908e-04
8.342902939674865515e-01	1.416124000735321359e-04
8.352248310691791078e-01	1.371098298236401460e-04
8.361488683764445318e-01	1.327532176136005007e-04
8.370624999300251279e-01	1.285377365985053823e-04
8.379658194508063929e-01	1.244587225733172404e-04
8.388589203113147041e-01	1.205116697824043422e-04
8.397418955340655300e-01	1.166922224947892622e-04
8.406148377881629274e-01	1.129961718732799180e-04
8.414778393575068627e-01	1.094194508624842459e-04
8.423309921512677212e-01	1.059581285510214217e-04
8.431743876861260700e-01	1.026084053923219294e-04
8.440081170685576062e-01	9.936661098822043654e-05
8.448322709997483360e-01	9.622919618247577171e-05
8.456469397590231640e-01	9.319273138555406069e-05
8.464522131914125058e-01	9.025390252912285295e-05
8.472481807084770722e-01	8.740950567663060373e-05
8.480349312742159196e-01	8.465644331087997276e-05
8.488125534002923800e-01	8.199172324257625593e-05
8.495811351340922801e-01	7.941245212019064240e-05
8.503407640586009286e-01	7.691583321959069965e-05
8.510915272812948906e-01	7.449916310946720958e-05
8.518335114245561002e-01	7.215982904786800620e-05
8.525668026306859604e-01	6.989530432397141242e-05
8.532914865413289141e-01	6.770314782570059956e-05
8.540076483015852649e-01	6.558099869280569199e-05
8.547153725554561543e-01	6.352657423637217209e-05
8.554147434318253307e-01	6.153766860568605167e-05
8.561058445510982828e-01	5.961214852171762733e-05
8.567887590108783646e-01	5.774795222854518849e-05
8.574635693841826667e-01	5.594308590910428266e-05
8.581303577239661751e-01	5.419562111970071481e-05
8.587892055440318195e-01	5.250369509489802381e-05
8.594401938245783690e-01	5.086550549496506794e-05
8.600834030152921805e-01	4.927930906305166104e-05
8.607189130142892663e-01	4.774342210748794686e-05
8.613468031789652812e-01	4.625621503248948733e-05
8.619671523229335275e-01	4.481611231848354001e-05
8.625800387066432373e-01	4.342159092962256657e-05
8.631855400363750430e-01	4.207117762092186765e-05
8.637837334695586122e-01	4.076344795531125460e-05
8.643746956036509888e-01	3.949702433258076852e-05
8.649585024757431295e-01	3.827057457710618106e-05
8.655352295716743916e-01	3.708280981121154585e-05
8.661049518075030207e-01	3.593248443216480014e-05
8.666677435383851602e-01	3.481839349595240642e-05
8.672236785609771514e-01	3.373937071349083274e-05
8.677728301028366786e-01	3.269428936280695881e-05
8.683152708254081587e-01	3.168205880068261784e-05
8.688510728296130470e-01	3.070162434976407816e-05
8.693803076456920742e-01	2.975196611702393348e-05
8.699030462333341429e-01	2.883209763713400511e-05
8.704193589984066115e-01	2.794106365199652451e-05
8.709293157663872131e-01	2.707794117868229399e-05
8.714329858047360489e-01	2.624183727764778249e-05
8.719304378070915629e-01	2.543188801677485401e-05
8.724217399068199263e-01	2.464725731546879098e-05
8.729069596695436806e-01	2.388713661489363628e-05
8.733861640936297910e-01	2.315074392325956932e-05
8.738594196163356198e-01	2.243732217672085412e-05
8.743267921092094941e-01	2.174613921838748095e-05
8.747883468820565334e-01	2.107648666233392562e-05
8.752441486805719872e-01	2.042767922620159545e-05
8.756942616958005576e-01	1.979905355232406544e-05
8.761387495505796874e-01	1.918996817713066599e-05
8.765776753192806581e-01	1.859980206542083346e-05
8.770111015113686292e-01	1.802795467303747043e-05
8.774390900889521561e-01	1.747384444452436693e-05
8.778617024534461910e-01	1.693690891165556308e-05
8.782789994628354968e-01	1.641660373422931032e-05
8.786910414177169226e-01	1.591240222409804567e-05
8.790978880700008880e-01	1.542379466231615583e-05
8.794995986390805598e-01	1.495028721307861813e-05
8.798962317820392398e-01	1.449140307699462887e-05
8.802878456225350368e-01	1.404667994662790426e-05
8.806744977497922289e-01	1.361567035676562585e-05
8.810562452056320826e-01	1.319794181917857875e-05
8.814331444990803899e-01	1.279307535120696108e-05
8.818052516141683395e-01	1.240066511524262274e-05
8.821726219938049729e-01	1.202031905583896254e-05
8.825353105564147649e-01	1.165165712116131697e-05
8.828933716999282089e-01	1.129431143671292814e-05
8.832468592925786233e-01	1.094792629204763958e-05
8.835958266824186502e-01	1.061215703286015074e-05
8.839403267067657000e-01	1.028666992965242182e-05
8.842804116813639537e-01	9.971142250710237839e-06
8.846161334098547879e-01	9.665261382153802035e-06
8.849475431924369584e-01	9.368724389136342696e-06
8.852746918170488755e-01	9.081238632836120551e-06
8.855976295672133292e-01	8.802520252303968135e-06
8.859164062331957856e-01	8.532294527258573512e-06
8.862310710995398022e-01	8.270295731037427116e-06
8.865416729561421683e-01	8.016266305507001601e-06
8.868482601112037678e-01	7.769956699673586737e-06
8.871508803712829794e-01	7.531125637528653930e-06
8.874495810679309260e-01	7.299539352169031963e-06
8.877444090407571320e-01	7.074971528920660519e-06
8.880354106580370388e-01	6.857202825617168266e-06
8.883226318071342220e-01	6.646020980854792469e-06
8.886061179034947521e-01	6.441220415137391596e-06
8.888859138933025150e-01	6.242601943915124353e-06
8.891620642574982192e-01	6.049972700124860449e-06
8.894346130078819579e-01	5.863146017517926964e-06
8.897036037032794997e-01	5.681940785366526196e-06
8.899690794436521113e-01	5.506181829123272040e-06
8.902310828702666434e-01	5.335699437440371559e-06
8.904896561822436274e-01	5.170329101614230889e-06
8.907448411249671016e-01	5.009911537839799196e-06
8.909966790053798213e-01	4.854292410488002409e-06
8.912452106854147349e-01	4.703322214192725237e-06
8.914904765922239127e-01	4.556856064490539880e-06
8.917325167215118809e-01	4.414753647474722742e-06
8.919713706325979041e-01	4.276878933620057128e-06
8.922070774672310467e-01	4.143100004980519195e-06
8.924396759350180508e-01	4.013289341842091732e-06
8.926692043254774722e-01	3.887323126529736378e-06
8.928957005212553311e-01	3.765081267082735299e-06
8.931192019795556325e-01	3.646447675799079634e-06
8.933397457505262151e-01	3.531309546579990645e-06
8.935573684869558830e-01	3.419557536718168701e-06
8.937721064244840141e-01	3.311085841184607164e-06
8.939839954050339266e-01	3.205791747825941085e-06
8.941930708790308824e-01	3.103575521536002297e-06
8.943993678930594049e-01	3.004340744256750688e-06
8.946029211108161849e-01	2.907993711024029157e-06
8.948037648066831107e-01	2.814443432677288077e-06
8.950019328750692393e-01	2.723601814496868335e-06
8.951974588270124045e-01	2.635383325266832500e-06
8.953903757948573627e-01	2.549704951529160733e-06
8.955807165462803532e-01	2.466486001656171812e-06
8.957685134704252983e-01	2.385648335385778376e-06
8.959537985906866897e-01	2.307116013508504231e-06
8.961366035745528258e-01	2.230815059785556127e-06
8.963169597188249682e-01	2.156673931432218064e-06
8.964948979703725174e-01	2.084622871371576811e-06
8.966704489239004650e-01	2.014594018819905294e-06
8.968436428163421015e-01	1.946521609442905748e-06
8.970145095440057448e-01	1.880341403564665378e-06
8.971830786589535256e-01	1.815990962555691405e-06
8.973493793671122321e-01	1.753409522636147196e-06
8.975134405443639940e-01	1.692537704895764523e-06
8.976752907253968683e-01	1.633317727110716871e-06
8.978349581189085660e-01	1.575693082854811998e-06
8.979924706041834126e-01	1.519608551136588958e-06
8.981478557348582248e-01	1.465010194391421631e-06
8.983011407454140063e-01	1.411845109275995123e-06
8.984523525458874005e-01	1.360061466188375351e-06
8.986015177394734987e-01	1.309608266639962239e-06
8.987486626102418885e-01	1.260435379740323467e-06
8.988938131337482762e-01	1.212493405015830983e-06
8.990369949831481522e-01	1.165733383575486029e-06
8.991782335247923141e-01	1.120106833159932938e-06
8.993175538266424685e-01	1.075565562844400300e-06
8.994549806588076901e-01	1.032061401158929101e-06
8.995905384954078210e-01	9.895460978666384182e-07
8.997242515244328054e-01	9.479709629931968269e-07
8.998561436396206314e-01	9.072867309628334849e-07
8.999862384502440582e-01	8.674430535509064712e-07
9.001145592916391935e-01	8.283881673843901586e-07
9.002411292059974146e-01	7.900685512131332009e-07
9.003659709661708810e-01	7.524279836985532173e-07
9.004891070746481319e-01	7.154068671568379860e-07
9.006105597557870768e-01	6.789414244587862844e-07
9.007303509657643703e-01	6.429621077376649016e-07
9.008485024058616730e-01	6.073918310088510833e-07
9.009650355007398081e-01	5.721438715524877217e-07
9.010799714214428047e-01	5.371182435171489916e-07
9.011933310853683654e-01	5.016887420527455130e-07
9.013051351505008135e-01	4.667438548340359812e-07
9.014154040213288033e-01	4.315817786200138187e-07
9.015241578620349916e-01	3.959715096608855318e-07
9.016314165814677262e-01	3.596008263118269169e-07
9.017371998472201167e-01	3.220241657527242875e-07
9.018415270892589097e-01	2.825594408050722491e-07
9.019444174943015424e-01	2.400532006238720553e-07
9.020458900130964297e-01	1.922455881424713660e-07
9.021459633701763847e-01	1.332676846747234612e-07
9.022446560494590262e-01	0.000000000000000000e+00
