# Data associated with arXiv:2208.14002
# 
# Scale-free J-factor angular distribution, J_S(theta), of a nfw0-9rhos8e6 dark matter distribution (see Eq. 2.4 and the surrounding discussion)
# 
# Published: 8/25/22, Jack Runburg and Kenny Kiriu, contact: runburg@hawaii.edu
# 
# 
# -----------------------------------------------------------------
# 
# 	 tilde theta 		 | 	 tilde J s-wave 		 | 	 tilde J p-wave 		 | 	 tilde J d-wave 		 | 	 tilde J sommerfeld 
# 
# -----------------------------------------------------------------
1.000000000000000021e-03	2.292802162093784500e+04	8.947640778188352897e+02	6.573020595367113401e+02	4.969304169063534355e+05
1.021192151037671062e-03	2.268701417470560045e+04	8.927682064155869739e+02	6.566223719787923301e+02	4.891244248094935901e+05
1.042833409340945643e-03	2.244067672516076345e+04	8.907233859451489479e+02	6.559258218057898375e+02	4.811549508871191647e+05
1.064933292458827233e-03	2.218905205585728618e+04	8.886294655256255055e+02	6.552123390880340139e+02	4.730243841560877045e+05
1.087501519637659123e-03	2.193220562261010855e+04	8.864864386530348384e+02	6.544819020292885625e+02	4.647359450337002054e+05
1.110548016095517111e-03	2.167022929864970138e+04	8.842944710579492948e+02	6.537345465668581710e+02	4.562938170676912996e+05
1.134082917387199208e-03	2.140324595220019182e+04	8.820539357197609434e+02	6.529703785170059973e+02	4.477033067574258312e+05
1.158116573861711456e-03	2.113141515778221947e+04	8.797654580082950133e+02	6.521895893471325962e+02	4.389710411232418264e+05
1.182659555214217667e-03	2.085494051017563834e+04	8.774299757531360910e+02	6.513924773326600643e+02	4.301052177942119888e+05
1.207722655134462354e-03	2.057407931004963393e+04	8.750488224239597912e+02	6.505794771114193509e+02	4.211159313771995367e+05
1.233316896053688856e-03	2.028915596544681466e+04	8.726238482936680612e+02	6.497512031388661171e+02	4.120156167935187696e+05
1.259453533992170365e-03	2.000058165269837264e+04	8.701576088232275197e+02	6.489085179147728013e+02	4.028196849075168138e+05
1.286144063509461061e-03	1.970888556298728508e+04	8.676536837743509523e+02	6.480526486923555467e+02	3.935475046659905347e+05
1.313400222759557485e-03	1.941477049178830202e+04	8.651172843822550931e+02	6.471854116283794838e+02	3.842240929729559575e+05
1.341233998653187541e-03	1.911922969034977723e+04	8.625566176653405819e+02	6.463097196927640198e+02	3.748835358384851716e+05
1.369657632129505243e-03	1.882386860791591243e+04	8.599868780797062300e+02	6.454310789700509758e+02	3.655780492655585404e+05
1.398683623539492566e-03	1.853244412599968200e+04	8.574502890599063676e+02	6.445651382734381514e+02	3.564198351831736509e+05
1.428324738143458596e-03	1.823563211135723759e+04	8.548122087829716520e+02	6.436607308526118914e+02	3.471768677810050431e+05
1.458594011725036863e-03	1.793924641756367782e+04	8.521226186559847520e+02	6.427356323444829513e+02	3.380455104446866317e+05
1.489504756324154782e-03	1.764010980281556476e+04	8.493266996455450908e+02	6.417685653354103579e+02	3.289575719306043466e+05
1.521070566091505720e-03	1.734915469397810375e+04	8.465743350904556337e+02	6.408162347650223865e+02	3.201971484010297572e+05
1.553305323267072666e-03	1.706437379380520724e+04	8.438413903939284637e+02	6.398695837371556081e+02	3.117046836523004458e+05
1.586223204285366938e-03	1.678017064693521752e+04	8.410481667532686743e+02	6.388981778698224616e+02	3.033338835303880624e+05
1.619838686010041055e-03	1.650075870104364731e+04	8.382542958716464909e+02	6.379246643124007505e+02	2.951909647886834573e+05
1.654166552100628336e-03	1.622604036226894095e+04	8.354596130238368232e+02	6.369490005322096522e+02	2.872683268497053068e+05
1.689221899514206692e-03	1.595582037348144149e+04	8.326634547827845836e+02	6.359709540388830646e+02	2.795559629780343384e+05
1.725020145144853453e-03	1.569006373050472575e+04	8.298660823038300123e+02	6.349905910804549194e+02	2.720497946802728693e+05
1.761577032603788440e-03	1.542879000265629838e+04	8.270681055598065541e+02	6.340080910572803532e+02	2.647475119414098444e+05
1.798908639143220224e-03	1.517190117532851036e+04	8.242694139450197781e+02	6.330234002637885169e+02	2.576428882914001879e+05
1.837031382726912916e-03	1.491921930209017955e+04	8.214693796382529172e+02	6.320362936701152421e+02	2.507268333761386166e+05
1.875962029250603357e-03	1.467071194586888669e+04	8.186682691398694942e+02	6.310468387493419868e+02	2.439957162513835938e+05
1.915717699915417882e-03	1.442639899410589896e+04	8.158667091687663060e+02	6.300552198473176304e+02	2.374476482185338973e+05
1.956315878757565116e-03	1.418618258393636643e+04	8.130645505944696652e+02	6.290613690502510735e+02	2.310768391300020157e+05
1.997774420337589726e-03	1.394990061124985914e+04	8.102611849947984410e+02	6.280650681046251975e+02	2.248753676289515279e+05
2.040111557592579582e-03	1.371752302887434053e+04	8.074568546778612017e+02	6.270663844206909516e+02	2.188395420082779019e+05
2.083345909854779961e-03	1.348906984476926664e+04	8.046520784428480511e+02	6.260655026900922167e+02	2.129681239111854520e+05
2.127496491040134757e-03	1.326444385042756767e+04	8.018466502038895669e+02	6.250623401261854042e+02	2.072551953478384821e+05
2.172582718010372237e-03	1.304349743309535188e+04	7.990399917526888203e+02	6.240566854448102276e+02	2.016939147599867138e+05
2.218624419112281976e-03	1.282620278810850141e+04	7.962323746413208028e+02	6.230486080216182927e+02	1.962813864169963927e+05
2.265641842897974604e-03	1.261257982035568784e+04	7.934244522655584433e+02	6.220383018293892974e+02	1.910160663773890410e+05
2.313655667029933423e-03	1.240253246049529480e+04	7.906159908574522888e+02	6.210256702898616368e+02	1.858929570774280000e+05
2.362687007374795686e-03	1.219592632843940737e+04	7.878064429448912733e+02	6.200105092716077024e+02	1.809058491584606818e+05
2.412757427289825233e-03	1.199273567571362946e+04	7.849960837333007930e+02	6.189928891834917977e+02	1.760521556859891862e+05
2.463888947106213784e-03	1.179298025954549666e+04	7.821855801853999992e+02	6.179730085924354626e+02	1.713306341880357941e+05
2.516104053813336943e-03	1.159656541531211224e+04	7.793746659859958754e+02	6.169507569621260927e+02	1.667366403665923863e+05
2.569425710948245768e-03	1.140336889299995346e+04	7.765627824319457204e+02	6.159259358817181464e+02	1.622647584328120283e+05
2.623877368694733318e-03	1.121336686118134276e+04	7.737501033945687823e+02	6.148986121056241245e+02	1.579122672433946864e+05
2.679482974196439188e-03	1.102657878601965785e+04	7.709372609029138630e+02	6.138689864542692476e+02	1.536784437750180077e+05
2.736266982088478034e-03	1.084291174004067580e+04	7.681239530996226677e+02	6.128369340154955580e+02	1.495586661803683673e+05
2.794254365252289707e-03	1.066225455074893762e+04	7.653096888072292359e+02	6.118022652053128922e+02	1.455482701044895512e+05
2.853470625798387814e-03	1.048458517435045542e+04	7.624947511565211471e+02	6.107650526991061497e+02	1.416451963054524094e+05
2.913941806281861776e-03	1.030992267422176701e+04	7.596798204906255023e+02	6.097255033308936163e+02	1.378483930491734063e+05
2.975694501155571117e-03	1.013817612619751526e+04	7.568645553301840891e+02	6.086834779816653054e+02	1.341539204394963162e+05
3.038755868466027146e-03	9.969244474987015565e+03	7.540484868905975873e+02	6.076387938964689965e+02	1.305575445203437848e+05
3.103153641797168783e-03	9.803107340185935755e+03	7.512319040409159925e+02	6.065915248191320188e+02	1.270574258402857522e+05
3.168916142467233243e-03	9.639783295267261565e+03	7.484155030443648684e+02	6.055418819813519349e+02	1.236527407744824304e+05
3.236072291984112663e-03	9.479183634482407797e+03	7.455988492988038843e+02	6.044897091780078426e+02	1.203397667358570616e+05
3.304651624764658874e-03	9.321216541918718576e+03	7.427813884031951375e+02	6.034348247182116438e+02	1.171147893409500975e+05
3.374684301123556836e-03	9.165863180788917816e+03	7.399633965845847570e+02	6.023773025238493801e+02	1.139759233881959517e+05
3.446201120537424525e-03	9.013141571868540268e+03	7.371455706451845344e+02	6.013173572759227454e+02	1.109227279770530149e+05
3.519233535190044709e-03	8.862965393919117560e+03	7.343274979560472957e+02	6.002548212423815812e+02	1.079516095152890048e+05
3.593813663804625805e-03	8.715251267720943360e+03	7.315087663623485241e+02	5.991895262388314904e+02	1.050593867684115685e+05
3.669974305769219299e-03	8.569981790965146502e+03	7.286896737533875239e+02	5.981215485127626152e+02	1.022446033885549114e+05
3.747748955561452412e-03	8.427174378050511223e+03	7.258709322043532666e+02	5.970511074684792447e+02	9.950653506841676426e+04
3.827171817478984984e-03	8.286745226511889996e+03	7.230520901751506244e+02	5.959780209718582000e+02	9.684211038827185985e+04
3.908277820682117681e-03	8.148618657024038839e+03	7.202327581412455402e+02	5.949021276338895632e+02	9.424845106197005953e+04
3.991102634555192957e-03	8.012778605411980607e+03	7.174132300103253783e+02	5.938235045080898544e+02	9.172424368488365144e+04
4.075682684393532908e-03	7.879241820776946952e+03	7.145941203777102828e+02	5.927423677880946116e+02	8.926886965817063174e+04
4.162055167422817371e-03	7.747927140032265925e+03	7.117748621753958105e+02	5.916585157467297904e+02	8.687941780109281535e+04
4.250258069157961290e-03	7.618765902653780358e+03	7.089550976176111590e+02	5.905717946497035200e+02	8.455343780681780481e+04
4.340330180108637088e-03	7.491743269342218809e+03	7.061351356686768668e+02	5.894822835001092471e+02	8.228959727993520210e+04
4.432311112838861061e-03	7.366875347725351276e+03	7.033156967506970432e+02	5.883902077248551450e+02	8.008760828695577220e+04
4.526241319388085715e-03	7.244083633958148312e+03	7.004962693115940056e+02	5.872953572744561370e+02	7.794469587601804233e+04
4.622162109061505458e-03	7.123305886945244310e+03	6.976765141239039849e+02	5.861975847009117615e+02	7.585869580943349865e+04
4.720115666597336779e-03	7.004528427754398763e+03	6.948567478617626421e+02	5.850969702993584178e+02	7.382857791106715740e+04
4.820145070719144588e-03	6.887766626316190013e+03	6.920376943396062188e+02	5.839937433024862230e+02	7.185383680710094632e+04
4.922294313081310678e-03	6.772944763549051459e+03	6.892188078516359155e+02	5.828876797174347075e+02	6.993209850495270803e+04
5.026608317615998724e-03	6.660006426489415389e+03	6.863996816044736988e+02	5.817786324368216810e+02	6.806137666461503250e+04
5.133132960290130720e-03	6.548939008536107394e+03	6.835805392809807017e+02	5.806666751339739676e+02	6.624070910691849713e+04
5.241915089281041530e-03	6.439757144942384912e+03	6.807621024879668994e+02	5.795520389171921352e+02	6.446969223127650912e+04
5.353002545579732367e-03	6.332387913632933305e+03	6.779437906651467074e+02	5.784344854084973804e+02	6.274613770726460643e+04
5.466444184030696055e-03	6.226780216992799978e+03	6.751253260956573286e+02	5.773138826136796524e+02	6.106836898612874211e+04
5.582289894817666839e-03	6.122922429303052013e+03	6.723070243014634570e+02	5.761903123548346457e+02	5.943544411022245185e+04
5.700590625404708227e-03	6.020828489057804290e+03	6.694896378724025681e+02	5.750640110728302261e+02	5.784717665635275625e+04
5.821398402942216249e-03	5.920428236679628753e+03	6.666725499305809990e+02	5.739347258678390062e+02	5.630143473837779311e+04
5.944766357147824969e-03	5.821675430966635759e+03	6.638555075230718785e+02	5.728023316865094330e+02	5.479676534210217505e+04
6.070748743672167193e-03	5.724559377496379966e+03	6.610388291157262302e+02	5.716669120929534529e+02	5.333240852957157767e+04
6.199400967959818945e-03	5.629093248301483982e+03	6.582231525494976268e+02	5.705286956987845315e+02	5.190799651265701686e+04
6.330779609615908021e-03	5.535209710416015696e+03	6.554077315110662312e+02	5.693874059157515148e+02	5.052167136830212257e+04
6.464942447289089879e-03	5.442866921903560979e+03	6.525923407490686259e+02	5.682429246328974841e+02	4.917213688185282081e+04
6.601948484081890736e-03	5.352055051119638847e+03	6.497773092054628705e+02	5.670953369574177714e+02	4.785873321518904413e+04
6.741857973499477616e-03	5.262786513669484521e+03	6.469633871944300836e+02	5.659448836592723637e+02	4.658115631982997002e+04
6.884732445948405985e-03	5.174996777473734255e+03	6.441499159269699248e+02	5.647912857744202029e+02	4.533776202028919215e+04
7.030634735796891313e-03	5.088648005354705674e+03	6.413366828766879735e+02	5.636344316056685102e+02	4.412740307188370207e+04
7.179629009008595825e-03	5.003731157033543241e+03	6.385240271284432083e+02	5.624744083202508591e+02	4.294942675837651041e+04
7.331780791361950343e-03	4.920257927001750431e+03	6.357127073215007158e+02	5.613114600619318253e+02	4.180367500932043913e+04
7.487156997267587974e-03	4.838166526161135153e+03	6.329019777954638357e+02	5.601452879861683414e+02	4.068853564115819609e+04
7.645825959196438613e-03	4.757422768077096407e+03	6.300915211159995124e+02	5.589757731928879139e+02	3.960300023362196225e+04
7.807857457731475631e-03	4.678018348002622588e+03	6.272816302066682965e+02	5.578029983017783024e+02	3.854649798966125672e+04
7.973322752256328111e-03	4.599964245905382086e+03	6.244730567066883395e+02	5.566272082711673193e+02	3.751880154521081568e+04
8.142294612294233985e-03	4.523201379538967558e+03	6.216650884504912256e+02	5.554480961708028417e+02	3.651854860042464861e+04
8.314847349511189298e-03	4.447698879978408513e+03	6.188575738149874041e+02	5.542655650583060378e+02	3.554484405378269003e+04
8.491056850397209546e-03	4.373449125104428276e+03	6.160508545518191568e+02	5.530797046463089828e+02	3.459722833184643969e+04
8.671000609640279119e-03	4.300462391698710235e+03	6.132456962669730274e+02	5.518907632190861250e+02	3.367547370105205482e+04
8.854757764207504128e-03	4.228682258400603132e+03	6.104413494882306850e+02	5.506984198586316097e+02	3.277833447004105255e+04
9.042409128148579806e-03	4.158080869884895037e+03	6.076376649774276757e+02	5.495025836241009074e+02	3.190504297608065826e+04
9.234037228136720080e-03	4.088651238754167935e+03	6.048348387971071816e+02	5.483033275767614896e+02	3.105508866161587139e+04
9.429726339762870002e-03	4.020402948178980296e+03	6.020335724113078868e+02	5.471008927477790849e+02	3.022835835771952770e+04
9.629562524599030379e-03	3.953282189123974149e+03	5.992330927913560572e+02	5.458949430520149235e+02	2.942364796851230130e+04
9.833633668047030499e-03	3.887263839860788266e+03	5.964332900147120426e+02	5.446853954362732111e+02	2.864028505111232153e+04
1.004202951798940403e-02	3.822341501584424350e+03	5.936345166598142669e+02	5.434723424472562101e+02	2.787788431282766396e+04
1.025484172425938229e-02	3.758524082931189241e+03	5.908375452108664376e+02	5.422560362687996758e+02	2.713628663394747855e+04
1.047216387894729824e-02	3.695760324724146813e+03	5.880415808107413795e+02	5.410361291125796015e+02	2.641446780875453987e+04
1.069409155756119272e-02	3.634027586233048623e+03	5.852465443658941240e+02	5.398125465003372483e+02	2.571180711493267881e+04
1.092072236105970547e-02	3.573320015152485666e+03	5.824527523295337232e+02	5.385853775611849414e+02	2.502798696468106937e+04
1.115215595877575537e-02	3.513645862447770469e+03	5.796607914281062222e+02	5.373548493114039957e+02	2.436278999654719519e+04
1.138849413224978825e-02	3.454956355671526580e+03	5.768698131707584480e+02	5.361205950575408679e+02	2.371530038150880864e+04
1.162984081999205582e-02	3.397231102970560187e+03	5.740797653293971052e+02	5.348825473936882418e+02	2.308499512433114432e+04
1.187630216319339981e-02	3.340464756022185611e+03	5.712910116553066473e+02	5.336408022239276079e+02	2.247153621603600186e+04
1.212798655240480798e-02	3.284664936856041550e+03	5.685043286023480960e+02	5.323956154289188589e+02	2.187484650836587753e+04
1.238500467520621366e-02	3.229785282252500565e+03	5.657188654608909246e+02	5.311466107827391170e+02	2.129402054172442877e+04
1.264746956488544717e-02	3.175807440728203346e+03	5.629345913151491914e+02	5.298937279085155296e+02	2.072860257291121161e+04
1.291549665014883955e-02	3.122726535122578298e+03	5.601518671472603046e+02	5.286370642770667700e+02	2.017832457839229755e+04
1.318920380588532899e-02	3.070549569089158922e+03	5.573713070642354523e+02	5.273768485695401296e+02	1.964305867836290417e+04
1.346871140500627631e-02	3.019232526852340015e+03	5.545919579907032357e+02	5.261126781891192650e+02	1.912201476230148182e+04
1.375414237138396570e-02	2.968758901605957362e+03	5.518138094480797236e+02	5.248444998886415078e+02	1.861476868416389698e+04
1.404562223391196511e-02	2.919124250679978104e+03	5.490372363806269504e+02	5.235724135327164959e+02	1.812110588387654207e+04
1.434327918171109106e-02	2.870334987125761927e+03	5.462629978707295777e+02	5.222966727883347176e+02	1.764089225510350661e+04
1.464724412050539583e-02	2.822349363178547719e+03	5.434902211126167231e+02	5.210168780666693920e+02	1.717344586971289027e+04
1.495765073019278586e-02	2.775152542668034584e+03	5.407189230204008936e+02	5.197329840233190907e+02	1.671841382261096805e+04
1.527463552363575450e-02	2.728740486392616731e+03	5.379494746079408287e+02	5.184450919029679881e+02	1.627555456899019373e+04
1.559833790669801906e-02	2.683119037708392625e+03	5.351824936455984698e+02	5.171534320010659940e+02	1.584477409262121000e+04
1.592890023955338338e-02	2.638248642526737967e+03	5.324169679132327246e+02	5.158575706765443556e+02	1.542540154885553784e+04
1.626646789929399317e-02	2.594115974666912280e+03	5.296529313966559585e+02	5.145574669627865205e+02	1.501714016181996703e+04
1.661118934386526108e-02	2.550717368063600588e+03	5.268907791001391843e+02	5.132532267285766920e+02	1.461979235729658467e+04
1.696321617735579643e-02	2.508058122044058564e+03	5.241312620382065006e+02	5.119451039055372235e+02	1.423328488490657401e+04
1.732270321667098503e-02	2.466100796601599541e+03	5.213734872293969147e+02	5.106326787373387219e+02	1.385702772787524009e+04
1.768980855961942850e-02	2.424833431044851750e+03	5.186175039507020301e+02	5.093159183480442493e+02	1.349073834835140769e+04
1.806469365444235767e-02	2.384252711646828629e+03	5.158636814145874041e+02	5.079949260627138869e+02	1.313426356438439325e+04
1.844752337081655841e-02	2.344363395460274205e+03	5.131125806890585181e+02	5.066699169800833147e+02	1.278749353941254412e+04
1.883846607236187159e-02	2.305130101039126203e+03	5.103632195453272402e+02	5.053404421992630091e+02	1.244990575930865270e+04
1.923769369068539445e-02	2.266542092774625871e+03	5.076156729565727233e+02	5.040064754504711004e+02	1.212125555282851928e+04
1.964538180099485026e-02	2.228596371820071454e+03	5.048703459542678047e+02	5.026681279172687482e+02	1.180138049252306701e+04
2.006170969931423895e-02	2.191297213710148299e+03	5.021279759964347136e+02	5.013256508066285733e+02	1.149022231899975486e+04
2.048686048133601528e-02	2.154611180046175377e+03	4.993876431745353557e+02	4.999786008453074828e+02	1.118729850151306528e+04
2.092102112294418406e-02	2.118528652664336278e+03	4.966494464620598706e+02	4.986269615819718410e+02	1.089241538608646442e+04
2.136438256244391209e-02	2.083046929703536534e+03	4.939136454070019226e+02	4.972708132073262277e+02	1.060540291587937099e+04
2.181713978453380873e-02	2.048169809790108957e+03	4.911808301042540279e+02	4.959103739771152846e+02	1.032619907880878964e+04
2.227949190605761978e-02	2.013865739214767927e+03	4.884500733428725425e+02	4.945451896450572917e+02	1.005437135474697243e+04
2.275164226357336353e-02	1.980126106811301952e+03	4.857214926654105511e+02	4.931752473555266079e+02	9.789735686786092629e+03
2.323379850277806913e-02	1.946948469849162166e+03	4.829954976109337395e+02	4.918006610623745587e+02	9.532185005836841810e+03
2.372617266982774559e-02	1.914336186539450182e+03	4.802728138151620669e+02	4.904216821302503035e+02	9.281635214602541964e+03
2.422898130459259780e-02	1.882259509346542018e+03	4.775525058900270210e+02	4.890378496842874938e+02	9.037711358052876676e+03
2.474244553588843265e-02	1.850710726037576933e+03	4.748345563049800830e+02	4.876491233736234108e+02	8.800235230121792483e+03
2.526679117872631872e-02	1.819687653640026838e+03	4.721192543724792472e+02	4.862555892440940397e+02	8.569096968963240215e+03
2.580224883362318075e-02	1.789193211049492675e+03	4.694073116789915616e+02	4.848574934034004400e+02	8.344238806129555087e+03
2.634905398801689475e-02	1.759199389038995378e+03	4.666977694574130737e+02	4.834543565802173362e+02	8.125311956780782566e+03
2.690744711983068457e-02	1.729699284031371917e+03	4.639907940410902825e+02	4.820461856585237683e+02	7.912176168524014429e+03
2.747767380323228384e-02	1.700690951862464544e+03	4.612868325434498047e+02	4.806331106088530873e+02	7.704732115299296311e+03
2.805998481663422514e-02	1.672176897345820180e+03	4.585865609087411485e+02	4.792153719712694624e+02	7.502938407244770133e+03
2.865463625298309350e-02	1.644130773107962796e+03	4.558888225532960519e+02	4.777924271447229216e+02	7.306460849801057520e+03
2.926188963238583740e-02	1.616546403867182335e+03	4.531936975640874721e+02	4.763642623020813858e+02	7.115164577057320457e+03
2.988201201712300387e-02	1.589422064228239378e+03	4.505016363977724154e+02	4.749310081756707973e+02	6.928972434642698317e+03
3.051527612909937445e-02	1.562759865729206012e+03	4.478133358514369320e+02	4.734929084020931782e+02	6.747829913487420527e+03
3.116196046978347151e-02	1.536535053710343163e+03	4.451278501287006293e+02	4.720494706342163909e+02	6.571463073952741070e+03
3.182234944268905880e-02	1.510742104064852583e+03	4.424453509205089858e+02	4.706007058747452447e+02	6.399756405829264622e+03
3.249673347845206950e-02	1.485379494503527212e+03	4.397661619102239570e+02	4.691467122000019003e+02	6.232633627018374682e+03
3.318540916255835471e-02	1.460448966886661083e+03	4.370907931442581571e+02	4.676876792291491256e+02	6.070035840305479724e+03
3.388867936577820428e-02	1.435927284094717834e+03	4.344182809985890117e+02	4.662231025282821975e+02	5.911711867772835831e+03
3.460685337736497946e-02	1.411809507363092962e+03	4.317488387636350922e+02	4.647530091243916672e+02	5.757570978718125843e+03
3.534024704107661952e-02	1.388094303409829763e+03	4.290829376902192394e+02	4.632775458167238298e+02	5.607537442749017828e+03
3.608918289407971741e-02	1.364783060171658235e+03	4.264212532791528929e+02	4.617969544419455588e+02	5.461575733748391031e+03
3.685399030879719234e-02	1.341853993917876778e+03	4.237626909333867502e+02	4.603106778898946914e+02	5.319446736811789378e+03
3.763500563776207147e-02	1.319302687640592012e+03	4.211072899822729596e+02	4.588186861874915508e+02	5.181061650037795516e+03
3.843257236154112161e-02	1.297127984969049294e+03	4.184555013873990106e+02	4.573211194125868815e+02	5.046358444298352879e+03
3.924704123979310538e-02	1.275330936226133872e+03	4.158079769699299959e+02	4.558182115423070400e+02	4.915301271315975100e+03
4.007877046552850431e-02	1.253891146293954534e+03	4.131637840916542928e+02	4.543094578708659128e+02	4.787687145646749741e+03
4.092812582263813392e-02	1.232804664889322112e+03	4.105231610945973557e+02	4.527948985338460943e+02	4.663436542535620902e+03
4.179548084676026898e-02	1.212070496845580237e+03	4.078864378349329058e+02	4.512746360315781544e+02	4.542501132140068876e+03
4.268121698955689575e-02	1.191689374218944522e+03	4.052540661529217232e+02	4.497488342192140180e+02	4.424826325929717314e+03
4.358572378647117967e-02	1.171642227443387128e+03	4.026250961737171679e+02	4.482169700219210426e+02	4.310234584944517337e+03
4.450939902804028347e-02	1.151925519400822395e+03	3.999998126935080904e+02	4.466791083960583251e+02	4.198657636563741107e+03
4.545264893483848267e-02	1.132538410479259255e+03	3.973787084272250354e+02	4.451354146019154996e+02	4.090051662186622707e+03
4.641588833612779463e-02	1.113481325485434581e+03	3.947623437013289731e+02	4.435860875527725966e+02	3.984380610658127807e+03
4.739954085229469011e-02	1.094736460376318291e+03	3.921495631239839099e+02	4.420305214234581399e+02	3.881471352291674521e+03
4.840403908115278181e-02	1.076300646608916395e+03	3.895405717990604444e+02	4.404687506760577662e+02	3.781269767626994962e+03
4.942982478819387543e-02	1.058173186500817110e+03	3.869358653388758853e+02	4.389009447697934547e+02	3.683727418393009884e+03
5.047734910087089966e-02	1.040354214667360566e+03	3.843360502898761411e+02	4.373273287982433430e+02	3.588819387871471463e+03
5.154707270699779992e-02	1.022827134534363154e+03	3.817402066867339272e+02	4.357473807162547246e+02	3.496395279055275751e+03
5.263946605735428386e-02	1.005589103682395375e+03	3.791484314630929475e+02	4.341610887136537826e+02	3.406397479490932710e+03
5.375500957258409762e-02	9.886395544031889813e+02	3.765610978586474289e+02	4.325685788199609192e+02	3.318786924584851022e+03
5.489419385447772554e-02	9.719783514662185553e+02	3.739787566044436176e+02	4.309700511797379932e+02	3.233530687638441577e+03
5.605751990173300781e-02	9.555900436568546183e+02	3.714004849617281820e+02	4.293649610147754174e+02	3.150501705083667730e+03
5.724549933028778848e-02	9.394720783328755260e+02	3.688266002850187419e+02	4.277533931440678998e+02	3.069653410848639851e+03
5.845865459832211286e-02	9.236240147959849764e+02	3.662574875060657291e+02	4.261354841421755282e+02	2.990954497674023514e+03
5.969751923602879817e-02	9.080454452821389850e+02	3.636934766435275037e+02	4.245113397951063803e+02	2.914364900123908228e+03
6.096263808025296355e-02	8.927220254190344804e+02	3.611336814067943237e+02	4.228804419045550844e+02	2.839770662007284955e+03
6.225456751410456124e-02	8.776514525637220459e+02	3.585784356973114200e+02	4.212428905453768380e+02	2.767131747682851255e+03
6.357387571164835327e-02	8.628334064483655084e+02	3.560282785136466259e+02	4.195988915446623082e+02	2.696420527894016686e+03
6.492114288777969811e-02	8.482672163422582798e+02	3.534835434632769875e+02	4.179485451709091421e+02	2.627605063346018142e+03
6.629696155339574737e-02	8.339395954362197472e+02	3.509431612011629795e+02	4.162912384203210650e+02	2.560576841248347137e+03
6.770193677597398374e-02	8.198484590530280229e+02	3.484074702592941435e+02	4.146270754791182753e+02	2.495302741675814104e+03
6.913668644567325106e-02	8.059921986156242610e+02	3.458767235144898109e+02	4.129560310954116744e+02	2.431752114603401424e+03
7.060184154707406512e-02	7.923740969012192181e+02	3.433524001652128845e+02	4.112791045080946901e+02	2.369918152547235422e+03
7.209804643667737378e-02	7.789776701404762207e+02	3.408323976524861223e+02	4.095948340580879403e+02	2.309682682446404215e+03
7.362595912628441819e-02	7.658024260658764888e+02	3.383172682525219557e+02	4.079035424730334398e+02	2.251018167055980939e+03
7.518625157238204015e-02	7.528482781010975486e+02	3.358075889293876912e+02	4.062054672207131603e+02	2.193904489015385025e+03
7.677960997166025092e-02	7.401140168378683484e+02	3.333038280782005813e+02	4.045007907332719697e+02	2.138317766111736546e+03
7.840673506279315086e-02	7.275883726486712249e+02	3.308050440516712456e+02	4.027889393054468314e+02	2.084173909037851899e+03
8.006834243461452560e-02	7.152695989618864587e+02	3.283113606311304693e+02	4.010699109863500667e+02	2.031438806194509198e+03
8.176516284082480102e-02	7.031577279566557763e+02	3.258233243235345640e+02	3.993439338208895037e+02	1.980099623652016589e+03
8.349794252136732986e-02	6.912512679740655130e+02	3.233413485096468207e+02	3.976111656179542138e+02	1.930126120162479992e+03
8.526744353061486981e-02	6.795399158170567944e+02	3.208646331892310855e+02	3.958711045858496504e+02	1.881448627028388728e+03
8.707444407251174745e-02	6.680220495760513586e+02	3.183932815366794671e+02	3.941237404271279843e+02	1.834036395509336444e+03
8.891973884281766105e-02	6.566978002510405759e+02	3.159278177675221286e+02	3.923693092160453375e+02	1.787874231317411386e+03
9.080413937860487561e-02	6.455654422100076317e+02	3.134685953174807764e+02	3.906079433312949618e+02	1.742937305368658372e+03
9.272847441516200717e-02	6.346155581395099716e+02	3.110149030227026401e+02	3.888391893563940016e+02	1.699164147191015218e+03
9.469359025046093781e-02	6.238466418803291162e+02	3.085668581757727793e+02	3.870630483553613317e+02	1.656528989133377308e+03
9.670035111734798239e-02	6.132589085161590674e+02	3.061249488502094778e+02	3.852797354328744746e+02	1.615014656177774441e+03
9.874963956362264872e-02	6.028504384450562839e+02	3.036895059836354562e+02	3.834893822679231334e+02	1.574599728215372807e+03
1.008423568401705106e-01	5.926126271696357435e+02	3.012598142977946623e+02	3.816915181062475995e+02	1.535227665250651853e+03
1.029794232973221257e-01	5.825440767014122230e+02	2.988360104907071673e+02	3.798861545195057374e+02	1.496877060908081603e+03
1.051617787896111378e-01	5.726450709702304493e+02	2.964185817216066425e+02	3.780735068831198760e+02	1.459532724191720490e+03
1.073903830891107247e-01	5.629135340847094540e+02	2.940078354178793347e+02	3.762537065158695668e+02	1.423175821319180841e+03
1.096662163075285135e-01	5.533416064816561857e+02	2.916031025998377686e+02	3.744263190337482570e+02	1.387755901647388555e+03
1.119902793272475605e-01	5.439279908430064552e+02	2.892044897881878569e+02	3.725913303774956944e+02	1.353251535058506988e+03
1.143635942415015677e-01	5.346730275340494245e+02	2.868125424898371989e+02	3.707490161108165125e+02	1.319650836004618895e+03
1.167872048038782751e-01	5.255745167434640734e+02	2.844275282782213026e+02	3.688995008919971497e+02	1.286935058550968051e+03
1.192621768873494831e-01	5.166252817352674356e+02	2.820487871074047916e+02	3.670423496675479669e+02	1.255060846489568803e+03
1.217895989530276418e-01	5.078241183844813804e+02	2.796764011677012718e+02	3.651775249329945723e+02	1.224007339594667656e+03
1.243705825288575900e-01	4.991714141841973174e+02	2.773109680515844957e+02	3.633053344947651340e+02	1.193768805354916594e+03
1.270062626984522769e-01	4.906648723183915308e+02	2.749527212172038730e+02	3.614259025585660652e+02	1.164322938498825806e+03
1.296977986002878502e-01	4.822979423852231662e+02	2.726009158960169998e+02	3.595387181369929408e+02	1.135631126903231461e+03
1.324463739374786009e-01	4.740695073008720328e+02	2.702557262279912038e+02	3.576438240103697126e+02	1.107676326352971955e+03
1.352531974983535168e-01	4.659799908989224377e+02	2.679178253942450851e+02	3.557416063602946110e+02	1.080453433926765229e+03
1.381195036880665805e-01	4.580270257563846599e+02	2.655873597300858933e+02	3.538321330117142338e+02	1.053942728845862575e+03
1.410465530714722360e-01	4.502046349321397543e+02	2.632635498890422809e+02	3.519148658889355374e+02	1.028108679473072698e+03
1.440356329275057634e-01	4.425117822726319332e+02	2.609466605597622788e+02	3.499899247745827893e+02	1.002936467293120927e+03
1.470880578153118678e-01	4.349489196995214115e+02	2.586373914432830361e+02	3.480577256175783987e+02	9.784221035508328441e+02
1.502051701523716420e-01	4.275136311050634959e+02	2.563357103572607230e+02	3.461182107245886073e+02	9.545456479594744224e+02
1.533883408048797858e-01	4.202004648764177546e+02	2.540409207650972974e+02	3.441708983463964842e+02	9.312758465576064282e+02
1.566389696906345663e-01	4.130084606016151270e+02	2.517534138366064269e+02	3.422160165767604099e+02	9.086030862965263850e+02
1.599584863947036695e-01	4.059380895573290218e+02	2.494738212775567661e+02	3.402539466989028938e+02	8.865205479109760063e+02
1.633483507981373095e-01	3.989869076550397153e+02	2.472019561925134212e+02	3.382845209928919985e+02	8.650092589794039668e+02
1.668100537200059019e-01	3.921499438956124663e+02	2.449373309121332625e+02	3.363074105323124172e+02	8.440430990700393750e+02
1.703451175730422984e-01	3.854263076799421128e+02	2.426803229910353821e+02	3.343228513122843992e+02	8.236144481752904767e+02
1.739550970331800450e-01	3.788164851218854778e+02	2.404313384449964985e+02	3.323310590292559823e+02	8.037138399653305214e+02
1.776415797232799298e-01	3.723180191609731082e+02	2.381904135021537456e+02	3.303320823386123948e+02	7.843274208206867115e+02
1.814061869113461622e-01	3.659263793474449926e+02	2.359571211585436004e+02	3.283256489501068813e+02	7.654314848804408484e+02
1.852505742235391883e-01	3.596407401997327042e+02	2.337315845596027089e+02	3.263117696443403020e+02	7.470160561569895208e+02
1.891764323722997243e-01	3.534615964190724071e+02	2.315144167401468849e+02	3.242908471592957653e+02	7.290759975930546943e+02
1.931854878999012814e-01	3.473864933286725432e+02	2.293056380367692952e+02	3.222629158208519584e+02	7.115988723426463594e+02
1.972795039377621684e-01	3.414113034138246121e+02	2.271045863871300128e+02	3.202274842754955557e+02	6.945605420029548895e+02
2.014602809818480389e-01	3.355352624860711330e+02	2.249116063098954328e+02	3.181848154503326782e+02	6.779541909745579460e+02
2.057296576845067948e-01	3.297588668661445581e+02	2.227274389962593943e+02	3.161354771456474850e+02	6.617761345885196533e+02
2.100895116630852322e-01	3.240796790404659760e+02	2.205517983928537546e+02	3.140792322041067450e+02	6.460119939761616479e+02
2.145417603256798977e-01	3.184939394322634030e+02	2.183842358714256591e+02	3.120157544664238571e+02	6.306430612195347294e+02
2.190883617143895290e-01	3.130009397243653666e+02	2.162250943415508573e+02	3.099452988874401171e+02	6.156631072574995187e+02
2.237313153664367560e-01	3.076011771107307027e+02	2.140748456796092398e+02	3.078681975806287596e+02	6.010663882711326096e+02
2.284726631935388719e-01	3.022922387506989139e+02	2.119334880938850461e+02	3.057845311571285265e+02	5.868421677862189654e+02
2.333144903799153069e-01	2.970707026370867538e+02	2.098005735438899251e+02	3.036940037644896506e+02	5.729735390680251612e+02
2.382589262993237145e-01	2.919359128820928504e+02	2.076762379758540646e+02	3.015966531163870741e+02	5.594529935417457409e+02
2.433081454515323150e-01	2.868883623759186321e+02	2.055612295264432134e+02	2.994931176207387580e+02	5.462785054902158208e+02
2.484643684186368384e-01	2.819256738774336100e+02	2.034552874566716412e+02	2.973832120867288040e+02	5.334378618989202323e+02
2.537298628416438939e-01	2.770447334904396257e+02	2.013580123397899229e+02	2.952666980250658071e+02	5.209161854145338566e+02
2.591069444177515613e-01	2.722449340682190382e+02	1.992697861650137270e+02	2.931439227101401457e+02	5.087087140443572935e+02
2.645979779187619951e-01	2.675267611306280173e+02	1.971910491507460108e+02	2.910151988319584575e+02	4.968113378203383377e+02
2.702053782310787078e-01	2.628878809709615894e+02	1.951216860886283939e+02	2.888804964056150766e+02	4.852143043944457190e+02
2.759316114177428059e-01	2.583254612209337324e+02	1.930612960115716703e+02	2.867395898548761011e+02	4.739041339202678387e+02
2.817791958029755572e-01	2.538389402551535454e+02	1.910101433701615861e+02	2.845927451368589800e+02	4.628754381852626807e+02
2.877507030797054055e-01	2.494287930604189398e+02	1.889689309797305725e+02	2.824405806395784566e+02	4.521269143535769217e+02
2.938487594405665426e-01	2.450927366776010672e+02	1.869372561854900141e+02	2.802827707183289476e+02	4.416472062012153401e+02
3.000760467328633108e-01	2.408281957145776744e+02	1.849148805670007505e+02	2.781192341100136218e+02	4.314257331266763345e+02
3.064353036380134121e-01	2.366346505122832014e+02	1.829020437029118114e+02	2.759502395021568759e+02	4.214577031423938251e+02
3.129293268759847368e-01	2.325125644206134723e+02	1.808993523467354123e+02	2.737763580274851165e+02	4.117409592639667153e+02
3.195609724352570513e-01	2.284597096885655958e+02	1.789066000850845057e+02	2.715975310672549199e+02	4.022666169184759610e+02
3.263331568288500573e-01	2.244737458918944526e+02	1.769233432252893010e+02	2.694134016900096071e+02	3.930236411903940166e+02
3.332488583769670498e-01	2.205541925396322540e+02	1.749499849172464110e+02	2.672244383742794867e+02	3.840094459816609742e+02
3.403111185168231634e-01	2.167014990226371651e+02	1.729870003872953816e+02	2.650310867449030070e+02	3.752207817404838011e+02
3.475230431402304698e-01	2.129134978469983821e+02	1.710342362418055302e+02	2.628334271789121885e+02	3.666498565372708640e+02
3.548878039595292910e-01	2.091880628479782160e+02	1.690913175202713603e+02	2.606311748203769980e+02	3.582874725124568727e+02
3.624086399024666338e-01	2.055247501153085068e+02	1.671584888080647318e+02	2.584245805316050451e+02	3.501304437345585825e+02
3.700888585366366446e-01	2.019239931538661494e+02	1.652364017873780142e+02	2.562143757230625738e+02	3.421768533182765282e+02
3.779318375241043637e-01	1.983836887931727517e+02	1.633247562740973535e+02	2.540004800416498085e+02	3.344185870092684354e+02
3.859410261068597081e-01	1.949019061968812707e+02	1.614232589159674944e+02	2.517827073397935180e+02	3.268483523357000422e+02
3.941199466237500504e-01	1.914782349577417051e+02	1.595320998368695484e+02	2.495612669099880350e+02	3.194623349309217701e+02
4.024721960595590287e-01	1.881130929089118524e+02	1.576520380676725495e+02	2.473370785547085688e+02	3.122599853905947498e+02
4.110014476269163164e-01	1.848044426934653188e+02	1.557826369928638712e+02	2.451098773140954563e+02	3.052330711606969658e+02
4.197114523817274123e-01	1.815505319562022066e+02	1.539236575552363604e+02	2.428795561277241006e+02	2.983755134612479196e+02
4.286060408728412652e-01	1.783509816176393201e+02	1.520753265396292022e+02	2.406464253038622303e+02	2.916834669883112952e+02
4.376891248266767120e-01	1.752061924555607675e+02	1.502383683440605182e+02	2.384113921682548209e+02	2.851571101876474472e+02
4.469646988675492483e-01	1.721141954811419339e+02	1.484122855521506210e+02	2.361740916890441042e+02	2.787882907174098364e+02
4.564368422744575216e-01	1.690734009050250108e+02	1.465969334643513662e+02	2.339345821629085265e+02	2.725719645411839451e+02
4.661097207750954374e-01	1.660834587389804256e+02	1.447925114216025690e+02	2.316931643236777063e+02	2.665049154624326206e+02
4.759875883778879602e-01	1.631447519001033015e+02	1.429997141079478808e+02	2.294507409667079969e+02	2.605867372476660080e+02
4.860747892428489703e-01	1.602553814549414710e+02	1.412180636613592242e+02	2.272069763197631289e+02	2.548106325700191519e+02
4.963757595920870180e-01	1.574139056048217640e+02	1.394473724367606451e+02	2.249618743787883659e+02	2.491715574609860369e+02
5.068950296608012440e-01	1.546200013928536521e+02	1.376879357802138202e+02	2.227159427475227744e+02	2.436671554576724077e+02
5.176372256896176749e-01	1.518740334481622938e+02	1.359403372488066282e+02	2.204699051487519341e+02	2.382966812692362453e+02
5.286070719591531297e-01	1.491741737929998237e+02	1.342041374407480703e+02	2.182235281660396993e+02	2.330542317746270271e+02
5.398093928676924724e-01	1.465191153794946501e+02	1.324791947400329946e+02	2.159769213452054544e+02	2.279351515409482829e+02
5.512491150528981976e-01	1.439085603120377641e+02	1.307657214080371659e+02	2.137304071856626138e+02	2.229374447439915059e+02
5.629312695584811621e-01	1.413428547044719039e+02	1.290643284614533286e+02	2.114848769550397947e+02	2.180603921430049752e+02
5.748609940467923618e-01	1.388202419810392314e+02	1.273746152556671944e+02	2.092401639512521285e+02	2.132986014040609462e+02
5.870435350582976497e-01	1.363395376864380921e+02	1.256963262394089327e+02	2.069961174053000548e+02	2.086480095787444213e+02
5.994842503189414806e-01	1.339004671410607727e+02	1.240298264046902119e+02	2.047534446856855084e+02	2.041068899101370278e+02
6.121886110964055439e-01	1.315033579743841017e+02	1.223756320474275725e+02	2.025128886753792301e+02	1.996744654102587333e+02
6.251622046063020077e-01	1.291465249337092587e+02	1.207332905269336152e+02	2.002741444930163368e+02	1.953459453530748817e+02
6.384107364693620834e-01	1.268288950578872942e+02	1.191026870738734686e+02	1.980374097490781082e+02	1.911176624964288919e+02
6.519400332206916060e-01	1.245502146719604326e+02	1.174840454025109722e+02	1.958031115913685198e+02	1.869880157047335842e+02
6.657560448722088520e-01	1.223107945526032978e+02	1.158779332467904908e+02	1.935720912101326974e+02	1.829564808461576035e+02
6.798648475293831428e-01	1.201090188598134461e+02	1.142839124456290136e+02	1.913441990184636836e+02	1.790185195156074656e+02
6.942726460634290886e-01	1.179439164903595270e+02	1.127017870265022879e+02	1.891193647193279332e+02	1.751709563790975039e+02
7.089857768401280902e-01	1.158152542661371456e+02	1.111318942042506990e+02	1.868983117182674789e+02	1.714124144218580739e+02
7.240107105064845783e-01	1.137233229941530510e+02	1.095747212750689386e+02	1.846818071548265721e+02	1.677424391802474588e+02
7.393540548364295750e-01	1.116665789252911338e+02	1.080298021815543308e+02	1.824695684622221847e+02	1.641567219840719076e+02
7.550225576368376768e-01	1.096441423690506554e+02	1.064970354713141631e+02	1.802617875014238678e+02	1.606527374019020158e+02
7.710231097151263313e-01	1.076557985983390466e+02	1.049766324476193091e+02	1.780589317201250878e+02	1.572289425822881697e+02
7.873627479097432547e-01	1.057018204899064528e+02	1.034691692635351643e+02	1.758619820966158613e+02	1.538851216294796700e+02
8.040486581848822478e-01	1.037807337208857774e+02	1.019741295297189083e+02	1.736705960957122272e+02	1.506173917773811013e+02
8.210881787907730045e-01	1.018917420726144343e+02	1.004913964286881054e+02	1.714848967841927561e+02	1.474233440414330971e+02
8.384888034909533383e-01	1.000346479995862126e+02	9.902124354282037189e+01	1.693055235340244735e+02	1.443017830168118110e+02
8.562581848579297050e-01	9.820970648063709518e+01	9.756415098974997591e+01	1.671333028301812362e+02	1.412524546885821621e+02
8.744041376386801900e-01	9.641551183713153250e+01	9.611964794294290471e+01	1.649679838532391045e+02	1.382717835817117020e+02
8.929346421914835519e-01	9.465134340390910950e+01	9.468760867552745708e+01	1.628096735482920678e+02	1.353576030734315339e+02
9.118578479955742333e-01	9.291701958174513720e+01	9.326829570210301767e+01	1.606590105991374173e+02	1.325090589210568908e+02
9.311820772351820930e-01	9.121277771039289917e+01	9.186217482642031484e+01	1.585168250589238141e+02	1.297256328752612831e+02
9.509158284595223831e-01	8.953727964962311603e+01	9.046877897113317601e+01	1.563828921144111632e+02	1.270042957935333732e+02
9.710677803203476843e-01	8.788987305851763665e+01	8.908797417147374631e+01	1.542572753249129676e+02	1.243431077394826900e+02
9.916467953887124764e-01	8.627039072281922927e+01	8.772002174275782238e+01	1.521406483268461045e+02	1.217411291708272927e+02
1.012661924052612461e+00	8.467905398660140293e+01	8.636536507468807145e+01	1.500338328691440779e+02	1.191980984108865016e+02
1.034122408497234025e+00	8.311458964010553530e+01	8.502352030824688711e+01	1.479365520714759725e+02	1.167111876922838576e+02
1.056037686769547568e+00	8.157640751119984657e+01	8.369438541011099630e+01	1.458489312177528063e+02	1.142786690674430901e+02
1.078417396929040706e+00	8.006435384275637546e+01	8.237818259588793524e+01	1.437715939057610228e+02	1.118996609006169933e+02
1.101271381286411888e+00	7.857863394124292711e+01	8.107536702050600752e+01	1.417054158275467444e+02	1.095740713185281976e+02
1.124609690732098155e+00	7.711803855583350753e+01	7.978542853992881589e+01	1.396500516874226037e+02	1.072992033295033281e+02
1.148442589156521310e+00	7.568203369933000602e+01	7.850826454345036609e+01	1.376056200115214665e+02	1.050734784080584916e+02
1.172780557964020254e+00	7.427047738845621438e+01	7.724412334866775609e+01	1.355728178464602252e+02	1.028963307890736019e+02
1.197634300682437924e+00	7.288356014655830961e+01	7.599338860116054661e+01	1.335523940186633922e+02	1.007674637406795313e+02
1.223014747670394531e+00	7.152013477345322201e+01	7.475557788941146953e+01	1.315440549006094955e+02	9.868449730192818947e+01
1.248933060924324545e+00	7.017971775341248986e+01	7.353057428634029691e+01	1.295478791015684692e+02	9.664602101200439677e+01
1.275400638987373769e+00	6.886217843511568049e+01	7.231863233365447741e+01	1.275645768507169748e+02	9.465163573703557631e+01
1.302429121962336289e+00	6.756769297423713283e+01	7.112011180531507648e+01	1.255949013008549997e+02	9.270093270742208347e+01
1.330030396630823342e+00	6.629517423518827002e+01	6.993450825614389998e+01	1.236384644062112415e+02	9.079178578129189248e+01
1.358216601680917401e+00	6.504418437716577728e+01	6.876174709655781214e+01	1.216954409826711014e+02	8.892307452255695921e+01
1.387000133045610317e+00	6.381460325821323210e+01	6.760199758531609859e+01	1.197663537683407355e+02	8.709417684044312580e+01
1.416393649354382722e+00	6.260659263058902724e+01	6.645567867984497923e+01	1.178521183779100312e+02	8.530502271015178906e+01
1.446410077500298819e+00	6.141912446027866679e+01	6.532222435363621571e+01	1.159521882335224205e+02	8.355345034415911698e+01
1.477062618325094778e+00	6.025180160016169850e+01	6.420160011060680461e+01	1.140668089402382464e+02	8.183861831638961348e+01
1.508364752424737887e+00	5.910451352636530231e+01	6.309395048449415810e+01	1.121964575961073933e+02	8.015991206524731183e+01
1.540330246078020826e+00	5.797740882713860344e+01	6.199964967571892061e+01	1.103419768744655016e+02	7.851720566718070415e+01
1.572973157300799230e+00	5.686951603529109178e+01	6.091817458057491308e+01	1.085028760097902705e+02	7.690870770550361613e+01
1.606307842028519950e+00	5.578047472906590087e+01	5.984943024498316078e+01	1.066792506779948155e+02	7.533347502916227256e+01
1.640348960429783842e+00	5.471018327025739580e+01	5.879360299298124914e+01	1.048716919637674749e+02	7.379107672958433284e+01
1.675111483353698638e+00	5.365877759536606817e+01	5.775102114979491574e+01	1.030809337922983246e+02	7.228144175994444254e+01
1.710610698913865635e+00	5.262534114058807688e+01	5.672114609649091221e+01	1.013064354937973519e+02	7.080279454318348087e+01
1.746862219211904321e+00	5.160954627087897251e+01	5.570392506055431170e+01	9.954837611247027951e+01	6.935441742500930218e+01
1.783881987203444153e+00	5.061129931724826747e+01	5.469948589685368034e+01	9.780718334871478703e+01	6.793592089591280114e+01
1.821686283709640364e+00	4.963072477405012961e+01	5.370815407792190399e+01	9.608364109149806609e+01	6.654716779935766624e+01
1.860291734577268707e+00	4.866695863424829582e+01	5.272938283288586092e+01	9.437711609310603933e+01	6.518662419274302522e+01
1.899715317990559260e+00	4.771970269270570952e+01	5.176313269306650255e+01	9.268781764013363045e+01	6.385362597196863277e+01
1.939974371937992492e+00	4.678887054751749730e+01	5.080949528204387633e+01	9.101608984421666548e+01	6.254776735483848427e+01
1.981086601837313665e+00	4.587457572922017590e+01	4.986879273716910888e+01	8.936271439204034550e+01	6.126903941233499040e+01
2.023070088322156401e+00	4.497600526929812048e+01	4.894048117591109559e+01	8.772703142701469403e+01	6.001600543714184255e+01
2.065943295193674256e+00	4.409288698949308127e+01	4.802448549467511896e+01	8.610913228148973531e+01	5.878801705327985871e+01
2.109725077540682392e+00	4.322514101490280325e+01	4.712092947927948927e+01	8.450945694209663372e+01	5.758476556880699349e+01
2.154434690031884259e+00	4.237287089941064977e+01	4.623007672932487822e+01	8.292863471516179175e+01	5.640625095247159493e+01
2.200091795383838367e+00	4.153531262995449680e+01	4.535140980351283702e+01	8.136604480410123585e+01	5.525116710362650707e+01
2.246716473008353532e+00	4.071221711515528341e+01	4.448484352616021198e+01	7.982173061224347066e+01	5.411891871796544962e+01
2.294329227843169949e+00	3.990351030465163973e+01	4.363046704112305463e+01	7.829603164942032834e+01	5.300923339826015734e+01
2.342950999369765697e+00	3.910928678079666554e+01	4.278855682126505400e+01	7.678962717517666192e+01	5.192213574622159911e+01
2.392603170822269476e+00	3.832882941972433599e+01	4.195856117339614855e+01	7.530175544179765268e+01	5.085638322701663583e+01
2.443307578591545681e+00	3.756190951978783943e+01	4.114041737157189260e+01	7.383251012483050602e+01	4.981151115629065629e+01
2.495086521828544068e+00	3.680845820720125516e+01	4.033421011022105773e+01	7.238221269562022542e+01	4.878727241875161980e+01
2.547962772251191943e+00	3.606856199187136269e+01	3.954015081670718956e+01	7.095137253204337924e+01	4.778364527178212739e+01
2.601959584159102334e+00	3.534154873955797882e+01	3.875773629696831080e+01	6.953931826497530722e+01	4.679955238124371419e+01
2.657100704660517732e+00	3.462720760268157250e+01	3.798689142701080357e+01	6.814608454002529925e+01	4.583455305532927326e+01
2.713410384115983121e+00	3.392547429162574701e+01	3.722765934666216481e+01	6.677188243574573789e+01	4.488839835608596474e+01
2.770913386803353973e+00	3.323642807697514456e+01	3.648026022976103633e+01	6.541725236474489691e+01	4.396111315429205746e+01
2.829635001808795014e+00	3.255944003312621504e+01	3.574418943482320543e+01	6.408146986532986489e+01	4.305171658288190173e+01
2.889601054148607684e+00	3.189431482213034030e+01	3.501935647786569916e+01	6.276451138523157169e+01	4.215981266104326863e+01
2.950837916126738403e+00	3.124099204088977189e+01	3.430581154924833243e+01	6.146658946378647670e+01	4.128519945737587449e+01
3.013372518932980082e+00	3.059954473802571329e+01	3.360374747009380769e+01	6.018819682166584784e+01	4.042787485111397672e+01
3.077232364486974792e+00	2.996938536893365423e+01	3.291264367423215731e+01	5.892850607570099442e+01	3.958691146415656448e+01
3.142445537533192557e+00	2.935033189235075213e+01	3.223244187478569245e+01	5.768756733589943053e+01	3.876200020212507269e+01
3.209040717992251324e+00	2.874232730718125950e+01	3.156316624913158364e+01	5.646552214407399362e+01	3.795297143217617020e+01
3.277047193573979555e+00	2.814543918701362912e+01	3.090496919380368013e+01	5.526273743393628024e+01	3.715980892213499942e+01
3.346494872657771680e+00	2.755911978514163962e+01	3.025738756782737227e+01	5.407851744904274227e+01	3.638170241247091496e+01
3.417414297445926952e+00	2.698319827637659785e+01	2.962031152268870215e+01	5.291274578223202241e+01	3.561832589134608895e+01
3.489836657395697816e+00	2.641762048453099254e+01	2.899376667655497286e+01	5.176556976891885142e+01	3.486953123681449540e+01
3.563793802936028321e+00	2.586244935040441817e+01	2.837790533543062210e+01	5.063734914157046063e+01	3.413535135240862672e+01
3.639318259474964901e+00	2.531717541233651048e+01	2.777226214608296928e+01	4.952734230449645025e+01	3.341501585801055541e+01
3.716443241703908829e+00	2.478163707070496713e+01	2.717671904861286336e+01	4.843539407543659081e+01	3.270823494845821955e+01
3.795202668205029717e+00	2.425578247931210996e+01	2.659130959760116042e+01	4.736166198804981065e+01	3.201490138339443092e+01
3.875631176368202979e+00	2.373967065478736060e+01	2.601614913529052586e+01	4.630642419192729875e+01	3.133501570633671562e+01
3.957764137624104617e+00	2.323282911662971628e+01	2.545078245636301872e+01	4.526890466929588541e+01	3.066788088460855732e+01
4.041637673000112230e+00	2.273510358929762631e+01	2.489511736881040349e+01	4.424901923419184158e+01	3.001325595985046490e+01
4.127288669005872102e+00	2.224644399873017520e+01	2.434914052490011471e+01	4.324679003925210452e+01	2.937101726270281787e+01
4.214754793855508552e+00	2.176690615089235692e+01	2.381296847870718736e+01	4.226248591306210045e+01	2.874120362472643464e+01
4.304074514033643162e+00	2.129605342258494360e+01	2.328618343355184805e+01	4.129540602812450345e+01	2.812319654738647401e+01
4.395287111212434539e+00	2.083373698638931160e+01	2.276865710515017938e+01	4.034535420876812140e+01	2.751673427680477246e+01
4.488432699527177050e+00	2.037990819870561410e+01	2.226037719162298956e+01	3.941235046668949593e+01	2.692171032778068351e+01
4.583552243217979161e+00	1.993461974440852202e+01	2.176145608765698825e+01	3.849665225675538238e+01	2.633818464562257233e+01
4.680687574645305382e+00	1.949747048495197177e+01	2.127147422087569950e+01	3.759751413256916663e+01	2.576556133725618380e+01
4.779881412687339015e+00	1.906831501728191114e+01	2.079030915682866265e+01	3.671474589682900813e+01	2.520362400532347991e+01
4.881177381527165515e+00	1.864710567333447955e+01	2.031795267995983778e+01	3.584837782016545304e+01	2.465229044501401390e+01
4.984620029838152888e+00	1.823389231471580274e+01	1.985448248419020345e+01	3.499857358281145281e+01	2.411159365866627269e+01
5.090254850375883322e+00	1.782830890284994041e+01	1.939951651933855103e+01	3.416464375712186552e+01	2.358102858650720890e+01
5.198128299985286915e+00	1.743021150982242062e+01	1.895293443497784835e+01	3.334641068997780877e+01	2.306038266600272735e+01
5.308287820031761584e+00	1.703955312294329261e+01	1.851469565644628901e+01	3.254380777919481460e+01	2.254955674699976598e+01
5.420781857265304815e+00	1.665638051952057097e+01	1.808487182651915148e+01	3.175697636088736076e+01	2.204859374768141933e+01
5.535659885126738011e+00	1.628036315979106163e+01	1.766312863958299317e+01	3.098533413280614113e+01	2.155705470718086403e+01
5.652972425505520704e+00	1.591135641852367932e+01	1.724930731017312269e+01	3.022858530941775612e+01	2.107471721241320139e+01
5.772771070958623518e+00	1.554931371740475043e+01	1.684337566067286929e+01	2.948668197276624880e+01	2.060150586902911485e+01
5.895108507400270703e+00	1.519427809209919111e+01	1.644540982844928223e+01	2.875979104996180524e+01	2.013747505163805229e+01
6.020038537272556667e+00	1.484595552343833980e+01	1.605507948030861343e+01	2.804729388367053744e+01	1.968221967327258426e+01
6.147616103207036886e+00	1.450419837621909736e+01	1.567223535265996404e+01	2.734892272818441228e+01	1.923553757708003431e+01
6.277897312187818990e+00	1.416896025713115392e+01	1.529683640546231516e+01	2.666460723065686267e+01	1.879735299521381364e+01
6.410939460226692255e+00	1.384027945412388583e+01	1.492892788279932148e+01	2.599442836757646447e+01	1.836769463816862924e+01
6.546801057561175696e+00	1.351790021113099627e+01	1.456823719442572518e+01	2.533789108927503975e+01	1.794622937647217142e+01
6.685541854386596761e+00	1.320166933570741286e+01	1.421459888001004934e+01	2.469468814964463732e+01	1.753275495858551736e+01
6.827222867133428963e+00	1.289154048575974798e+01	1.386795341380450353e+01	2.406469404573823212e+01	1.712718847376897813e+01
6.971906405301561804e+00	1.258754547875567376e+01	1.352835577643839393e+01	2.344802392642694855e+01	1.672957903694689463e+01
7.119656098863218929e+00	1.228946966730316603e+01	1.319556658815126227e+01	2.284422940646546252e+01	1.633964826414793947e+01
7.270536926246596643e+00	1.199715137140606558e+01	1.286939350488462175e+01	2.225293682870147194e+01	1.595716768910615535e+01
7.424615242912579127e+00	1.171054426971152473e+01	1.254979509153866424e+01	2.167407517129964134e+01	1.558207748787005187e+01
7.581958810536977289e+00	1.142967124661519840e+01	1.223680131016192085e+01	2.110769945015974969e+01	1.521440398984372067e+01
7.742636826811277295e+00	1.115436279928857921e+01	1.193020684081985117e+01	2.055340516989484811e+01	1.485391663690837127e+01
7.906719955874896399e+00	1.088444535723783346e+01	1.162982392237534945e+01	2.001084606135108501e+01	1.450039781711365272e+01
8.074280359392364659e+00	1.061987275558245614e+01	1.133560167803225838e+01	1.947992427475207577e+01	1.415378702066185035e+01
8.245391728289099831e+00	1.036065565744256567e+01	1.104754363892880953e+01	1.896062906358525879e+01	1.381409406628957193e+01
8.420129315159766037e+00	1.010667503726436323e+01	1.076551762356113429e+01	1.845271149178338277e+01	1.348116850290562851e+01
8.598569967363353328e+00	9.857741656447952749e+00	1.048930652616468251e+01	1.795576273665579947e+01	1.315476253754236424e+01
8.780792160819700598e+00	9.613809381684882638e+00	1.021884963450257899e+01	1.746965454935117279e+01	1.283480839182092303e+01
8.966876034522190508e+00	9.374872765757389814e+00	9.954140313570084331e+00	1.699436752065897593e+01	1.252130384748617153e+01
9.156903425781846906e+00	9.140870083348048070e+00	9.695108929488883476e+00	1.652976635092486291e+01	1.221417903076177325e+01
9.350957906218383187e+00	8.911591962454277649e+00	9.441509103142868398e+00	1.607537934065811314e+01	1.191315743513012926e+01
9.549124818513869073e+00	8.686992376187577136e+00	9.193286732536964934e+00	1.563109700166402760e+01	1.161818320157231810e+01
9.751491313945386707e+00	8.467049445101615390e+00	8.950412042402067669e+00	1.519685552004898632e+01	1.132922678553747708e+01
9.958146390713055851e+00	8.251753249925597444e+00	8.712868272134201675e+00	1.477261379102043115e+01	1.104627612427215055e+01
1.016918093308028581e+01	8.040883241238022450e+00	8.480401073875819762e+00	1.435789001470948456e+01	1.076904422986712184e+01
1.038468775134352740e+01	7.834388910945372153e+00	8.252949483415937593e+00	1.395256130624699509e+01	1.049747527197281016e+01
1.060476162264905220e+01	7.632239952467417154e+00	8.030474206556332817e+00	1.355654386052605176e+01	1.023153650395878067e+01
1.082949933267470577e+01	7.434446280326611145e+00	7.812982384129088409e+00	1.316984210198580385e+01	9.971238695290926657e+00
1.105899971819510696e+01	7.240812858469022117e+00	7.600247967917603376e+00	1.279202961354832446e+01	9.716325654580893811e+00
1.129336371054865928e+01	7.051270568680745754e+00	7.392183752592105250e+00	1.242293108115030087e+01	9.466710994314816219e+00
1.153269438002595848e+01	6.865784047727129469e+00	7.188748268723215595e+00	1.206246361862753069e+01	9.222354344768639578e+00
1.177709698119876869e+01	6.684363573542416503e+00	6.989951884923480740e+00	1.171063667568677324e+01	8.983279571579604550e+00
1.202667899920963279e+01	6.506865147991738318e+00	6.795620304343080065e+00	1.136711362350260224e+01	8.749295322108304518e+00
1.228155019704247053e+01	6.333190302676270811e+00	6.605639072180299998e+00	1.103167827788411159e+01	8.520274718647174339e+00
1.254182266379493349e+01	6.163300644914962767e+00	6.419965250083770947e+00	1.070424793437629418e+01	8.296170737157112285e+00
1.280761086397376225e+01	5.997189744209740603e+00	6.238582520642628637e+00	1.038477662601105855e+01	8.076976232059863037e+00
1.307903168783481007e+01	5.834789300332061224e+00	6.061408225161503793e+00	1.007310061377016908e+01	7.862610558611431877e+00
1.335620450278989146e+01	5.675960593656833808e+00	5.888285310736705469e+00	9.768927592509124125e+00	7.652896083857606335e+00
1.363925120590300821e+01	5.520663661745348172e+00	5.719165592323083303e+00	9.472162825199005098e+00	7.447778104915651731e+00
1.392829627749924271e+01	5.368870751214407377e+00	5.554008291191139257e+00	9.182717073997631374e+00	7.247219489777257273e+00
1.422346683590943783e+01	5.220578528495937398e+00	5.392806271883887170e+00	8.900567748468796836e+00	7.051222806924074327e+00
1.452489269337533528e+01	5.075633101066245878e+00	5.235388574493927472e+00	8.625400497540242739e+00	6.859595033464448655e+00
1.483270641313931115e+01	4.933981479427319350e+00	5.081690647879708145e+00	8.357088537940127182e+00	6.672264651229933285e+00
1.514704336774399174e+01	4.795588802790151206e+00	4.931666354654742790e+00	8.095536394828611648e+00	6.489185972899918831e+00
1.546804179856737527e+01	4.660450479313128724e+00	4.785306476136339526e+00	7.840717388352081763e+00	6.310354785785238008e+00
1.579584287661962527e+01	4.528479143256668671e+00	4.642512299182810942e+00	7.592446122504475703e+00	6.135660504538547499e+00
1.613059076462826624e+01	4.399577756642878867e+00	4.503172147998912855e+00	7.350511995795795173e+00	5.964979304312246988e+00
1.647243268043913034e+01	4.273708583496006241e+00	4.367241583894527324e+00	7.114829313593995508e+00	5.798262640173255988e+00
1.682151896176083383e+01	4.150842328802455405e+00	4.234683207760395085e+00	6.885320184429026824e+00	5.635471115710581458e+00
1.717800313228151410e+01	4.030971813685763294e+00	4.105485736038688493e+00	6.661955439051421735e+00	5.476595964909390268e+00
1.754204196918641045e+01	3.913973795220735408e+00	3.979509438610397964e+00	6.444475615815565384e+00	5.321479058453895128e+00
1.791379557210657580e+01	3.799796039000404857e+00	3.856694554639074735e+00	6.232766366631174115e+00	5.170056254133328366e+00
1.829342743352862044e+01	3.688402822715320717e+00	3.736998930163320853e+00	6.026745502356576800e+00	5.022279718700215057e+00
1.868110451069663469e+01	3.579769914826103960e+00	3.620393326633054354e+00	5.826353098446149126e+00	4.878118220993311382e+00
1.907699729903783492e+01	3.473871843514955149e+00	3.506844782932724947e+00	5.631520106299245931e+00	4.737535457331003563e+00
1.948127990714428748e+01	3.370595694535912124e+00	3.396227081208989418e+00	5.442013675623424973e+00	4.600388512324795620e+00
1.989413013334363711e+01	3.269903226664160556e+00	3.288496071671672905e+00	5.257748075455404901e+00	4.466628695186899201e+00
2.031572954389253738e+01	3.171759542662196729e+00	3.183611459980010494e+00	5.078644946601788668e+00	4.336209020771273792e+00
2.074626355282718393e+01	3.076131597743526847e+00	3.081533877175107072e+00	4.904627232198058628e+00	4.209084036145874563e+00
2.118592150350598402e+01	2.983014922928938883e+00	2.982253616331931312e+00	4.735665684547005760e+00	4.085249264781687373e+00
2.163489675188052530e+01	2.892285752875732641e+00	2.885635847966424805e+00	4.571518173638179583e+00	3.964545488602709611e+00
2.209338675153079734e+01	2.803915762581251414e+00	2.791646673187006211e+00	4.412116009749707857e+00	3.846936709107803942e+00
2.256159314050291798e+01	2.717869820957830473e+00	2.700245348419115565e+00	4.257380106833763556e+00	3.732375910175551592e+00
2.303972182998693796e+01	2.634117610252805886e+00	2.611395699925168401e+00	4.107238684937239093e+00	3.620821298844057345e+00
2.352798309487394945e+01	2.552640916980768893e+00	2.525074311928853010e+00	3.961641544173316376e+00	3.512248299492332304e+00
2.402659166623228870e+01	2.473354567138556170e+00	2.441186480554998095e+00	3.820414364717551248e+00	3.406547087369270699e+00
2.453576682574353285e+01	2.396214734389673584e+00	2.359683258227593949e+00	3.683464597343882208e+00	3.303662009242177788e+00
2.505573250213976877e+01	2.321186062390561133e+00	2.280524049101954276e+00	3.550714068009038105e+00	3.203545269838579124e+00
2.558671736968459953e+01	2.248234575348181608e+00	2.203669208831701365e+00	3.422085593044097429e+00	3.106151523556740734e+00
2.612895494874115698e+01	2.177325163638313299e+00	2.129077793015609288e+00	3.297499870374629438e+00	3.011434357351076674e+00
2.668268370847132687e+01	2.108448852657958561e+00	2.056736181575243183e+00	3.176922334945505355e+00	2.919383136856567695e+00
2.724814717171165412e+01	2.041513072557411324e+00	1.986543530959466564e+00	3.060172546817795158e+00	2.829877667685045672e+00
2.782559402207125743e+01	1.976488330975984864e+00	1.918465046570602350e+00	2.947181271330431951e+00	2.742879670842604423e+00
2.841527821329990999e+01	1.913340082084266314e+00	1.852460366427695293e+00	2.837870243344407850e+00	2.658342219434757681e+00
2.901745908097360527e+01	1.852034290489589452e+00	1.788489823929660050e+00	2.732162508317132144e+00	2.576220171399873582e+00
2.963240145654703639e+01	1.792538203040205724e+00	1.726516059980177653e+00	2.629986355513792784e+00	2.496471193779236764e+00
3.026037578382308624e+01	1.734825368692441305e+00	1.666507518289688017e+00	2.531278910580310626e+00	2.419061176278753944e+00
3.090165823789054755e+01	1.678853153338878412e+00	1.608415445581617753e+00	2.435947705644980310e+00	2.343934579722903866e+00
3.155653084658241525e+01	1.624571354906015896e+00	1.552182789194459733e+00	2.343886039258668674e+00	2.271026062554260871e+00
3.222528161450811979e+01	1.571946656309263890e+00	1.497770626754313827e+00	2.255018622708966358e+00	2.200292238604526052e+00
3.290820464971425707e+01	1.520945963081623775e+00	1.445140257886892821e+00	2.169270854746612187e+00	2.131689949903418313e+00
3.360560029302952501e+01	1.471536432121403282e+00	1.394253518794282609e+00	2.086569461160319605e+00	2.065176343883001309e+00
3.431777525015100849e+01	1.423685446290110290e+00	1.345072387298190009e+00	2.006841511908056042e+00	2.000708810622985556e+00
3.504504272652905428e+01	1.377360747007485564e+00	1.297559010697768800e+00	1.930013936656392204e+00	1.938245690644823549e+00
3.578772256511129513e+01	1.332530504517901448e+00	1.251676131963943117e+00	1.856014932478674995e+00	1.877746015020545611e+00
3.654614138700539883e+01	1.289163894153284140e+00	1.207387623998681603e+00	1.784774967606144180e+00	1.819170304682318884e+00
3.732063273512289925e+01	1.247231200069560453e+00	1.164658583557623750e+00	1.716226697204155993e+00	1.762480663206995590e+00
3.811153722086707774e+01	1.206692530023950161e+00	1.123443468318431115e+00	1.650285166270749615e+00	1.707626080815031200e+00
3.891920267392951160e+01	1.167516923626167547e+00	1.083705305472058233e+00	1.586879011943756357e+00	1.654566156526663390e+00
3.974398429526115706e+01	1.129674476053989629e+00	1.045408378482160394e+00	1.525939630417356474e+00	1.603262086194107372e+00
4.058624481328516254e+01	1.093135673951894482e+00	1.008517713173988861e+00	1.467400005161190180e+00	1.553676048333724191e+00
4.144635464342010778e+01	1.057871423472250383e+00	9.729990261266937557e-01	1.411194762065166142e+00	1.505770949779089651e+00
4.232469205098434628e+01	1.023853078774815684e+00	9.388183111075740772e-01	1.357258839184095400e+00	1.459510314205359149e+00
4.322164331755172384e+01	9.910524694890335828e-01	9.059419864212183704e-01	1.305527942605126279e+00	1.414858444313440655e+00
4.413760291083362119e+01	9.594419255778677824e-01	8.743371170294499395e-01	1.255939274793872240e+00	1.371780387201033458e+00
4.507297365816076251e+01	9.289942976709962830e-01	8.439713434493355537e-01	1.208431166910388210e+00	1.330241907266298984e+00
4.602816692364147144e+01	8.996829713436604870e-01	8.148129814470247423e-01	1.162943403708059265e+00	1.290209520891788975e+00
4.700360278907441369e+01	8.714818739918395174e-01	7.868306446510134888e-01	1.119416065533840987e+00	1.251650145095017042e+00
4.799971023869517950e+01	8.443654741432385924e-01	7.599937104424120404e-01	1.077790906004922222e+00	1.214531732756949367e+00
4.901692734783804895e+01	8.183087733576811518e-01	7.342722309419573712e-01	1.038011153812106402e+00	1.178823074120975534e+00
5.005570147559598126e+01	7.932872916503762584e-01	7.096365984061858700e-01	1.000020554550328677e+00	1.144493422250450365e+00
5.111648946156338980e+01	7.692784778671335477e-01	6.860593316462689772e-01	9.637665671607261730e-01	1.111514746351265348e+00
5.219975782674825382e+01	7.462680844043534378e-01	6.635217518804857884e-01	9.292115348332330438e-01	1.079870102576337310e+00
5.330598297874255564e+01	7.242312822987452270e-01	6.419941761582725892e-01	8.962999109978452283e-01	1.049528520374301888e+00
5.443565142123959077e+01	7.031452401985321954e-01	6.214488446610734185e-01	8.649792250456781462e-01	1.020461700074578593e+00
5.558925996799251124e+01	6.829881224490386149e-01	6.018593429066512179e-01	8.351997334919569749e-01	9.926427426315063141e-01
5.676731596130657209e+01	6.637385736591849827e-01	5.831997106433098876e-01	8.069125927480065297e-01	9.660453925836900435e-01
5.797033749516177181e+01	6.453755993121729206e-01	5.654442228947061944e-01	7.800693131337521624e-01	9.406436909312834160e-01
5.919885364306400533e+01	6.278931629572374051e-01	5.485827831189000747e-01	7.546471515069111957e-01	9.164317255006257934e-01
6.045340469072480261e+01	6.112841323399516025e-01	5.326042715509878844e-01	7.306218801820429931e-01	8.934023222613248771e-01
6.173454237367209885e+01	5.955195419490062481e-01	5.174749619536704870e-01	7.079326871772821939e-01	8.715190448353766772e-01
6.304283011989645757e+01	5.805775679012523671e-01	5.031685536916775670e-01	6.865310195986148445e-01	8.507550851597864838e-01
6.437884329763940627e+01	5.664667828545529860e-01	4.896902051422559743e-01	6.664194287692217777e-01	8.311243283838160023e-01
6.574316946843353549e+01	5.531780771847973899e-01	4.770266801700360770e-01	6.475705394711817053e-01	8.126170474908653851e-01
6.713640864550379206e+01	5.406784849482533239e-01	4.651402181862243634e-01	6.299176920950054770e-01	7.951914906477411948e-01
6.855917355764610477e+01	5.289906693680718197e-01	4.540503881284119747e-01	6.134867464597392184e-01	7.788805644063523381e-01
7.001208991869765441e+01	5.180975780517395046e-01	4.437356389669891432e-01	5.982370296296047885e-01	7.636639049894525799e-01
7.149579670271769771e+01	5.079881334814988492e-01	4.341808530239744668e-01	5.841387414664730438e-01	7.495293173045335378e-01
7.301094642500031284e+01	4.986862196917390411e-01	4.254066478307165777e-01	5.712191719227217579e-01	7.365116453315957434e-01
7.455820542904223203e+01	4.901680577980808695e-01	4.173846730259475057e-01	5.594271580166311209e-01	7.245816482071205655e-01
7.613825417959219521e+01	4.824639615520688318e-01	4.101418518965115334e-01	5.487997585992681060e-01	7.137829105563570087e-01
7.775178756191070306e+01	4.755702950628700187e-01	4.036703479097468183e-01	5.393185468566026319e-01	7.041134481550347379e-01
7.939951518737163383e+01	4.694951466228390879e-01	3.979741508736469591e-01	5.309837334939535580e-01	6.955871464028992035e-01
8.108216170554010205e+01	4.642829322589562824e-01	3.930941947709964968e-01	5.238542327444871693e-01	6.882669077084188070e-01
8.280046712286477373e+01	4.599326622679799081e-01	3.890249059006586907e-01	5.179146554864205720e-01	6.821545652404225057e-01
8.455518712812224180e+01	4.564756599453436148e-01	3.857934821150996729e-01	5.132014946536623823e-01	6.772956412128752213e-01
8.634709342475994731e+01	4.539533776272909882e-01	3.834372314455337660e-01	5.097670079239476904e-01	6.737494292588861455e-01
8.817697407028136070e+01	4.524114519724560801e-01	3.819974965014179547e-01	5.076694825660132970e-01	6.715810575479173039e-01
9.004563382282356088e+01	4.519019556052755737e-01	3.815218965144774321e-01	5.069767898189183608e-01	6.708644708701515524e-01
9.195389449507966617e+01	4.524873467492663281e-01	3.820683478952968670e-01	5.077726837878558941e-01	6.716877963517340344e-01
9.390259531572145590e+01	4.542444265449390173e-01	3.837090531608031707e-01	5.101631139090574418e-01	6.741586793801813693e-01
9.589259329848152902e+01	4.572642971253075284e-01	3.865304659933977427e-01	5.142761236028773331e-01	6.784042305951588636e-01
9.792476361905691817e+01	4.616511446100322602e-01	3.906320276910244527e-01	5.202598778369702526e-01	6.845693835689049545e-01
