# Data associated with arXiv:2208.14002
# 
# Scale-free gravitational potential, Phi(r), of a nfw0-9rhos8e6 dark matter distribution (see Eq. 2.8 and the surrounding discussion)
# 
# Published: 8/25/22, Jack Runburg and Kenny Kiriu, contact: runburg@hawaii.edu
# 
# 
# -----------------------------------------------------------------
# 
# 	 tilde r 		 | 		 tilde Phi
# 
# -----------------------------------------------------------------
1.000000000000000082e-05	1.368946620424845740e-06
1.016902569856036418e-05	1.394420332386403939e-06
1.034090836579813217e-05	1.420368064666615536e-06
1.051569629182590727e-05	1.446798637828209431e-06
1.069343858298338107e-05	1.473721036562959315e-06
1.087418517563349352e-05	1.501144412745557630e-06
1.105798685019213608e-05	1.529078088544358883e-06
1.124489524539464294e-05	1.557531559589945890e-06
1.143496287280373749e-05	1.586514498202695032e-06
1.162824313156251011e-05	1.616036756680360787e-06
1.182479032339672186e-05	1.646108370646820065e-06
1.202465966787094358e-05	1.676739562463157315e-06
1.222790731790219642e-05	1.707940744702157469e-06
1.243459037553620304e-05	1.739722523687499067e-06
1.264476690798990365e-05	1.772095703098732830e-06
1.285849596396550032e-05	1.805071287643385487e-06
1.307583759024001738e-05	1.838660486797344185e-06
1.329685284853523648e-05	1.872874718614826782e-06
1.352160383267306994e-05	1.907725613609274629e-06
1.375015368602047702e-05	1.943225018706384183e-06
1.398256661922970337e-05	1.979385001270750868e-06
1.421890792827791775e-05	2.016217853207355073e-06
1.445924401281218556e-05	2.053736095139414941e-06
1.470364239480425140e-05	2.091952480663925638e-06
1.495217173752060936e-05	2.130880000686362318e-06
1.520490186481353606e-05	2.170531887836073145e-06
1.546190378073772831e-05	2.210921620963746836e-06
1.572324968949899453e-05	2.252062929722620849e-06
1.598901301573965207e-05	2.293969799234843914e-06
1.625926842516730133e-05	2.336656474844725929e-06
1.653409184553174079e-05	2.380137466960331700e-06
1.681356048795696318e-05	2.424427555985224397e-06
1.709775286863338809e-05	2.469541797341904138e-06
1.738674883087671066e-05	2.515495526588690826e-06
1.768062956756000055e-05	2.562304364631862190e-06
1.797947764392438726e-05	2.609984223034659366e-06
1.828337702077590442e-05	2.658551309425151806e-06
1.859241307807381921e-05	2.708022133004608157e-06
1.890667263891824960e-05	2.758413510158428423e-06
1.922624399394281931e-05	2.809742570171390358e-06
1.955121692611963820e-05	2.862026761049215436e-06
1.988168273598394005e-05	2.915283855448494467e-06
2.021773426728446277e-05	2.969531956716821527e-06
2.055946593306806188e-05	3.024789505045397763e-06
2.090697374220454717e-05	3.081075283735976599e-06
2.126035532636048084e-05	3.138408425584487734e-06
2.161970996742848953e-05	3.196808419383341045e-06
2.198513862542019826e-05	3.256295116544683822e-06
2.235674396683105304e-05	3.316888737846930531e-06
2.273463039348393747e-05	3.378609880306682663e-06
2.311890407186101566e-05	3.441479524178590382e-06
2.350967296293065580e-05	3.505519040085303601e-06
2.390704685247916156e-05	3.570750196280157357e-06
2.431113738195477895e-05	3.637195166044882290e-06
2.472205807983296721e-05	3.704876535224906726e-06
2.513992439351238667e-05	3.773817309904912170e-06
2.556485372174920653e-05	3.844040924227028301e-06
2.599696544764047972e-05	3.915571248354588462e-06
2.643638097216418787e-05	3.988432596583875779e-06
2.688322374828698802e-05	4.062649735606880860e-06
2.733761931564792142e-05	4.138247892927655361e-06
2.779969533582839453e-05	4.215252765435217149e-06
2.826958162821882354e-05	4.293690528135985652e-06
2.874741020649071774e-05	4.373587843048519729e-06
2.923331531568612113e-05	4.454971868263825069e-06
2.972743346993304866e-05	4.537870267174033115e-06
3.022990349079926684e-05	4.622311217872869269e-06
3.074086654629380722e-05	4.708323422730867390e-06
3.126046619052763072e-05	4.795936118148657720e-06
3.178884840404535552e-05	4.885179084491777356e-06
3.232616163483768439e-05	4.976082656210075467e-06
3.287255684004812447e-05	5.068677732145509640e-06
3.342818752838356790e-05	5.162995786031464007e-06
3.399320980324275641e-05	5.259068877187506669e-06
3.456778240657304527e-05	5.356929661412934736e-06
3.515206676346841592e-05	5.456611402082903402e-06
3.574622702752206616e-05	5.558147981451045546e-06
3.635043012694450139e-05	5.661573912162106385e-06
3.696484581146223093e-05	5.766924348978865601e-06
3.758964670000808795e-05	5.874235100726957845e-06
3.822500832921870388e-05	5.983542642462013134e-06
3.887110920275097572e-05	6.094884127862933868e-06
3.952813084143210176e-05	6.208297401855641893e-06
4.019625783425803943e-05	6.323821013471709484e-06
4.087567789025284005e-05	6.441494228945909534e-06
4.156658189120576708e-05	6.561357045057541820e-06
4.226916394529853092e-05	6.683450202719624826e-06
4.298362144164019741e-05	6.807815200820992125e-06
4.371015510572303796e-05	6.934494310325643679e-06
4.444896905581571312e-05	7.063530588634267380e-06
4.520027086031053377e-05	7.194967894212961384e-06
4.596427159603870473e-05	7.328850901493732881e-06
4.674118590757267352e-05	7.465225116052315465e-06
4.753123206752940771e-05	7.604136890067940040e-06
4.833463203789430644e-05	7.745633438070804720e-06
4.915161153238073493e-05	7.889762852982182736e-06
4.998240007984356624e-05	8.036574122452746940e-06
5.082723108876559525e-05	8.186117145504879180e-06
5.168634191283236288e-05	8.338442749484090797e-06
5.255997391761710167e-05	8.493602707325946809e-06
5.344837254839108326e-05	8.651649755143686919e-06
5.435178739908172257e-05	8.812637610143126516e-06
5.527047228239525742e-05	8.976620988870439921e-06
5.620468530112457639e-05	9.143655625799175247e-06
5.715468892066349253e-05	9.313798292263024726e-06
5.812075004274504757e-05	9.487106815740272943e-06
5.910314008042789533e-05	9.663640099497053317e-06
6.010213503434844385e-05	9.843458142595475871e-06
6.111801557026345553e-05	1.002662206027397687e-05
6.215106709790228898e-05	1.021319410470634469e-05
6.320157985115178797e-05	1.040323768614661664e-05
6.426984896959787321e-05	1.059681739446726500e-05
6.535617458144342038e-05	1.079399902109739953e-05
6.646086188782971240e-05	1.099484958136912121e-05
6.758422124858115099e-05	1.119943733727888824e-05
6.872656826940111863e-05	1.140783182067228506e-05
6.988822389054047174e-05	1.162010385685951603e-05
7.106951447696465861e-05	1.183632558866980288e-05
7.227077191004629639e-05	1.205657050095313064e-05
7.349233368080552791e-05	1.228091344553699261e-05
7.473454298472863809e-05	1.250943066664739585e-05
7.599774881818697982e-05	1.274219982680187228e-05
7.728230607648789517e-05	1.297930003318412970e-05
7.858857565358148443e-05	1.322081186450858437e-05
7.991692454345255051e-05	1.346681739838411946e-05
8.126772594322802224e-05	1.371740023918667152e-05
8.264135935802465773e-05	1.397264554644931339e-05
8.403821070757165439e-05	1.423264006378040286e-05
8.545867243463269578e-05	1.449747214831858421e-05
8.690314361526321394e-05	1.476723180073559135e-05
8.837203007092955202e-05	1.504201069579623604e-05
8.986574448252320402e-05	1.532190221348620632e-05
9.138470650630395851e-05	1.560700147071857137e-05
9.292934289180014931e-05	1.589740535362890489e-05
9.450008760170456993e-05	1.619321255047094632e-05
9.609738193379394305e-05	1.649452358512289147e-05
9.772167464491231779e-05	1.680144085121676573e-05
9.937342207704681467e-05	1.711406864690121865e-05
1.010530882855375953e-04	1.743251321025074697e-05
1.027611451694522251e-04	1.775688275533219827e-05
1.044980726041651943e-04	1.808728750894153856e-05
1.062643585761784858e-04	1.842383974802306755e-05
1.080604993202192510e-04	1.876665383778336357e-05
1.098869994586575572e-04	1.911584627051373091e-05
1.117443721432778697e-04	1.947153570513320109e-05
1.136331391994486811e-04	1.983384300746633864e-05
1.155538312727281931e-04	2.020289129126897362e-05
1.175069879779481330e-04	2.057880596001591812e-05
1.194931580508180820e-04	2.096171474946484619e-05
1.215128995020904455e-04	2.135174777101030651e-05
1.235667797743341897e-04	2.174903755584338860e-05
1.256553759013554958e-04	2.215371909993086645e-05
1.277792746703147969e-04	2.256592990982991630e-05
1.299390727865835948e-04	2.298581004935346234e-05
1.321353770413874452e-04	2.341350218710192512e-05
1.343688044822834680e-04	2.384915164487770719e-05
1.366399825865173903e-04	2.429290644699813668e-05
1.389495494373137348e-04	2.474491737052457528e-05
1.412981539031428761e-04	2.520533799642342507e-05
1.436864558200198782e-04	2.567432476167727263e-05
1.461151261768842277e-04	2.615203701236327685e-05
1.485848473041125864e-04	2.663863705771681207e-05
1.510963130652191798e-04	2.713429022519888247e-05
1.536502290517936125e-04	2.763916491658508526e-05
1.562473127817378576e-04	2.815343266509645831e-05
1.588882939008491742e-04	2.867726819358972211e-05
1.615739143878149021e-04	2.921084947382836277e-05
1.643049287626683534e-04	2.975435778685289279e-05
1.670821042987704773e-04	3.030797778447190245e-05
1.699062212383743503e-04	3.087189755189409843e-05
1.727780730118311508e-04	3.144630867152206849e-05
1.756984664605053779e-04	3.203140628793055050e-05
1.786682220634525510e-04	3.262738917404921967e-05
1.816881741679340619e-04	3.323445979857440533e-05
1.847591712238235014e-04	3.385282439463055068e-05
1.878820760219775598e-04	3.448269302970584041e-05
1.910577659366365815e-04	3.512427967688521178e-05
1.942871331719188508e-04	3.577780228740398498e-05
1.975710850124866975e-04	3.644348286454830965e-05
2.009105440784431595e-04	3.712154753892490461e-05
2.043064485845435532e-04	3.781222664512803606e-05
2.077597526037827484e-04	3.851575479982717999e-05
2.112714263354412516e-04	3.923237098130331435e-05
2.148424563776607336e-04	3.996231861045985480e-05
2.184738460046266035e-04	4.070584563333552904e-05
2.221666154484372088e-04	4.146320460514741951e-05
2.259218021857336319e-04	4.223465277589132701e-05
2.297404612291798821e-04	4.302045217753001612e-05
2.336236654238643619e-04	4.382086971279670505e-05
2.375725057487147664e-04	4.463617724564510622e-05
2.415880916230062926e-04	4.546665169337571119e-05
2.456715512180506823e-04	4.631257512046941610e-05
2.498240317741551374e-04	4.717423483416032269e-05
2.540466999229345113e-04	4.805192348177879066e-05
2.583407420150777146e-04	4.894593914989932081e-05
2.627073644536481322e-04	4.985658546532429735e-05
2.671477940330213769e-04	5.078417169793925285e-05
2.716632782835508839e-04	5.172901286547336111e-05
2.762550858220584886e-04	5.269142984020027233e-05
2.809245067082517420e-04	5.367174945761582169e-05
2.856728528071605542e-04	5.467030462712742066e-05
2.905014581577071149e-04	5.568743444479489450e-05
2.954116793474984839e-04	5.672348430815746701e-05
3.004048958939589458e-04	5.777880603318786851e-05
3.054825106319022541e-04	5.885375797341141281e-05
3.106459501076553839e-04	5.994870514123036830e-05
3.158966649798455200e-04	6.106401933149454534e-05
3.212361304269563162e-04	6.220007924735801875e-05
3.266658465617811426e-04	6.335727062846708830e-05
3.321873388528732334e-04	6.453598638151843386e-05
3.378021585531251671e-04	6.573662671323485165e-05
3.435118831355896260e-04	6.695959926580040151e-05
3.493181167366675791e-04	6.820531925480166039e-05
3.552224906067888996e-04	6.947420960972105217e-05
3.612266635687054364e-04	7.076670111702769558e-05
3.673323224835388411e-04	7.208323256591678177e-05
3.735411827246973185e-04	7.342425089674223205e-05
3.798549886598084251e-04	7.479021135219524681e-05
3.862755141407951480e-04	7.618157763127780552e-05
3.928045630022363724e-04	7.759882204612256348e-05
3.994439695681523583e-04	7.904242568171232519e-05
4.061955991673505371e-04	8.051287855855021472e-05
4.130613486574917070e-04	8.201067979833833084e-05
4.200431469580040238e-04	8.353633779271596644e-05
4.271429555920115370e-04	8.509037037511691509e-05
4.343627692374198417e-04	8.667330499580117237e-05
4.417046162873167637e-04	8.828567890012018892e-05
4.491705594198478857e-04	8.992803931007496742e-05
4.567626961777168084e-04	9.160094360922571316e-05
4.644831595574927248e-04	9.330495953101855099e-05
4.723341186088662533e-04	9.504066535058652745e-05
4.803177790440425624e-04	9.680865008009321645e-05
4.884363838574312710e-04	9.860951366768125651e-05
4.966922139558113680e-04	1.004438672000925928e-04
5.050875887991499369e-04	1.023123331090284173e-04
5.136248670522445235e-04	1.042155453813144411e-04
5.223064472473935762e-04	1.061541497729465546e-04
5.311347684582509721e-04	1.081288040270806511e-04
5.401123109850867847e-04	1.101401780960462241e-04
5.492415970516181150e-04	1.121889543674510243e-04
5.585251915136241153e-04	1.142758278944555183e-04
5.679657025795404723e-04	1.164015066302926489e-04
5.775657825432239500e-04	1.185667116671076666e-04
5.873281285291183634e-04	1.207721774792026279e-04
5.972554832499969713e-04	1.230186521707583359e-04
6.073506357775315233e-04	1.253068977281241749e-04
6.176164223258701069e-04	1.276376902767504705e-04
6.280557270484683893e-04	1.300118203428548972e-04
6.386714828483902292e-04	1.324300931199062672e-04
6.494666722022935214e-04	1.348933287400115285e-04
6.604443279983617009e-04	1.374023625503019105e-04
6.716075343883770371e-04	1.399580453943996420e-04
6.829594276542177208e-04	1.425612438990682927e-04
6.945031970889825731e-04	1.452128407661317151e-04
7.062420858930204982e-04	1.479137350697638245e-04
7.181793920851009278e-04	1.506648425592438162e-04
7.303184694289851413e-04	1.534670959672772153e-04
7.426627283756636558e-04	1.563214453239841328e-04
7.552156370215079703e-04	1.592288582766551513e-04
7.679807220826359018e-04	1.621903204153851328e-04
7.809615698857278474e-04	1.652068356046844486e-04
7.941618273756021005e-04	1.682794263211820167e-04
8.075852031398165869e-04	1.714091339975274818e-04
8.212354684505887787e-04	1.745970193726057015e-04
8.351164583243314002e-04	1.778441628481787625e-04
8.492320725990840828e-04	1.811516648520681758e-04
8.635862770301777234e-04	1.845206462080035590e-04
8.781831044043956558e-04	1.879522485122478274e-04
8.930266556729828109e-04	1.914476345171306764e-04
9.081211011037989590e-04	1.950079885216098627e-04
9.234706814529467173e-04	1.986345167689888434e-04
9.390797091562086895e-04	2.023284478519216903e-04
9.549525695406079406e-04	2.060910331248307211e-04
9.710937220564705170e-04	2.099235471238807492e-04
9.875077015302894702e-04	2.138272879946349870e-04
1.004199119438780371e-03	2.178035779275392953e-04
1.021172665204465608e-03	2.218537636013712805e-04
1.038433107513160114e-03	2.259792166347996572e-04
1.055985295653722377e-03	2.301813340461980216e-04
1.073834160880457900e-03	2.344615387218642276e-04
1.091984717798539194e-03	2.388212798927917058e-04
1.110442065772854507e-03	2.432620336201510726e-04
1.129211390360662605e-03	2.477853032896357968e-04
1.148297964768467102e-03	2.523926201148308959e-04
1.167707151333511727e-03	2.570855436497664222e-04
1.187444403030319794e-03	2.618656623108204053e-04
1.207515265002700490e-03	2.667345939081404113e-04
1.227925376121640280e-03	2.716939861867483552e-04
1.248680470569537605e-03	2.767455173775084103e-04
1.269786379451208914e-03	2.818908967581287730e-04
1.291249032432127903e-03	2.871318652243805172e-04
1.313074459404352896e-03	2.924701958717117775e-04
1.335268792180613557e-03	2.979076945874440719e-04
1.357838266217031810e-03	3.034462006537413654e-04
1.380789222364966172e-03	3.090875873615398753e-04
1.404128108652453718e-03	3.148337626356334496e-04
1.427861482095777682e-03	3.206866696711176980e-04
1.451996010541646868e-03	3.266482875813873812e-04
1.476538474540514635e-03	3.327206320578969599e-04
1.501495769251562883e-03	3.389057560418909528e-04
1.526874906379880551e-03	3.452057504083147640e-04
1.552683016146397385e-03	3.516227446621243377e-04
1.578927349291094897e-03	3.581589076472086624e-04
1.605615279110095620e-03	3.648164482681542161e-04
1.632754303527175332e-03	3.715976162250727460e-04
1.660352047200289172e-03	3.785047027617233196e-04
1.688416263663707062e-03	3.855400414271650008e-04
1.716954837506350865e-03	3.927060088511745580e-04
1.745975786586963620e-03	4.000050255336758576e-04
1.775487264286699802e-03	4.074395566484184943e-04
1.805497561799810540e-03	4.150121128611643467e-04
1.836015110463037458e-03	4.227252511626319680e-04
1.867048484124379315e-03	4.305815757164543575e-04
1.898606401551900620e-03	4.385837387224181282e-04
1.930697728883249645e-03	4.467344412952442795e-04
1.963331482116591892e-03	4.550364343591887790e-04
1.996516829643624896e-03	4.634925195587279363e-04
2.030263094825430960e-03	4.721055501856208651e-04
2.064579758611852570e-03	4.808784321226224740e-04
2.099476462205150749e-03	4.898141248041411799e-04
2.134963009768679927e-03	4.989156421941344077e-04
2.171049371181348660e-03	5.081860537815376978e-04
2.207745684838647703e-03	5.176284855935350121e-04
2.245062260500998302e-03	5.272461212269690962e-04
2.283009582190270292e-03	5.370422028982145589e-04
2.321598311135244109e-03	5.470200325118252131e-04
2.360839288766866315e-03	5.571829727482796374e-04
2.400743539764126078e-03	5.675344481711514129e-04
2.441322275151419988e-03	5.780779463540384024e-04
2.482586895448264750e-03	5.888170190275874996e-04
2.524548993872262424e-03	5.997552832469602762e-04
2.567220359596177753e-03	6.108964225800811573e-04
2.610612981060093842e-03	6.222441883170318775e-04
2.654739049339540410e-03	6.338024007009433877e-04
2.699610961570552640e-03	6.455749501807529767e-04
2.745241324432623389e-03	6.575657986861956680e-04
2.791642957690524101e-03	6.697789809254063283e-04
2.838828897796003177e-03	6.822186057055162943e-04
2.886812401550338004e-03	6.948888572766222542e-04
2.935606949828818354e-03	7.077939966995351519e-04
2.985226251368169013e-03	7.209383632376917305e-04
3.035684246617996723e-03	7.343263757736500329e-04
3.086995111657330013e-03	7.479625342505609106e-04
3.139173262177360861e-03	7.618514212852777346e-04
3.192233357531519197e-03	7.759977030969093109e-04
3.246190304853968818e-03	7.904061318435825004e-04
3.301059263247754609e-03	8.050815466403369713e-04
3.356855648043719550e-03	8.200288752598001735e-04
3.413595135131412741e-03	8.352531357325414111e-04
3.471293665363201029e-03	8.507594379754576360e-04
3.529967449032819348e-03	8.665529854486483897e-04
3.589632970429635240e-03	8.826390768412532535e-04
3.650306992469857896e-03	8.990231077867087998e-04
3.712006561406061729e-03	9.157105726079269210e-04
3.774749011616297320e-03	9.327070660928620449e-04
3.838551970474150202e-03	9.500182853009686785e-04
3.903433363301120080e-03	9.676500314010459550e-04
3.969411418402700453e-03	9.856082115409746380e-04
4.036504672189604979e-03	1.003898840749865590e-03
4.104731974385511864e-03	1.022528043873122128e-03
4.174112493322873658e-03	1.041502057540964754e-03
4.244665721328222743e-03	1.060827232170934902e-03
4.316411480198500787e-03	1.080510034004923681e-03
4.389369926769958255e-03	1.100557047181268929e-03
4.463561558581177410e-03	1.120974975842478714e-03
4.539007219631814756e-03	1.141770646279135527e-03
4.615728106238700494e-03	1.162951009110557753e-03
4.693745772990876204e-03	1.184523141502774601e-03
4.773082138805334954e-03	1.206494249424415596e-03
4.853759493085097083e-03	1.228871669941093356e-03
4.935800501981372872e-03	1.251662873548868614e-03
5.019228214761578891e-03	1.274875466547409613e-03
5.104066070284974874e-03	1.298517193453445004e-03
5.190337903587798063e-03	1.322595939455137792e-03
5.278067952579629761e-03	1.347119732907979452e-03
5.367280864853020243e-03	1.372096747872861896e-03
5.458001704608171807e-03	1.397535306696941161e-03
5.550255959694683563e-03	1.423443882637944434e-03
5.644069548772311269e-03	1.449831102532564853e-03
5.739468828592763153e-03	1.476705749509604152e-03
5.836480601404602127e-03	1.504076765748526678e-03
5.935132122483251921e-03	1.531953255284076824e-03
6.035451107788337120e-03	1.560344486857658756e-03
6.137465741750428375e-03	1.589259896958824907e-03
6.241204685189401941e-03	1.618709092221374494e-03
6.346697083366644419e-03	1.648701853218088442e-03
6.453972574173352621e-03	1.679248136990073303e-03
6.563061296457267831e-03	1.710358080267341532e-03
6.673993898490092683e-03	1.742042002615204130e-03
6.786801546578089504e-03	1.774310409632329872e-03
6.901515933818189001e-03	1.807173996201168024e-03
7.018169289002107285e-03	1.840643649791465089e-03
7.136794385670962304e-03	1.874730453817615231e-03
7.257424551322942327e-03	1.909445691050580757e-03
7.380093676776592997e-03	1.944800847085116462e-03
7.504836225692410046e-03	1.980807613863068244e-03
7.631687244255296390e-03	2.017477893253461808e-03
7.760682371020751966e-03	2.054823800690173344e-03
7.891857846927448697e-03	2.092857668867924206e-03
8.025250525479058969e-03	2.131592051497362226e-03
8.160897883098169533e-03	2.171039727120003138e-03
8.298838029655216872e-03	2.211213702983799278e-03
8.439109719175405186e-03	2.252127218980118795e-03
8.581752360726531761e-03	2.293793751642876546e-03
8.726806029490927208e-03	2.336227018210644980e-03
8.874311478024487360e-03	2.379440980752485762e-03
9.024310147706032098e-03	2.423449850358299230e-03
9.176844180380181251e-03	2.468268091394468407e-03
9.331956430197019259e-03	2.513910425825581236e-03
9.489690475651922641e-03	2.560391837603027704e-03
9.650090631828802876e-03	2.607727577121212153e-03
9.813201962850383320e-03	2.655933165742222542e-03
9.979070294538865127e-03	2.705024400389687434e-03
1.014774222729061814e-02	2.755017358212628192e-03
1.031926514916845991e-02	2.805928401320065789e-03
1.049368724921524200e-02	2.857774181587164567e-03
1.067105753099251327e-02	2.910571645533696194e-03
1.085142582634790812e-02	2.964338039275543710e-03
1.103484280941536416e-02	3.019090913550072711e-03
1.122136001085190064e-02	3.074848128816065271e-03
1.141102983231507065e-02	3.131627860429013737e-03
1.160390556118510476e-02	3.189448603892479969e-03
1.180004138553588516e-02	3.248329180186275943e-03
1.199949240935904021e-02	3.308288741172203846e-03
1.220231466804522213e-02	3.369346775225194861e-03
1.240856514412720830e-02	3.431523112227840861e-03
1.261830178328901021e-02	3.494837930037885884e-03
1.283158351064561664e-02	3.559311759678379997e-03
1.304847024729788307e-02	3.624965491270914966e-03
1.326902292716726148e-02	3.691820379921294248e-03
1.349330351411505598e-02	3.759898051687528189e-03
1.372137501935110325e-02	3.829220509630785856e-03
1.395330151913657356e-02	3.899810139949873387e-03
1.418914817278613301e-02	3.971689718199894990e-03
1.442898124097431733e-02	4.044882415595607052e-03
1.467286810435134044e-02	4.119411805400057316e-03
1.492087728247356443e-02	4.195301869399003548e-03
1.517307845305392207e-02	4.272577004461639884e-03
1.542954247153780281e-02	4.351262029188115305e-03
1.569034139100966910e-02	4.431382190644242783e-03
1.595554848243628532e-02	4.512963171183914310e-03
1.622523825525205854e-02	4.596031095359527988e-03
1.649948647829230924e-02	4.680612536920849588e-03
1.677837020108039270e-02	4.766734525902611291e-03
1.706196777547459506e-02	4.854424555801150308e-03
1.735035887768101442e-02	4.943710590840365814e-03
1.764362453063833894e-02	5.034621073327162459e-03
1.794184712678114843e-02	5.127184931096625924e-03
1.824511045118791530e-02	5.221431585047047602e-03
1.855349970512023758e-02	5.317390956764844398e-03
1.886710152996000367e-02	5.415093476239529746e-03
1.918600403155108769e-02	5.514570089668598823e-03
1.951029680495259405e-02	5.615852267352424224e-03
1.984007095961033348e-02	5.718972011678905357e-03
2.017541914495388916e-02	5.823961865197860299e-03
2.051643557642630553e-02	5.930854918784834832e-03
2.086321606195374462e-02	6.039684819894101421e-03
2.121585802886252412e-02	6.150485780900501187e-03
2.157446055125112477e-02	6.263292587529702138e-03
2.193912437782497352e-02	6.378140607376471191e-03
2.230995196020145455e-02	6.495065798510263506e-03
2.268704748169360005e-02	6.614104718167700646e-03
2.307051688658016617e-02	6.735294531531095356e-03
2.346046790987047978e-02	6.858673020592318675e-03
2.385701010757239338e-02	6.984278593101113375e-03
2.426025488747183059e-02	7.112150291743048365e-03
2.467031554043257191e-02	7.242327802689383504e-03
2.508730727222522119e-02	7.374851465611963024e-03
2.551134723589388795e-02	7.509762282429725995e-03
2.594255456467021298e-02	7.647101926791711850e-03
2.638105040544361582e-02	7.786912753508999120e-03
2.682695795279727360e-02	7.929237808062485418e-03
2.728040248361941061e-02	8.074120836184837252e-03
2.774151139229957819e-02	8.221606293514845468e-03
2.821041422651998296e-02	8.371739355322363116e-03
2.868724272365149111e-02	8.524565926301644336e-03
2.917213084776511603e-02	8.680132650431188202e-03
2.966521482726893269e-02	8.838486920897619878e-03
3.016663319318120540e-02	8.999676890081310596e-03
3.067652681805041123e-02	9.163751479601151689e-03
3.119503895553308453e-02	9.330760390415776540e-03
3.172231528064078931e-02	9.500754112978491289e-03
3.225850393066707206e-02	9.673783937442712033e-03
3.280375554680643041e-02	9.849901963914980269e-03
3.335822331647670530e-02	1.002916111275210971e-02
3.392206301635675159e-02	1.021161513489896207e-02
3.449543305615163091e-02	1.039731862226328865e-02
3.507849452309746291e-02	1.058632701812364622e-02
3.567141122721874391e-02	1.077869662756655161e-02
3.627434974735024853e-02	1.097448462794841165e-02
3.688747947793717674e-02	1.117374907937803905e-02
3.751097267662616142e-02	1.137654893521502023e-02
3.814500451266075037e-02	1.158294405257913676e-02
3.878975311609485915e-02	1.179299520286578896e-02
3.944539962783806530e-02	1.200676408226220189e-02
4.011212825054691344e-02	1.222431332225895097e-02
4.079012630037611581e-02	1.244570650015097701e-02
4.147958425960481671e-02	1.267100814952235553e-02
4.218069583015218033e-02	1.290028377070847471e-02
4.289365798799760210e-02	1.313359984122925220e-02
4.361867103852071215e-02	1.337102382618673285e-02
4.435593867277683178e-02	1.361262418862008508e-02
4.510566802472350950e-02	1.385847039981080893e-02
4.586806972941463723e-02	1.410863294953079196e-02
4.664335798217766893e-02	1.436318335622515513e-02
4.743175059879158745e-02	1.462219417712230969e-02
4.823346907668181471e-02	1.488573901840482480e-02
4.904873865714945436e-02	1.515389254459828527e-02
4.987778838865244979e-02	1.542673048920906349e-02
5.072085119115625484e-02	1.570432966394046462e-02
5.157816392157245355e-02	1.598676796843197592e-02
5.244996744030298863e-02	1.627412439974583805e-02
5.333650667890960095e-02	1.656647906171614462e-02
5.423803070892688205e-02	1.686391317414982771e-02
5.515479281183843091e-02	1.716650908186866109e-02
5.608705055023580077e-02	1.747435026358126059e-02
5.703506584018021297e-02	1.778752134057348319e-02
5.799910502478755614e-02	1.810610808520539405e-02
5.897943894905668949e-02	1.843019742920257512e-02
5.997634303596301869e-02	1.875987747172931652e-02
6.099009736383805003e-02	1.909523748723065961e-02
6.202098674505685666e-02	1.943636793303005553e-02
6.306930080605555045e-02	1.978336045666903228e-02
6.413533406870128295e-02	2.013630790297471843e-02
6.521938603303781279e-02	2.049530432060257812e-02
6.632176126142910744e-02	2.086044496920173505e-02
6.744276946412586238e-02	2.123182632486961610e-02
6.858272558627788451e-02	2.160954608630239956e-02
6.974194989641739617e-02	2.199370318088680887e-02
7.092076807643786507e-02	2.238439776728999575e-02
7.211951131309368712e-02	2.278173124455840082e-02
7.333851639104646547e-02	2.318580625127278708e-02
7.457812578748428123e-02	2.359672667505894467e-02
7.583868776833958825e-02	2.401459765007268182e-02
7.712055648613416747e-02	2.443952556649517729e-02
7.842409207947753647e-02	2.487161806712565038e-02
7.974966077424722188e-02	2.531098405213800390e-02
8.109763498647923341e-02	2.575773368329827354e-02
8.246839342699753550e-02	2.621197837855164178e-02
8.386232120781254851e-02	2.667383082034662650e-02
8.527980995031705924e-02	2.714340494831544298e-02
8.672125789531190398e-02	2.762081596184637333e-02
8.818707001489085873e-02	2.810618032202962316e-02
8.967765812621682209e-02	2.859961574313465288e-02
9.119344100722104329e-02	2.910124119346010549e-02
9.273484451425793862e-02	2.961117689544644216e-02
9.430230170174896953e-02	3.012954431483790343e-02
9.589625294384790388e-02	3.065646616019461132e-02
9.751714605816352854e-02	3.119206637860889170e-02
9.916543643157306465e-02	3.173647014579290132e-02
1.008415871481621734e-01	3.228980386063934338e-02
1.025460691193275653e-01	3.285219514140434033e-02
1.042793612160791694e-01	3.342377280993634459e-02
1.060419504035768068e-01	3.400466688706049040e-02
1.078343318779438342e-01	3.459500857996397616e-02
1.096570092053898021e-01	3.519493027503865779e-02
1.115104944636879369e-01	3.580456551828351680e-02
1.133953083860418237e-01	3.642404901064579675e-02
1.153119805073836990e-01	3.705351658631085565e-02
1.172610493131479026e-01	3.769310520100414841e-02
1.192430623905555293e-01	3.834295291826922414e-02
1.212585765824598510e-01	3.900319888585902089e-02
1.233081581437884267e-01	3.967398332425715185e-02
1.253923829006330093e-01	4.035544750087324828e-02
1.275118364120260972e-01	4.104773371146495931e-02
1.296671141344518663e-01	4.175098527097177020e-02
1.318588215891403626e-01	4.246534645935243907e-02
1.340875745321854495e-01	4.319096253071216807e-02
1.363539991275424801e-01	4.392797967079708349e-02
1.386587321229457159e-01	4.467654497151973131e-02
1.410024210288032542e-01	4.543680640698949391e-02
1.433857243001131487e-01	4.620891280274224550e-02
1.458093115214542101e-01	4.699301380120670529e-02
1.482738635951064698e-01	4.778925983751192152e-02
1.507800729323471867e-01	4.859780209685499175e-02
1.533286436479847636e-01	4.941879248968913951e-02
1.559202917581761494e-01	5.025238360632459239e-02
1.585557453815923112e-01	5.109872868341287094e-02
1.612357449439809631e-01	5.195798156896012238e-02
1.639610433861866667e-01	5.283029665396022506e-02
1.667324063756906449e-01	5.371582890978102154e-02
1.695506125217208226e-01	5.461473373947287047e-02
1.724164535940033438e-01	5.552716699310391441e-02
1.753307347452060516e-01	5.645328491654320879e-02
1.782942747371474568e-01	5.739324409149605677e-02
1.813079061708234574e-01	5.834720139265590216e-02
1.843724757203275000e-01	5.931531393302659494e-02
1.874888443707211083e-01	6.029773901726791230e-02
1.906578876599247796e-01	6.129463407797733354e-02
1.938804959247014126e-01	6.230615662232935614e-02
1.971575745507916644e-01	6.333246418231651409e-02
2.004900442272835592e-01	6.437371424321383651e-02
2.038788412052750798e-01	6.543006418826256831e-02
2.073249175609150063e-01	6.650167124081061976e-02
2.108292414628857858e-01	6.758869238989514971e-02
2.143927974444073958e-01	6.869128432963168829e-02
2.180165866798430274e-01	6.980960339628798639e-02
2.217016272659736997e-01	7.094380548927176067e-02
2.254489545080342605e-01	7.209404600560381793e-02
2.292596212105766917e-01	7.326047977172248094e-02
2.331346979732569213e-01	7.444326095906018959e-02
2.370752734916163618e-01	7.564254302027845211e-02
2.410824548629473540e-01	7.685847860199999937e-02
2.451573678973335835e-01	7.809121947092938221e-02
2.493011574339402958e-01	7.934091643659406390e-02
2.535149876626587306e-01	8.060771926214334304e-02
2.578000424511790456e-01	8.189177658479691868e-02
2.621575256775992568e-01	8.319323584551639728e-02
2.665886615686511307e-01	8.451224316728039865e-02
2.710946950436425307e-01	8.584894330461925738e-02
2.756768920642191367e-01	8.720347953671996055e-02
2.803365399900296095e-01	8.857599358207983442e-02
2.850749479404112718e-01	8.996662550299000527e-02
2.898934471621800180e-01	9.137551362047170722e-02
2.947933914036459657e-01	9.280279441189684397e-02
2.997761572949446118e-01	9.424860242571787838e-02
3.048431447347966228e-01	9.571307017552817265e-02
3.099957772838110026e-01	9.719632805421053734e-02
3.152355025644269504e-01	9.869850422447487559e-02
3.205637926676255800e-01	1.002197245328674963e-01
3.259821445665060935e-01	1.017601123800382229e-01
3.314920805368620771e-01	1.033197886980864455e-01
3.370951485848599494e-01	1.048988717495818457e-01
3.427929228819465157e-01	1.064974770837354978e-01
3.485870042071142483e-01	1.081157174233075835e-01
3.544790203966314834e-01	1.097537025676328104e-01
3.604706268013856407e-01	1.114115392786196590e-01
3.665635067519453227e-01	1.130893311834847009e-01
3.727593720314937853e-01	1.147871786771693797e-01
3.790599633567491855e-01	1.165051788072740818e-01
3.854670508670132723e-01	1.182434251773914619e-01
3.919824346214941246e-01	1.200020078472298080e-01
3.986079451050231759e-01	1.217810132209678070e-01
4.053454437423328338e-01	1.235805239484671775e-01
4.121968234210137139e-01	1.254006188292231538e-01
4.191640090233237359e-01	1.272413726982754012e-01
4.262489579669776485e-01	1.291028563312752175e-01
4.334536607550772414e-01	1.309851363494475840e-01
4.407801415353455599e-01	1.328882751079515090e-01
4.482304586688004022e-01	1.348123306033057189e-01
4.558067053080540054e-01	1.367573563806054049e-01
4.635110099853732013e-01	1.387234014258942605e-01
4.713455372106929997e-01	1.407105100746416093e-01
4.793124880797287601e-01	1.427187219298634568e-01
4.874141008923670304e-01	1.447480717473142164e-01
4.956526517815184607e-01	1.467985893637739903e-01
5.040304553525852826e-01	1.488702995953137265e-01
5.125498653337533517e-01	1.509632221588412815e-01
5.212132752372591327e-01	1.530773715810943847e-01
5.300231190318516195e-01	1.552127571178857079e-01
5.389818718266018438e-01	1.573693826719187727e-01
5.480920505662881803e-01	1.595472467149225970e-01
5.573562147385243692e-01	1.617463422122958072e-01
5.667769670928383130e-01	1.639666565446693813e-01
5.763569543719186949e-01	1.662081714450499015e-01
5.860988680552025043e-01	1.684708629208800101e-01
5.960054451150506027e-01	1.707547011991748798e-01
6.060794687856858598e-01	1.730596506529618328e-01
6.163237693451454335e-01	1.753856697541864018e-01
6.267412249104387101e-01	1.777327110065573534e-01
6.373347622461452699e-01	1.801007208979339691e-01
6.481073575866924674e-01	1.824896398560932331e-01
6.590620374725127961e-01	1.848994021909687591e-01
6.702018796003550438e-01	1.873299360672910918e-01
6.815300136879469672e-01	1.897811634526875013e-01
6.930496223532930378e-01	1.922530000892375412e-01
7.047639420088206430e-01	1.947453554688892419e-01
7.166762637706404204e-01	1.972581327944009366e-01
7.287899343831883980e-01	1.997912289631325333e-01
7.411083571594764274e-01	2.023445345548390006e-01
7.536349929372584411e-01	2.049179338044227194e-01
7.663733610513340233e-01	2.075113045991717475e-01
7.793270403223097054e-01	2.101245184771368124e-01
7.924996700620573487e-01	2.127574406157703435e-01
8.058949510961670448e-01	2.154099298396953410e-01
8.195166468036988450e-01	2.180818386351352500e-01
8.333685841744831180e-01	2.207730131484235692e-01
8.474546548843202576e-01	2.234832932115913551e-01
8.617788163883257635e-01	2.262125123591405551e-01
8.763450930327818522e-01	2.289604978613433983e-01
8.911575771857650485e-01	2.317270707405107433e-01
9.062204303868837130e-01	2.345120458216988502e-01
9.215378845164673427e-01	2.373152317578378356e-01
9.371142429844909749e-01	2.401364310801321900e-01
9.529538819396250471e-01	2.429754402489784915e-01
9.690612514986907122e-01	2.458320497036118879e-01
9.854408769969253967e-01	2.487060439201051742e-01
1.002097360259361913e+00	2.515972014695659342e-01
1.019035380893695386e+00	2.545052950930706270e-01
1.036259697605026009e+00	2.574300917633461916e-01
1.053775149532790278e+00	2.603713527675502459e-01
1.071586657610325677e+00	2.633288337825379077e-01
1.089699225947380778e+00	2.663022849604060882e-01
1.108117943236025305e+00	2.692914510132554673e-01
1.126847984180302076e+00	2.722960713105103125e-01
1.145894610950043413e+00	2.753158799731763584e-01
1.165263174659284751e+00	2.783506059689193624e-01
1.184959116869630069e+00	2.813999732261497355e-01
1.204987971119068746e+00	2.844637007298114750e-01
1.225355364476592435e+00	2.875415026457261991e-01
1.246067019123127118e+00	2.906330884237119383e-01
1.267128753959161580e+00	2.937381629214168566e-01
1.288546486239548816e+00	2.968564265315030704e-01
1.310326233235965754e+00	2.999875752958468533e-01
1.332474113927433867e+00	3.031313010394002805e-01
1.354996350719455345e+00	3.062872915069995150e-01
1.377899271192165376e+00	3.094552304838726897e-01
1.401189309878072775e+00	3.126347979489437212e-01
1.424873010069821255e+00	3.158256701990544979e-01
1.448957025658507369e+00	3.190275199998570121e-01
1.473448123003098242e+00	3.222400167257599701e-01
1.498353182831403840e+00	3.254628265145125821e-01
1.523679202173229497e+00	3.286956124036201632e-01
1.549433296326152343e+00	3.319380344849823250e-01
1.575622700854574010e+00	3.351897500664117180e-01
1.602254773622528550e+00	3.384504138101976922e-01
1.629336996860851317e+00	3.417196778954564307e-01
1.656876979269319872e+00	3.449971921807259978e-01
1.684882458154278284e+00	3.482826043483274181e-01
1.713361301602444930e+00	3.515755600697034189e-01
1.742321510691409836e+00	3.548757031706625265e-01
1.771771221737550084e+00	3.581826757785382953e-01
1.801718708581883988e+00	3.614961184894016077e-01
1.832172384914617203e+00	3.648156705342535111e-01
1.863140806638941216e+00	3.681409699264227564e-01
1.894632674274788098e+00	3.714716536357111076e-01
1.926656835403250945e+00	3.748073577443201687e-01
1.959222287152264430e+00	3.781477176016918018e-01
1.992338178724363251e+00	3.814923679962481384e-01
2.026013813967100230e+00	3.848409433033910809e-01
2.060258653986974053e+00	3.881930776540369887e-01
2.095082319807497040e+00	3.915484050866523402e-01
2.130494595072189856e+00	3.949065597071729772e-01
2.166505428793310539e+00	3.982671758438005027e-01
2.203124938146971523e+00	4.016298882027638517e-01
2.240363411315581477e+00	4.049943320228140409e-01
2.278231310378250996e+00	4.083601432218763039e-01
2.316739274250128933e+00	4.117269585565704326e-01
2.355898121671370138e+00	4.150944157599200657e-01
2.395718854246625451e+00	4.184621536998714419e-01
2.436212659535957670e+00	4.218298125114569586e-01
2.477390914197924676e+00	4.251970337531082444e-01
2.519265187185870225e+00	4.285634605326479329e-01
2.561847242998160024e+00	4.319287376611893881e-01
2.605149044983431139e+00	4.352925117746410111e-01
2.649182758701655427e+00	4.386544314735623673e-01
2.693960755342017954e+00	4.420141474605532306e-01
2.739495615198612732e+00	4.453713126553096036e-01
2.785800131204812846e+00	4.487255823269805655e-01
2.832887312527463397e+00	4.520766142237713781e-01
2.880770388221738365e+00	4.554240686789715609e-01
2.929462810947857765e+00	4.587676087351560406e-01
2.978978260750571039e+00	4.621069002653279134e-01
3.029330648902521350e+00	4.654416120694347958e-01
3.080534121812634751e+00	4.687714159904580735e-01
3.132603065000477027e+00	4.720959870240936107e-01
3.185552107137887834e+00	4.754150034089823507e-01
3.239396124158830492e+00	4.787281467306829796e-01
3.294150243438799031e+00	4.820351020247048424e-01
3.349829848044809655e+00	4.853355578534418457e-01
3.406450581057223204e+00	4.886292064027419890e-01
3.464028349964686004e+00	4.919157435742425033e-01
3.522579331133254943e+00	4.951948690527985253e-01
3.582119974351172242e+00	4.984662863929729681e-01
3.642667007450346439e+00	5.017297031007090791e-01
3.704237441006055231e+00	5.049848306918313101e-01
3.766848573116013732e+00	5.082313847659984951e-01
3.830517994260218551e+00	5.114690850852124937e-01
3.895263592243014550e+00	5.146976556110030021e-01
3.961103557218577542e+00	5.179168245850515051e-01
4.028056386801467603e+00	5.211263245694308655e-01
4.096140891263432948e+00	5.243258925096173639e-01
4.165376198818180775e+00	5.275152697762806042e-01
4.235781760995385170e+00	5.306942022137702830e-01
4.307377358105535237e+00	5.338624401810810882e-01
4.380183104797232829e+00	5.370197385919169841e-01
4.454219455708298803e+00	5.401658569516143427e-01
4.529507211212534301e+00	5.433005593844366654e-01
4.606067523263474683e+00	5.464236146726678678e-01
4.683921901337057214e+00	5.495347962719854262e-01
4.763092218474635153e+00	5.526338823471501627e-01
4.843600717428146574e+00	5.557206557795946189e-01
4.925470016909234694e+00	5.587949041990866172e-01
5.008723117943856273e+00	5.618564199855967667e-01
5.093383410334457295e+00	5.649050002870108500e-01
5.179474679231212519e+00	5.679404470341152811e-01
5.267021111814501388e+00	5.709625669329968511e-01
5.356047304090164829e+00	5.739711714857959057e-01
5.446578267799784712e+00	5.769660769761967289e-01
5.538639437447652192e+00	5.799471044749696658e-01
5.632256677446509485e+00	5.829140798430634263e-01
5.727456289384188715e+00	5.858668337109134150e-01
5.824265019412900202e+00	5.888052014770278619e-01
5.922710065763608256e+00	5.917290233041903047e-01
6.022819086387228182e+00	5.946381440911556737e-01
6.124620206725158056e+00	5.975324134653735575e-01
6.228142027611035303e+00	6.004116857704354659e-01
6.333413633306047785e+00	6.032758200342490662e-01
6.440464599670190360e+00	6.061246799554912412e-01
6.549325002471445778e+00	6.089581338754266326e-01
6.660025425835619295e+00	6.117760547615207489e-01
6.772596970838784536e+00	6.145783201656638273e-01
6.887071264245168578e+00	6.173648122023814855e-01
7.003480467392588338e+00	6.201354175244014888e-01
7.121857285228077927e+00	6.228900272761371815e-01
7.242234975496383065e+00	6.256285370668536183e-01
7.364647358083541206e+00	6.283508469408563002e-01
7.489128824518638261e+00	6.310568613255275183e-01
7.615714347635920589e+00	6.337464890071100587e-01
7.744439491400456177e+00	6.364196430833070073e-01
7.875340420899716420e+00	6.390762409246116826e-01
8.008453912504041483e+00	6.417162041262004513e-01
8.143817364199005482e+00	6.443394584743987741e-01
8.281468806092183499e+00	6.469459338913549074e-01
8.421446911097760335e+00	6.495355643979988658e-01
8.563791005801492773e+00	6.521082880622267597e-01
8.708541081509549642e+00	6.546640469532715167e-01
8.855737805483945735e+00	6.572027870894489032e-01
9.005422532367880706e+00	6.597244583945616192e-01
9.157637315804374012e+00	6.622290146455549475e-01
9.312424920251002547e+00	6.647164134159671001e-01
9.469828832994659606e+00	6.671866160356042519e-01
9.629893276369060118e+00	6.696395875249325780e-01
9.792663220179065320e+00	6.720752965566687553e-01
9.958184394334800515e+00	6.744937153891833459e-01
1.012650330169933710e+01	6.768948198186001131e-01
1.029766723115371541e+01	6.792785891305748169e-01
1.047172427088250757e+01	6.816450060334506844e-01
1.064872332188427428e+01	6.839940566095784602e-01
1.082871411171002762e+01	6.863257302663724468e-01
1.101174720843425447e+01	6.886400196678934549e-01
1.119787403486185262e+01	6.909369206857549628e-01
1.138714688297520183e+01	6.932164323498425373e-01
1.157961892862566167e+01	6.954785567786929690e-01
1.177534424647303979e+01	6.977232991303463638e-01
1.197437782517795135e+01	6.999506675530300370e-01
1.217677558285059547e+01	7.021606731147476133e-01
1.238259438276100788e+01	7.043533297550196304e-01
1.259189204931461603e+01	7.065286542332545050e-01
1.280472738429782709e+01	7.086866660616588653e-01
1.302116018339845027e+01	7.108273874544538407e-01
1.324125125300498418e+01	7.129508432796065609e-01
1.346506242729025793e+01	7.150570609884077111e-01
1.369265658558342480e+01	7.171460705676286906e-01
1.392409767003596599e+01	7.192179044909648988e-01
1.415945070358605307e+01	7.212725976496560110e-01
1.439878180822651998e+01	7.233101873052530939e-01
1.464215822358192653e+01	7.253307130412171011e-01
1.488964832579915942e+01	7.273342166954687160e-01
1.514132164675782732e+01	7.293207423115458665e-01
1.539724889360486770e+01	7.312903360983614709e-01
1.565750196861980470e+01	7.332430463521485420e-01
1.592215398941546312e+01	7.351789234255560190e-01
1.619127930948012661e+01	7.370980196604169921e-01
1.646495353906724546e+01	7.390003893465131313e-01
1.674325356643772622e+01	7.408860886632567810e-01
1.702625757946180585e+01	7.427551756315510234e-01
1.731404508758553007e+01	7.446077100619340472e-01
1.760669694416904463e+01	7.464437535054276873e-01
1.790429536920192888e+01	7.482633692050018048e-01
1.820692397240297211e+01	7.500666220411292828e-01
1.851466777671009822e+01	7.518535784924484933e-01
1.882761324216724574e+01	7.536243065765704241e-01
1.914584829021545431e+01	7.553788758144460713e-01
1.946946232839389879e+01	7.571173571717101369e-01
1.979854627545908841e+01	7.588398230236037545e-01
2.013319258692800773e+01	7.605463470977863460e-01
2.047349528105359084e+01	7.622370044413395718e-01
2.081954996523887758e+01	7.639118713644019731e-01
2.117145386289756814e+01	7.655710254009112647e-01
2.152930584076909071e+01	7.672145452730942949e-01
2.189320643669466548e+01	7.688425108332995750e-01
2.226325788786357052e+01	7.704550030307375508e-01
2.263956415953613899e+01	7.720521038747049092e-01
2.302223097425292053e+01	7.736338963814715086e-01
2.341136584153708355e+01	7.752004645387583492e-01
2.380707808809889059e+01	7.767518932762572659e-01
2.420947888855114627e+01	7.782882684077447877e-01
2.461868129664312121e+01	7.798096766049926742e-01
2.503480027702318367e+01	7.813162053609187252e-01
2.545795273753748944e+01	7.828079429439955828e-01
2.588825756207539186e+01	7.842849783643333073e-01
2.632583564396948717e+01	7.857474013465004514e-01
2.677080991996021808e+01	7.871953022808427791e-01
2.722330540473507554e+01	7.886287721930907990e-01
2.768344922605082559e+01	7.900479027191312786e-01
2.815137066045024739e+01	7.914527860579114726e-01
2.862720116958168148e+01	7.928435149432836448e-01
2.911107443713334675e+01	7.942201826197130554e-01
2.960312640639132908e+01	7.955828827983070228e-01
3.010349531843243653e+01	7.969317096278279999e-01
3.061232175096317221e+01	7.982667576791485642e-01
3.112974865781429301e+01	7.995881218919216327e-01
3.165592140910392160e+01	8.008958975639889344e-01
3.219098783207849834e+01	8.021901803093741679e-01
3.273509825264502382e+01	8.034710660424506656e-01
3.328840553760464616e+01	8.047386509404912402e-01
3.385106513760008085e+01	8.059930314207028879e-01
3.442323513078967778e+01	8.072343041150230603e-01
3.500507626725861599e+01	8.084625658412923910e-01
3.559675201418191648e+01	8.096779135808834793e-01
3.619842860174963306e+01	8.108804444501217512e-01
3.681027506986945497e+01	8.120702556823334861e-01
3.743246331565791252e+01	8.132474445950718112e-01
3.806516814173434682e+01	8.144121085794894244e-01
3.870856730533186152e+01	8.155643450626349766e-01
3.936284156823732872e+01	8.167042515024147686e-01
4.002817474757663518e+01	8.178319253503298913e-01
4.070475376745718421e+01	8.189474640382122805e-01
4.139276871148439341e+01	8.200509649630548514e-01
4.209241287616510618e+01	8.211425254525333006e-01
4.280388282521361276e+01	8.222222427627460251e-01
4.352737844477648110e+01	8.232902140454159134e-01
4.426310299958944938e+01	8.243465363330297890e-01
4.501126319008503884e+01	8.253913065308048358e-01
4.577206921046389709e+01	8.264246213834688382e-01
4.654573480774909910e+01	8.274465774656099004e-01
4.733247734183772337e+01	8.284572711742271833e-01
4.813251784656739574e+01	8.294567986943197635e-01
4.894608109181602629e+01	8.304452559951579493e-01
4.977339564664967497e+01	8.314227388180004397e-01
5.061469394353941453e+01	8.323893426491834058e-01
5.147021234366199849e+01	8.333451627160400887e-01
5.234019120330587782e+01	8.342902939674865515e-01
5.322487494139806330e+01	8.352248310691791078e-01
5.412451210817385316e+01	8.361488683764445318e-01
5.503935545500626603e+01	8.370624999300251279e-01
5.596966200541572789e+01	8.379658194508063929e-01
5.691569312728113772e+01	8.388589203113147041e-01
5.787771460626974118e+01	8.397418955340655300e-01
5.885599672051007758e+01	8.406148377881629274e-01
5.985081431652515249e+01	8.414778393575068627e-01
6.086244688645088985e+01	8.423309921512677212e-01
6.189117864655855783e+01	8.431743876861260700e-01
6.293729861710444595e+01	8.440081170685576062e-01
6.400110070353041181e+01	8.448322709997483360e-01
6.508288377903505761e+01	8.456469397590231640e-01
6.618295176854263673e+01	8.464522131914125058e-01
6.730161373408913050e+01	8.472481807084770722e-01
6.843918396165355489e+01	8.480349312742159196e-01
6.959598204945567090e+01	8.488125534002923800e-01
7.077233299774606223e+01	8.495811351340922801e-01
7.196856730011528214e+01	8.503407640586009286e-01
7.318502103634435230e+01	8.510915272812948906e-01
7.442203596682681166e+01	8.518335114245561002e-01
7.567995962858455528e+01	8.525668026306859604e-01
7.695914543290872700e+01	8.532914865413289141e-01
7.825995276464949768e+01	8.540076483015852649e-01
7.958274708318410262e+01	8.547153725554561543e-01
8.092790002509306646e+01	8.554147434318253307e-01
8.229578950856954123e+01	8.561058445510982828e-01
8.368679983959597735e+01	8.567887590108783646e-01
8.510132181991289713e+01	8.574635693841826667e-01
8.653975285681501362e+01	8.581303577239661751e-01
8.800249707480163863e+01	8.587892055440318195e-01
8.948996542911412178e+01	8.594401938245783690e-01
9.100257582119419908e+01	8.600834030152921805e-01
9.254075321609118987e+01	8.607189130142892663e-01
9.410492976185659586e+01	8.613468031789652812e-01
9.569554491095378523e+01	8.619671523229335275e-01
9.731304554372266580e+01	8.625800387066432373e-01
9.895788609392928947e+01	8.631855400363750430e-01
1.006305286764376348e+02	8.637837334695586122e-01
1.023314432170412118e+02	8.643746956036509888e-01
1.040611075844862796e+02	8.649585024757431295e-01
1.058200077247298054e+02	8.655352295716743916e-01
1.076086377974633734e+02	8.661049518075030207e-01
1.094275003149479204e+02	8.666677435383851602e-01
1.112771062831930067e+02	8.672236785609771514e-01
1.131579753455222743e+02	8.677728301028366786e-01
1.150706359285678531e+02	8.683152708254081587e-01
1.170156253907290136e+02	8.688510728296130470e-01
1.189934901731438543e+02	8.693803076456920742e-01
1.210047859532090087e+02	8.699030462333341429e-01
1.230500778006978635e+02	8.704193589984066115e-01
1.251299403365151335e+02	8.709293157663872131e-01
1.272449578941347568e+02	8.714329858047360489e-01
1.293957246837690604e+02	8.719304378070915629e-01
1.315828449593089147e+02	8.724217399068199263e-01
1.338069331880899426e+02	8.729069596695436806e-01
1.360686142235236389e+02	8.733861640936297910e-01
1.383685234806508220e+02	8.738594196163356198e-01
1.407073071146594430e+02	8.743267921092094941e-01
1.430856222024197280e+02	8.747883468820565334e-01
1.455041369270908831e+02	8.752441486805719872e-01
1.479635307658433305e+02	8.756942616958005576e-01
1.504644946807591168e+02	8.761387495505796874e-01
1.530077313129538652e+02	8.765776753192806581e-01
1.555939551799847322e+02	8.770111015113686292e-01
1.582238928765917478e+02	8.774390900889521561e-01
1.608982832788323662e+02	8.778617024534461910e-01
1.636178777516695106e+02	8.782789994628354968e-01
1.663834403600635596e+02	8.786910414177169226e-01
1.691957480836375396e+02	8.790978880700008880e-01
1.720555910349655733e+02	8.794995986390805598e-01
1.749637726815560939e+02	8.798962317820392398e-01
1.779211100715817793e+02	8.802878456225350368e-01
1.809284340634302453e+02	8.806744977497922289e-01
1.839865895591310334e+02	8.810562452056320826e-01
1.870964357417281576e+02	8.814331444990803899e-01
1.902588463166685528e+02	8.818052516141683395e-01
1.934747097572649466e+02	8.821726219938049729e-01
1.967449295543138987e+02	8.825353105564147649e-01
2.000704244699266781e+02	8.828933716999282089e-01
2.034521287956564777e+02	8.832468592925786233e-01
2.068909926149848104e+02	8.835958266824186502e-01
2.103879820702443340e+02	8.839403267067657000e-01
2.139440796340576298e+02	8.842804116813639537e-01
2.175602843853577042e+02	8.846161334098547879e-01
2.212376122900808468e+02	8.849475431924369584e-01
2.249770964865966505e+02	8.852746918170488755e-01
2.287797875759696069e+02	8.855976295672133292e-01
2.326467539171220835e+02	8.859164062331957856e-01
2.365790819269863619e+02	8.862310710995398022e-01
2.405778763857347258e+02	8.865416729561421683e-01
2.446442607471615247e+02	8.868482601112037678e-01
2.487793774543193308e+02	8.871508803712829794e-01
2.529843882604822340e+02	8.874495810679309260e-01
2.572604745555416912e+02	8.877444090407571320e-01
2.616088376979143391e+02	8.880354106580370388e-01
2.660306993520598553e+02	8.883226318071342220e-01
2.705273018317088258e+02	8.886061179034947521e-01
2.750999084488843778e+02	8.888859138933025150e-01
2.797498038688314637e+02	8.891620642574982192e-01
2.844782944709368735e+02	8.894346130078819579e-01
2.892867087157579817e+02	8.897036037032794997e-01
2.941763975182495869e+02	8.899690794436521113e-01
2.991487346272989498e+02	8.902310828702666434e-01
3.042051170116823755e+02	8.904896561822436274e-01
3.093469652525361084e+02	8.907448411249671016e-01
3.145757239424706313e+02	8.909966790053798213e-01
3.198928620914214775e+02	8.912452106854147349e-01
3.252998735393691732e+02	8.914904765922239127e-01
3.307982773760288637e+02	8.917325167215118809e-01
3.363896183676337728e+02	8.919713706325979041e-01
3.420754673909387975e+02	8.922070774672310467e-01
3.478574218745504822e+02	8.924396759350180508e-01
3.537371062477265582e+02	8.926692043254774722e-01
3.597161723967509488e+02	8.928957005212553311e-01
3.657963001290331135e+02	8.931192019795556325e-01
3.719791976450445077e+02	8.933397457505262151e-01
3.782666020182322768e+02	8.935573684869558830e-01
3.846602796830517832e+02	8.937721064244840141e-01
3.911620269312371079e+02	8.939839954050339266e-01
3.977736704164719868e+02	8.941930708790308824e-01
4.044970676675784489e+02	8.943993678930594049e-01
4.113341076103915839e+02	8.946029211108161849e-01
4.182867110984475403e+02	8.948037648066831107e-01
4.253568314526407903e+02	8.950019328750692393e-01
4.325464550100122665e+02	8.951974588270124045e-01
4.398576016817999061e+02	8.953903757948573627e-01
4.472923255209361173e+02	8.955807165462803532e-01
4.548527152991227354e+02	8.957685134704252983e-01
4.625408950936740666e+02	8.959537985906866897e-01
4.703590248842695019e+02	8.961366035745528258e-01
4.783093011597930513e+02	8.963169597188249682e-01
4.863939575354394265e+02	8.964948979703725174e-01
4.946152653802362238e+02	8.966704489239004650e-01
5.029755344551887219e+02	8.968436428163421015e-01
5.114771135621948588e+02	8.970145095440057448e-01
5.201223912039447441e+02	8.971830786589535256e-01
5.289137962549582426e+02	8.973493793671122321e-01
5.378537986439790757e+02	8.975134405443639940e-01
5.469449100478946093e+02	8.976752907253968683e-01
5.561896845973827794e+02	8.978349581189085660e-01
5.655907195944980685e+02	8.979924706041834126e-01
5.751506562423700188e+02	8.981478557348582248e-01
5.848721803872531382e+02	8.983011407454140063e-01
5.947580232731010028e+02	8.984523525458874005e-01
6.048109623089127354e+02	8.986015177394734987e-01
6.150338218490370537e+02	8.987486626102418885e-01
6.254294739866654709e+02	8.988938131337482762e-01
6.360008393607505468e+02	8.990369949831481522e-01
6.467508879765434813e+02	8.991782335247923141e-01
6.576826400400219654e+02	8.993175538266424685e-01
6.687991668064009900e+02	8.994549806588076901e-01
6.801035914430051434e+02	8.995905384954078210e-01
6.915990899067132887e+02	8.997242515244328054e-01
7.032888918362326649e+02	8.998561436396206314e-01
7.151762814594706015e+02	8.999862384502440582e-01
7.272645985162197348e+02	9.001145592916391935e-01
7.395572391964639110e+02	9.002411292059974146e-01
7.520576570945196409e+02	9.003659709661708810e-01
7.647693641793268853e+02	9.004891070746481319e-01
7.776959317811260917e+02	9.006105597557870768e-01
7.908409915948119533e+02	9.007303509657643703e-01
8.042082367002620913e+02	9.008485024058616730e-01
8.178014225998882694e+02	9.009650355007398081e-01
8.316243682737505196e+02	9.010799714214428047e-01
8.456809572524798568e+02	9.011933310853683654e-01
8.599751387083596228e+02	9.013051351505008135e-01
8.745109285648341029e+02	9.014154040213288033e-01
8.892924106247685359e+02	9.015241578620349916e-01
9.043237377177986218e+02	9.016314165814677262e-01
9.196091328670457870e+02	9.017371998472201167e-01
9.351528904755820122e+02	9.018415270892589097e-01
9.509593775329200298e+02	9.019444174943015424e-01
9.670330348419231541e+02	9.020458900130964297e-01
9.833783782664356750e+02	9.021459633701763847e-01
1.000000000000000000e+03	9.022446560494590262e-01
