# Data associated with arXiv:2208.14002
# 
# Scale-free velocity distribution, f(E), of a nfw1-1rhos8e6 dark matter distribution (see Eq. 2.7 and the surrounding discussion)
# 
# Published: 8/25/22, Jack Runburg and Kenny Kiriu, contact: runburg@hawaii.edu
# 
# 
# -----------------------------------------------------------------
# 
# 	 tilde E 		 | 		 tilde f
# 
# -----------------------------------------------------------------
1.849274537751722771e-05	8.928068007738531113e+09
1.877382464545795606e-05	8.573431791050437927e+09
1.905917612591950095e-05	8.223518573695134163e+09
1.934886475260902980e-05	7.880449711398978233e+09
1.964295644613231543e-05	7.550798661092067719e+09
1.994151812899176896e-05	7.230263817451297760e+09
2.024461774081300221e-05	6.923336754458505630e+09
2.055232425380217612e-05	6.629440492951280594e+09
2.086470768843869556e-05	6.348018534039563179e+09
2.118183912940610334e-05	6.078540871752868652e+09
2.150379074176490720e-05	5.820502379749312401e+09
2.183063578737164942e-05	5.573419610240866661e+09
2.216244864154684821e-05	5.336826446157142639e+09
2.249930480999671030e-05	5.110274806439018250e+09
2.284128094599151472e-05	4.893340309816843033e+09
2.318845486780549261e-05	4.685615734180855751e+09
2.354090557642129312e-05	4.486709522290260315e+09
2.389871327350350747e-05	4.296245516088606834e+09
2.426195937964565605e-05	4.113866885335019588e+09
2.463072655289379604e-05	3.939231895683985233e+09
2.500509870755229276e-05	3.772009754427139759e+09
2.538516103327455986e-05	3.611885483381430626e+09
2.577100001444462336e-05	3.458559060041254044e+09
2.616270344985259917e-05	3.311741494875413418e+09
2.656036047266916665e-05	3.171156953163719654e+09
2.696406157072403872e-05	3.036541247678963661e+09
2.737389860709172213e-05	2.907639041105060577e+09
2.778996484099088311e-05	2.784208463133582592e+09
2.821235494900036785e-05	2.666018655157571316e+09
2.864116504659855916e-05	2.552846251113634109e+09
2.907649271002885101e-05	2.444477406850664139e+09
2.951843699849843051e-05	2.340709195045632839e+09
2.996709847671354877e-05	2.241346790015304089e+09
3.042257923775721682e-05	2.146202546861448050e+09
3.088498292631518098e-05	2.055097016290511847e+09
3.135441476225356609e-05	1.967858861067954302e+09
3.183098156455608759e-05	1.884324490525040150e+09
3.231479177562358363e-05	1.804336484283458948e+09
3.280595548594380563e-05	1.727743740231287241e+09
3.330458445913535000e-05	1.654402501380258560e+09
3.381079215737200941e-05	1.584175088483022690e+09
3.432469376719402151e-05	1.516929041716765881e+09
3.484640622571045718e-05	1.452537513324710846e+09
3.537604824720071714e-05	1.390879419623497009e+09
3.591374035011905364e-05	1.331839158435117245e+09
3.645960488451030284e-05	1.275305364593705893e+09
3.701376605984150374e-05	1.221171278858819723e+09
3.757634997325617963e-05	1.169335366144709110e+09
3.814748463825858710e-05	1.119700097320942163e+09
3.872730001383262166e-05	1.072171921697293997e+09
3.931592803400414855e-05	1.026661477741921067e+09
3.991350263785135291e-05	9.830830111257175207e+08
4.052015979997183729e-05	9.413545012798407078e+08
4.113603756141199586e-05	9.013974941515816450e+08
4.176127606106602426e-05	8.631367155167306662e+08
4.239601756755273748e-05	8.265002234714264870e+08
4.304040651157531837e-05	7.914190915477133989e+08
4.369458951877389032e-05	7.578271885247846842e+08
4.435871544307583357e-05	7.256612472184207439e+08
4.503293540055386054e-05	6.948607829758757353e+08
4.571740280379740665e-05	6.653679295915960073e+08
4.641227339680629484e-05	6.371271344859658480e+08
4.711770529041496808e-05	6.100851558252744675e+08
4.783385899825367291e-05	5.841911124623970985e+08
4.856089747325705670e-05	5.593963400876560211e+08
4.929898614472592487e-05	5.356541588030453920e+08
5.004829295595313553e-05	5.129198256853551269e+08
5.080898840242015050e-05	4.911505886967471838e+08
5.158124557057345823e-05	4.703054980547022820e+08
5.236524017719108729e-05	4.503452842663030624e+08
5.316115060934530913e-05	4.312323789874910116e+08
5.396915796497394420e-05	4.129308302270442843e+08
5.478944609406604467e-05	3.954061867411213517e+08
5.562220164047473403e-05	3.786254614708420038e+08
5.646761408436381700e-05	3.625570899489640594e+08
5.732587578529898826e-05	3.471708107850109339e+08
5.819718202599446859e-05	3.324376672777338624e+08
5.908173105672252215e-05	3.183299397549431324e+08
5.997972414039851301e-05	3.048210634408818483e+08
6.089136559834942928e-05	2.918856262606551051e+08
6.181686285677861397e-05	2.794992907149823308e+08
6.275642649393520028e-05	2.676387331772876680e+08
6.371027028799935066e-05	2.562816177262011468e+08
6.467861126569609328e-05	2.454065923202331960e+08
6.566166975164534534e-05	2.349932012022601366e+08
6.665966941846311231e-05	2.250218209961436987e+08
6.767283733762147961e-05	2.154736922231116891e+08
6.870140403108254842e-05	2.063308568893508911e+08
6.974560352371509775e-05	1.975761068220902681e+08
7.080567339650698313e-05	1.891929590907038152e+08
7.188185484058666182e-05	1.811656346130796671e+08
7.297439271206289759e-05	1.734790379853957593e+08
7.408353558769904378e-05	1.661187025895744860e+08
7.520953582143044254e-05	1.590707724226758480e+08
7.635264960174165062e-05	1.523219889177374840e+08
7.751313700991343928e-05	1.458596520259008706e+08
7.869126207915381197e-05	1.396715995564121902e+08
7.988729285462809664e-05	1.337461904729289263e+08
8.110150145439800609e-05	1.280722710418024063e+08
8.233416413128804353e-05	1.226391646833785921e+08
8.358556133568852326e-05	1.174366539450512528e+08
8.485597777931404458e-05	1.124549451341291666e+08
8.614570249992820658e-05	1.076846634495109469e+08
8.745502892705054243e-05	1.031168382058165818e+08
8.878425494866226133e-05	9.874287253399948776e+07
9.013368297892208740e-05	9.455453541215890646e+07
9.150362002691204998e-05	9.054394859241573513e+07
9.289437776642421650e-05	8.670356583073772490e+07
9.430627260680869651e-05	8.302616187383830547e+07
9.573962576489514155e-05	7.950481817986102402e+07
9.719476333800562988e-05	7.613290941041597724e+07
9.867201637807715094e-05	7.290409301436458528e+07
1.001717209669060764e-04	6.981229406795330346e+07
1.016942182925371961e-04	6.685169594610963017e+07
1.032398547268089886e-04	6.401673023751845211e+07
1.048089819040779196e-04	6.130206383821684867e+07
1.064019568011354726e-04	5.870258992891332507e+07
1.080191418183375066e-04	5.621341858815252781e+07
1.096609048619663380e-04	5.382986806413077563e+07
1.113276194278392214e-04	5.154745490649155527e+07
1.130196646861886137e-04	4.936188562977886200e+07
1.147374255678263767e-04	4.726905000670613348e+07
1.164812928516183199e-04	4.526501171114803851e+07
1.182516632532833395e-04	4.334600158436074108e+07
1.200489395155396799e-04	4.150841076421133429e+07
1.218735304996201884e-04	3.974878271904344112e+07
1.237258512781721522e-04	3.806380855807013810e+07
1.256063232295707435e-04	3.645032020589994639e+07
1.275153741336575413e-04	3.490528304867418110e+07
1.294534382689353530e-04	3.342579164623722434e+07
1.314209565112343795e-04	3.200906416252677143e+07
1.334183764338742813e-04	3.065243648578730971e+07
1.354461524093477601e-04	2.935335781208259240e+07
1.375047457125420263e-04	2.810938605853224918e+07
1.395946246255291075e-04	2.691818242410820723e+07
1.417162645439410979e-04	2.577750680082601309e+07
1.438701480849622781e-04	2.468521481660187989e+07
1.460567651969536644e-04	2.363925342308281362e+07
1.482766132707441932e-04	2.263765642250354961e+07
1.505301972526048584e-04	2.167854087419454008e+07
1.528180297589374606e-04	2.076010374931244180e+07
1.551406311927018740e-04	1.988061888354615122e+07
1.574985298616055215e-04	1.903843329828982428e+07
1.598922620980878552e-04	1.823196403787949309e+07
1.623223723811195198e-04	1.745969550807802752e+07
1.647894134598493763e-04	1.672017650718620047e+07
1.672939464791245933e-04	1.601201718946086988e+07
1.698365411069127000e-04	1.533388672511903755e+07
1.724177756636547114e-04	1.468451104066670686e+07
1.750382372535762147e-04	1.406266995014261082e+07
1.776985218979914357e-04	1.346719506072370335e+07
1.803992346706226205e-04	1.289696775958796591e+07
1.831409898349722453e-04	1.235091664753982984e+07
1.859244109837747806e-04	1.182801593536928669e+07
1.887501311805608059e-04	1.132728348395943269e+07
1.916187931033660563e-04	1.084777865514079109e+07
1.945310491906146737e-04	1.038860081845919229e+07
1.974875617892149894e-04	9.948887604065101594e+06
2.004890033048949431e-04	9.527813171297321096e+06
2.035360563548154107e-04	9.124586786911932752e+06
2.066294139224939127e-04	8.738451291039189324e+06
2.097697795150735604e-04	8.368681618590162136e+06
2.129578673229742651e-04	8.014583503327534534e+06
2.161944023819572732e-04	7.675492165034641512e+06
2.194801207376484550e-04	7.350770985234658234e+06
2.228157696125451206e-04	7.039810397284075618e+06
2.262021075755569967e-04	6.742026716517641209e+06
2.296399047141075460e-04	6.456860997987030074e+06
2.331299428088430645e-04	6.183778049699495547e+06
2.366730155109844126e-04	5.922265387571811676e+06
2.402699285223603039e-04	5.671832273482739925e+06
2.439214997781689344e-04	5.432008798255283386e+06
2.476285596324980659e-04	5.202344983215677552e+06
2.513919510466569606e-04	4.982409944933812134e+06
2.552125297803545093e-04	4.771791113214078359e+06
2.590911645857680592e-04	4.570093392215979286e+06
2.630287374045498601e-04	4.376938473449139856e+06
2.670261435678077762e-04	4.191964101723021828e+06
2.710842919991167214e-04	4.014823378004250582e+06
2.752041054205910152e-04	3.845184146704850718e+06
2.793865205620809202e-04	3.682728330552222673e+06
2.836324883735236125e-04	3.527151346965444740e+06
2.879429742405088658e-04	3.378161542620928027e+06
2.923189582031003771e-04	3.235479645285326522e+06
2.967614351779645056e-04	3.098838226441677194e+06
3.012714151838566780e-04	2.967981208266819362e+06
3.058499235705101817e-04	2.842663368676202837e+06
3.104980012509905027e-04	2.722649894859450869e+06
3.152167049375511482e-04	2.607715942715269513e+06
3.200071073810583375e-04	2.497646193556797225e+06
3.248702976140280924e-04	2.392234482195570599e+06
3.298073811973344354e-04	2.291283371270505246e+06
3.348194804706443165e-04	2.194603812770879362e+06
3.399077348066283826e-04	2.102014774536466692e+06
3.450733008690170319e-04	2.013342897371803876e+06
3.503173528745443096e-04	1.928422183354839450e+06
3.556410828588493583e-04	1.847093677708329866e+06
3.610457009463893612e-04	1.769205162290780572e+06
3.665324356244239372e-04	1.694610876427136129e+06
3.721025340211365248e-04	1.623171245449811453e+06
3.777572621879447443e-04	1.554752613646568498e+06
3.834979053860775294e-04	1.489226992571939016e+06
3.893257683774658650e-04	1.426471823876053095e+06
3.952421757200249783e-04	1.366369743809004314e+06
4.012484720673862573e-04	1.308808371301118052e+06
4.073460224731482331e-04	1.253680087067890679e+06
4.135362126997147131e-04	1.200881836570552317e+06
4.198204495317822433e-04	1.150314937539477600e+06
4.262001610945597352e-04	1.101884889683955116e+06
4.326767971767734883e-04	1.055501200396553380e+06
4.392518295585445647e-04	1.011077214601745480e+06
4.459267523442004199e-04	9.685299524596474366e+05
4.527030823001002664e-04	9.277799515416525537e+05
4.595823591975483789e-04	8.887511183632100001e+05
4.665661461608638667e-04	8.513705851369071752e+05
4.736560300206985800e-04	8.155685744991877582e+05
4.808536216726633792e-04	7.812782679124448914e+05
4.881605564413568198e-04	7.484356716607806738e+05
4.955784944498667832e-04	7.169795189434147906e+05
5.031091209948319485e-04	6.868511286569485674e+05
5.107541469271443700e-04	6.579943106040963903e+05
5.185153090383702980e-04	6.303552565457812743e+05
5.263943704529916489e-04	6.038824387825289741e+05
5.343931210265315474e-04	5.785265126794002717e+05
5.425133777496696534e-04	5.542402255635067122e+05
5.507569851584270685e-04	5.309783266907505458e+05
5.591258157505122218e-04	5.086974834814509377e+05
5.676217704079244454e-04	4.873561989673621720e+05
5.762467788258917841e-04	4.669147353396294056e+05
5.850027999482654457e-04	4.473350376640660688e+05
5.938918224094330177e-04	4.285806636400813004e+05
6.029158649828724207e-04	4.106167152054879116e+05
6.120769770364331216e-04	3.934097722067469149e+05
6.213772389944451080e-04	3.769278306250788155e+05
6.308187628067618785e-04	3.611402421583363321e+05
6.404036924248263530e-04	3.460176565737141646e+05
6.501342042848877456e-04	3.315319666671152809e+05
6.600125077984413937e-04	3.176562560275179567e+05
6.700408458500337885e-04	3.043647480092287296e+05
6.802214953025114124e-04	2.916327573697761400e+05
6.905567675098401269e-04	2.794366445139960852e+05
7.010490088376053735e-04	2.677537708194840816e+05
7.117006011912910919e-04	2.565624561173320399e+05
7.225139625524814452e-04	2.458419380501455453e+05
7.334915475230610301e-04	2.355723334199332166e+05
7.446358478775766355e-04	2.257346008252593456e+05
7.559493931238376371e-04	2.163105048896120570e+05
7.674347510719056221e-04	2.072825817281099153e+05
7.790945284115871963e-04	1.986341072208625556e+05
7.909313712985418599e-04	1.903490646534723346e+05
8.029479659491589117e-04	1.824121153474698076e+05
8.151470392442968383e-04	1.748085695315325866e+05
8.275313593420511801e-04	1.675243591898240848e+05
8.401037362996476932e-04	1.605460114484920632e+05
8.528670227046222449e-04	1.538606234197336307e+05
8.658241143154063804e-04	1.474558381387327390e+05
8.789779507114608070e-04	1.413198213226825756e+05
8.923315159531007785e-04	1.354412389881250856e+05
9.058878392511350271e-04	1.298092375923713407e+05
9.196499956464975704e-04	1.244134210650633468e+05
9.336211066999725722e-04	1.192438339014671801e+05
9.478043411921958147e-04	1.142909414263829531e+05
9.622029158340624508e-04	1.095456120263290941e+05
9.768200959876967293e-04	1.049991002393556118e+05
9.916591963981386242e-04	1.006430301428588864e+05
1.006723581935893954e-03	9.646937997769238427e+04
1.022016668350526989e-03	9.247046703472737863e+04
1.037541923035417528e-03	8.863893342734132602e+04
1.053302865803885284e-03	8.496773170457429660e+04
1.069303069676814412e-03	8.145011287452862598e+04
1.085546161681959871e-03	7.807961259378086834e+04
1.102035823665100224e-03	7.485003991610670346e+04
1.118775793113194715e-03	7.175546515261448803e+04
1.135769863989749334e-03	6.879020924687010120e+04
1.153021887582523922e-03	6.594883293901957222e+04
1.170535773363793469e-03	6.322612666280017584e+04
1.188315489863321032e-03	6.061710080339253909e+04
1.206365065554238945e-03	5.811697644090974063e+04
1.224688589752008549e-03	5.572117636876860342e+04
1.243290213526660089e-03	5.342531659110007604e+04
1.262174150628485184e-03	5.122519817019838956e+04
1.281344678427388936e-03	4.911679925624746829e+04
1.300806138866086436e-03	4.709626787691177742e+04
1.320562939427347929e-03	4.515991442818877113e+04
1.340619554115477603e-03	4.330420501802879153e+04
1.360980524452245870e-03	4.152575479104674741e+04
1.381650460487470746e-03	3.982132156676926388e+04
1.402634041824446292e-03	3.818780024950121879e+04
1.423936018660446881e-03	3.662221609022816119e+04
1.445561212842503109e-03	3.512172015536831896e+04
1.467514518938677461e-03	3.368358347334658174e+04
1.489800905325042255e-03	3.230519210818410284e+04
1.512425415288594496e-03	3.098404226875984023e+04
1.535393168146322084e-03	2.971773564780521701e+04
1.558709360380657093e-03	2.850397498775282293e+04
1.582379266791524930e-03	2.734055978547576888e+04
1.606408241665246766e-03	2.622538222509812476e+04
1.630801719960511646e-03	2.515642317185689535e+04
1.655565218511661140e-03	2.413174875146925478e+04
1.680704337249529830e-03	2.314950613817782141e+04
1.706224760440074300e-03	2.220792071930090242e+04
1.732132257941060380e-03	2.130529250775270702e+04
1.758432686477015517e-03	2.043999304286810730e+04
1.785131990932752001e-03	1.961046236648641934e+04
1.812236205665670747e-03	1.881520614511279564e+04
1.839751455837127306e-03	1.805279285869668456e+04
1.867683958763115748e-03	1.732185120002170515e+04
1.896040025284532592e-03	1.662106750286086026e+04
1.924826061157294431e-03	1.594918331321199912e+04
1.954048568462564677e-03	1.530499305293693214e+04
1.983714147037385876e-03	1.468734180612104137e+04
2.013829495925972563e-03	1.409512316899370671e+04
2.044401414851955683e-03	1.352727719097039699e+04
2.075436805711861326e-03	1.298278844609413864e+04
2.106942674090107621e-03	1.246068412487348905e+04
2.138926130795808841e-03	1.196003225066482810e+04
2.171394393421671211e-03	1.147993995600656126e+04
2.204354787925300908e-03	1.101955184160744102e+04
2.237814750233193140e-03	1.057804836435847210e+04
2.271781827867723653e-03	1.015464437768507742e+04
2.306263681597440617e-03	9.748587631834026979e+03
2.341268087110966959e-03	9.359157424866703877e+03
2.376802936714836681e-03	8.985663237163456870e+03
2.412876241055540542e-03	8.627443500268387652e+03
2.449496130866159280e-03	8.283864351691710908e+03
2.486670858737856284e-03	7.954318462023221400e+03
2.524408800773472392e-03	7.638223945262723646e+03
2.562718458958683845e-03	7.335023250604250279e+03
2.601608462218350012e-03	7.044182174536647835e+03
2.641087568799420186e-03	6.765188856648343062e+03
2.681164668049006074e-03	6.497552842430975943e+03
2.721848782342058994e-03	6.240804185746974326e+03
2.763149069036282667e-03	5.994492583694406676e+03
2.805074822454618148e-03	5.758186551516304462e+03
2.847635475895635669e-03	5.531472628994200022e+03
2.890840603672191651e-03	5.313954626224753156e+03
2.934699923178731192e-03	5.105252894336354984e+03
2.979223296987568246e-03	4.905003630281345067e+03
3.024420734974513861e-03	4.712858213889357103e+03
3.070302396474225426e-03	4.528482566388453961e+03
3.116878592465646431e-03	4.351556540318719271e+03
3.164159787787904510e-03	4.181773335845192378e+03
3.212156603387034213e-03	4.018838938300538757e+03
3.260879818593920461e-03	3.862471584211703430e+03
3.310340373433851274e-03	3.712401242394666497e+03
3.360549370968007182e-03	3.568369125773575433e+03
3.411518079667360051e-03	3.430127218719359462e+03
3.463257935819298756e-03	3.297437821739462379e+03
3.515780545967413240e-03	3.170073122606431298e+03
3.569097689384818136e-03	3.047814784592088017e+03
3.623221320581410197e-03	2.930453539017053572e+03
3.678163571845485813e-03	2.817788815449284357e+03
3.733936755820065588e-03	2.709628371247019004e+03
3.790553368114399097e-03	2.605787945108017084e+03
3.848026089951007631e-03	2.506090922569166651e+03
3.906367790848702497e-03	2.410368014936663712e+03
3.965591531341958360e-03	2.318456952459752756e+03
4.025710565737102183e-03	2.230202193282494136e+03
4.086738344905695500e-03	2.145454637982554232e+03
4.148688519115530278e-03	2.064071362570527526e+03
4.211574940899682866e-03	1.985915358933396192e+03
4.275411667964022430e-03	1.910855289006438852e+03
4.340212966133604085e-03	1.838765246209103907e+03
4.405993312338384732e-03	1.769524529934579277e+03
4.472767397638647592e-03	1.703017426394917948e+03
4.540550130290609866e-03	1.639133002493451386e+03
4.609356638705161893e-03	1.577764903327075217e+03
4.679202275161374949e-03	1.518811163094920857e+03
4.750102618177418946e-03	1.462174023098154066e+03
4.822073476266948260e-03	1.407759753531570823e+03
4.895130891084851013e-03	1.355478486849206092e+03
4.969291140742827795e-03	1.305244056618639661e+03
5.044570743168092994e-03	1.256973843559732359e+03
5.120986459505672342e-03	1.210588627371769462e+03
5.198555297564718194e-03	1.166012445081857777e+03
5.277294515309272765e-03	1.123172455649099675e+03
5.357221624393929474e-03	1.081998810614288459e+03
5.438354393744743685e-03	1.042424528029937164e+03
5.520710853185909796e-03	1.004385375779530250e+03
5.604309297112575021e-03	9.678197538461879503e+02
5.689168288210226174e-03	9.326685876075181341e+02
5.775306661221035406e-03	8.988752226048937928e+02
5.862743526757654110e-03	8.663853223236764052e+02
5.951498275164784565e-03	8.351467755946650868e+02
6.041590580429017678e-03	8.051095983968359633e+02
6.133040404137268115e-03	7.762258513141943013e+02
6.225867999484272636e-03	7.484495519240007297e+02
6.320093915329527169e-03	7.217365951942352922e+02
6.415739000304038209e-03	6.960446727456273948e+02
6.512824406967316140e-03	6.713332020368738995e+02
6.611371596014960043e-03	6.475632529131927413e+02
6.711402340537255505e-03	6.246974797764287359e+02
6.812938730329105505e-03	6.027000557473857043e+02
6.916003176251702897e-03	5.815366096749766029e+02
7.020618414646289697e-03	5.611741686242105516e+02
7.126807511800350124e-03	5.415810939573294718e+02
7.234593868466602552e-03	5.227270333609855015e+02
7.344001224435089611e-03	5.045828636852708655e+02
7.455053663158738540e-03	4.871206414148500699e+02
7.567775616432671076e-03	4.703135524167745416e+02
7.682191869127618505e-03	4.541358682623101686e+02
7.798327563977649167e-03	4.385628991833046371e+02
7.916208206422638630e-03	4.235709525906189015e+02
8.035859669505590955e-03	4.091372915545591127e+02
8.157308198825208301e-03	3.952400950056991178e+02
8.280580417543882341e-03	3.818584211213168942e+02
8.405703331314537050e-03	3.689721705989265388e+02
8.532704333925916762e-03	3.565620520123973733e+02
8.661611211718982239e-03	3.446095490285126175e+02
8.792452149307313988e-03	3.330968883610974558e+02
8.925255734747498948e-03	3.220070093001647820e+02
9.060050964884278427e-03	3.113235347278822474e+02
9.196867250752346901e-03	3.010307425255671205e+02
9.335734423035129542e-03	2.911135401128925082e+02
9.476682737580465615e-03	2.815574370338097765e+02
9.619742880973407642e-03	2.723485215334330292e+02
9.764945976166150218e-03	2.634734365309161035e+02
9.912323588165026025e-03	2.549193568233339704e+02
1.006190772977476160e-02	2.466739677230710015e+02
1.021373086739982457e-02	2.387254438822349130e+02
1.036782592690288496e-02	2.310624297795955329e+02
1.052422629952036448e-02	2.236740202650285880e+02
1.068296584783481711e-02	2.165497423498085823e+02
1.084407891180429358e-02	2.096795375641446526e+02
1.100760031484819372e-02	2.030537453171643847e+02
1.117356536998973318e-02	1.966630864956878781e+02
1.134200988605460307e-02	1.904986480948702479e+02
1.151297017392564556e-02	1.845518684566152956e+02
1.168648305285329043e-02	1.788145229312255822e+02
1.186258585688347578e-02	1.732787102218667883e+02
1.204131644104076276e-02	1.679368393735934148e+02
1.222271318814586484e-02	1.627816171987707037e+02
1.240681501512599406e-02	1.578060362128678378e+02
1.259366137965104229e-02	1.530033632103397281e+02
1.278329228677013707e-02	1.483671280431489947e+02
1.297574829560074056e-02	1.438911132612790311e+02
1.317107052606973638e-02	1.395693436259785472e+02
1.336930066570585565e-02	1.353960766219476568e+02
1.357048097648266838e-02	1.313657929884419104e+02
1.377465430171136151e-02	1.274731877699376383e+02
1.398186407298252984e-02	1.237131617600956446e+02
1.419215431715606206e-02	1.200808131656096265e+02
1.440556966339816974e-02	1.165714297707414033e+02
1.462215535026457902e-02	1.131804813587295371e+02
1.484195723282882504e-02	1.099036124156261423e+02
1.506502178985455812e-02	1.067366350330060385e+02
1.529139613101049636e-02	1.036755225260242241e+02
1.552112800417279788e-02	1.007164026411800677e+02
1.575426580254591508e-02	9.785555152308501192e+01
1.599085857225217983e-02	9.508938826985466619e+01
1.623095601954122405e-02	9.241446833997177635e+01
1.647460851823800282e-02	8.982747886081587296e+01
1.672186711718556817e-02	8.732523325714267060e+01
1.697278354772014872e-02	8.490466609337858017e+01
1.722741023117686440e-02	8.256282814512445611e+01
1.748580028642419959e-02	8.029688300693740644e+01
1.774800753742519430e-02	7.810410018670852139e+01
1.801408652082334486e-02	7.598185341077439148e+01
1.828409249355094496e-02	7.392761520720938506e+01
1.855808144045787214e-02	7.193895340928878568e+01
1.883611008195804071e-02	7.001352722326227251e+01
1.911823588169155388e-02	6.814908375452539246e+01
1.940451705419949172e-02	6.634345471637020353e+01
1.969501257260915933e-02	6.459455264869616542e+01
1.998978217632657595e-02	6.290036861335966023e+01
2.028888637873351580e-02	6.125896822000620290e+01
2.059238647488615542e-02	5.966848846370064763e+01
2.090034454921205209e-02	5.812713686142916458e+01
2.121282348320211938e-02	5.663318661663225839e+01
2.152988696309447031e-02	5.518497518608019448e+01
2.185159948347683775e-02	5.378090117114042812e+01
2.217802637529094067e-02	5.241942226801445059e+01
2.250923377277421616e-02	5.109905361113926858e+01
2.284528866176950557e-02	4.981836458845761229e+01
2.318625886696438348e-02	4.857597702453461608e+01
2.353221305594771148e-02	4.737056331010622756e+01
2.388322077601231358e-02	4.620084374852059739e+01
2.423935242874405288e-02	4.506558656491462500e+01
2.460067926755431927e-02	4.396360507987439803e+01
2.496727345280774779e-02	4.289375474466370264e+01
2.533920802392810451e-02	4.185493287384144168e+01
2.571655691684949716e-02	4.084607718985489555e+01
2.609939496679372292e-02	3.986616383552652820e+01
2.648779791977952727e-02	3.891420601185252792e+01
2.688184243767376830e-02	3.798925266471982809e+01
2.728160610131741617e-02	3.709038698266577683e+01
2.768716743392693122e-02	3.621672518978627409e+01
2.809860587910159233e-02	3.536741553135364313e+01
2.851600184131549559e-02	3.454163676049309117e+01
2.893943665802391901e-02	3.373859724813110006e+01
2.936899264211568009e-02	3.295753379253358872e+01
2.980475304803762576e-02	3.219771060436084298e+01
3.024680212289351799e-02	3.145841829950979118e+01
3.069522506470444626e-02	3.073897302108289153e+01
3.115010807158644437e-02	3.003871512025257218e+01
3.161153832953711440e-02	2.935700883623722035e+01
3.207960399707129873e-02	2.869324139905560855e+01
3.255439425174584678e-02	2.804682150262369689e+01
3.303599927607624859e-02	2.741717933376865446e+01
3.352451024131103408e-02	2.680376581287515236e+01
3.402001935813844802e-02	2.620605128767764569e+01
3.452261986682144540e-02	2.562352698468825452e+01
3.503240604281657872e-02	2.505567958730234679e+01
3.554947338171935561e-02	2.450200150040900127e+01
3.607392140156621269e-02	2.396219217745336039e+01
3.660583216842269033e-02	2.343578906776547299e+01
3.714532474180573529e-02	2.292211766467639578e+01
3.769248854291325224e-02	2.242090893672943608e+01
3.824742482585005710e-02	2.193186890432193437e+01
3.881023521735439685e-02	2.145453041680427120e+01
3.938102230810298920e-02	2.098853429107041180e+01
3.995988969661024709e-02	2.053352835294371559e+01
4.054694204896257953e-02	2.008917210190027802e+01
4.114228508229192394e-02	1.965513780149459322e+01
4.174602554739032662e-02	1.923110921547271701e+01
4.235827127107678197e-02	1.881677938969437136e+01
4.297913136521094857e-02	1.841185699535689935e+01
4.360871528194851243e-02	1.801606402058201439e+01
4.424713426984944187e-02	1.762912711725627446e+01
4.489450013490550034e-02	1.725078110822488497e+01
4.555092642223373262e-02	1.688077218125196310e+01
4.621652705799025873e-02	1.651886086640400819e+01
4.689141724366695241e-02	1.616481548493297993e+01
4.757571323182181733e-02	1.581841010891956323e+01
4.826953231125249294e-02	1.547942889330558636e+01
4.897299281176582114e-02	1.514766404725060234e+01
4.968621411303225655e-02	1.482291573454541656e+01
5.040931661261936064e-02	1.450499192577279395e+01
5.114242173141730213e-02	1.419370794469479335e+01
5.188565193271237747e-02	1.388888613470588496e+01
5.263913066498156212e-02	1.359035571868691328e+01
5.340298241527709211e-02	1.329795273736456629e+01
5.417733263720497100e-02	1.301151954484523010e+01
5.496230780136514976e-02	1.273090436052511265e+01
5.575803536200434063e-02	1.245596167977029722e+01
5.656464371775103001e-02	1.218655160314191122e+01
5.738226226861217749e-02	1.192253964237475650e+01
5.821102132625171482e-02	1.166379653419235929e+01
5.905105219362085517e-02	1.141019799554971570e+01
5.990248703959809295e-02	1.116162506252394770e+01
6.076545897656088907e-02	1.091796296640746711e+01
6.164010202928629778e-02	1.067910128844592066e+01
6.252655110838094277e-02	1.044493411736019262e+01
6.342494195993904349e-02	1.021535982959083810e+01
6.433541121471599011e-02	9.990280365945588770e+00
6.525809632876763966e-02	9.769601210680537662e+00
6.619313564136258821e-02	9.553231552632588830e+00
6.714066816568847740e-02	9.341084000650939245e+00
6.810083387770074492e-02	9.133074968805384941e+00
6.907377315289893460e-02	8.929124077826655181e+00
7.005962747703690929e-02	8.729152343294160232e+00
7.105853891718304227e-02	8.533083994176033471e+00
7.207065023628138334e-02	8.340846772926367336e+00
7.309610483050768548e-02	8.152370478023302169e+00
7.413504676915516622e-02	7.967587135156728451e+00
7.518762073358410680e-02	7.786431015348114215e+00
7.625397195868370559e-02	7.608838543354830009e+00
7.733424627308785326e-02	7.434747885257671385e+00
7.842859005115733473e-02	7.264099394983945857e+00
7.953715002726655103e-02	7.096835431294659102e+00
8.066007351172249651e-02	6.932899187976348188e+00
8.179750829655493827e-02	6.772235427394578622e+00
8.294960246279450833e-02	6.614790940225931060e+00
8.411650448900823140e-02	6.460513740479495226e+00
8.529836314617529613e-02	6.309352852953929336e+00
8.649532755107973425e-02	6.161258319328037025e+00
8.770754700870946052e-02	6.016181640442128220e+00
8.893517104442179300e-02	5.874075161493670372e+00
9.017834934487731213e-02	5.734892117122515565e+00
9.143723170616037399e-02	5.598586613501644216e+00
9.271196802328361686e-02	5.465113552040002709e+00
9.400270818550277019e-02	5.334428627289216074e+00
9.530960208956680557e-02	5.206488130517791468e+00
9.663279956660066061e-02	5.081249037977356053e+00
9.797245030087008144e-02	4.958668931147257375e+00
9.932870385044023642e-02	4.838705913388476887e+00
1.007017095105496862e-01	4.721318584841377231e+00
1.020916163363558976e-01	4.606465920035210715e+00
1.034985730912302559e-01	4.494107415832559127e+00
1.049227280136354745e-01	4.384203203406259242e+00
1.063642290406232593e-01	4.276713382630250138e+00
1.078232235751259704e-01	4.171598530426696705e+00
1.092998584210638363e-01	4.068819698271802565e+00
1.107942797984830530e-01	3.968338127542590854e+00
1.123066332432104686e-01	3.870115374507035799e+00
1.138370635020768268e-01	3.774113359460334660e+00
1.153857145471308132e-01	3.680294159520818287e+00
1.169527294695389963e-01	3.588620191894515532e+00
1.185382503704831697e-01	3.499054166259326415e+00
1.201424183726175487e-01	3.411558985666625521e+00
1.217653734956807288e-01	3.326097766995759208e+00
1.234072546185268487e-01	3.242633981160236711e+00
1.250681993284939175e-01	3.161131351205563877e+00
1.267483439731717787e-01	3.081553782143163112e+00
1.284478234579380374e-01	3.003865490970529795e+00
1.301667712660990184e-01	2.928030906560531665e+00
1.319053193413611269e-01	2.854014758558407472e+00
1.336635979732724300e-01	2.781782065431231743e+00
1.354417357991147819e-01	2.711298083734190900e+00
1.372398596455796926e-01	2.642528388959451302e+00
1.390580944760126392e-01	2.575438842155823416e+00
1.408965633397091799e-01	2.509995587579916698e+00
1.427553872114400157e-01	2.446165087649969649e+00
1.446346850089509639e-01	2.383914108760968098e+00
1.465345734002327371e-01	2.323209767027039518e+00
1.484551667866867986e-01	2.264019516326764681e+00
1.503965771904008930e-01	2.206311131923767821e+00
1.523589141573605255e-01	2.150052737882408138e+00
1.543422847258438257e-01	2.095212818484390116e+00
1.563467932365144031e-01	2.041760234123160878e+00
1.583725413355731304e-01	1.989664227013680620e+00
1.604196278140408161e-01	1.938894405993271786e+00
1.624881485814434479e-01	1.889420774481599841e+00
1.645781965032607486e-01	1.841213731815886323e+00
1.666898613846743149e-01	1.794244081129108270e+00
1.688232297970308771e-01	1.748483034012584092e+00
1.709783850708197217e-01	1.703902220858998229e+00
1.731554071127174854e-01	1.660473688542718707e+00
1.753543723939325061e-01	1.618169886202075913e+00
1.775753538426536882e-01	1.576963728164895162e+00
1.798184206337077040e-01	1.536828579732593125e+00
1.820836382892290217e-01	1.497738177381796820e+00
1.843710684711453718e-01	1.459666722942653649e+00
1.866807688664599563e-01	1.422588891294438662e+00
1.890127931772208891e-01	1.386479761111439002e+00
1.913671909892356582e-01	1.351314873437826858e+00
1.937440076380539389e-01	1.317070226161340063e+00
1.961432842039296520e-01	1.283722243789437112e+00
1.985650573806517494e-01	1.251247805804070357e+00
2.010093593434265635e-01	1.219624255524889511e+00
2.034762177478287581e-01	1.188829356609268473e+00
2.059656556004677841e-01	1.158841329282221055e+00
2.084776911306985558e-01	1.129638852980340280e+00
2.110123377923767141e-01	1.101201024014300200e+00
2.135696041381947297e-01	1.073507392858101595e+00
2.161494936973943903e-01	1.046537961272193451e+00
2.187520049787994858e-01	1.020273140970767045e+00
2.213771313508992034e-01	9.946937917914766558e-01
2.240248609278114589e-01	9.697812103840716125e-01
2.266951765719097678e-01	9.455171039952329215e-01
2.293880557818908372e-01	9.218836054910550803e-01
2.321034705891037997e-01	8.988632866971847379e-01
2.348413875679103702e-01	8.764391080133546730e-01
2.376017676856415906e-01	8.545944582944449142e-01
2.403845663151618073e-01	8.333131153486851295e-01
2.431897331280939711e-01	8.125792797407627166e-01
2.460172120063741086e-01	7.923775452467455294e-01
2.488669410816584382e-01	7.726928854988645012e-01
2.517388525996899773e-01	7.535106732868942503e-01
2.546328728789313822e-01	7.348166556001154426e-01
2.575489223532254623e-01	7.165969509308208751e-01
2.604869153840216889e-01	6.988380703701336794e-01
2.634467603050695828e-01	6.815268825470019998e-01
2.664283593988984733e-01	6.646506101244152864e-01
2.694316087965987205e-01	6.481968395095758506e-01
2.724563985248364406e-01	6.321535055634746048e-01
2.755026123949128602e-01	6.165088870211706817e-01
2.785701280546168390e-01	6.012515996712338717e-01
2.816588169361550764e-01	5.863705965422087996e-01
2.847685442009970092e-01	5.718551600376763355e-01
2.878991688140686844e-01	5.576948889057879999e-01
2.910505434321126184e-01	5.438797089407831908e-01
2.942225144903850564e-01	5.303998348937821739e-01
2.974149221625259631e-01	5.172458084150336477e-01
3.006276003201342473e-01	5.044084701248479075e-01
3.038603766235043468e-01	4.918789240417052455e-01
3.071130724912751186e-01	4.796485967146273954e-01
3.103855030707775020e-01	4.677091808217448965e-01
3.136774773444752640e-01	4.560526372820097873e-01
3.169887981101192631e-01	4.446712017600048528e-01
3.203192619632525551e-01	4.335573770790822068e-01
3.236686594177185516e-01	4.227039137187347251e-01
3.270367748826562559e-01	4.121038114709493216e-01
3.304233867324132823e-01	4.017503200504557448e-01
3.338282672911749294e-01	3.916369268717405094e-01
3.372511829711615228e-01	3.817573415607639076e-01
3.406918942806772543e-01	3.721055034444777920e-01
3.441501558384397752e-01	3.626755722314080055e-01
3.476257165212838784e-01	3.534619136122925109e-01
3.511183194860186263e-01	3.444590973271656198e-01
3.546277021997809031e-01	3.356618968087765054e-01
3.581535966062180387e-01	3.270652725023570073e-01
3.616957291028237154e-01	3.186643712760936498e-01
3.652538207071517884e-01	3.104545158470606858e-01
3.688275871059785715e-01	3.024312008164374843e-01
3.724167387244707861e-01	2.945900899493745229e-01
3.760209808502690820e-01	2.869269995355483438e-01
3.796400137528104235e-01	2.794378995813630029e-01
3.832735327013592208e-01	2.721189075247406053e-01
3.869212281691412625e-01	2.649662755983407392e-01
3.905827858840926758e-01	2.579763887243285425e-01
3.942578869537939901e-01	2.511457604802622146e-01
3.979462079710665012e-01	2.444710222176775249e-01
4.016474211669507910e-01	2.379489167054462950e-01
4.053611945060778821e-01	2.315762975837474258e-01
4.090871917878539099e-01	2.253501190324479764e-01
4.128250728333420771e-01	2.192674308389567228e-01
4.165744935878450406e-01	2.133253723094362675e-01
4.203351062183675046e-01	2.075211691317345730e-01
4.241065593329045313e-01	2.018521262050771148e-01
4.278884980222193435e-01	1.963156234352134433e-01
4.316805640907687147e-01	1.909091087787385954e-01
4.354823961590058023e-01	1.856300978763874565e-01
4.392936297734820750e-01	1.804761651739059114e-01
4.431138976336164714e-01	1.754449458472719381e-01
4.469428297024153895e-01	1.705341215902163587e-01
4.507800533127667708e-01	1.657414294856317527e-01
4.546251934092550573e-01	1.610646474882856116e-01
4.584778726596556719e-01	1.565015984447965802e-01
4.623377115641370549e-01	1.520501445480352543e-01
4.662043287045257167e-01	1.477081840445635119e-01
4.700773408572382350e-01	1.434736485143411067e-01
4.739563631051297854e-01	1.393445039060957624e-01
4.778410090909013253e-01	1.353187427450553704e-01
4.817308911311146136e-01	1.313943864580141285e-01
4.856256203305191477e-01	1.275694846737443766e-01
4.895248068360630311e-01	1.238421084363585667e-01
4.934280599517053556e-01	1.202103536805463335e-01
4.973349882552879353e-01	1.166723393925356844e-01
5.012451998492269967e-01	1.132262041872166280e-01
5.051583024760717411e-01	1.098701078712416151e-01
5.090739036380835802e-01	1.066022315942325022e-01
5.129916108405006003e-01	1.034207731526113477e-01
5.169110317080037875e-01	1.003239512454095067e-01
5.208317741070258577e-01	9.731000303479704627e-02
5.247534463881678990e-01	9.437718424575786136e-02
5.286756574514502871e-01	9.152376912698048650e-02
5.325980169837432054e-01	8.874804615321905954e-02
5.365201355551988405e-01	8.604833436663882063e-02
5.404416247724276312e-01	8.342296094893836278e-02
5.443620974738688778e-01	8.087027449188019523e-02
5.482811678445749237e-01	7.838864323336157403e-02
5.521984515675983918e-01	7.597645521260412704e-02
5.561135659748145388e-01	7.363211843907266352e-02
5.600261301763745925e-01	7.135406180949430133e-02
5.639357651908196711e-01	6.914073297251382977e-02
5.678420941987839532e-01	6.699060008326453153e-02
5.717447424772621467e-01	6.490215455309628068e-02
5.756433377069446466e-01	6.287390862674986647e-02
5.795375099934186869e-01	6.090439567908620400e-02
5.834268920881660048e-01	5.899217152602395653e-02
5.873111194176148242e-01	5.713581460535665374e-02
5.911898302939007088e-01	5.533392527468508626e-02
5.950626659999939116e-01	5.358512737726383451e-02
5.989292708592429682e-01	5.188806835301581349e-02
6.027892924401047070e-01	5.024141777627166155e-02
6.066423816226523824e-01	4.864386929493522138e-02
6.104881926629556199e-01	4.709414072969579645e-02
6.143263833863534806e-01	4.559097246391727309e-02
6.181566152465036712e-01	4.413312927396169372e-02
6.219785533776056585e-01	4.271940028751713969e-02
6.257918667815239866e-01	4.134859735525267532e-02
6.295962283750259347e-01	4.001955681441267398e-02
6.333913150317307394e-01	3.873113921505077356e-02
6.371768077608073177e-01	3.748222790719975966e-02
6.409523917430952622e-01	3.627173037957664992e-02
6.447177563637271902e-01	3.509857810602769884e-02
6.484725953799994613e-01	3.396172506541198649e-02
6.522166069472796757e-01	3.286014895247282852e-02
6.559494936435626977e-01	3.179285091986038675e-02
6.596709626238509427e-01	3.075885417874960406e-02
6.633807256370672922e-01	2.975720502137379000e-02
6.670784990439768691e-01	2.878697246547530855e-02
6.707640039553295352e-01	2.784724705489687382e-02
6.744369662412366129e-01	2.693714153474935716e-02
6.780971165438529624e-01	2.605579049790752652e-02
6.817441904071648295e-01	2.520234960337930721e-02
6.853779282283812835e-01	2.437599557559591568e-02
6.889980753785247547e-01	2.357592579339615191e-02
6.926043821809642065e-01	2.280135830879307518e-02
6.961966039419589247e-01	2.205153122708963104e-02
6.997745010366066554e-01	2.132570210590075538e-02
7.033378388765280098e-01	2.062314812325469204e-02
7.068863879538910266e-01	1.994316540076531558e-02
7.104199238912201064e-01	1.928506888170606129e-02
7.139382273738166251e-01	1.864819231210016262e-02
7.174410842262693988e-01	1.803188675600694846e-02
7.209282855014507163e-01	1.743552078437328803e-02
7.243996272939027259e-01	1.685848104189932584e-02
7.278549109183404253e-01	1.630017090285398526e-02
7.312939428023441657e-01	1.576001017446429509e-02
7.347165345651349710e-01	1.523743483821737507e-02
7.381225029817195527e-01	1.473189686457655051e-02
7.415116699373173192e-01	1.424286387421564402e-02
7.448838625111744438e-01	1.376981853802881212e-02
7.482389128549644663e-01	1.331225847156984089e-02
7.515766582818882435e-01	1.286969557510951427e-02
7.548969412067497720e-01	1.244165605091135558e-02
7.581996090844289604e-01	1.202768008431050022e-02
7.614845144774515795e-01	1.162732097174805183e-02
7.647515149910649734e-01	1.124014537069327122e-02
7.680004732025969005e-01	1.086573290539917698e-02
7.712312567261465635e-01	1.050367543976654834e-02
7.744437381239234197e-01	1.015357701356003721e-02
7.776377949068569162e-01	9.815053749146127743e-03
7.808133094397119445e-01	9.487733353114095186e-03
7.839701690011439128e-01	9.171254527625070582e-03
7.871082657013984685e-01	8.865267105996096908e-03
7.902274963982283129e-01	8.569431719982711221e-03
7.933277627512216323e-01	8.283419137065600388e-03
7.964089711346001854e-01	8.006910352853689739e-03
7.994710325504669202e-01	7.739596327966270090e-03
8.025138626748311577e-01	7.481177341356773022e-03
8.055373817699214012e-01	7.231363071533293378e-03
8.085415145949070848e-01	6.989872337368368757e-03
8.115261904519763814e-01	6.756432617728442766e-03
8.144913430393116993e-01	6.530779995063776613e-03
8.174369104867449387e-01	6.312658766685911443e-03
8.203628352609855234e-01	6.101821331132909615e-03
8.232690640962256889e-01	5.898027968561776919e-03
8.261555480000331020e-01	5.701046432425833400e-03
8.290222421514391593e-01	5.510651969044056027e-03
8.318691058383315129e-01	5.326627001035837659e-03
8.346961024582425503e-01	5.148760765389707832e-03
8.375031994243169464e-01	4.976849303066434131e-03
8.402903681001639979e-01	4.810695235503750430e-03
8.430575837797376071e-01	4.650107557512495916e-03
8.458048255554023731e-01	4.494901330813344531e-03
8.485320764128863047e-01	4.344897568131659248e-03
8.512393229582848608e-01	4.199923203937360426e-03
8.539265555555931586e-01	4.059810694918562432e-03
8.565937681450098706e-01	3.924397947622322233e-03
8.592409582250166711e-01	3.793528193604287987e-03
8.618681268040400134e-01	3.667049738712993036e-03
8.644752783033411436e-01	3.544815836232115876e-03
8.670624205561060505e-01	3.426684520029162247e-03
8.696295646851863737e-01	3.312518546361334186e-03
8.721767250558738471e-01	3.202185157808271412e-03
8.747039192651491213e-01	3.095555890272105436e-03
8.772111680197700601e-01	2.992506598067226631e-03
8.796984950818271809e-01	2.892917217950051727e-03
8.821659272668099794e-01	2.796671576658658898e-03
8.846134943156740427e-01	2.703657429448902156e-03
8.870412288430825631e-01	2.613766233620067308e-03
8.894491663371751899e-01	2.526892978200629639e-03
8.918373450276938508e-01	2.442936217247351337e-03
8.942058058391094688e-01	2.361797861832621009e-03
8.965545923896273139e-01	2.283383025036707890e-03
8.988837508571757562e-01	2.207600059703568145e-03
9.011933299364383032e-01	2.134360349233070490e-03
9.034833808439818315e-01	2.063578185220532862e-03
9.057539571660924160e-01	1.995170801170643386e-03
9.080051148440643205e-01	1.929058166713388308e-03
9.102369121536921792e-01	1.865162885051120569e-03
9.124494095767667901e-01	1.803410227254760015e-03
9.146426697713061493e-01	1.743727941045152430e-03
9.168167575576224859e-01	1.686046158258699837e-03
9.189717397982870573e-01	1.630297408868963596e-03
9.211076853649101670e-01	1.576416487961398690e-03
9.232246651047245622e-01	1.524340360615231583e-03
9.253227517510808076e-01	1.474008115171939436e-03
9.274020199075243553e-01	1.425360887253326013e-03
9.294625459587187999e-01	1.378341822087174318e-03
9.315044080178336294e-01	1.332895979436155183e-03
9.335276859094869817e-01	1.288970240054901914e-03
9.355324610950644937e-01	1.246513289448589320e-03
9.375188166046810601e-01	1.205475558783180440e-03
9.394868370275747393e-01	1.165809167315697828e-03
9.414366083827555576e-01	1.127467827165493054e-03
9.433682182174053521e-01	1.090406784911105440e-03
9.452817553888256397e-01	1.054582854185564817e-03
9.471773101164139286e-01	1.019954310932866476e-03
9.490549739068206980e-01	9.864808219221159538e-04
9.509148394942670279e-01	9.541234121846401241e-04
9.527570008610692920e-01	9.228444323130963753e-04
9.545815530556330808e-01	8.926075352577234664e-04
9.563885923085693186e-01	8.633775643546393258e-04
9.581782158761020796e-01	8.351205782066707618e-04
9.599505220154265217e-01	8.078037931913236618e-04
9.617056099987121298e-01	7.813955050221026372e-04
9.634435800010935358e-01	7.558651188971623937e-04
9.651645330731305483e-01	7.311830702208436212e-04
9.668685711543099082e-01	7.073207720403785646e-04
9.685557969621072516e-01	6.842506393524664396e-04
9.702263139685953774e-01	6.619460141248263707e-04
9.718802264170662841e-01	6.403811207111209831e-04
9.735176392072065754e-01	6.195310897138521121e-04
9.751386578816438888e-01	5.993718909253650763e-04
9.767433886259294651e-01	5.798802730313053124e-04
9.783319382222345206e-01	5.610338091655451762e-04
9.799044139069401638e-01	5.428108504888349726e-04
9.814609235132202292e-01	5.251904266992089843e-04
9.830015753351509789e-01	5.081523122334780009e-04
9.845264780348964573e-01	4.916769906606729881e-04
9.860357407580877531e-01	4.757455538161983787e-04
9.875294730153171274e-01	4.603397650309703614e-04
9.890077845933697986e-01	4.454420218926252945e-04
9.904707856666860044e-01	4.310352860708310005e-04
9.919185866484049319e-01	4.171031133757888945e-04
9.933512981946844844e-01	4.036296178253970918e-04
9.947690312268251400e-01	3.905994426375623916e-04
9.961718967932490232e-01	3.779977671127515010e-04
9.975600061564883214e-01	3.658102558542502712e-04
9.989334707045551820e-01	3.540230659346166753e-04
1.000292401902122430e+00	3.426228310674400723e-04
1.001636911345700209e+00	3.315966253184782328e-04
1.002967110643728565e+00	3.209319664691189216e-04
1.004283111470294365e+00	3.106167841996791473e-04
1.005585025512484076e+00	3.006394283350177429e-04
1.006872964388149327e+00	2.909886585415174328e-04
1.008147039703656711e+00	2.816535838288231042e-04
1.009407363053841156e+00	2.726236780755094194e-04
1.010654045878764729e+00	2.638887930802722901e-04
1.011887199563720197e+00	2.554391236561824531e-04
1.013106935301868683e+00	2.472651893088767734e-04
1.014313364213230262e+00	2.393578197452614364e-04
1.015506597205486639e+00	2.317081671196754233e-04
1.016686744994478309e+00	2.243076796659560629e-04
1.017853918132426427e+00	2.171480826855228864e-04
1.019008226910142589e+00	2.102213967233712956e-04
1.020149781369972253e+00	2.035199023182867261e-04
1.021278691346701573e+00	1.970361391586501678e-04
1.022395066317083101e+00	1.907629083024426459e-04
1.023499015534359957e+00	1.846932333487079120e-04
1.024590647941135080e+00	1.788203847085809357e-04
1.025670072086301676e+00	1.731378717534921125e-04
1.026737396250080980e+00	1.676393974010743676e-04
1.027792728342937556e+00	1.623188828233049924e-04
1.028836175897068106e+00	1.571704669555677063e-04
1.029867846040521728e+00	1.521884755910456991e-04
1.030887845561885507e+00	1.473674181108191878e-04
1.031896280799319943e+00	1.427020010537109957e-04
1.032893257663217934e+00	1.381871037179213332e-04
1.033878881678312434e+00	1.338177684190666814e-04
1.034853257889154499e+00	1.295892158788511134e-04
1.035816490875944851e+00	1.254968220984412758e-04
1.036768684797052531e+00	1.215361121856146627e-04
1.037709943299318871e+00	1.177027686912516347e-04
1.038640369539589603e+00	1.139926151324441837e-04
1.039560066225331481e+00	1.104016131139575689e-04
1.040469135482994023e+00	1.069258642958571164e-04
1.041367679001945712e+00	1.035615919315424985e-04
1.042255797905819348e+00	1.003051502813276613e-04
1.043133592793135778e+00	9.715301683792453783e-05
1.044001163739231242e+00	9.410178163939499942e-05
1.044858610252710873e+00	9.114815110297747676e-05
1.045706031309486139e+00	8.828894181406558449e-05
1.046543525298193389e+00	8.552107527593474695e-05
1.047371190072019287e+00	8.284157347730473540e-05
1.048189122885984981e+00	8.024755796885665751e-05
1.048997420442824069e+00	7.773625058765395535e-05
1.049796178804245361e+00	7.530496087946670150e-05
1.050585493533095605e+00	7.295108151277783720e-05
1.051365459527793700e+00	7.067210069041378773e-05
1.052136171105159335e+00	6.846559041400033954e-05
1.052897721978305778e+00	6.632919788994713997e-05
1.053650205247862237e+00	6.426064993564338816e-05
1.054393713411031941e+00	6.225774914128475606e-05
1.055128338325963755e+00	6.031836964268871891e-05
1.055854171268888697e+00	5.844045361264128743e-05
1.056571302866187612e+00	5.662201561323280778e-05
1.057279823106907157e+00	5.486113497298598278e-05
1.057979821384039454e+00	5.315594962803881743e-05
1.058671386439230311e+00	5.150466370882227681e-05
1.059354606362532092e+00	4.990554027932644931e-05
1.060029568648173992e+00	4.835689469485370153e-05
1.060696360126474280e+00	4.685710334454598315e-05
1.061355066971116923e+00	4.540459417022827836e-05
1.062005774757873500e+00	4.399784300392956720e-05
1.062648568389063852e+00	4.263538125731208524e-05
1.063283532110246954e+00	4.131578648880810094e-05
1.063910749563548475e+00	4.003767969240828935e-05
1.064530303715095938e+00	3.879973183668729227e-05
1.065142276869367466e+00	3.760065544807222735e-05
1.065746750734608561e+00	3.643920221470835143e-05
1.066343806325821708e+00	3.531416984363134763e-05
1.066933524012428247e+00	3.422439263501566941e-05
1.067515983552701941e+00	3.316874059023916380e-05
1.068091264021758358e+00	3.214612529761013072e-05
1.068659443845725088e+00	3.115549147191104258e-05
1.069220600837136104e+00	3.019581626274325418e-05
1.069774812134587139e+00	2.926611302219817528e-05
1.070322154230998191e+00	2.836542705989259351e-05
1.070862702987867898e+00	2.749283327237246242e-05
1.071396533605792456e+00	2.664743707383688141e-05
1.071923720667800950e+00	2.582837265415312833e-05
1.072444338084569626e+00	2.503480322195790716e-05
1.072958459153201316e+00	2.426591746760257753e-05
1.073466156524475856e+00	2.352093236366520479e-05
1.073967502189197232e+00	2.279908977329008594e-05
1.074462567538099655e+00	2.209965414827730042e-05
1.074951423310868126e+00	2.142191702594055223e-05
1.075434139580303761e+00	2.076519119441360521e-05
1.075910785876337705e+00	2.012880806724162041e-05
1.076381431029530766e+00	1.951212509603457367e-05
1.076846143265598466e+00	1.891452081583120247e-05
1.077304990183790556e+00	1.833539234253354287e-05
1.077758038752297143e+00	1.777415558808930718e-05
1.078205355355558392e+00	1.723024440775058517e-05
1.078647005728480490e+00	1.670311326962578452e-05
1.079083054997806101e+00	1.619223370786239912e-05
1.079513567688774378e+00	1.569709345986362983e-05
1.079938607698451847e+00	1.521719679186229275e-05
1.080358238351784239e+00	1.475206282525074960e-05
1.080772522347235975e+00	1.430122841699087537e-05
1.081181521770130161e+00	1.386424447647289780e-05
1.081585298149578156e+00	1.344067398397108609e-05
1.081983912391070612e+00	1.303009732717693430e-05
1.082377424797285270e+00	1.263210676101349070e-05
1.082765895126037936e+00	1.224630604793548815e-05
1.083149382517339721e+00	1.187231452771564596e-05
1.083527945520954328e+00	1.150976264838102627e-05
1.083901642137716337e+00	1.115829001431013598e-05
1.084270529810874795e+00	1.081755046480460112e-05
1.084634665324748504e+00	1.048721081638567146e-05
1.084994104985260721e+00	1.016694351266011680e-05
1.085348904507355439e+00	9.856433259515453251e-06
1.085699119032732973e+00	9.555376840998919377e-06
1.086044803134940784e+00	9.263478687043224719e-06
1.086386010884295761e+00	8.980452639948048900e-06
1.086722795719561319e+00	8.706022970188816615e-06
1.087055210613496747e+00	8.439920768709811307e-06
1.087383307947317634e+00	8.181886825372807498e-06
1.087707139565728509e+00	7.931669866881625318e-06
1.088026756815579033e+00	7.689026074616462026e-06
1.088342210448213887e+00	7.453720652075139710e-06
1.088653550738347908e+00	7.225525130938373591e-06
1.088960827408407050e+00	7.004217778236511618e-06
1.089264089677773661e+00	6.789584368083227991e-06
1.089563386244078780e+00	6.581417946044675781e-06
1.089858765261426443e+00	6.379518364358447178e-06
1.090150274406556763e+00	6.183689836461438727e-06
1.090437960861464939e+00	5.993743768439701843e-06
1.090721871251700392e+00	5.809499449369297088e-06
1.091002051729339728e+00	5.630778953998028151e-06
1.091278548002011961e+00	5.457409531031437200e-06
1.091551405217763282e+00	5.289225689387435855e-06
1.091820668088435031e+00	5.126067540167863638e-06
1.092086380772357979e+00	4.967779323942542435e-06
1.092348587031708007e+00	4.814209178350583175e-06
1.092607330100236807e+00	4.665211135458677742e-06
1.092862652741337648e+00	4.520643808788940949e-06
1.093114597280851141e+00	4.380368981932733674e-06
1.093363205559277906e+00	4.244254034814893215e-06
1.093608518943381958e+00	4.112169800969889066e-06
1.093850578390578088e+00	3.983991179418489092e-06
1.094089424330327853e+00	3.859597776070215481e-06
1.094325096810664144e+00	3.738871165772045344e-06
1.094557635417612529e+00	3.621696904955460977e-06
1.094787079288341847e+00	3.507965705811855374e-06
1.095013467101219273e+00	3.397570406853380076e-06
1.095236837145245001e+00	3.290406603781202606e-06
1.095457227256523280e+00	3.186374040234969859e-06
1.095674674821346839e+00	3.085375353662430999e-06
1.095889216858024540e+00	2.987315114033510479e-06
1.096100889927568822e+00	2.892102037440296508e-06
1.096309730163961493e+00	2.799647390933268962e-06
1.096515773339040267e+00	2.709863772247361962e-06
1.096719054782318903e+00	2.622668013052818656e-06
1.096919609408029572e+00	2.537978796302275400e-06
1.097117471773582320e+00	2.455716600255034550e-06
1.097312676008479038e+00	2.375805026946043899e-06
1.097505255842093019e+00	2.298169634029890139e-06
1.097695244662320047e+00	2.222737944303388054e-06
1.097882675398830443e+00	2.149439956731019299e-06
1.098067580668392385e+00	2.078207104787740008e-06
1.098249992675606634e+00	2.008972784221998134e-06
1.098429943252545948e+00	1.941672772681841927e-06
1.098607463874494927e+00	1.876244071855782607e-06
1.098782585628194974e+00	1.812625730221469861e-06
1.098955339254553021e+00	1.750757923379078556e-06
1.099125755137257965e+00	1.690582579266506185e-06
1.099293863279648731e+00	1.632043588963829407e-06
1.099459693346241274e+00	1.575085393566031482e-06
1.099623274669319750e+00	1.519654359417521984e-06
1.099784636176680319e+00	1.465697855273758034e-06
1.099943806546482827e+00	1.413163606840261542e-06
1.100100814046669706e+00	1.362001401468237001e-06
1.100255686628919261e+00	1.312162075951662349e-06
1.100408451912028740e+00	1.263596731096396544e-06
1.100559137182694824e+00	1.216257388117444627e-06
1.100707769411237047e+00	1.170096879572662918e-06
1.100854375221932857e+00	1.125068394139959647e-06
1.100998980960261164e+00	1.081125208220917708e-06
1.101141612626333810e+00	1.038221433603778848e-06
1.101282295898515562e+00	9.963110330065708523e-07
1.101421056182257274e+00	9.553473979835076061e-07
1.101557918552113824e+00	9.152840943642225284e-07
1.101692907764032503e+00	8.760740495655020186e-07
1.101826048315031947e+00	8.376684644802681007e-07
1.101957364382172511e+00	8.000180065458691712e-07
1.102086879829322630e+00	7.630712142750013426e-07
1.102214618275421110e+00	7.267737215320261990e-07
1.102340603022440746e+00	6.910685058395675530e-07
1.102464857074626270e+00	6.558942100460872786e-07
1.102587403196358951e+00	6.211835087350984707e-07
1.102708263846250869e+00	5.868623839342332594e-07
1.102827461190646119e+00	5.528472567037067432e-07
1.102945017174792541e+00	5.185353282126559092e-07
1.103060953431771241e+00	4.848396425423686601e-07
1.103175291327349150e+00	4.511012613417494494e-07
1.103288052000851671e+00	4.171475659332103518e-07
1.103399256297357356e+00	3.827556171504109790e-07
1.103508924801196445e+00	3.476235702795201497e-07
1.103617077874005314e+00	3.113203243284819397e-07
1.103723735601190192e+00	2.731864559726103774e-07
1.103828917814961397e+00	2.321066244881126763e-07
1.103932644114524964e+00	1.858951939361950201e-07
1.104034933842148014e+00	1.288752067880559758e-07
1.104135806118946572e+00	0.000000000000000000e+00
