# Data associated with arXiv:2208.14002
# 
# Scale-free J-factor angular distribution, J_S(theta), of a nfw1-1rhos8e6 dark matter distribution (see Eq. 2.4 and the surrounding discussion)
# 
# Published: 8/25/22, Jack Runburg and Kenny Kiriu, contact: runburg@hawaii.edu
# 
# 
# -----------------------------------------------------------------
# 
# 	 tilde theta 		 | 	 tilde J s-wave 		 | 	 tilde J p-wave 		 | 	 tilde J d-wave 		 | 	 tilde J sommerfeld 
# 
# -----------------------------------------------------------------
1.000000000000000021e-03	1.914534474792851601e+06	2.372023558909411440e+04	8.105646107095963089e+03	5.207135658565001935e+07
1.021192151037671062e-03	1.886278274563986342e+06	2.359622559139010264e+04	8.084818585354074457e+03	5.106734471562488377e+07
1.042833409340945643e-03	1.857424320542668691e+06	2.346929707250912179e+04	8.063487829553333540e+03	5.004311545991072804e+07
1.064933292458827233e-03	1.827980600952942856e+06	2.333945327196698054e+04	8.041653045052340531e+03	4.899906667863763124e+07
1.087501519637659123e-03	1.797958048843323952e+06	2.320670740261669562e+04	8.019315007039782358e+03	4.793571233832872659e+07
1.110548016095517111e-03	1.767371011756551918e+06	2.307108442883834141e+04	7.996476354680085933e+03	4.685370054460514337e+07
1.134082917387199208e-03	1.736237822223089868e+06	2.293262326997543641e+04	7.973141958980202617e+03	4.575383534567315131e+07
1.158116573861711456e-03	1.704581504042709246e+06	2.279137959498708369e+04	7.949319394349384311e+03	4.463710356612405926e+07
1.182659555214217667e-03	1.672430667995929252e+06	2.264742947241981165e+04	7.925019562054394555e+03	4.350470857664542645e+07
1.207722655134462354e-03	1.639820683580294484e+06	2.250087431895082409e+04	7.900257547329221779e+03	4.235811402741234750e+07
1.233316896053688856e-03	1.606795275594336679e+06	2.235184793990095204e+04	7.875053858007458075e+03	4.119910265673145652e+07
1.259453533992170365e-03	1.573408822201897623e+06	2.220052719915554189e+04	7.849436334068692304e+03	4.002985949160781503e+07
1.286144063509461061e-03	1.539729923242576420e+06	2.204714961325348486e+04	7.823443354015389559e+03	3.885309819627422094e+07
1.313400222759557485e-03	1.505847576659899205e+06	2.189204593467310406e+04	7.797129882966363766e+03	3.767227373485325277e+07
1.341233998653187541e-03	1.471883769375021802e+06	2.173571152387495385e+04	7.770580953857162967e+03	3.649200154134836048e+07
1.369657632129505243e-03	1.438027070106626255e+06	2.157901062368384009e+04	7.743950841440335353e+03	3.531913478986445069e+07
1.398683623539492566e-03	1.404688865460327594e+06	2.142418514364134535e+04	7.717658748878874576e+03	3.416759563272453845e+07
1.428324738143458596e-03	1.370987299294800498e+06	2.126467735081943829e+04	7.690403165754986730e+03	3.301278842457017303e+07
1.458594011725036863e-03	1.337627678436823655e+06	2.110345553182338699e+04	7.662698852929307577e+03	3.188112352046484128e+07
1.489504756324154782e-03	1.304340853888003621e+06	2.093801091838909997e+04	7.634025155147481200e+03	3.076645128869902343e+07
1.521070566091505720e-03	1.272195014216184150e+06	2.077577011586716253e+04	7.605838423878441063e+03	2.969991392614568770e+07
1.553305323267072666e-03	1.240971336407617200e+06	2.061549530305884764e+04	7.577901514536797549e+03	2.867399548289607465e+07
1.586223204285366938e-03	1.210121417623194400e+06	2.045331940915149607e+04	7.549444494475696956e+03	2.767224563343836367e+07
1.619838686010041055e-03	1.180046525062684668e+06	2.029217094050312517e+04	7.521045552588106148e+03	2.670581879074489698e+07
1.654166552100628336e-03	1.150724956287592649e+06	2.013203949771402040e+04	7.492703435129982608e+03	2.577341023084766790e+07
1.689221899514206692e-03	1.122122623036262346e+06	1.997286907068245637e+04	7.464410287289976623e+03	2.487320176664394513e+07
1.725020145144853453e-03	1.094226921159227146e+06	1.981466300169771421e+04	7.436168330777646588e+03	2.400429441492426395e+07
1.761577032603788440e-03	1.067032373062161962e+06	1.965745533182489817e+04	7.407983669039820597e+03	2.316600646087810397e+07
1.798908639143220224e-03	1.040518488733864273e+06	1.950123359692939630e+04	7.379854611253588700e+03	2.235720807110611349e+07
1.837031382726912916e-03	1.014655039745855378e+06	1.934594750797041343e+04	7.351773717338516690e+03	2.157635847508253530e+07
1.875962029250603357e-03	9.894306643929459387e+05	1.919161037821416903e+04	7.323743389593887514e+03	2.082263008220039308e+07
1.915717699915417882e-03	9.648406039987999247e+05	1.903825984145959228e+04	7.295769874965886629e+03	2.009554717242498323e+07
1.956315878757565116e-03	9.408655610089700203e+05	1.888587987481697201e+04	7.267851031545915248e+03	1.939398555012996495e+07
1.997774420337589726e-03	9.174787347417784622e+05	1.873442352608274814e+04	7.239979798825782382e+03	1.871666932883751765e+07
2.040111557592579582e-03	8.946698845318509266e+05	1.858390402149136207e+04	7.212158598575105316e+03	1.806289460989836976e+07
2.083345909854779961e-03	8.724348745019619819e+05	1.843435568862367654e+04	7.184393660546216779e+03	1.743223163807231933e+07
2.127496491040134757e-03	8.507555719757681945e+05	1.828574917765181817e+04	7.156682173269036866e+03	1.682369143552975729e+07
2.172582718010372237e-03	8.296082194965133676e+05	1.813803894307963492e+04	7.129017382808392540e+03	1.623616001020397618e+07
2.218624419112281976e-03	8.089835889958071057e+05	1.799123883116458819e+04	7.101401720362226115e+03	1.566907153611066751e+07
2.265641842897974604e-03	7.888780802779300138e+05	1.784538623018771614e+04	7.073841552333996333e+03	1.512200607438785397e+07
2.313655667029933423e-03	7.692746947394734016e+05	1.770045995705630412e+04	7.046333894783666437e+03	1.459414941478751972e+07
2.362687007374795686e-03	7.501523750645393739e+05	1.755641922136263747e+04	7.018872392870189287e+03	1.408453533795962483e+07
2.412757427289825233e-03	7.315028047993887449e+05	1.741327687143273215e+04	6.991459467164476337e+03	1.359263436849931441e+07
2.463888947106213784e-03	7.133228530877728481e+05	1.727106973589782501e+04	6.964101533424643094e+03	1.311812820752459764e+07
2.516104053813336943e-03	6.955966095874842722e+05	1.712977531882992480e+04	6.936795247014738379e+03	1.266025591861711256e+07
2.569425710948245768e-03	6.783054154619615292e+05	1.698934812696161680e+04	6.909534387878053167e+03	1.221821344148696773e+07
2.623877368694733318e-03	6.614417766914124368e+05	1.684979420930768538e+04	6.882321200113252416e+03	1.179152545182574168e+07
2.679482974196439188e-03	6.450029677477338118e+05	1.671114856599503037e+04	6.855162081105649122e+03	1.137992784641582705e+07
2.736266982088478034e-03	6.289741244523464702e+05	1.657338771369664755e+04	6.828053319493466915e+03	1.098274831801572256e+07
2.794254365252289707e-03	6.133387159418379888e+05	1.643647609358767659e+04	6.800989226684023379e+03	1.059929134226044454e+07
2.853470625798387814e-03	5.980899903371846303e+05	1.630042599159314159e+04	6.773972226892224171e+03	1.022918881938454695e+07
2.913941806281861776e-03	5.832255719566810876e+05	1.616527364530669911e+04	6.747008813913386803e+03	9.872164211290944368e+06
2.975694501155571117e-03	5.687315977163022617e+05	1.603099306181699285e+04	6.720094902058121988e+03	9.527654622513823211e+06
3.038755868466027146e-03	5.545934244998771464e+05	1.589755056580928249e+04	6.693225103779597703e+03	9.195046389668403193e+06
3.103153641797168783e-03	5.408049698639875278e+05	1.576495694742950218e+04	6.666401812677466296e+03	8.874011377538619563e+06
3.168916142467233243e-03	5.273641602049283683e+05	1.563323865489862328e+04	6.639631240338339012e+03	8.564328079505410045e+06
3.236072291984112663e-03	5.142580865371883265e+05	1.550236513848089089e+04	6.612908853733097203e+03	8.265481822759606875e+06
3.304651624764658874e-03	5.014737801829144591e+05	1.537230511766142081e+04	6.586229586256316907e+03	7.976957646813515574e+06
3.374684301123556836e-03	4.890057633051148732e+05	1.524307136796090890e+04	6.559595886212315236e+03	7.698466207547507249e+06
3.446201120537424525e-03	4.768522204726389027e+05	1.511469945995560556e+04	6.533014302522609796e+03	7.429842784506991506e+06
3.519233535190044709e-03	4.650011514626192511e+05	1.498715997060083100e+04	6.506480050833964015e+03	7.170611663923284970e+06
3.593813663804625805e-03	4.534410716714485898e+05	1.486042435889804074e+04	6.479988384496084109e+03	6.920340490442023613e+06
3.669974305769219299e-03	4.421670464107256266e+05	1.473450471048823420e+04	6.453541760572944440e+03	6.678786987356194295e+06
3.747748955561452412e-03	4.311774893417633721e+05	1.460943532049278838e+04	6.427146730335919528e+03	6.445779278998871334e+06
3.827171817478984984e-03	4.204612541646692553e+05	1.448517963247473017e+04	6.400797972498276067e+03	6.220917664353398606e+06
3.908277820682117681e-03	4.100081765537783504e+05	1.436170432182792501e+04	6.374490764524462065e+03	6.003818505718133412e+06
3.991102634555192957e-03	3.998138060892007779e+05	1.423902152756273608e+04	6.348227553996816823e+03	5.794279699036437087e+06
4.075682684393532908e-03	3.898767572005063412e+05	1.411716468555852953e+04	6.322014867807598421e+03	5.592149731017303653e+06
4.162055167422817371e-03	3.801866916552347247e+05	1.399610294004841126e+04	6.295847314208161151e+03	5.397083173441101797e+06
4.250258069157961290e-03	3.707346120477470686e+05	1.387581216826442142e+04	6.269720749764263019e+03	5.208764595961445943e+06
4.340330180108637088e-03	3.615165109678149456e+05	1.375630427955656342e+04	6.243637663740562857e+03	5.026995909148559906e+06
4.432311112838861061e-03	3.525311709200473269e+05	1.363761268936951637e+04	6.217604618298425521e+03	4.851675717479921877e+06
4.526241319388085715e-03	3.437690156521701720e+05	1.351970496158414790e+04	6.191615932559973771e+03	4.682473175684148446e+06
4.622162109061505458e-03	3.352220825699158595e+05	1.340255332930423538e+04	6.165667506859765126e+03	4.519119394388371147e+06
4.720115666597336779e-03	3.268867637275269954e+05	1.328616239838427828e+04	6.139761496305423861e+03	4.361447164570921101e+06
4.820145070719144588e-03	3.187619863200908876e+05	1.317056452035534312e+04	6.113904421545081277e+03	4.209359756159610115e+06
4.922294313081310678e-03	3.108388905472795013e+05	1.305572632289274588e+04	6.088090308039598312e+03	4.062575703220671043e+06
5.026608317615998724e-03	3.031104305988583947e+05	1.294162698578528762e+04	6.062315555849556404e+03	3.920862153804344125e+06
5.133132960290130720e-03	2.955733592640256393e+05	1.282827851352980906e+04	6.036582674102171040e+03	3.784086256679938640e+06
5.241915089281041530e-03	2.882267273878685082e+05	1.271571376671444159e+04	6.010898260200945515e+03	3.652155671660365071e+06
5.353002545579732367e-03	2.810623480046764016e+05	1.260389830111971060e+04	5.985256065097840292e+03	3.524828631808693521e+06
5.466444184030696055e-03	2.740739874841603450e+05	1.249281307331841526e+04	5.959652758864783209e+03	3.401906784971537534e+06
5.582289894817666839e-03	2.672587231491344282e+05	1.238246483797801739e+04	5.934090601089891607e+03	3.283261855582211167e+06
5.700590625404708227e-03	2.606157132820412226e+05	1.227287789842689381e+04	5.908575739426354630e+03	3.168822079471209552e+06
5.821398402942216249e-03	2.541374002404212661e+05	1.216401686160228019e+04	5.883101639825792518e+03	3.058364482706982642e+06
5.944766357147824969e-03	2.478182698191015224e+05	1.205586494821992892e+04	5.857665238864061394e+03	2.951726511401431635e+06
6.070748743672167193e-03	2.416556918067114020e+05	1.194843326454019734e+04	5.832269037498481339e+03	2.848797953888124786e+06
6.199400967959818945e-03	2.356489179030546511e+05	1.184175267852957950e+04	5.806919562932534063e+03	2.749519590100421570e+06
6.330779609615908021e-03	2.297909775684828346e+05	1.173578845357284445e+04	5.781610136854243137e+03	2.653698722842819057e+06
6.464942447289089879e-03	2.240769941220181354e+05	1.163052529156955643e+04	5.756337980492238785e+03	2.561190818100715056e+06
6.601948484081890736e-03	2.185046013095304952e+05	1.152597359906393467e+04	5.731105576728393316e+03	2.471909877761470154e+06
6.741857973499477616e-03	2.130731301868431328e+05	1.142215762145787448e+04	5.705919058884061997e+03	2.385790426186467055e+06
6.884732445948405985e-03	2.077761592676659930e+05	1.131903581258055965e+04	5.680771088809197863e+03	2.302668732914582361e+06
7.030634735796891313e-03	2.026093758722940693e+05	1.121659386995788009e+04	5.655659079290098816e+03	2.222417904817681294e+06
7.179629009008595825e-03	1.975706515155784728e+05	1.111484289368208920e+04	5.630585584609106263e+03	2.144960728351499885e+06
7.331780791361950343e-03	1.926593863347720471e+05	1.101381305633162083e+04	5.605557108119578515e+03	2.070249098514787387e+06
7.487156997267587974e-03	1.878696695593806508e+05	1.091346793912640533e+04	5.580566476352195423e+03	1.998136027047865326e+06
7.645825959196438613e-03	1.831976880640697491e+05	1.081379508655755671e+04	5.555611401637122071e+03	1.928516542676199460e+06
7.807857457731475631e-03	1.786415275156673160e+05	1.071480559577795611e+04	5.530694469041555749e+03	1.861321423620029353e+06
7.973322752256328111e-03	1.742006479163597687e+05	1.061652661789397098e+04	5.505822010794654489e+03	1.796512642538209213e+06
8.142294612294233985e-03	1.698696133986394852e+05	1.051891341014788850e+04	5.480986055951852904e+03	1.733954773850834230e+06
8.314847349511189298e-03	1.656450530611165159e+05	1.042195290125033898e+04	5.456184397982879091e+03	1.673557946165717207e+06
8.491056850397209546e-03	1.615252454013597453e+05	1.032565589853539132e+04	5.431419612301118832e+03	1.615266010420559673e+06
8.671000609640279119e-03	1.575097023246847966e+05	1.023005053069688256e+04	5.406698085765847281e+03	1.559038488599179778e+06
8.854757764207504128e-03	1.535934290631258627e+05	1.013510041936869493e+04	5.382012264598834008e+03	1.504765008414106444e+06
9.042409128148579806e-03	1.497734460250438715e+05	1.004079589627124187e+04	5.357360331022594437e+03	1.452366964663144434e+06
9.234037228136720080e-03	1.460482058798311627e+05	9.947146941871164017e+03	5.332744864808063539e+03	1.401795183393784799e+06
9.429726339762870002e-03	1.424172642727634229e+05	9.854181020475936748e+03	5.308172254043904104e+03	1.353016600099123782e+06
9.629562524599030379e-03	1.388760368378669955e+05	9.761854347833366774e+03	5.283634161553480226e+03	1.305931559184267651e+06
9.833633668047030499e-03	1.354218897675492335e+05	9.670154392068096058e+03	5.259128636697383627e+03	1.260474645064346958e+06
1.004202951798940403e-02	1.320534321209068876e+05	9.579091201003600872e+03	5.234658219139452740e+03	1.216598824404332321e+06
1.025484172425938229e-02	1.287702591022562556e+05	9.488691833608512752e+03	5.210229254620878237e+03	1.174280946444140282e+06
1.047216387894729824e-02	1.255681649222574051e+05	9.398919565642065209e+03	5.185833878557475145e+03	1.133429821793084498e+06
1.069409155756119272e-02	1.224448222243213531e+05	9.309766882023830476e+03	5.161470701761035343e+03	1.093991150964630302e+06
1.092072236105970547e-02	1.193989810815808887e+05	9.221244591345594017e+03	5.137142412824073290e+03	1.055926303702348843e+06
1.115215595877575537e-02	1.164302704629254731e+05	9.133377757554799246e+03	5.112855221933758912e+03	1.019212144356375444e+06
1.138849413224978825e-02	1.135348357059492992e+05	9.046122763645174928e+03	5.088600400024717601e+03	9.837700685170558281e+05
1.162984081999205582e-02	1.107106201716487558e+05	8.959469300002514501e+03	5.064376378295388349e+03	9.495518115768696880e+05
1.187630216319339981e-02	1.079565009887609340e+05	8.873427722497535797e+03	5.040185829822504274e+03	9.165267183895900380e+05
1.212798655240480798e-02	1.052721366557664878e+05	8.788023527150782684e+03	5.016034989462585145e+03	8.846716484820975456e+05
1.238500467520621366e-02	1.026539969546072971e+05	8.703219917432748844e+03	4.991915670186876923e+03	8.539208150757596595e+05
1.264746956488544717e-02	1.001002647599203192e+05	8.619011705542068739e+03	4.967826950202453190e+03	8.242335049398408737e+05
1.291549665014883955e-02	9.760993160812299175e+04	8.535409093052347089e+03	4.943771600345143270e+03	7.955799746057427255e+05
1.318920380588532899e-02	9.518268137585502700e+04	8.452435352319076628e+03	4.919755652808026753e+03	7.679432542206328362e+05
1.346871140500627631e-02	9.281528409444131830e+04	8.370046069993599303e+03	4.895769867883963343e+03	7.412626465828398941e+05
1.375414237138396570e-02	9.050613409351931477e+04	8.288234535657064043e+03	4.871813241960350751e+03	7.155034399802720873e+05
1.404562223391196511e-02	8.825432596448335971e+04	8.207010915679189566e+03	4.847888485526094883e+03	6.906406290297125233e+05
1.434327918171109106e-02	8.605956600869922841e+04	8.126399386475844949e+03	4.824001735765887133e+03	6.666601765827168711e+05
1.464724412050539583e-02	8.391890100888331654e+04	8.046363715022655924e+03	4.800144580591253543e+03	6.435097037666677497e+05
1.495765073019278586e-02	8.183091226287228346e+04	7.966900210125556441e+03	4.776316462692517234e+03	6.211588572081405437e+05
1.527463552363575450e-02	7.979478724633340607e+04	7.888018747755601908e+03	4.752520153169313744e+03	5.995881993725174107e+05
1.559833790669801906e-02	7.781025182393491559e+04	7.809737683278019176e+03	4.728761161186355821e+03	5.787813641371086705e+05
1.592890023955338338e-02	7.587460802015528316e+04	7.732014993652868725e+03	4.705030155919780555e+03	5.586939125620319974e+05
1.626646789929399317e-02	7.398660238941181160e+04	7.654848008211350134e+03	4.681326788449757260e+03	5.392997404934384394e+05
1.661118934386526108e-02	7.214550571273903188e+04	7.578246486880174416e+03	4.657653841460452895e+03	5.205810337154059671e+05
1.696321617735579643e-02	7.035106154678428720e+04	7.502232623490779588e+03	4.634017266570573156e+03	5.025254379045792739e+05
1.732270321667098503e-02	6.860080675747054920e+04	7.426771376253709604e+03	4.610408545215869708e+03	4.850941168211647891e+05
1.768980855961942850e-02	6.689363384809417767e+04	7.351860849110606068e+03	4.586827577433939041e+03	4.682658821990461438e+05
1.806469365444235767e-02	6.522888905205396441e+04	7.277507603049611134e+03	4.563276731513024970e+03	4.520232510516913608e+05
1.844752337081655841e-02	6.360633079562940839e+04	7.203725486827482200e+03	4.539760746257121355e+03	4.363566444461367792e+05
1.883846607236187159e-02	6.202371269287674659e+04	7.130478831319221172e+03	4.516270874481478131e+03	4.212304077304595849e+05
1.923769369068539445e-02	6.048005601132388256e+04	7.057766891650577236e+03	4.492807216676701501e+03	4.066265080090326373e+05
1.964538180099485026e-02	5.897477457590889389e+04	6.985599289317900912e+03	4.469372652002681207e+03	3.925311889993801597e+05
2.006170969931423895e-02	5.750764077649355022e+04	6.913996567449631584e+03	4.445972993293358741e+03	3.789351654415080557e+05
2.048686048133601528e-02	5.607660687550354487e+04	6.842924320051751238e+03	4.422599577945243254e+03	3.658085980407827301e+05
2.092102112294418406e-02	5.468080807285058836e+04	6.772377853304666132e+03	4.399251955296296728e+03	3.531350850431760191e+05
2.136438256244391209e-02	5.331971902305450931e+04	6.702361339985800441e+03	4.375932187450132915e+03	3.409033971962005016e+05
2.181713978453380873e-02	5.199312445140859927e+04	6.632893395933506326e+03	4.352645800750167837e+03	3.291041669611281832e+05
2.227949190605761978e-02	5.069915935472671117e+04	6.563940031826929044e+03	4.329384034160198098e+03	3.177120201869845623e+05
2.275164226357336353e-02	4.943705946955844411e+04	6.495501646399091442e+03	4.306147302179936560e+03	3.067133201705982792e+05
2.323379850277806913e-02	4.820635416684706433e+04	6.427588108395112613e+03	4.282938665390478491e+03	2.960976686370939715e+05
2.372617266982774559e-02	4.700683914894083864e+04	6.360217283845360726e+03	4.259763593391274298e+03	2.858580290749269770e+05
2.422898130459259780e-02	4.583681736343030934e+04	6.293350015623371291e+03	4.236612295581839135e+03	2.759709655045164400e+05
2.474244553588843265e-02	4.469561315225518047e+04	6.226982976502144083e+03	4.213484638634643488e+03	2.664249815324321389e+05
2.526679117872631872e-02	4.358280528467998374e+04	6.161125759411615036e+03	4.190383691769058714e+03	2.572109545559003600e+05
2.580224883362318075e-02	4.249819925506828440e+04	6.095796759235139689e+03	4.167315046327761593e+03	2.483234554053845932e+05
2.634905398801689475e-02	4.144025210023980617e+04	6.030963090839201868e+03	4.144269905548578208e+03	2.397419066206288990e+05
2.690744711983068457e-02	4.040836638262902852e+04	5.966625656302998323e+03	4.121248883343637317e+03	2.314565770846585219e+05
2.747767380323228384e-02	3.940216527159263205e+04	5.902791166794300807e+03	4.098254563494911054e+03	2.234601453196463990e+05
2.805998481663422514e-02	3.842146322357641475e+04	5.839469737673326563e+03	4.075291013552548065e+03	2.157460427617803216e+05
2.865463625298309350e-02	3.746485849474928546e+04	5.776628949605365051e+03	4.052349381744991206e+03	2.082971904730574752e+05
2.926188963238583740e-02	3.653182271541140653e+04	5.714270724812197841e+03	4.029430613022331727e+03	2.011050693931594724e+05
2.988201201712300387e-02	3.562201890192262363e+04	5.652404240000651953e+03	4.006537871948456996e+03	1.941634632727779390e+05
3.051527612909937445e-02	3.473526971461801440e+04	5.591046769927801506e+03	3.983676666304948412e+03	1.874673249324952776e+05
3.116196046978347151e-02	3.387030285915523564e+04	5.530163837590685944e+03	3.960837582546874728e+03	1.810015954512532335e+05
3.182234944268905880e-02	3.302665083304746076e+04	5.469751346491243567e+03	3.938020295855047607e+03	1.747587528451335966e+05
3.249673347845206950e-02	3.220401250932150288e+04	5.409817298214052244e+03	3.915227750121138342e+03	1.687329304236638418e+05
3.318540916255835471e-02	3.140221815008498379e+04	5.350376910971553116e+03	3.892465077572215705e+03	1.629200874744016328e+05
3.388867936577820428e-02	3.062011386637410760e+04	5.291400072540137444e+03	3.869723710525126080e+03	1.573068362326850765e+05
3.460685337736497946e-02	2.985728588853087422e+04	5.232889220180058146e+03	3.847004897803195490e+03	1.518871695911944844e+05
3.534024704107661952e-02	2.911346535479960585e+04	5.174851498526158139e+03	3.824311496254103076e+03	1.466559985131502617e+05
3.608918289407971741e-02	2.838848943381690333e+04	5.117294338587122184e+03	3.801646793883726787e+03	1.416095327023350110e+05
3.685399030879719234e-02	2.768131269416673967e+04	5.060187388879849095e+03	3.779002001992409078e+03	1.367361834424760018e+05
3.763500563776207147e-02	2.699156869415663095e+04	5.003533629862778980e+03	3.756378583554595480e+03	1.320305888526333438e+05
3.843257236154112161e-02	2.631901762930334735e+04	4.947342817366384224e+03	3.733780123611053114e+03	1.274889688584107498e+05
3.924704123979310538e-02	2.566350299365885076e+04	4.891628371309878275e+03	3.711211520561987982e+03	1.231075597585336509e+05
4.007877046552850431e-02	2.502407858476479669e+04	4.836357016737350932e+03	3.688663124362521557e+03	1.188764684411251510e+05
4.092812582263813392e-02	2.440041970172575020e+04	4.781526535943752606e+03	3.666135008727349032e+03	1.147907761986991100e+05
4.179548084676026898e-02	2.379231259391005005e+04	4.727146239815336230e+03	3.643630741657927047e+03	1.108471548993436154e+05
4.268121698955689575e-02	2.319960666134024723e+04	4.673229435674347769e+03	3.621155304093667382e+03	1.070424931697695283e+05
4.358572378647117967e-02	2.262144643049286969e+04	4.619748017444170728e+03	3.598700212838208245e+03	1.033682990742281690e+05
4.450939902804028347e-02	2.205754391806414787e+04	4.566704185965612851e+03	3.576266819695011236e+03	9.982074828006692405e+04
4.545264893483848267e-02	2.150770894230657359e+04	4.514100209963242378e+03	3.553856789766006841e+03	9.639631847170741821e+04
4.641588833612779463e-02	2.097179625368568668e+04	4.461946591644810724e+03	3.531474373294897305e+03	9.309255590677415603e+04
4.739954085229469011e-02	2.044903331919561970e+04	4.410216263099568096e+03	3.509111206721389863e+03	8.990173199263034621e+04
4.840403908115278181e-02	1.993916453232681670e+04	4.358913527758206328e+03	3.486769452441287740e+03	8.682072545550121868e+04
4.942982478819387543e-02	1.944202083387961829e+04	4.308047012939092383e+03	3.464452773513785360e+03	8.384678901650756598e+04
5.047734910087089966e-02	1.895746200088386831e+04	4.257621883317887296e+03	3.442163903575993118e+03	8.097748566006531473e+04
5.154707270699779992e-02	1.848479126548368367e+04	4.207608867002365514e+03	3.419893472037168067e+03	7.820625847316748695e+04
5.263946605735428386e-02	1.802378152277986374e+04	4.158011894416675204e+03	3.397643367137995483e+03	7.553018766300665447e+04
5.375500957258409762e-02	1.757428265917663521e+04	4.108840402271482162e+03	3.375417613397885816e+03	7.294728031128468865e+04
5.489419385447772554e-02	1.713615926139088697e+04	4.060103829743564347e+03	3.353220370880869723e+03	7.045506841539974266e+04
5.605751990173300781e-02	1.670878361705394127e+04	4.011771852399480395e+03	3.331041829379606497e+03	6.804802323836137657e+04
5.724549933028778848e-02	1.629195374323185024e+04	3.963845207670751734e+03	3.308883127097485612e+03	6.572349946293396351e+04
5.845865459832211286e-02	1.588553670456330838e+04	3.916333264059618159e+03	3.286748394646154338e+03	6.347969504197355855e+04
5.969751923602879817e-02	1.548940119014915945e+04	3.869245303468523161e+03	3.264641851230453540e+03	6.131463225100092677e+04
6.096263808025296355e-02	1.510298287891549080e+04	3.822556893487944308e+03	3.242555533281359658e+03	5.922357447335191682e+04
6.225456751410456124e-02	1.472610176920884078e+04	3.776266270754611469e+03	3.220489574050514875e+03	5.720432996589343384e+04
6.357387571164835327e-02	1.435864042410546608e+04	3.730379749932800223e+03	3.198447218663375224e+03	5.525500270922050549e+04
6.492114288777969811e-02	1.400047126187485446e+04	3.684905965913570071e+03	3.176432607479268881e+03	5.337398563070644741e+04
6.629696155339574737e-02	1.365108789019401047e+04	3.639822567327990328e+03	3.154438393859890311e+03	5.155712936083591194e+04
6.770193677597398374e-02	1.331032960602843377e+04	3.595131870153445107e+03	3.132466367559399714e+03	4.980265204413310857e+04
6.913668644567325106e-02	1.297806335808985386e+04	3.550831506323293524e+03	3.110515322066628414e+03	4.810874274801955471e+04
7.060184154707406512e-02	1.265425374586830185e+04	3.506943373060640624e+03	3.088597884769249958e+03	4.647441691598717443e+04
7.209804643667737378e-02	1.233835851191803340e+04	3.463430863523783955e+03	3.066697718161781268e+03	4.489564417929606134e+04
7.362595912628441819e-02	1.203026350134083259e+04	3.420303296443572435e+03	3.044820536644173899e+03	4.337101417064253474e+04
7.518625157238204015e-02	1.172987820293631012e+04	3.377564503662791594e+03	3.022968709438040605e+03	4.189919152273327927e+04
7.677960997166025092e-02	1.143708041573366427e+04	3.335217629059514820e+03	3.001144498492379171e+03	4.047869762851634005e+04
7.840673506279315086e-02	1.115146614638951723e+04	3.293241877526741064e+03	2.979340705350369717e+03	3.910653720540529321e+04
8.006834243461452560e-02	1.087290609971844242e+04	3.251641828501361942e+03	2.957560012222037130e+03	3.778134594413921150e+04
8.176516284082480102e-02	1.060132151092102504e+04	3.210424554716880721e+03	2.935806268151734457e+03	3.650216036975230236e+04
8.349794252136732986e-02	1.033659193667010550e+04	3.169589045977179921e+03	2.914080062079621712e+03	3.526747204746567149e+04
8.526744353061486981e-02	1.007835856559013882e+04	3.129116353235531278e+03	2.892374908004574536e+03	3.407475438541564654e+04
8.707444407251174745e-02	9.826504772560523634e+03	3.089010951400945487e+03	2.870693692740771439e+03	3.292280315263492957e+04
8.891973884281766105e-02	9.580962008824539225e+03	3.049280337864819558e+03	2.849040598311350550e+03	3.181075982167482289e+04
9.080413937860487561e-02	9.341612527559920636e+03	3.009922921002297699e+03	2.827416037657808829e+03	3.073734459060329391e+04
9.272847441516200717e-02	9.108137689038807366e+03	2.970920199131330719e+03	2.805813475887842287e+03	2.970035297955002534e+04
9.469359025046093781e-02	8.880432296710410810e+03	2.932276647194925317e+03	2.784236054984178736e+03	2.869883274279563921e+04
9.670035111734798239e-02	8.658436731447385682e+03	2.894000594477168761e+03	2.762688484964590316e+03	2.773195035302043107e+04
9.874963956362264872e-02	8.442036623574862460e+03	2.856088260023414477e+03	2.741169889894545577e+03	2.679860517333234748e+04
1.008423568401705106e-01	8.230949061695730052e+03	2.818522326635362333e+03	2.719674191283429536e+03	2.589684617829931085e+04
1.029794232973221257e-01	8.025079171125657922e+03	2.781307854071742895e+03	2.698205075656276676e+03	2.502588006293660874e+04
1.051617787896111378e-01	7.824375093644826848e+03	2.744452446749308365e+03	2.676767021608002324e+03	2.418501195454464323e+04
1.073903830891107247e-01	7.628726393477179954e+03	2.707952201668562338e+03	2.655359247922005125e+03	2.337327270961179966e+04
1.096662163075285135e-01	7.437881917723020706e+03	2.671791316959959204e+03	2.633976173441073115e+03	2.258898989049122611e+04
1.119902793272475605e-01	7.251756105536294854e+03	2.635974092395360458e+03	2.612621111815527456e+03	2.183143188938965613e+04
1.143635942415015677e-01	7.070303860491685555e+03	2.600507559359444713e+03	2.591298553661327333e+03	2.110001299223746173e+04
1.167872048038782751e-01	6.893419069695518374e+03	2.565387475684450692e+03	2.570007600063072914e+03	2.039383319799621313e+04
1.192621768873494831e-01	6.720878811771255641e+03	2.530599826428688630e+03	2.548743340439958047e+03	1.971153746718574257e+04
1.217895989530276418e-01	6.552605922911360722e+03	2.496148750298798859e+03	2.527509063078728104e+03	1.905246873820136534e+04
1.243705825288575900e-01	6.388561217609546475e+03	2.462038423367023370e+03	2.506307784618407823e+03	1.841611353636854983e+04
1.270062626984522769e-01	6.228643152557799112e+03	2.428266559460418193e+03	2.485139803116575877e+03	1.780165406071645339e+04
1.296977986002878502e-01	6.072653906962921610e+03	2.394820517532037229e+03	2.464000993670382286e+03	1.720795041351668260e+04
1.324463739374786009e-01	5.920523899254762910e+03	2.361703117317113083e+03	2.442894242331694386e+03	1.663439238926244434e+04
1.352531974983535168e-01	5.772219070005628964e+03	2.328917990813511551e+03	2.421822373701909328e+03	1.608058314385155609e+04
1.381195036880665805e-01	5.627642638655737755e+03	2.296464705486260755e+03	2.400787019205843535e+03	1.554580216385489257e+04
1.410465530714722360e-01	5.486619083808886899e+03	2.264331231118272171e+03	2.379784078725705967e+03	1.502907167199341711e+04
1.440356329275057634e-01	5.349085664117469605e+03	2.232516158202746738e+03	2.358813497367324544e+03	1.452981147583134953e+04
1.470880578153118678e-01	5.215012781408774572e+03	2.201025871378183638e+03	2.337879807476642327e+03	1.404770118359346634e+04
1.502051701523716420e-01	5.084308505136566055e+03	2.169860603265291957e+03	2.316985344433034243e+03	1.358214167298823304e+04
1.533883408048797858e-01	4.956817128083032003e+03	2.139006011748365381e+03	2.296124481499197827e+03	1.313224402246026875e+04
1.566389696906345663e-01	4.832482087020668587e+03	2.108461884506257320e+03	2.275298221076722257e+03	1.269753751317765091e+04
1.599584863947036695e-01	4.711277641689814118e+03	2.078237501094313757e+03	2.254513487906371665e+03	1.227775023150669585e+04
1.633483507981373095e-01	4.593116755013486909e+03	2.048330181748773612e+03	2.233770862258703801e+03	1.187233201419864599e+04
1.668100537200059019e-01	4.477861315367358657e+03	2.018724571127583204e+03	2.213063510325445350e+03	1.148048873932939750e+04
1.703451175730422984e-01	4.365460324860433502e+03	1.989423918751052724e+03	2.192394883450517227e+03	1.110188568006757669e+04
1.739550970331800450e-01	4.255891418161485490e+03	1.960436044794131021e+03	2.171770868193635579e+03	1.073625411522739523e+04
1.776415797232799298e-01	4.149072395162690555e+03	1.931754141820038058e+03	2.151189056961573897e+03	1.038307491320729605e+04
1.814061869113461622e-01	4.044880780384778518e+03	1.903368253381806198e+03	2.130646351745002448e+03	1.004170692874491760e+04
1.852505742235391883e-01	3.943270598782196430e+03	1.875281561163242486e+03	2.110146536979119901e+03	9.711863424715640576e+03
1.891764323722997243e-01	3.844222407997523987e+03	1.847498187223093282e+03	2.089693433949729751e+03	9.393268986051614775e+03
1.931854878999012814e-01	3.747658778650901240e+03	1.820014503259551930e+03	2.069286910280092343e+03	9.085506858735523565e+03
1.972795039377621684e-01	3.653471117952572513e+03	1.792820710334195837e+03	2.048923465294487414e+03	8.788026257074105160e+03
2.014602809818480389e-01	3.561617990378593731e+03	1.765916487005431691e+03	2.028604639648995999e+03	8.500534438997023244e+03
2.057296576845067948e-01	3.472082465177046288e+03	1.739309432968051624e+03	2.008336676909893185e+03	8.222841107394775463e+03
2.100895116630852322e-01	3.384791798559554536e+03	1.712995578144799993e+03	1.988119550467554063e+03	7.954571476918380540e+03
2.145417603256798977e-01	3.299649715895845475e+03	1.686962459635333744e+03	1.967947422636412966e+03	7.695213274280430596e+03
2.190883617143895290e-01	3.216618865012166680e+03	1.661213049394465543e+03	1.947824242307723352e+03	7.444558470531120292e+03
2.237313153664367560e-01	3.135684525461374506e+03	1.635754395960570491e+03	1.927756479358235083e+03	7.202431306948375095e+03
2.284726631935388719e-01	3.056778467608838582e+03	1.610578930600227523e+03	1.907741350419720902e+03	6.968470523653711098e+03
2.333144903799153069e-01	2.979815362596456907e+03	1.585680058213280518e+03	1.887777876487760750e+03	6.742283108789241851e+03
2.382589262993237145e-01	2.904761546192301012e+03	1.561057468245008977e+03	1.867867197386782664e+03	6.523659358425646133e+03
2.433081454515323150e-01	2.831604198730407461e+03	1.536716921870226997e+03	1.848014500824041534e+03	6.312441733563266098e+03
2.484643684186368384e-01	2.760279464577895851e+03	1.512653992777182111e+03	1.828219651067126506e+03	6.108340672413010907e+03
2.537298628416438939e-01	2.690711724589958521e+03	1.488858570051021161e+03	1.808478365139380230e+03	5.910981648733009933e+03
2.591069444177515613e-01	2.622870640939420809e+03	1.465333243710736724e+03	1.788794969648432016e+03	5.720209531772035007e+03
2.645979779187619951e-01	2.556745039212683423e+03	1.442084780507374262e+03	1.769176397926810751e+03	5.535895367114891087e+03
2.702053782310787078e-01	2.492275267008480114e+03	1.419104537175526957e+03	1.749618238525760262e+03	5.357748007764887006e+03
2.759316114177428059e-01	2.429394320591892210e+03	1.396386716518077719e+03	1.730119552784257621e+03	5.185483015268966483e+03
2.817791958029755572e-01	2.368074864648108360e+03	1.373930972254757535e+03	1.710681911171050160e+03	5.018940576434962168e+03
2.877507030797054055e-01	2.308307141401242916e+03	1.351744294084521016e+03	1.691312929893824958e+03	4.858013893533053306e+03
2.938487594405665426e-01	2.250035526892316284e+03	1.329820201550206775e+03	1.672010411139054213e+03	4.702460627617073442e+03
3.000760467328633108e-01	2.193200658306222977e+03	1.308150250991800021e+03	1.652771098584991023e+03	4.552014657113618341e+03
3.064353036380134121e-01	2.137777904483654765e+03	1.286737546574248654e+03	1.633599924290917443e+03	4.406565047421197960e+03
3.129293268759847368e-01	2.083758743140173010e+03	1.265585477492647669e+03	1.614500699598162100e+03	4.265992470261950075e+03
3.195609724352570513e-01	2.031091379292770853e+03	1.244688975024118690e+03	1.595472818040236234e+03	4.130095509493251484e+03
3.263331568288500573e-01	1.979723230857965973e+03	1.224040328324551410e+03	1.576513269089982259e+03	3.998651496336891341e+03
3.332488583769670498e-01	1.929632107106008789e+03	1.203641017747519527e+03	1.557625938806742852e+03	3.871541767665280531e+03
3.403111185168231634e-01	1.880810548046933263e+03	1.183497367537245736e+03	1.538818302824607599e+03	3.748693840873418594e+03
3.475230431402304698e-01	1.833210402406015419e+03	1.163600763943945594e+03	1.520085499073218216e+03	3.629905003716992724e+03
3.548878039595292910e-01	1.786785099009053511e+03	1.143946089113554535e+03	1.501426891120941718e+03	3.515001975735425731e+03
3.624086399024666338e-01	1.741514649178321861e+03	1.124533491537774808e+03	1.482845192722885713e+03	3.403863314258226637e+03
3.700888585366366446e-01	1.697392506700492504e+03	1.105369465713806221e+03	1.464348320620149252e+03	3.296442540586446739e+03
3.779318375241043637e-01	1.654373975318540715e+03	1.086445836349726278e+03	1.445932220167975856e+03	3.192555305351179413e+03
3.859410261068597081e-01	1.612417821197406965e+03	1.067757570821104309e+03	1.427596032019292807e+03	3.092050225932149715e+03
3.941199466237500504e-01	1.571506009400127141e+03	1.049304859586568909e+03	1.409342258687916683e+03	2.994825766416728584e+03
4.024721960595590287e-01	1.531632821288810192e+03	1.031093137870428563e+03	1.391177933817772555e+03	2.900842122426188325e+03
4.110014476269163164e-01	1.492756804357565215e+03	1.013115492977237864e+03	1.373100710333625329e+03	2.809933668711950304e+03
4.197114523817274123e-01	1.454841449509012818e+03	9.953664200112253866e+02	1.355109053355412470e+03	2.721970294637902953e+03
4.286060408728412652e-01	1.417870513120484929e+03	9.778461832632918913e+02	1.337205158069566778e+03	2.636870609778518428e+03
4.376891248266767120e-01	1.381838960696367849e+03	9.605598296433233827e+02	1.319396194224296096e+03	2.554587742633915241e+03
4.469646988675492483e-01	1.346708409400278697e+03	9.435011016857584991e+02	1.301680644266283252e+03	2.474990052659102730e+03
4.564368422744575216e-01	1.312446536416088293e+03	9.266639005050277547e+02	1.284055593244603642e+03	2.397955677402409947e+03
4.661097207750954374e-01	1.279038713102367865e+03	9.100490502911466137e+02	1.266524435317536017e+03	2.323419006452915710e+03
4.759875883778879602e-01	1.246480493636610845e+03	8.936615546353592663e+02	1.249094511167329301e+03	2.251338342818774890e+03
4.860747892428489703e-01	1.214736383690494677e+03	8.774942006315276330e+02	1.231762687125011325e+03	2.181596962011655705e+03
4.963757595920870180e-01	1.183777768363664109e+03	8.615421987883648853e+02	1.214527742128076852e+03	2.114090671827768347e+03
5.068950296608012440e-01	1.153591474853483533e+03	8.458060272236998571e+02	1.197392748557626874e+03	2.048763086915233089e+03
5.176372256896176749e-01	1.124173565562954991e+03	8.302900639089648394e+02	1.180364319251365487e+03	1.985578316761848555e+03
5.286070719591531297e-01	1.095491256055703161e+03	8.149873726780398329e+02	1.163439745279332328e+03	1.924429631380988667e+03
5.398093928676924724e-01	1.067519215683323409e+03	7.998936799355179801e+02	1.146618020551793961e+03	1.865234654777385458e+03
5.512491150528981976e-01	1.040245584023607535e+03	7.850088639379523556e+02	1.129901554725870710e+03	1.807935496451386371e+03
5.629312695584811621e-01	1.013666862119941015e+03	7.703381139825353330e+02	1.113298678556281402e+03	1.752511961619823069e+03
5.748609940467923618e-01	9.877528031794271328e+02	7.558733024889207854e+02	1.096804323219357684e+03	1.698860932291462632e+03
5.870435350582976497e-01	9.624809850217352505e+02	7.416107701207489526e+02	1.080418411155913191e+03	1.646914125904689854e+03
5.994842503189414806e-01	9.378407289088111156e+02	7.275509022238182979e+02	1.064144101737546180e+03	1.596624978642230644e+03
6.121886110964055439e-01	9.138289166527684984e+02	7.136977212265639992e+02	1.047988248188639318e+03	1.547968771093025225e+03
6.251622046063020077e-01	8.904176722438957086e+02	7.000440759412094849e+02	1.031946974947904209e+03	1.500863867503554729e+03
6.384107364693620834e-01	8.675871485268039578e+02	6.865857916384272812e+02	1.016019208705459050e+03	1.455242645512022591e+03
6.519400332206916060e-01	8.453277321959628807e+02	6.733242517206964521e+02	1.000209834914431895e+03	1.411072592565859622e+03
6.657560448722088520e-01	8.236366331901667763e+02	6.602619499016185500e+02	9.845232884057729734e+02	1.368327628423573515e+03
6.798648475293831428e-01	8.024881889411453812e+02	6.473925824984229394e+02	9.689570796393418277e+02	1.326935120521830186e+03
6.942726460634290886e-01	7.818648310772902050e+02	6.347123870755582402e+02	9.535104197920122715e+02	1.286842187627235489e+03
7.089857768401280902e-01	7.617579062015049658e+02	6.222215007018644428e+02	9.381860286208557227e+02	1.248013294494741331e+03
7.240107105064845783e-01	7.421649083563837621e+02	6.099236704558721840e+02	9.229908592490736510e+02	1.210432310904602900e+03
7.393540548364295750e-01	7.230622373658494553e+02	5.978117917177962681e+02	9.079208748335298651e+02	1.174032702845503309e+03
7.550225576368376768e-01	7.044343409815519408e+02	5.858821957643631322e+02	8.929747985455137496e+02	1.138765938891171118e+03
7.710231097151263313e-01	6.862734305522516252e+02	5.741358461931833972e+02	8.781570803433326091e+02	1.104608357434807431e+03
7.873627479097432547e-01	6.685772471276543456e+02	5.625753030988624914e+02	8.634730245220480356e+02	1.071538844108486273e+03
8.040486581848822478e-01	6.513241086016007557e+02	5.511938928090014542e+02	8.489184715284528693e+02	1.039501972823841925e+03
8.210881787907730045e-01	6.345002465373324867e+02	5.399886836952771318e+02	8.344936976942148021e+02	1.008458286452868037e+03
8.384888034909533383e-01	6.180986515863488648e+02	5.289596126308794055e+02	8.202010291880060322e+02	9.783816745697623674e+02
8.562581848579297050e-01	6.021172771737710718e+02	5.181095846361893109e+02	8.060464918292915399e+02	9.492586979626751145e+02
8.744041376386801900e-01	5.865362260098636398e+02	5.074320541061080121e+02	7.920263625706031689e+02	9.210387742581394832e+02
8.929346421914835519e-01	5.713433064725743407e+02	4.969238757098412407e+02	7.781395072666367696e+02	8.936868596368572071e+02
9.118578479955742333e-01	5.565322094076151416e+02	4.865853387561432442e+02	7.643894237649507204e+02	8.671815464581716242e+02
9.311820772351820930e-01	5.421010757436432641e+02	4.764190793967169384e+02	7.507816756394613549e+02	8.415121768860323073e+02
9.509158284595223831e-01	5.280316626348616182e+02	4.664183745669730570e+02	7.373115853268941464e+02	8.166317639730733617e+02
9.710677803203476843e-01	5.143131722934463141e+02	4.565806151872125156e+02	7.239791398954911301e+02	7.925121241255842506e+02
9.916467953887124764e-01	5.009399266849498531e+02	4.469057809019649312e+02	7.107867690687472759e+02	7.691345173414333658e+02
1.012661924052612461e+00	4.879102313135369968e+02	4.373963284826592712e+02	6.977402814150591439e+02	7.464877864237552103e+02
1.034122408497234025e+00	4.752073751808826501e+02	4.280457063454718423e+02	6.848346916670633391e+02	7.245329212052059802e+02
1.056037686769547568e+00	4.628217928856542471e+02	4.188513806900082841e+02	6.720698050900205089e+02	7.032443674536500566e+02
1.078417396929040706e+00	4.507483747390463122e+02	4.098134609121938752e+02	6.594483470754726113e+02	6.826062129242808396e+02
1.101271381286411888e+00	4.389855696063157211e+02	4.009339313848374218e+02	6.469752408508545614e+02	6.626088091093096182e+02
1.124609690732098155e+00	4.275180858737348331e+02	3.922066123171618983e+02	6.346459601528704297e+02	6.432179876933317928e+02
1.148442589156521310e+00	4.163374463229689013e+02	3.836288838209661094e+02	6.224595986505343035e+02	6.244107794909933773e+02
1.172780557964020254e+00	4.054390527153062180e+02	3.752011001912945289e+02	6.104195343747229572e+02	6.061742610895861390e+02
1.197634300682437924e+00	3.948214803677095119e+02	3.669246344116841101e+02	5.985293805668782170e+02	5.885004144844958773e+02
1.223014747670394531e+00	3.844707501899385989e+02	3.587937291507645341e+02	5.867851142247793632e+02	5.713579379118084489e+02
1.248933060924324545e+00	3.743793458833039267e+02	3.508059790656621431e+02	5.751859360311106002e+02	5.547276986981142954e+02
1.275400638987373769e+00	3.645431291673623946e+02	3.429611841866271220e+02	5.637339560668938248e+02	5.385984079304810166e+02
1.302429121962336289e+00	3.549607873742959896e+02	3.352612176085937108e+02	5.524340187197320802e+02	5.229633565887158966e+02
1.330030396630823342e+00	3.456195541940952012e+02	3.276999277521667864e+02	5.412806677722978748e+02	5.077941912959933006e+02
1.358216601680917401e+00	3.365127614001006009e+02	3.202752828116689443e+02	5.302735631861049796e+02	4.930755546049518330e+02
1.387000133045610317e+00	3.276366839640807029e+02	3.129869383848952680e+02	5.194145035424270418e+02	4.787966520607039342e+02
1.416393649354382722e+00	3.189901096465933392e+02	3.058365976465642007e+02	5.087080064446741403e+02	4.649520749916960654e+02
1.446410077500298819e+00	3.105613910627015457e+02	2.988183191724967287e+02	4.981485776766847380e+02	4.515167259789757850e+02
1.477062618325094778e+00	3.023446082490822278e+02	2.919301202916720968e+02	4.877356374664775558e+02	4.384775723106604914e+02
1.508364752424737887e+00	2.943364067369572012e+02	2.851718510871527883e+02	4.774712908247327618e+02	4.258254559682325180e+02
1.540330246078020826e+00	2.865356668093307917e+02	2.785445018092964347e+02	4.673586256017397318e+02	4.135545470391248273e+02
1.572973157300799230e+00	2.789317705736743847e+02	2.720428101936142298e+02	4.573929884589117023e+02	4.016442136291775000e+02
1.606307842028519950e+00	2.715194583049050152e+02	2.656645617616397317e+02	4.475730784450004194e+02	3.900819134195792799e+02
1.640348960429783842e+00	2.642957096849362415e+02	2.594096858468667506e+02	4.379010072353884198e+02	3.788603251819484967e+02
1.675111483353698638e+00	2.572594860866187787e+02	2.532791396779680895e+02	4.283797898563247486e+02	3.679747938385315820e+02
1.710610698913865635e+00	2.504011203188080970e+02	2.472675232391013651e+02	4.190040155870065064e+02	3.574059981476066241e+02
1.746862219211904321e+00	2.437159335578292598e+02	2.413730969833580389e+02	4.097730457719232504e+02	3.471442755183835516e+02
1.783881987203444153e+00	2.372012054645086039e+02	2.355954573918414781e+02	4.006881306915489063e+02	3.371826466099923323e+02
1.821686283709640364e+00	2.308559724568522427e+02	2.299353749967791600e+02	3.917519976817912379e+02	3.275167631342673076e+02
1.860291734577268707e+00	2.246714410384446978e+02	2.243879345490506125e+02	3.829596391477901420e+02	3.181305088023611916e+02
1.899715317990559260e+00	2.186434445213976403e+02	2.189512099716627631e+02	3.743098275549240839e+02	3.090144932905213864e+02
1.939974371937992492e+00	2.127695307631964852e+02	2.136248181323830977e+02	3.658036435756288256e+02	3.001630909331562407e+02
1.981086601837313665e+00	2.070488071758823878e+02	2.084095500994446013e+02	3.574438613749606475e+02	2.915731150490912569e+02
2.023070088322156401e+00	2.014732821878449442e+02	2.033004707885729943e+02	3.492249246803228857e+02	2.832295222081144743e+02
2.065943295193674256e+00	1.960392400240304198e+02	1.982957397847230254e+02	3.411454586393808768e+02	2.751242985302924353e+02
2.109725077540682392e+00	1.907444697223995718e+02	1.933951752577657999e+02	3.332069330692000335e+02	2.672529195030022038e+02
2.154434690031884259e+00	1.855881432325626292e+02	1.885991086408969011e+02	3.254109706930632342e+02	2.596122320711860425e+02
2.200091795383838367e+00	1.805630070274518459e+02	1.839029469577401130e+02	3.177523547125363734e+02	2.521890348333663212e+02
2.246716473008353532e+00	1.756657412853806193e+02	1.793050464296353255e+02	3.102298610300163659e+02	2.449767201751597554e+02
2.294329227843169949e+00	1.708943507283238432e+02	1.748050426718884864e+02	3.028443625648382067e+02	2.379710696239087326e+02
2.342950999369765697e+00	1.662480692884780922e+02	1.704031778468759057e+02	2.955973285586556472e+02	2.311690607304829257e+02
2.392603170822269476e+00	1.617203195447373787e+02	1.660950845147332302e+02	2.884834878188040079e+02	2.245594768293218237e+02
2.443307578591545681e+00	1.573081298204419340e+02	1.618792194280340766e+02	2.815015600549061787e+02	2.181366398475491053e+02
2.495086521828544068e+00	1.530096977330046002e+02	1.577550700158133168e+02	2.746520460973232503e+02	2.118965141556182346e+02
2.547962772251191943e+00	1.488243163887229912e+02	1.537228742177995571e+02	2.679362362541753555e+02	2.058367298433768440e+02
2.601959584159102334e+00	1.447460281036659637e+02	1.497784387789048708e+02	2.613488422529739523e+02	1.999471264998007598e+02
2.657100704660517732e+00	1.407721666009694559e+02	1.459203766433896874e+02	2.548887458712159457e+02	1.942229532496823481e+02
2.713410384115983121e+00	1.369011022959353454e+02	1.421479568826846389e+02	2.485556829816495110e+02	1.886605877075212163e+02
2.770913386803353973e+00	1.331321841812251137e+02	1.384615724984352880e+02	2.423513895623648295e+02	1.832582459718718439e+02
2.829635001808795014e+00	1.294600231825841945e+02	1.348570273750030992e+02	2.362700018185188924e+02	1.780066848481041291e+02
2.889601054148607684e+00	1.258822202720217973e+02	1.313331183268999780e+02	2.303106954630611369e+02	1.729018273990544685e+02
2.950837916126738403e+00	1.223973000369004893e+02	1.278890867885941844e+02	2.244729388483777939e+02	1.679404933102275947e+02
3.013372518932980082e+00	1.190046656367627236e+02	1.245251295809671177e+02	2.187579733940221445e+02	1.631209840189695512e+02
3.077232364486974792e+00	1.156994486249769380e+02	1.212374620180842726e+02	2.131604883131316512e+02	1.584354121547549994e+02
3.142445537533192557e+00	1.124794837212270124e+02	1.180247400596585550e+02	2.076790962402493506e+02	1.538799496893953744e+02
3.209040717992251324e+00	1.093434328013793788e+02	1.148863783511912828e+02	2.023135772822436991e+02	1.494521594054786249e+02
3.277047193573979555e+00	1.062907512258042004e+02	1.118223607499105015e+02	1.970645445580322530e+02	1.451504134255215206e+02
3.346494872657771680e+00	1.033170479353598807e+02	1.088292326916428578e+02	1.919271366078014580e+02	1.409676707707715480e+02
3.417414297445926952e+00	1.004203611164258945e+02	1.059055913578706907e+02	1.868995878754224975e+02	1.369004719572719466e+02
3.489836657395697816e+00	9.759947508512811964e+01	1.030509264429520897e+02	1.819818058000347776e+02	1.329467446465321814e+02
3.563793802936028321e+00	9.485389539287764649e+01	1.002651661917020078e+02	1.771741334454254684e+02	1.291052288552837126e+02
3.639318259474964901e+00	9.217966881656154499e+01	9.754505044729619101e+01	1.724718329061569193e+02	1.253696238270269134e+02
3.716443241703908829e+00	8.957501007218712630e+01	9.488928803994554073e+01	1.678732457688075215e+02	1.217369447807412257e+02
3.795202668205029717e+00	8.703881250444513284e+01	9.229721059347343726e+01	1.633777615704179595e+02	1.182051836785646088e+02
3.875631176368202979e+00	8.457062975719964015e+01	8.976886887462252673e+01	1.589860066817757343e+02	1.147733921886131441e+02
3.957764137624104617e+00	8.216691079387061336e+01	8.730112888325362519e+01	1.546931185978249061e+02	1.114360340192131957e+02
4.041637673000112230e+00	7.982602272156015033e+01	8.489283966676383386e+01	1.504976970934565941e+02	1.081904646569176265e+02
4.127288669005872102e+00	7.754695589711306525e+01	8.254327778098004842e+01	1.463988769725480381e+02	1.050348098223955446e+02
4.214754793855508552e+00	7.532930899584164308e+01	8.025239276054853121e+01	1.423969644621307680e+02	1.019681992190450615e+02
4.304074514033643162e+00	7.316990222653583942e+01	7.801740299722476379e+01	1.384876835586060508e+02	9.898587778792419556e+01
4.395287111212434539e+00	7.106723283255975332e+01	7.583709236424378730e+01	1.346692929261249105e+02	9.608546204340370878e+01
4.488432699527177050e+00	6.902037746581983413e+01	7.371086142785340201e+01	1.309411340173019767e+02	9.326539391429201942e+01
4.583552243217979161e+00	6.702897669953169668e+01	7.163853987347053476e+01	1.273031880483749205e+02	9.052484116252171020e+01
4.680687574645305382e+00	6.509019430414214469e+01	6.961760501128399881e+01	1.237515108131029109e+02	8.785962575358448134e+01
4.779881412687339015e+00	6.320263756770828678e+01	6.764686553716028072e+01	1.202843118502732835e+02	8.526751730875109558e+01
4.881177381527165515e+00	6.136545992484388989e+01	6.572569606307209256e+01	1.169007841917013195e+02	8.274714018182044128e+01
4.984620029838152888e+00	5.957833970866513340e+01	6.385403756013243282e+01	1.136011449051618740e+02	8.029796671396412933e+01
5.090254850375883322e+00	5.783876084752679958e+01	6.202947881146280196e+01	1.103814136517657545e+02	7.791617628852722532e+01
5.198128299985286915e+00	5.614542194021625221e+01	6.025093640262811334e+01	1.072400097786220954e+02	7.559979995508147965e+01
5.308287820031761584e+00	5.449754530793871510e+01	5.851772271165447847e+01	1.041758734943963560e+02	7.334754235297307901e+01
5.420781857265304815e+00	5.289484054617037145e+01	5.682978222975818028e+01	1.011892057861110601e+02	7.115895379099782758e+01
5.535659885126738011e+00	5.133509373896787054e+01	5.518497585346187861e+01	9.827643219944197028e+01	6.903075377683654779e+01
5.652972425505520704e+00	4.981707684212376108e+01	5.358219747429187407e+01	9.543581131609330725e+01	6.696115406397630920e+01
5.772771070958623518e+00	4.834007366600937416e+01	5.202088556645306028e+01	9.266660125499565481e+01	6.494905520859589387e+01
5.895108507400270703e+00	4.690381855426232960e+01	5.050081534011381734e+01	8.996846083589453258e+01	6.299390498655345283e+01
6.020038537272556667e+00	4.550638488975044993e+01	4.902019130291774474e+01	8.733849838313308567e+01	6.109295505726167619e+01
6.147616103207036886e+00	4.414660113213408010e+01	4.757787922322730623e+01	8.477482198468786123e+01	5.924449352180980810e+01
6.277897312187818990e+00	4.282380629768679370e+01	4.617332064947127890e+01	8.227659723218171450e+01	5.744754626593392288e+01
6.410939460226692255e+00	4.153775125146672309e+01	4.480638327435972457e+01	7.984375460526055690e+01	5.570169660538076783e+01
6.546801057561175696e+00	4.028678641741889521e+01	4.347538872194368054e+01	7.747340039652856092e+01	5.400453179964340222e+01
6.685541854386596761e+00	3.906978033761021862e+01	4.217929195994972247e+01	7.516386450262551477e+01	5.235444595481610008e+01
6.827222867133428963e+00	3.788612187480932647e+01	4.091749609458147319e+01	7.291414593619413154e+01	5.075049131852580331e+01
6.971906405301561804e+00	3.673556824287976497e+01	3.968986721407524954e+01	7.072416027887804546e+01	4.919234659442056312e+01
7.119656098863218929e+00	3.561674158208786167e+01	3.849503960683907167e+01	6.859157904160805685e+01	4.767807183525756187e+01
7.270536926246596643e+00	3.452853413215776612e+01	3.733187994464054782e+01	6.651444430467304869e+01	4.620602583931121643e+01
7.424615242912579127e+00	3.347038053542101466e+01	3.619990140556997460e+01	6.449204528205700626e+01	4.477540904755012718e+01
7.581958810536977289e+00	3.244203074887221305e+01	3.509884992303631890e+01	6.252393576309196277e+01	4.338581815827314614e+01
7.742636826811277295e+00	3.144237972028956207e+01	3.402765784125248416e+01	6.060834125687156870e+01	4.203571065689651931e+01
7.906719955874896399e+00	3.047032631789051749e+01	3.298523383981179080e+01	5.874341180103256477e+01	4.072359748605492058e+01
8.074280359392364659e+00	2.952534686109001072e+01	3.197103674906869486e+01	5.692820520841512888e+01	3.944867366834491662e+01
8.245391728289099831e+00	2.860717050146300977e+01	3.098484535809247120e+01	5.516241434188653159e+01	3.821051397022330320e+01
8.420129315159766037e+00	2.771496908284623828e+01	3.002580457201174724e+01	5.344455853127364975e+01	3.700794072139639468e+01
8.598569967363353328e+00	2.684763099597164526e+01	2.909280795489102545e+01	5.177274742426715903e+01	3.583945954915768795e+01
8.780792160819700598e+00	2.600467171837764724e+01	2.818538872813528684e+01	5.014620397712347710e+01	3.470439568052369594e+01
8.966876034522190508e+00	2.518578235139295884e+01	2.730322761575262547e+01	4.856437974559528215e+01	3.360227291671569105e+01
9.156903425781846906e+00	2.439042204708900030e+01	2.644579642229954075e+01	4.702639428622187978e+01	3.253231495111014482e+01
9.350957906218383187e+00	2.361745105957944801e+01	2.561190741372676172e+01	4.553016999833958067e+01	3.149293021228752920e+01
9.549124818513869073e+00	2.286642049435915780e+01	2.480113078043944341e+01	4.407498175505113380e+01	3.048355068164804749e+01
9.751491313945386707e+00	2.213698441674099016e+01	2.401312964608105460e+01	4.266026596218729594e+01	2.950368610782290091e+01
9.958146390713055851e+00	2.142884775707717893e+01	2.324760059643881860e+01	4.128551386307742632e+01	2.855286530372123011e+01
1.016918093308028581e+01	2.074088052751734779e+01	2.250338009757178526e+01	3.994869960219450888e+01	2.762955201674254724e+01
1.038468775134352740e+01	2.007264817098226928e+01	2.178001677273040926e+01	3.864902333956563751e+01	2.673312994010230526e+01
1.060476162264905220e+01	1.942380080109676754e+01	2.107717824996427680e+01	3.738593513270347302e+01	2.586314525111055573e+01
1.082949933267470577e+01	1.879414768446332218e+01	2.039468580824198440e+01	3.615915311840283408e+01	2.501930931673109626e+01
1.105899971819510696e+01	1.818271114895829399e+01	1.973149387117564402e+01	3.496681324603155616e+01	2.420024798732349680e+01
1.129336371054865928e+01	1.758901457447349159e+01	1.908712429269970912e+01	3.380809918085905252e+01	2.340530683198643302e+01
1.153269438002595848e+01	1.701271653719595633e+01	1.846125595192338409e+01	3.268247824352577169e+01	2.263406106203401791e+01
1.177709698119876869e+01	1.645365007191060513e+01	1.785370388565225142e+01	3.158961040601401038e+01	2.188624248567064967e+01
1.202667899920963279e+01	1.591107573969294897e+01	1.726369749279351140e+01	3.052815134736460578e+01	2.116081752701713725e+01
1.228155019704247053e+01	1.538443703379883409e+01	1.669066926756582703e+01	2.949712120798664472e+01	2.045703572695611072e+01
1.254182266379493349e+01	1.487340731856549247e+01	1.613428020887824843e+01	2.849591575531686516e+01	1.977444522411234118e+01
1.280761086397376225e+01	1.437777960584651282e+01	1.559433550210247432e+01	2.752421201961767849e+01	1.911276662197018439e+01
1.307903168783481007e+01	1.389712612962678406e+01	1.507038686211673983e+01	2.658123004122769828e+01	1.847138499501354403e+01
1.335620450278989146e+01	1.343077622398938686e+01	1.456172195305548200e+01	2.566569965841547685e+01	1.784937456958173740e+01
1.363925120590300821e+01	1.297842182498061447e+01	1.406803767678903760e+01	2.477710136935025886e+01	1.724632729624264016e+01
1.392829627749924271e+01	1.253980176683528569e+01	1.358907814965192706e+01	2.391500159271385684e+01	1.666189814797534652e+01
1.422346683590943783e+01	1.211474228135746145e+01	1.312465691584665528e+01	2.307907212182962908e+01	1.609581129342524619e+01
1.452489269337533528e+01	1.170255315567112397e+01	1.267404812707588313e+01	2.226802722360175935e+01	1.554712422113585291e+01
1.483270641313931115e+01	1.130290344815754011e+01	1.223691410337439933e+01	2.148127361995447515e+01	1.501539277223696978e+01
1.514704336774399174e+01	1.091552882527780355e+01	1.181298661802889249e+01	2.071834135844159164e+01	1.450026227886112906e+01
1.546804179856737527e+01	1.054026968142639475e+01	1.140210336672323166e+01	1.997895528234069573e+01	1.400148022106845325e+01
1.579584287661962527e+01	1.017669242698429599e+01	1.100381425331747209e+01	1.926232461594806722e+01	1.351844991172282739e+01
1.613059076462826624e+01	9.824340092077575193e+00	1.061763657559828999e+01	1.856758598957254947e+01	1.305055665987556601e+01
1.647243268043913034e+01	9.482958833001440269e+00	1.024331217533103278e+01	1.789428593928500533e+01	1.259745947804669974e+01
1.682151896176083383e+01	9.152325776128147794e+00	9.880615191287111188e+00	1.724203502664817478e+01	1.215883357124010899e+01
1.717800313228151410e+01	8.832291837523323252e+00	9.529396297272834104e+00	1.661057712336100067e+01	1.173447012449515547e+01
1.754204196918641045e+01	8.522339372676205116e+00	9.189102296655839552e+00	1.599891770794605961e+01	1.132366359195071404e+01
1.791379557210657580e+01	8.222186422792331584e+00	8.859447277464417070e+00	1.540655393250989569e+01	1.092603401287627207e+01
1.829342743352862044e+01	7.931607616772769376e+00	8.540199403188402982e+00	1.483308002976622042e+01	1.054126451112195539e+01
1.868110451069663469e+01	7.650416480725840351e+00	8.231161403448336245e+00	1.427814344066707264e+01	1.016908446994200332e+01
1.907699729903783492e+01	7.378425058769611411e+00	7.932139423084426433e+00	1.374140112412064063e+01	9.809229141680823716e+00
1.948127990714428748e+01	7.115180775327724305e+00	7.642660975358202435e+00	1.322201365672527373e+01	9.461097823858210631e+00
1.989413013334363711e+01	6.860467307090247324e+00	7.362503557343311300e+00	1.271958717695980035e+01	9.124394721950395137e+00
2.031572954389253738e+01	6.614081762489240290e+00	7.091449605370384823e+00	1.223372931191252277e+01	8.798831772216473723e+00
2.074626355282718393e+01	6.375835570087709847e+00	6.829297133563968281e+00	1.176407414509304061e+01	8.484138926294928496e+00
2.118592150350598402e+01	6.145604371636085084e+00	6.575926902161568499e+00	1.131041416731296678e+01	8.180143111194498218e+00
2.163489675188052530e+01	5.922949379728090769e+00	6.330875870346639012e+00	1.087192539256989932e+01	7.886263630120887491e+00
2.209338675153079734e+01	5.707696703119890635e+00	6.093961502056207458e+00	1.044827956667420032e+01	7.602256251614795346e+00
2.256159314050291798e+01	5.499660942051966650e+00	5.864982668984062286e+00	1.003910977461988097e+01	7.327852030158584107e+00
2.303972182998693796e+01	5.298673297824545436e+00	5.643762602120096616e+00	9.644097625812234398e+00	7.062819719730684120e+00
2.352798309487394945e+01	5.104601835960283829e+00	5.430166384977614058e+00	9.262999916071663620e+00	6.806979990010692205e+00
2.402659166623228870e+01	4.917127904328286725e+00	5.223859088605891543e+00	8.895219037562364761e+00	6.559914771091876595e+00
2.453576682574353285e+01	4.736055064322495234e+00	5.024627924359616138e+00	8.540366268941824046e+00	6.321349115481897485e+00
2.505573250213976877e+01	4.561213797918084012e+00	4.832287487165037199e+00	8.198100566917112531e+00	6.091038539863232515e+00
2.558671736968459953e+01	4.392441162992030357e+00	4.646666471136081888e+00	7.868112097094326352e+00	5.868761843076495843e+00
2.612895494874115698e+01	4.229577484591077408e+00	4.467596192007452949e+00	7.550095314057544194e+00	5.654303000025713288e+00
2.668268370847132687e+01	4.072521480564395446e+00	4.294972954560456024e+00	7.243858485442730810e+00	5.447529251849266174e+00
2.724814717171165412e+01	3.920970890185435209e+00	4.128468303815266083e+00	6.948807188311723060e+00	5.248030428173433570e+00
2.782559402207125743e+01	3.774783361257471714e+00	3.967927322221690201e+00	6.664655976824907846e+00	5.055608920356521097e+00
2.841527821329990999e+01	3.633809049999615404e+00	3.813187438504873406e+00	6.391104741804045197e+00	4.870060260143435293e+00
2.901745908097360527e+01	3.497902021334794220e+00	3.664091211877416043e+00	6.127863384765603882e+00	4.691188740433275051e+00
2.963240145654703639e+01	3.366922054010330623e+00	3.520487417991712942e+00	5.874653777298609825e+00	4.518805659189048640e+00
3.026037578382308624e+01	3.240747530759510830e+00	3.382246579232905948e+00	5.631237856529874186e+00	4.352749679498889357e+00
3.090165823789054755e+01	3.119217337167030202e+00	3.249190137538649825e+00	5.397283706426218686e+00	4.192799286345655574e+00
3.155653084658241525e+01	3.002154185299087175e+00	3.121122557333461778e+00	5.172430286501503716e+00	4.038714843755922601e+00
3.222528161450811979e+01	2.889426762307282015e+00	2.997900369147262989e+00	4.956411926595863271e+00	3.890320346887694125e+00
3.290820464971425707e+01	2.780906564783583335e+00	2.879382721595181494e+00	4.748966938437171770e+00	3.747444278224005831e+00
3.360560029302952501e+01	2.676467918634858112e+00	2.765431023694649770e+00	4.549837542883062191e+00	3.609918567857800298e+00
3.431777525015100849e+01	2.575987878820017674e+00	2.655908053395092949e+00	4.358765818602281961e+00	3.477578831765240075e+00
3.504504272652905428e+01	2.479346484940947448e+00	2.550681605874187685e+00	4.175504731984029938e+00	3.350268811146472459e+00
3.578772256511129513e+01	2.386426885300978018e+00	2.449621071417196205e+00	3.999809855278586124e+00	3.227831609322056483e+00
3.654614138700539883e+01	2.297116660683164113e+00	2.352599725051292889e+00	3.831442317649771834e+00	3.110115560026795123e+00
3.732063273512289925e+01	2.211307961496423058e+00	2.259497041558193420e+00	3.670176521817108739e+00	2.996977486704678562e+00
3.811153722086707774e+01	2.128870622566978454e+00	2.170166045033142144e+00	3.515736239736494184e+00	2.888244537454643268e+00
3.891920267392951160e+01	2.049697973276181528e+00	2.084486647000364457e+00	3.367895908460807775e+00	2.783775855182324399e+00
3.974398429526115706e+01	1.973687646656786310e+00	2.002343484522921546e+00	3.226438178491497943e+00	2.683436919449935232e+00
4.058624481328516254e+01	1.900739936103585270e+00	1.923624146599680396e+00	3.091151602058350267e+00	2.587097644168773414e+00
4.144635464342010778e+01	1.830757804656189647e+00	1.848217704583446697e+00	2.961825631390472502e+00	2.494630945813400391e+00
4.232469205098434628e+01	1.763646893552859751e+00	1.776016101063322639e+00	2.838255115189525668e+00	2.405913451317251095e+00
4.322164331755172384e+01	1.699315526895410322e+00	1.706914705802122567e+00	2.720242552887322862e+00	2.320825094208970985e+00
4.413760291083362119e+01	1.637674709005484619e+00	1.640811020672757303e+00	2.607593444129257865e+00	2.239249195320105024e+00
4.507297365816076251e+01	1.578638110590940613e+00	1.577605462343161014e+00	2.500118631776499623e+00	2.161072931243923634e+00
4.602816692364147144e+01	1.522122040814958277e+00	1.517201709622483463e+00	2.397635646212159521e+00	2.086187642827019406e+00
4.700360278907441369e+01	1.468045403184166320e+00	1.459506230419550743e+00	2.299967056412701716e+00	2.014488865130064976e+00
4.799971023869517950e+01	1.416329635468356996e+00	1.404427941485832720e+00	2.206939739035496562e+00	1.945875063253871939e+00
4.901692734783804895e+01	1.366898634979472060e+00	1.351878288631984448e+00	2.118385408618324028e+00	1.880247578178268597e+00
5.005570147559598126e+01	1.319678671842866358e+00	1.301771188841684745e+00	2.034140032326619885e+00	1.817511114693745933e+00
5.111648946156338980e+01	1.274601377763459720e+00	1.254026336220306570e+00	1.954050315867987830e+00	1.757577555822776194e+00
5.219975782674825382e+01	1.231617288596047910e+00	1.208584653902563755e+00	1.878000943876603657e+00	1.700383600287284969e+00
5.330598297874255564e+01	1.190654976487901529e+00	1.165363015728525076e+00	1.805834897912821368e+00	1.645837947276635571e+00
5.443565142123959077e+01	1.151648448015958781e+00	1.124284156503450038e+00	1.737405491967467963e+00	1.593856609796518109e+00
5.558925996799251124e+01	1.114534809113034708e+00	1.085273709351371130e+00	1.672570838794481318e+00	1.544359203013492277e+00
5.676731596130657209e+01	1.079253251937856151e+00	1.048259823100517574e+00	1.611194275809114673e+00	1.497268078859634866e+00
5.797033749516177181e+01	1.045744642644788280e+00	1.013172458738893500e+00	1.553142497970953828e+00	1.452507949335561266e+00
5.919885364306400533e+01	1.013981771951330879e+00	9.799768913186031050e-01	1.498344655826123972e+00	1.410045636892709231e+00
6.045340469072480261e+01	9.839354396072210740e-01	9.486365120458880584e-01	1.446727214823726682e+00	1.369845471285054295e+00
6.173454237367209885e+01	9.555317290885788628e-01	9.190649724765752593e-01	1.398128912117616141e+00	1.331813021407800557e+00
6.304283011989645757e+01	9.287127368140365435e-01	8.911937450431860475e-01	1.352420459412057685e+00	1.295874798337946388e+00
6.437884329763940627e+01	9.034833038198906152e-01	8.650231984849177103e-01	1.309593062577854239e+00	1.262039647840861312e+00
6.574316946843353549e+01	8.798119739207173051e-01	8.405138467594068796e-01	1.269568379530267688e+00	1.230269105266795782e+00
6.713640864550379206e+01	8.576195577662817371e-01	8.175738295324801452e-01	1.232177103848495880e+00	1.200462088906529834e+00
6.855917355764610477e+01	8.369401289160898205e-01	7.962353488985123295e-01	1.197465931787722537e+00	1.172666016509674058e+00
7.001208991869765441e+01	8.177271219451324180e-01	7.764423843643354362e-01	1.165328297776359490e+00	1.146822729221926185e+00
7.149579670271769771e+01	7.999468797299637002e-01	7.581529100256066966e-01	1.135682075996661933e+00	1.122890917901338215e+00
7.301094642500031284e+01	7.836354593820878955e-01	7.414008161937536423e-01	1.108576268513861818e+00	1.100920845679167703e+00
7.455820542904223203e+01	7.687338915040529130e-01	7.261164145814162918e-01	1.083881002486421608e+00	1.080838177029659564e+00
7.613825417959219521e+01	7.552907732124291007e-01	7.123470636190977201e-01	1.061668354424607275e+00	1.062709843865260906e+00
7.775178756191070306e+01	7.432872536774084438e-01	7.000666347020346736e-01	1.041883516702007961e+00	1.046514358655197263e+00
7.939951518737163383e+01	7.327273244183297729e-01	6.892736437689235274e-01	1.024513896085055720e+00	1.032260277024100947e+00
8.108216170554010205e+01	7.236866028050054078e-01	6.800442939381843299e-01	1.009680459749493719e+00	1.020050400844536131e+00
8.280046712286477373e+01	7.161505725110757226e-01	6.723566620065661859e-01	9.973348302819626809e-01	1.009869307006243222e+00
8.455518712812224180e+01	7.101679366947567518e-01	6.662572079662074653e-01	9.875459246212905384e-01	1.001784721640115006e+00
8.634709342475994731e+01	7.058066932357532908e-01	6.618130449188465159e-01	9.804175355427727778e-01	9.958898596460369346e-01
8.817697407028136070e+01	7.031423923688101540e-01	6.590991557549873425e-01	9.760663882855357132e-01	9.922880338737125605e-01
9.004563382282356088e+01	7.022623782588530705e-01	6.582029656147097008e-01	9.746298998815968728e-01	9.910982372455319211e-01
9.195389449507966617e+01	7.032734952067813960e-01	6.592326775491779145e-01	9.762804230412353013e-01	9.924652821871267072e-01
9.390259531572145590e+01	7.063097612468807185e-01	6.623255720456787676e-01	9.812394353143455428e-01	9.965698929337939438e-01
9.589259329848152902e+01	7.115322304355771177e-01	6.676478435017978441e-01	9.897772200390556607e-01	1.003628538826793815e+00
9.792476361905691817e+01	7.191265753483029322e-01	6.753919709734949040e-01	1.002208257857149398e+00	1.013890190106422340e+00
