# Data associated with arXiv:2208.14002
# 
# Scale-free velocity distribution, f(E), of a nfw0-8rhos4e6 dark matter distribution (see Eq. 2.7 and the surrounding discussion)
# 
# Published: 8/25/22, Jack Runburg and Kenny Kiriu, contact: runburg@hawaii.edu
# 
# 
# -----------------------------------------------------------------
# 
# 	 tilde E 		 | 		 tilde f
# 
# -----------------------------------------------------------------
3.787906808180173017e-07	7.477824554449649155e+07
3.864864776001312544e-07	7.212075573858308792e+07
3.943386295183268028e-07	6.949238675735764205e+07
4.023503131971739410e-07	6.690818334796690941e+07
4.105247697985546982e-07	6.441743868015301973e+07
4.188653063327656388e-07	6.198189948804412037e+07
4.273752969962714593e-07	5.963847151192648709e+07
4.360581845366169501e-07	5.738367748152331263e+07
4.449174816450809803e-07	5.521413069541291893e+07
4.539567723776112185e-07	5.312660309776335955e+07
4.631797136046226662e-07	5.111801129618149996e+07
4.725900364902590668e-07	4.918539215058133006e+07
4.821915480016861868e-07	4.732586133521215618e+07
4.919881324490631465e-07	4.553662579256644100e+07
5.019837530567779495e-07	4.381504622525151074e+07
5.121824535666174247e-07	4.215857486341322958e+07
5.225883598734926677e-07	4.056474287296578288e+07
5.332056816943896670e-07	3.903116208124837279e+07
5.440387142712373538e-07	3.755557023752687126e+07
5.550918401083444413e-07	3.613579015034979582e+07
5.663695307451531985e-07	3.476968883323058486e+07
5.778763485649803702e-07	3.345523306189138070e+07
5.896169486405202811e-07	3.219048348649705574e+07
6.015960806168226882e-07	3.097355573754189909e+07
6.138185906325184062e-07	2.980264664100683108e+07
6.262894232800863761e-07	2.867602024143555015e+07
6.390136236059169879e-07	2.759198035429091752e+07
6.519963391510258912e-07	2.654892387870338559e+07
6.652428220331963986e-07	2.554531672576835006e+07
6.787584310714416677e-07	2.457965706369913742e+07
6.925486339535921887e-07	2.365050032666997239e+07
7.066190094479394665e-07	2.275647725480707362e+07
7.209752496597865326e-07	2.189626464739194512e+07
7.356231623338323613e-07	2.106857697519782186e+07
7.505686732033436336e-07	2.027217990972747654e+07
7.658178283870137148e-07	1.950589145325369015e+07
7.813767968345379910e-07	1.876857975948120654e+07
7.972518728218329593e-07	1.805914691772545129e+07
8.134494784969679222e-07	1.737653222943555936e+07
8.299761664777880319e-07	1.671972600722765364e+07
8.468386225023012403e-07	1.608775644694520161e+07
8.640436681329190748e-07	1.547968121648308635e+07
8.815982635155928776e-07	1.489459334557736106e+07
8.995095101950272270e-07	1.433162476324575394e+07
9.177846539870391763e-07	1.378994432867364027e+07
9.364310879092917224e-07	1.326874423764317669e+07
9.554563551715319738e-07	1.276724579678137787e+07
9.748681522265646509e-07	1.228470811861559190e+07
9.946743318832155874e-07	1.182041465404434502e+07
1.014882906482489077e-06	1.137367398453177884e+07
1.035502051138272414e-06	1.094382349492113478e+07
1.056540107043822177e-06	1.053022332787151635e+07
1.078005584845444997e-06	1.013225900047453865e+07
1.099907168084675135e-06	9.749340296449271962e+06
1.122253716710360436e-06	9.380897441449053586e+06
1.145054270662110386e-06	9.026383952954640612e+06
1.168318053526479734e-06	8.685273515845455229e+06
1.192054476267455968e-06	8.357058042800758034e+06
1.216273141032666656e-06	8.041249385852840729e+06
1.240983845036933188e-06	7.737379090559252538e+06
1.266196584524667817e-06	7.444997097432913259e+06
1.291921558812746672e-06	7.163668492477254942e+06
1.318169174415518496e-06	6.892974208783067763e+06
1.344950049253546186e-06	6.632512318853837438e+06
1.372275016947871772e-06	6.381896848198343068e+06
1.400155131201443207e-06	6.140755353441913612e+06
1.428601670269571297e-06	5.908728863421058282e+06
1.457626141521143467e-06	5.685473212811980397e+06
1.487240286092466299e-06	5.470657072751389816e+06
1.517456083635659173e-06	5.263960869772577658e+06
1.548285757163421206e-06	5.065077563760436140e+06
1.579741777992248405e-06	4.873712024866538122e+06
1.611836870785974247e-06	4.689579928075422533e+06
1.644584018701793204e-06	4.512407732855389826e+06
1.677996468640748412e-06	4.341932536929986440e+06
1.712087736604840466e-06	4.177900873861347325e+06
1.746871613162968291e-06	4.020069143890087958e+06
1.782362169027805723e-06	3.868203040408977307e+06
1.818573760745990115e-06	3.722076845383184496e+06
1.855521036503797337e-06	3.581473705356046092e+06
1.893218942050772672e-06	3.446184913445238955e+06
1.931682726743605445e-06	3.316009373716027942e+06
1.970927949712733020e-06	3.190753561784491874e+06
2.010970486154205501e-06	3.070231783970016055e+06
2.051826533749250187e-06	2.954265216509595048e+06
2.093512619214258342e-06	2.842681281157320831e+06
2.136045604983697274e-06	2.735314367365143262e+06
2.179442696028796710e-06	2.632005204863427207e+06
2.223721446814636545e-06	2.532600359574323520e+06
2.268899768398496391e-06	2.436952117676523980e+06
2.314995935672390042e-06	2.344918413939760998e+06
2.362028594752572856e-06	2.256362759915711824e+06
2.410016770519175570e-06	2.171153644980257843e+06
2.458979874308833433e-06	2.089164479850262636e+06
2.508937711763589958e-06	2.010273599007753888e+06
2.559910490839104701e-06	1.934363871557004517e+06
2.611918829975451128e-06	1.861322572405705228e+06
2.664983766433871115e-06	1.791041316644664155e+06
2.719126764802692080e-06	1.723415709250476910e+06
2.774369725676043083e-06	1.658345356429191772e+06
2.830734994508661020e-06	1.595733752578669693e+06
2.888245370650568504e-06	1.535487883486628300e+06
2.946924116565107694e-06	1.477518302474602591e+06
3.006794967234109542e-06	1.421739039611085318e+06
3.067882139754074889e-06	1.368067263258551713e+06
3.130210343127061344e-06	1.316423288849757984e+06
3.193804788250443743e-06	1.266730496760964394e+06
3.258691198109360288e-06	1.218915124548711581e+06
3.324895818176176075e-06	1.172906209186796332e+06
3.392445427020978943e-06	1.128635468719098018e+06
3.461367347137466078e-06	1.086037195659548277e+06
3.531689455988669108e-06	1.045048190796023817e+06
3.603440197276771939e-06	1.005607616476140916e+06
3.676648592441825261e-06	9.676569426078345859e+05
3.751344252393735634e-06	9.311398736991592450e+05
3.827557389482513068e-06	8.960022207518086070e+05
3.905318829711409546e-06	8.621918457723462489e+05
3.984660025197945974e-06	8.296585809330616612e+05
4.065613066887955067e-06	7.983541649329159409e+05
4.148210697527540265e-06	7.682321527956123464e+05
4.232486324898472910e-06	7.392478508494425332e+05
4.318474035322053966e-06	7.113582690881794551e+05
4.406208607437200969e-06	6.845220347216250375e+05
4.495725526258066011e-06	6.586993386158287758e+05
4.587060997516947131e-06	6.338518822097284719e+05
4.680251962298394376e-06	6.099427992313796422e+05
4.775336111970137392e-06	5.869366331465060357e+05
4.872351903417202530e-06	5.647992717473510420e+05
4.971338574584993678e-06	5.434978777536252746e+05
5.072336160337968267e-06	5.230008585258431267e+05
5.175385508640009605e-06	5.032778206344866194e+05
5.280528297063131205e-06	4.842995145221891580e+05
5.387807049631298689e-06	4.660377976814171416e+05
5.497265154005848221e-06	4.484656012677720864e+05
5.608946879019814751e-06	4.315568714679909172e+05
5.722897392567831984e-06	4.152865285548607353e+05
5.839162779859239234e-06	3.996304537148068775e+05
5.957790062041303551e-06	3.845654423402035027e+05
6.078827215200524331e-06	3.700691650654366240e+05
6.202323189749250665e-06	3.561201299922698527e+05
6.328327930205726864e-06	3.426976579315586132e+05
6.456892395375437622e-06	3.297818575224188389e+05
6.588068578941753063e-06	3.173535875239567249e+05
6.721909530474486277e-06	3.053944272436042083e+05
6.858469376864433905e-06	2.938866555318365572e+05
6.997803344192863051e-06	2.828132220453172922e+05
7.139967780044564782e-06	2.721577161491079605e+05
7.285020176273527318e-06	2.619043478144266701e+05
7.433019192230430208e-06	2.520379290044087975e+05
7.584024678461137112e-06	2.425438417003815703e+05
7.738097700886082219e-06	2.334080206096234906e+05
7.895300565469844797e-06	2.246169352607718320e+05
8.055696843391202478e-06	2.161575617398976756e+05
8.219351396723622688e-06	2.080173705031188729e+05
8.386330404636548050e-06	2.001843080269797065e+05
8.556701390128096710e-06	1.926467724956961465e+05
8.730533247299750242e-06	1.853936019985996827e+05
8.907896269184343801e-06	1.784140573517221783e+05
9.088862176138126018e-06	1.716978035165896581e+05
9.273504144808686093e-06	1.652348972160542035e+05
9.461896837690186431e-06	1.590157711928045319e+05
9.654116433277849072e-06	1.530312187895961979e+05
9.850240656833915195e-06	1.472723819081989350e+05
1.005034881177716826e-05	1.417307373275349382e+05
1.025452181170913795e-05	1.363980829792587319e+05
1.046284221308923464e-05	1.312665274023132224e+05
1.067539424857262116e-05	1.263284774760091386e+05
1.089226386102358814e-05	1.215766264106342132e+05
1.111353873821860745e-05	1.170039440212132758e+05
1.133930834825278873e-05	1.126036658042196214e+05
1.156966397566382039e-05	1.083692826119748061e+05
1.180469875828841956e-05	1.042945315121259628e+05
1.204450772486533321e-05	1.003733855510394787e+05
1.228918783340089754e-05	9.660004596488695825e+04
1.253883801031169938e-05	9.296893339152559929e+04
1.279355919036068884e-05	8.947467846914812981e+04
1.305345435740257609e-05	8.611211539418750908e+04
1.331862858595460410e-05	8.287627333873024327e+04
1.358918908361006505e-05	7.976236905139657028e+04
1.386524523431065549e-05	7.676580020477344806e+04
1.414690864249608500e-05	7.388213844542899460e+04
1.443429317814764678e-05	7.110712226729754184e+04
1.472751502274461024e-05	6.843665148318560387e+04
1.502669271615146548e-05	6.586678079820783751e+04
1.533194720445490861e-05	6.339371388475193089e+04
1.564340188876991238e-05	6.101379789775251993e+04
1.596118267503405380e-05	5.872351779098670522e+04
1.628541802481075465e-05	5.651949132753742742e+04
1.661623900712098762e-05	5.439846409861399297e+04
1.695377935132488833e-05	5.235730478475573909e+04
1.729817550107413550e-05	5.039300004075403558e+04
1.764956666935677671e-05	4.850265035701282613e+04
1.800809489465674267e-05	4.668346595424311818e+04
1.837390509825000858e-05	4.493276228791447647e+04
1.874714514266131261e-05	4.324795608431635628e+04
1.912796589130372538e-05	4.162656178874458419e+04
1.951652126932582754e-05	4.006618768419486878e+04
1.991296832569041904e-05	3.856453236363343603e+04
2.031746729650969342e-05	3.711938122614491294e+04
2.073018166966242683e-05	3.572860341702178266e+04
2.115127825071846766e-05	3.439014853681226668e+04
2.158092723019790270e-05	3.310204355791971466e+04
2.201930225219060904e-05	3.186238994806840492e+04
2.246658048436459782e-05	3.066936090622387565e+04
2.292294268939064789e-05	2.952119857155976570e+04
2.338857329781190311e-05	2.841621141327724399e+04
2.386366048238774745e-05	2.735277185016820295e+04
2.434839623394099420e-05	2.632931368890458907e+04
2.484297643873996657e-05	2.534432986363712189e+04
2.534760095744479074e-05	2.439637018642051407e+04
2.586247370565083041e-05	2.348403923920154557e+04
2.638780273606047792e-05	2.260599427302640834e+04
2.692380032231664097e-05	2.176094323703290502e+04
2.747068304453124737e-05	2.094764282056946104e+04
2.802867187654242199e-05	2.016489664659112168e+04
2.859799227493628414e-05	1.941155347951919975e+04
2.917887426986742950e-05	1.868650554861043565e+04
2.977155255771550511e-05	1.798868690622022041e+04
3.037626659561410997e-05	1.731707180249744852e+04
3.099326069788995830e-05	1.667067321691596226e+04
3.162278413445091641e-05	1.604854133101965635e+04
3.226509123116122647e-05	1.544976223133950225e+04
3.292044147224550279e-05	1.487345644663206258e+04
3.358909960476035250e-05	1.431877769282267946e+04
3.427133574517674821e-05	1.378491160791730726e+04
3.496742548811471803e-05	1.327107457896031519e+04
3.567765001727383648e-05	1.277651252709224536e+04
3.640229621860390066e-05	1.230049981609461065e+04
3.714165679575981031e-05	1.184233829187688025e+04
3.789603038788828896e-05	1.140135594837843928e+04
3.866572168979116945e-05	1.097690623419899202e+04
3.945104157451461568e-05	1.056836699454129121e+04
4.025230721841205328e-05	1.017513950926448160e+04
4.106984222873083154e-05	9.796647673519897580e+03
4.190397677377321500e-05	9.432336975686805090e+03
4.275504771568266213e-05	9.081674027240895157e+03
4.362339874590979787e-05	8.744145401889916684e+03
4.450938052340909154e-05	8.419257079236596837e+03
4.541335081562400790e-05	8.106533658047630524e+03
4.633567464231381149e-05	7.805517659949830886e+03
4.727672442228070661e-05	7.515768856388351196e+03
4.823688012305507383e-05	7.236863615224235218e+03
4.921652941359663173e-05	6.968394270359499387e+03
5.021606782007488189e-05	6.709968523507891405e+03
5.123589888478656404e-05	6.461208860356940932e+03
5.227643432827690164e-05	6.221752000056125326e+03
5.333809421472514967e-05	5.991248345706090731e+03
5.442130712066235666e-05	5.769361478850214553e+03
5.552651030708686706e-05	5.555767655408455539e+03
5.665414989504449344e-05	5.350155336927850840e+03
5.780468104474557970e-05	5.152224711746145658e+03
5.897856813828531542e-05	4.961687264508899716e+03
6.017628496604397460e-05	4.778265374010556116e+03
6.139831491683605451e-05	4.601691834088910582e+03
6.264515117188671595e-05	4.431709533318256035e+03
6.391729690270963021e-05	4.268071034397293261e+03
6.521526547296509473e-05	4.110538225312886425e+03
6.653958064437774742e-05	3.958881954378793125e+03
6.789077678679343272e-05	3.812881700368036945e+03
6.926939909246078344e-05	3.672325248340476264e+03
7.067600379461743765e-05	3.537008368027200504e+03
7.211115839047060817e-05	3.406734525154119183e+03
7.357544186865672175e-05	3.281314576952484003e+03
7.506944494127055015e-05	3.160566504503699434e+03
7.659377028055486573e-05	3.044315138017839672e+03
7.814903276034132831e-05	2.932391899565192489e+03
7.973585970234092714e-05	2.824634559973150772e+03
8.135489112737548443e-05	2.720886988383170319e+03
8.300678001165242030e-05	2.620998930560040662e+03
8.469219254818064163e-05	2.524825785851076944e+03
8.641180841343032394e-05	2.432228395456440921e+03
8.816632103934087276e-05	2.343072830239603263e+03
8.995643789078136489e-05	2.257230202082087089e+03
9.178288074857533199e-05	2.174576468999990084e+03
9.364638599819512200e-05	2.094992253643571075e+03
9.554770492424229512e-05	2.018362667586060297e+03
9.748760401082647270e-05	1.944577141472461562e+03
9.946686524795978694e-05	1.873529263369414366e+03
1.014862864440859499e-04	1.805116620497216672e+03
1.035466815448656702e-04	1.739240649534726344e+03
1.056488809583403231e-04	1.675806492597252827e+03
1.077937318866023920e-04	1.614722855326774379e+03
1.099820986640989094e-04	1.555901872646484435e+03
1.122148631027000622e-04	1.499258981916954781e+03
1.144929248436653155e-04	1.444712797184609599e+03
1.168172017166441238e-04	1.392184988675171098e+03
1.191886301058492500e-04	1.341600169157502023e+03
1.216081653235428112e-04	1.292885781711929440e+03
1.240767819909812828e-04	1.245971994115799134e+03
1.265954744269640129e-04	1.200791595231363544e+03
1.291652570441356924e-04	1.157279898433585686e+03
1.317871647531949637e-04	1.115374643324136969e+03
1.344622533751638010e-04	1.075015906859992356e+03
1.371916000618767287e-04	1.036146014416822254e+03
1.399763037248507604e-04	9.987094551980706001e+02
1.428174854726987420e-04	9.626528009089657871e+02
1.457162890572562112e-04	9.279246287582441255e+02
1.486738813285898514e-04	8.944754388604733322e+02
1.516914526990625033e-04	8.622575954108567657e+02
1.547702176166310790e-04	8.312252434238939713e+02
1.579114150475577642e-04	8.013342483237611305e+02
1.611163089687194720e-04	7.725421295862204261e+02
1.643861888696995918e-04	7.448079987664145847e+02
1.677223702648565401e-04	7.180924994105224641e+02
1.711261952155607180e-04	6.923577493003575682e+02
1.745990328627984199e-04	6.675672857361864772e+02
1.781422799703448706e-04	6.436860113612834766e+02
1.817573614787104371e-04	6.206801430060978646e+02
1.854457310700712990e-04	5.985171623038562529e+02
1.892088717443941815e-04	5.771657682271758176e+02
1.930482964069758398e-04	5.565958295258476483e+02
1.969655484676166015e-04	5.367783491613525939e+02
2.009622024516517747e-04	5.176854049699823008e+02
2.050398646230732109e-04	4.992901259782453280e+02
2.092001736199709284e-04	4.815666443923269640e+02
2.134448011025371966e-04	4.644900598919349477e+02
2.177754524138685152e-04	4.480364026447913375e+02
2.221938672538194097e-04	4.321825991217291971e+02
2.267018203661538573e-04	4.169064380775490122e+02
2.313011222392527912e-04	4.021865380951671796e+02
2.359936198206354790e-04	3.880023163514841826e+02
2.407811972455633858e-04	3.743339588137283158e+02
2.456657765799932910e-04	3.611623914615355488e+02
2.506493185781544491e-04	3.484692521121267532e+02
2.557338234550319851e-04	3.362368642774679870e+02
2.609213316740389868e-04	3.244482104777068798e+02
2.662139247501681583e-04	3.130869088232111608e+02
2.716137260689176387e-04	3.021371879581391795e+02
2.771229017212908236e-04	2.915838648715809995e+02
2.827436613551772334e-04	2.814123225000482194e+02
2.884782590434253804e-04	2.716084887137026840e+02
2.943289941689211826e-04	2.621588157321759240e+02
3.002982123269990313e-04	2.530502602108512917e+02
3.063883062455102281e-04	2.442702650538431044e+02
3.126017167228828907e-04	2.358067404953048083e+02
3.189409335845133316e-04	2.276480468259472616e+02
3.254084966578346628e-04	2.197829776013112735e+02
3.320069967664139609e-04	2.122007432026593108e+02
3.387390767434336671e-04	2.048909554773269690e+02
3.456074324649253612e-04	1.978436125360857432e+02
3.526148139031205818e-04	1.910490842426771678e+02
3.597640262003015243e-04	1.844980984954092094e+02
3.670579307635273470e-04	1.781817275589712040e+02
3.744994463806311687e-04	1.720913753336186289e+02
3.820915503578839792e-04	1.662187652252075054e+02
3.898372796797204380e-04	1.605559269704138217e+02
3.977397321909486401e-04	1.550951872677755432e+02
4.058020678018501551e-04	1.498291567245059923e+02
4.140275098835660044e-04	1.447507201905645786e+02
4.224193458752105207e-04	1.398530263066453756e+02
4.309809294964580704e-04	1.351294777354290773e+02
4.397156814436810248e-04	1.305737213087976158e+02
4.486270908627475011e-04	1.261796394240325014e+02
4.577187167006372846e-04	1.219413408663433103e+02
4.669941890830666765e-04	1.178531524661666765e+02
4.764572107185988288e-04	1.139096110260269512e+02
4.861115583297244218e-04	1.101054553101324416e+02
4.959610841113991104e-04	1.064356186827788520e+02
5.060097172175424905e-04	1.028952216903506525e+02
5.162614652759955295e-04	9.947956520351144150e+01
5.267204159324605098e-04	9.618412362514197866e+01
5.373907384239400530e-04	9.300453843603662563e+01
5.482766851822077313e-04	8.993661187674392465e+01
5.593825934678484102e-04	8.697630114326400985e+01
5.707128870354163854e-04	8.411971238495874559e+01
5.822720778302665351e-04	8.136309534955202594e+01
5.940647677176258499e-04	7.870283793705993958e+01
6.060956502444679334e-04	7.613546100442749776e+01
6.183695124347871096e-04	7.365761353565739000e+01
6.308912366188515345e-04	7.126606779936730618e+01
6.436658022970358521e-04	6.895771474636795517e+01
6.566982880388445593e-04	6.672955962557593068e+01
6.699938734177383285e-04	6.457871776501269778e+01
6.835578409823990639e-04	6.250241037122692944e+01
6.973955782650480013e-04	6.049796069352526473e+01
7.115125798274864535e-04	5.856279018164234174e+01
7.259144493454915094e-04	5.669441487030385929e+01
7.406069017322409499e-04	5.489044184331203979e+01
7.555957653014323252e-04	5.314856580938479880e+01
7.708869839707793454e-04	5.146656595482949825e+01
7.864866195065785010e-04	4.984230270963858800e+01
8.024008538100350311e-04	4.827371477592837579e+01
8.186359912460705341e-04	4.675881622352015654e+01
8.351984610153208571e-04	4.529569368379956273e+01
8.520948195700540385e-04	4.388250367366148197e+01
8.693317530747445877e-04	4.251746998900346597e+01
8.869160799120515484e-04	4.119888121466672715e+01
9.048547532349590725e-04	3.992508836194615185e+01
9.231548635658299879e-04	3.869450249083975990e+01
9.418236416259302820e-04	3.750559254447581026e+01
9.608684603239735222e-04	3.635688318423406429e+01
9.802968385271466651e-04	3.524695273775389381e+01
1.000116443192044591e-03	3.417443118789950063e+01
1.020335092371254344e-03	3.313799830449713113e+01
1.040960758110540769e-03	3.213638179000234629e+01
1.062001569398578985e-03	3.116835549058493271e+01
1.083465815170044783e-03	3.023273770153634388e+01
1.105361947362948957e-03	2.932838956814771336e+01
1.127698584031035667e-03	2.845421343240368728e+01
1.150484512512136475e-03	2.760915137301752509e+01
1.173728692653335263e-03	2.679218371886661032e+01
1.197440260093835711e-03	2.600232762260400321e+01
1.221628529606424898e-03	2.523863575095722211e+01
1.246302998498411254e-03	2.450019493000588966e+01
1.271473350072973825e-03	2.378612492433366654e+01
1.297149457151809291e-03	2.309557717435441049e+01
1.323341385660016089e-03	2.242773371028989615e+01
1.350059398274135267e-03	2.178180595795150865e+01
1.377313958134285688e-03	2.115703369372500120e+01
1.405115732621347018e-03	2.055268399558796233e+01
1.433475597200115775e-03	1.996805024143871776e+01
1.462404639329416929e-03	1.940245114243235491e+01
1.491914162440120383e-03	1.885522981329630809e+01
1.522015689982025985e-03	1.832575287817269682e+01
1.552720969540597601e-03	1.781340964539312566e+01
1.584041977024518806e-03	1.731761118450497250e+01
1.615990920925063730e-03	1.683778965228191282e+01
1.648580246648238910e-03	1.637339740441983693e+01
1.681822640920730902e-03	1.592390634406932293e+01
1.715731036270613753e-03	1.548880716945824787e+01
1.750318615583833746e-03	1.506760868821741539e+01
1.785598816737464121e-03	1.465983716272688930e+01
1.821585337310719852e-03	1.426503566989936900e+01
1.858292139374762703e-03	1.388276349866410087e+01
1.895733454362245884e-03	1.351259553783267897e+01
1.933923788017660392e-03	1.315412174176009685e+01
1.972877925429436258e-03	1.280694650670400314e+01
2.012610936144822865e-03	1.247068827988989348e+01
2.053138179368529936e-03	1.214497893505108550e+01
2.094475305891608640e-03	1.182946326297406081e+01
2.136638280420190272e-03	1.152379859814127272e+01
2.179643352762935388e-03	1.122765437892710594e+01
2.223507097970717477e-03	1.094071158633203922e+01
2.268246404516694251e-03	1.066266238048970827e+01
2.313878483537803229e-03	1.039320973236544532e+01
2.360420874647304029e-03	1.013206700381905989e+01
2.407891451838888898e-03	9.878957575141157577e+00
2.456308429483270491e-03	9.633614450567231202e+00
2.505690368418207921e-03	9.395779979558415818e+00
2.556056182132828477e-03	9.165205467488368285e+00
2.607425143047190433e-03	8.941650845731722086e+00
2.659816888887953437e-03	8.724884382400977856e+00
2.713251429161009105e-03	8.514682395964225492e+00
2.767749151721929195e-03	8.310828922240371952e+00
2.823330829445051034e-03	8.113115490492784687e+00
2.880017626992029817e-03	7.921340783330907520e+00
2.937831107680576818e-03	7.735310443410960524e+00
2.996793240454223572e-03	7.554836793038672837e+00
3.056926406953782045e-03	7.379738595462931983e+00
3.118253408691218972e-03	7.209840829800821638e+00
3.180797474326637394e-03	7.044974462965507556e+00
3.244582267048970372e-03	6.884976235095622954e+00
3.309631892061036963e-03	6.729688451886114642e+00
3.375970904169476976e-03	6.578958790715243587e+00
3.443624315480154317e-03	6.432640096454755430e+00
3.512617603199486016e-03	6.290590206622968417e+00
3.582976717542157505e-03	6.152671769201188745e+00
3.654728089745625744e-03	6.018752068102097397e+00
3.727898640191769711e-03	5.888702860101033387e+00
3.802515786636024350e-03	5.762400210722081972e+00
3.878607452544167566e-03	5.639724341903170846e+00
3.956202075537084209e-03	5.520559497709430552e+00
4.035328615943541315e-03	5.404793767931262316e+00
4.116016565461127694e-03	5.292318981980955961e+00
4.198295955925321864e-03	5.183030556721691440e+00
4.282197368186686608e-03	5.076827386933032038e+00
4.367751941096028809e-03	4.973611693763714925e+00
4.454991380597390568e-03	4.873288933514257515e+00
4.543947968928497769e-03	4.775767669559500384e+00
4.634654573928448373e-03	4.680959473372749535e+00
4.727144658452102702e-03	4.588778735153499433e+00
4.821452290075722499e-03	4.499142754926934273e+00
4.917612150007451798e-03	4.411971446226266025e+00
5.015659543858587942e-03	4.327187321464935010e+00
5.115630410806086548e-03	4.244715402341526556e+00
5.217561333694316870e-03	4.164483129055183142e+00
5.321489549075688122e-03	4.086420279668607769e+00
5.427452957352280928e-03	4.010458811397193735e+00
5.535490133017283501e-03	3.936532945553103957e+00
5.645640334994877704e-03	3.864578934201170934e+00
5.757943517077053659e-03	3.794535055365912513e+00
5.872440338455800317e-03	3.726341532052012351e+00
5.989172174348793287e-03	3.659940466874714193e+00
6.108181126716835663e-03	3.595275767661404220e+00
6.229510035070919861e-03	3.532293099961672400e+00
6.353202487366729073e-03	3.470939805643570519e+00
6.479302830984273731e-03	3.411164858435140612e+00
6.607856183790096483e-03	3.352918807828818348e+00
6.738908445279485210e-03	3.296153711825760446e+00
6.872506307795667874e-03	3.240823098469248542e+00
7.008697267823165919e-03	3.186881913231120578e+00
7.147529637351967766e-03	3.134286459579114670e+00
7.289052555309184778e-03	3.082994369642653609e+00
7.433315999054556332e-03	3.032964541322958230e+00
7.580370795936076933e-03	2.984157113908798564e+00
7.730268634901676580e-03	2.936533413759973676e+00
7.883062078162734673e-03	2.890055917032601673e+00
8.038804572905077633e-03	2.844688219735829637e+00
8.197550463042675012e-03	2.800394980334961481e+00
8.359355001009226294e-03	2.757141926144202948e+00
8.524274359582431626e-03	2.714895756443696850e+00
8.692365643735596586e-03	2.673624183510191710e+00
8.863686902510879359e-03	2.633295851849661418e+00
9.038297140908370733e-03	2.593880309246122451e+00
9.216256331784624875e-03	2.555348014317256666e+00
9.397625427754444441e-03	2.517670276908444027e+00
9.582466373088989811e-03	2.480819242658585555e+00
9.770842115603233652e-03	2.444767870328427684e+00
9.962816618525474968e-03	2.409489911837090492e+00
1.015845487234121221e-02	2.374959879223908388e+00
1.035782290660351539e-02	2.341153031957489361e+00
1.056098780170148556e-02	2.308045355209483507e+00
1.076801770075845599e-02	2.275613539854123513e+00
1.097898182059406716e-02	2.243834963911960134e+00
1.119395046432684893e-02	2.212687675310526458e+00
1.141299503223126496e-02	2.182150375683300947e+00
1.163618803332043886e-02	2.152202404060926000e+00
1.186360309667135182e-02	2.122823722618797593e+00
1.209531498264066092e-02	2.093994901804979936e+00
1.233139959396030438e-02	2.065697107373806851e+00
1.257193398670124369e-02	2.037912087714353060e+00
1.281699638109356533e-02	2.010622161014993914e+00
1.306666617219059967e-02	1.983810203244260162e+00
1.332102394036456874e-02	1.957459638745211672e+00
1.358015146127142074e-02	1.931554429598074218e+00
1.384413171694523492e-02	1.906079062442966432e+00
1.411304890472296278e-02	1.881018542716174302e+00
1.438698844737854206e-02	1.856358383676554036e+00
1.466603700342748381e-02	1.832084598493673777e+00
1.495028247270127619e-02	1.808183691287182704e+00
1.523981401155205355e-02	1.784642649737420594e+00
1.553472203398358932e-02	1.761448932263167677e+00
1.583509822811145218e-02	1.738590470156119672e+00
1.614103555545193247e-02	1.716055651641920754e+00
1.645262826795091532e-02	1.693833316698207136e+00
1.676997190673517463e-02	1.671912752973784277e+00
1.709316331276758069e-02	1.650283685236142439e+00
1.742230063750209446e-02	1.628936267788813952e+00
1.775748333947134439e-02	1.607861081875388232e+00
1.809881220139757108e-02	1.587049123049629085e+00
1.844638932512036172e-02	1.566491799991581946e+00
1.880031814088242020e-02	1.546180923684977282e+00
1.916070341640437047e-02	1.526108696858522462e+00
1.952765125119117900e-02	1.506267720091847950e+00
1.990126908456287327e-02	1.486650966189549949e+00
2.028166570329505147e-02	1.467251784875718501e+00
2.066895123386010627e-02	1.448063895088413489e+00
2.106323714894302659e-02	1.429081370307317522e+00
2.146463627335205501e-02	1.410298633021929149e+00
2.187326277415588965e-02	1.391710456421423103e+00
2.228923216539409682e-02	1.373311936638466291e+00
2.271266131191811838e-02	1.355098500189901634e+00
2.314366841743453404e-02	1.337065889829705645e+00
2.358237302781522257e-02	1.319210155926884287e+00
2.402889602963725543e-02	1.301527644075419987e+00
2.448335964033846249e-02	1.284014990682306845e+00
2.494588740561383758e-02	1.266669113805506619e+00
2.541660419853484024e-02	1.249487192076911724e+00
2.589563620371468713e-02	1.232466670262327924e+00
2.638311091442433268e-02	1.215605243897316612e+00
2.687915712772693741e-02	1.198900838152695325e+00
2.738390492580044036e-02	1.182351613468156648e+00
2.789748567520087055e-02	1.165955945393841953e+00
2.842003200632180551e-02	1.149712415830772549e+00
2.895167780812176600e-02	1.133619805708489192e+00
2.949255820991581942e-02	1.117677076238819733e+00
3.004280956709164813e-02	1.101883366789783825e+00
3.060256944766167816e-02	1.086237977395836607e+00
3.117197661328157191e-02	1.070740363760702696e+00
3.175117099809827981e-02	1.055390122446706824e+00
3.234029369505319468e-02	1.040186978116343308e+00
3.293948693283412638e-02	1.025130779044822971e+00
3.354889404826516541e-02	1.010221484069867115e+00
3.416865947403906895e-02	9.954591483232680948e-01
3.479892870073519190e-02	9.808439184783533937e-01
3.543984826488187634e-02	9.663760188429340037e-01
3.609156570845516165e-02	9.520557451576194818e-01
3.675422955556562760e-02	9.378834526239271385e-01
3.742798928831001654e-02	9.238595409860476115e-01
3.811299530266005348e-02	9.099844610462359817e-01
3.880939888125679860e-02	8.962586905382154967e-01
3.951735216519163679e-02	8.826827298430870439e-01
4.023700810211146284e-02	8.692570986936282162e-01
4.096852042665211774e-02	8.559823219637339164e-01
4.171204360428679841e-02	8.428589278415701269e-01
4.246773279741022922e-02	8.298874354626661898e-01
4.323574383006110328e-02	8.170683515090430005e-01
4.401623312852376985e-02	8.044021709397187747e-01
4.480935765445229896e-02	7.918893519328690234e-01
4.561527497174049095e-02	7.795303089792052775e-01
4.643414303283886074e-02	7.673254440527246256e-01
4.726612022551168052e-02	7.552751197985110299e-01
4.811136530006978468e-02	7.433796348360448558e-01
4.897003732203279724e-02	7.316392444537381801e-01
4.984229560164393086e-02	7.200541522986869669e-01
5.072829964064172470e-02	7.086245059419369330e-01
5.162820908331786085e-02	6.973503876712059402e-01
5.254218363795511854e-02	6.862318218725684815e-01
5.347038302150866618e-02	6.752687674184900679e-01
5.441296690079321791e-02	6.644611148272672185e-01
5.537009481023326407e-02	6.538086871180980308e-01
5.634192610011719282e-02	6.433112374835551206e-01
5.732861985175100039e-02	6.329684494254216309e-01
5.833033481175652069e-02	6.227799343874815818e-01
5.934722932261227851e-02	6.127452316082572237e-01
6.037946123582847713e-02	6.028638089823430413e-01
6.142718784509362817e-02	5.931350624185771636e-01
6.249056580159032676e-02	5.835583163067247225e-01
6.356975103365485047e-02	5.741328251048068987e-01
6.466489866249294782e-02	5.648577706057517078e-01
6.577616293326221664e-02	5.557322659131692655e-01
6.690369710004746839e-02	5.467553589179462437e-01
6.804765336321599856e-02	5.379260281348580142e-01
6.920818277416893038e-02	5.292431847623061403e-01
7.038543514478227958e-02	5.207056781488607067e-01
7.157955895052127426e-02	5.123122955851870941e-01
7.279070124141354126e-02	5.040617623743910425e-01
7.401900755410502353e-02	4.959527448850946652e-01
7.526462180073735520e-02	4.879838528177621870e-01
7.652768619013516904e-02	4.801536402962145456e-01
7.780834111281315080e-02	4.724606095804075312e-01
7.910672504872517941e-02	4.649032110214584290e-01
8.042297447453447545e-02	4.574798446957791809e-01
8.175722374650293278e-02	4.501888670350681076e-01
8.310960500572082965e-02	4.430285870000003623e-01
8.448024808292117771e-02	4.359972714188040110e-01
8.586928037781926815e-02	4.290931472350051901e-01
8.727682676240193504e-02	4.223144037307100529e-01
8.870300948384592099e-02	4.156591961900930610e-01
9.014794801154699111e-02	4.091256405699713605e-01
9.161175905402883790e-02	4.027118173035028614e-01
9.309455629328236559e-02	3.964157862899634344e-01
9.459645036828942533e-02	3.902355798240121909e-01
9.611754875000341758e-02	3.841691981762555552e-01
9.765795564229144687e-02	3.782146192566159248e-01
9.921777185677675692e-02	3.723698004447133503e-01
1.007970947150275409e-01	3.666326785623643114e-01
1.023960179464857984e-01	3.610011717734706860e-01
1.040146315687920792e-01	3.554731831884540560e-01
1.056530217872037603e-01	3.500466007832517268e-01
1.073112708967312728e-01	3.447192996706035517e-01
1.089894571610062340e-01	3.394891452262558396e-01
1.106876547159472007e-01	3.343539936591005679e-01
1.124059334724965137e-01	3.293116933245822109e-01
1.141443589981344375e-01	3.243600879964355088e-01
1.159029924323261435e-01	3.194970178420966089e-01
1.176818903706903507e-01	3.147203201842257436e-01
1.194811047788286867e-01	3.100278353215117355e-01
1.213006828867042586e-01	3.054174008264289308e-01
1.231406670964462491e-01	3.008868613982752516e-01
1.250010948836697555e-01	2.964340651590480213e-01
1.268819987180446751e-01	2.920568684809911053e-01
1.287834059576218604e-01	2.877531357289534464e-01
1.307053387648982878e-01	2.835207438806836566e-01
1.326478140301742270e-01	2.793575812555755267e-01
1.346108432740872884e-01	2.752615517594224626e-01
1.365944325819736516e-01	2.712305763033414641e-01
1.385985825092547197e-01	2.672625931898954810e-01
1.406232880234846161e-01	2.633555637634522606e-01
1.426685384130787770e-01	2.595074711915674737e-01
1.447343172375117892e-01	2.557163244068018648e-01
1.468206022427394064e-01	2.519801600596553448e-01
1.489273653057194280e-01	2.482970442278777667e-01
1.510545723829563869e-01	2.446650749786187240e-01
1.532021834371644353e-01	2.410823851685761632e-01
1.553701523927292494e-01	2.375471446625717076e-01
1.575584270953475086e-01	2.340575620020279024e-01
1.597669492486715748e-01	2.306118880544539007e-01
1.619956543815574135e-01	2.272084169273764220e-01
1.642444718195630038e-01	2.238454899899916528e-01
1.665133246326667704e-01	2.205214972698035514e-01
1.688021296150096773e-01	2.172348803334982759e-01
1.711107972688697410e-01	2.139841331233048038e-01
1.734392317645127579e-01	2.107678071950379872e-01
1.757873309329893163e-01	2.075845115652662498e-01
1.781549862630107672e-01	2.044329152179526488e-01
1.805420828739806305e-01	2.013117487257992666e-01
1.829484995229555544e-01	1.982198088972260686e-01
1.853741086117863257e-01	1.951559564251091339e-01
1.878187761785205245e-01	1.921191205476102115e-01
1.902823619145326828e-01	1.891082999592806624e-01
1.927647191882469746e-01	1.861225611945183656e-01
1.952656950476943654e-01	1.831610449571262067e-01
1.977851302537844136e-01	1.802229622365706108e-01
2.003228593163327576e-01	1.773075967720388335e-01
2.028787105106773792e-01	1.744143059639196858e-01
2.054525059345604365e-01	1.715425195894078048e-01
2.080440615344444633e-01	1.686917395591512325e-01
2.106531871671563916e-01	1.658615412461066640e-01
2.132796866440187789e-01	1.630515708464860825e-01
2.159233577892584466e-01	1.602615450868336844e-01
2.185839925021810515e-01	1.574912490247040997e-01
2.212613768322439778e-01	1.547405358014139476e-01
2.239552910299330291e-01	1.520093233997804050e-01
2.266655096400274905e-01	1.492975936486603539e-01
2.293918015757789308e-01	1.466053883053376750e-01
2.321339301957293932e-01	1.439328075015457176e-01
2.348916534063151818e-01	1.412800063791190552e-01
2.376647237371354304e-01	1.386471915164401991e-01
2.404528884557544655e-01	1.360346177186563810e-01
2.432558896513814795e-01	1.334425858963684541e-01
2.460734643465181115e-01	1.308714361830171924e-01
2.489053446132108993e-01	1.283215478190596337e-01
2.517512576690958959e-01	1.257933310495148449e-01
2.546109260008337372e-01	1.232872280903113960e-01
2.574840674916887284e-01	1.208037045078726723e-01
2.603703955238381162e-01	1.183432480507162765e-01
2.632696191277658082e-01	1.159063609515651877e-01
2.661814430894985928e-01	1.134935620076521212e-01
2.691055680916629722e-01	1.111053775904850133e-01
2.720416908577376613e-01	1.087423380195137734e-01
2.749895042699387337e-01	1.064049762695459117e-01
2.779486975221006073e-01	1.040938218507166529e-01
2.809189562555274300e-01	1.018093998215025692e-01
2.838999627162173134e-01	9.955222480385700345e-02
2.868913958823495203e-01	9.732279952720070126e-02
2.898929316226928066e-01	9.512161143033220911e-02
2.929042428564973544e-01	9.294912988244799501e-02
2.959249996871504695e-01	9.080580369522220363e-02
2.989548695629632435e-01	8.869205860688640641e-02
3.019935174451373050e-01	8.660829611533481243e-02
3.050406059428380501e-01	8.455489064223649376e-02
3.080957954807079791e-01	8.253218874014034423e-02
3.111587444652230694e-01	8.054050613850118057e-02
3.142291094237247839e-01	7.858012968498780115e-02
3.173065451857711161e-01	7.665131336125063921e-02
3.203907050243461896e-01	7.475427947152993302e-02
3.234812408243493698e-01	7.288921699995953851e-02
3.265778032485824323e-01	7.105628249611239955e-02
3.296800418834375801e-01	6.925559965739036539e-02
3.327876054124457306e-01	6.748725822250245532e-02
3.359001417686494073e-01	6.575131573806596019e-02
3.390172982912629807e-01	6.404779792352963130e-02
3.421387218995530222e-01	6.237669861175190039e-02
3.452640592190994173e-01	6.073797864403078506e-02
3.483929567809678218e-01	5.913157149614600011e-02
3.515250611367173872e-01	5.755737936418751921e-02
3.546600190409718856e-01	5.601527643638354315e-02
3.577974775860203183e-01	5.450510913855433071e-02
3.609370843699987730e-01	5.302669703267413881e-02
3.640784876290132921e-01	5.157983817323708031e-02
3.672213364045245343e-01	5.016430228065876795e-02
3.703652806694460731e-01	4.877983786541009725e-02
3.735099714942456406e-01	4.742617190758201262e-02
3.766550611697123130e-01	4.610301132985528128e-02
3.798002033557608681e-01	4.481004391109626173e-02
3.829450532287532183e-01	4.354693964177118459e-02
3.860892675988616962e-01	4.231335228930904052e-02
3.892325050525071717e-01	4.110892029105093354e-02
3.923744260928709315e-01	3.993326791295163242e-02
3.955146932486219291e-01	3.878600695517971098e-02
3.986529712091336219e-01	3.766673732066685987e-02
4.017889269572994526e-01	3.657504840561505433e-02
4.049222298691917410e-01	3.551052048914873915e-02
4.080525518412743136e-01	3.447272527507192624e-02
4.111795674147160629e-01	3.346122718613901703e-02
4.143029538657622690e-01	3.247558451796891260e-02
4.174223913242375850e-01	3.151535011462779784e-02
4.205375628886235395e-01	3.058007226200945561e-02
4.236481547071478393e-01	2.966929595816567358e-02
4.267538560877239817e-01	2.878256326968966702e-02
4.298543596001251355e-01	2.791941427767685724e-02
4.329493611523821950e-01	2.707938805615634284e-02
4.360385600872785372e-01	2.626202304689120859e-02
4.391216592775066818e-01	2.546685780505580227e-02
4.421983651893939826e-01	2.469343178393340610e-02
4.452683879716647919e-01	2.394128583849532144e-02
4.483314415387861795e-01	2.320996264246979676e-02
4.513872436246805231e-01	2.249900739544764827e-02
4.544355158718856313e-01	2.180796816152419035e-02
4.574759838789619337e-01	2.113639648111922606e-02
4.605083772779888784e-01	2.048384754142305517e-02
4.635324297840646701e-01	1.984988078753436441e-02
4.665478792552554821e-01	1.923406014338277167e-02
4.695544677403858946e-01	1.863595435568228542e-02
4.725519415411780777e-01	1.805513727612772026e-02
4.755400512430196236e-01	1.749118815149726044e-02
4.785185517611895145e-01	1.694369195093860594e-02
4.814872023909184673e-01	1.641223936205540856e-02
4.844457668284405938e-01	1.589642717846964301e-02
4.873940132212744580e-01	1.539585838325043671e-02
4.903317141805790258e-01	1.491014230024856335e-02
4.932586468278792324e-01	1.443889473763332668e-02
4.961745928017394225e-01	1.398173818053106282e-02
4.990793382868709549e-01	1.353830172253255547e-02
5.019726740411976085e-01	1.310822122302471131e-02
5.048543953917759008e-01	1.269113942103649098e-02
5.077243022712925047e-01	1.228670587073969582e-02
5.105821992068682036e-01	1.189457711858162188e-02
5.134278953368056619e-01	1.151441657388455053e-02
5.162612044253176435e-01	1.114589457198134764e-02
5.190819448451690077e-01	1.078868841013653004e-02
5.218899395872694802e-01	1.044248231953789907e-02
5.246850162681719887e-01	1.010696735129224672e-02
5.274670071044866848e-01	9.781841499108594185e-03
5.302357489157082382e-01	9.466809537238194544e-03
5.329910831248116931e-01	9.161582960147416146e-03
5.357328557253312473e-01	8.865880088531272185e-03
5.384609172777853336e-01	8.579425779524698162e-03
5.411751229036615429e-01	8.301951508529793050e-03
5.438753322461810091e-01	8.033195280847909084e-03
5.465614094646997767e-01	7.772901527615912361e-03
5.492332232028860339e-01	7.520821001671635503e-03
5.518906465816363349e-01	7.276710690160415398e-03
5.545335571477963965e-01	7.040333803008913018e-03
5.571618368727101478e-01	6.811459576484981022e-03
5.597753721007709959e-01	6.589863256319287467e-03
5.623740535283192621e-01	6.375325957424165385e-03
5.649577761788696639e-01	6.167634531598171696e-03
5.675264393502299498e-01	5.966581556879367587e-03
5.700799465993880988e-01	5.771965141370519886e-03
5.726182056871511605e-01	5.583588886189377529e-03
5.751411285562928466e-01	5.401261722164545261e-03
5.776486312776956122e-01	5.224797852728266245e-03
5.801406340217257762e-01	5.054016627845982386e-03
5.826170610066691014e-01	4.888742391306143478e-03
5.850778404697597468e-01	4.728804460313215142e-03
5.875229046021958057e-01	4.574036967263238329e-03
5.899521895227722856e-01	4.424278743680387475e-03
5.923656352264832226e-01	4.279373237682905853e-03
5.947631855302737414e-01	4.139168412142924316e-03
5.971447880409386233e-01	4.003516600977030659e-03
5.995103940886371552e-01	3.872274458290693357e-03
6.018599586974950899e-01	3.745302808584087973e-03
6.041934405180855450e-01	3.622466582315973186e-03
6.065108017849216715e-01	3.503634696989272549e-03
6.088120082742789485e-01	3.388679932280977587e-03
6.110970292359427791e-01	3.277478898141456942e-03
6.133658373498767080e-01	3.169911873434514901e-03
6.156184086832044988e-01	3.065862741661016817e-03
6.178547226162051098e-01	2.965218881927981099e-03
6.200747618147753881e-01	2.867871099650416526e-03
6.222785121543152886e-01	2.773713517576765434e-03
6.244659626796073004e-01	2.682643499457553621e-03
6.266371055445204563e-01	2.594561537128678343e-03
6.287919359714260192e-01	2.509371178647741389e-03
6.309304521771732510e-01	2.426978968694142470e-03
6.330526553291246916e-01	2.347294338394301932e-03
6.351585495011656812e-01	2.270229507380614863e-03
6.372481415990272069e-01	2.195699467731584108e-03
6.393214413165219101e-01	2.123621838106076742e-03
6.413784610914670115e-01	2.053916819380885873e-03
6.434192160277660832e-01	1.986507132471010493e-03
6.454437238694809009e-01	1.921317911102865756e-03
6.474520049200189753e-01	1.858276674449238714e-03
6.494440820065593423e-01	1.797313227401785155e-03
6.514199804171699748e-01	1.738359595701169900e-03
6.533797278602895275e-01	1.681349966947274371e-03
6.553233543905830905e-01	1.626220627670105614e-03
6.572508923793916047e-01	1.572909896573260018e-03
6.591623764423696352e-01	1.521358075991158893e-03
6.610578433962663869e-01	1.471507375283606861e-03
6.629373322127601886e-01	1.423301851943047005e-03
6.648008839521932778e-01	1.376687376736682785e-03
6.666485417263378066e-01	1.331611560130887325e-03
6.684803506389895844e-01	1.288023706816644612e-03
6.702963577357464731e-01	1.245874752237254154e-03
6.720966119668922989e-01	1.205117235555229743e-03
6.738811641072400827e-01	1.165705229415127256e-03
6.756500667499917290e-01	1.127594294007073237e-03
6.774033742165227467e-01	1.090741438428730710e-03
6.791411425366069565e-01	1.055105084001885718e-03
6.808634293827204864e-01	1.020644993450194092e-03
6.825702940382716299e-01	9.873222548074189839e-04
6.842617973332993930e-01	9.550992195409473227e-04
6.859380016189545737e-01	9.239394830010937967e-04
6.875989706973780757e-01	8.938078289331068777e-04
6.892447698010960577e-01	8.646701912957894306e-04
6.908754655306990067e-01	8.364936354001442859e-04
6.924911258116239754e-01	8.092463042261265060e-04
6.940918198680494644e-01	7.828973843075573034e-04
6.956776181573504081e-01	7.574170865133377558e-04
6.972485923368043625e-01	7.327765998237070668e-04
6.988048152318795392e-01	7.089480612850373098e-04
7.003463607767439481e-01	6.859045368603845826e-04
7.018733039794651241e-01	6.636199768711212700e-04
7.033857208998050004e-01	6.420691893536336790e-04
7.048836885757988613e-01	6.212278310819706242e-04
7.063672850103001055e-01	6.010723499150224343e-04
7.078365891390027143e-01	5.815799786477116257e-04
7.092916807562066328e-01	5.627287143974659582e-04
7.107326405099617661e-01	5.444972735262883310e-04
7.121595498717065986e-01	5.268650769156001416e-04
7.135724910588442382e-01	5.098122453989159270e-04
7.149715470374594650e-01	4.933195469160525778e-04
7.163568014852932375e-01	4.773683868762384434e-04
7.177283387286469418e-01	4.619408021437910994e-04
7.190862437333789270e-01	4.470194182772196066e-04
7.204306020827278001e-01	4.325874344500790585e-04
7.217614999041696011e-01	4.186286242621997580e-04
7.230790238711772844e-01	4.051272898142726500e-04
7.243832611753717732e-01	3.920682552338844570e-04
7.256742994598740504e-01	3.794368622069875323e-04
7.269522268303061363e-01	3.672189299050588186e-04
7.282171318031773755e-01	3.554007532386162477e-04
7.294691032751261517e-01	3.439690875464710080e-04
7.307082305063845595e-01	3.329111258889811222e-04
7.319346030916776824e-01	3.222144896073120789e-04
7.331483109132795883e-01	3.118672186006156508e-04
7.343494441474163192e-01	3.018577385683083930e-04
7.355380932194924837e-01	2.921748713507212568e-04
7.367143487609546515e-01	2.828078138164692289e-04
7.378783016260961336e-01	2.737461186556665142e-04
7.390300428251244114e-01	2.649796865049771992e-04
7.401696635394976465e-01	2.564987565739046773e-04
7.412972550595908761e-01	2.482938948162520900e-04
7.424129087980053665e-01	2.403559793240733723e-04
7.435167162392126716e-01	2.326761955973409427e-04
7.446087689297347101e-01	2.252460224663475940e-04
7.456891584676662577e-01	2.180572210061561007e-04
7.467579764506216966e-01	2.111018290940131945e-04
7.478153145004755586e-01	2.043721489750567383e-04
7.488612641940353143e-01	1.978607412128909841e-04
7.498959170853733980e-01	1.915604133595997659e-04
7.509193646619879425e-01	1.854642115540000244e-04
7.519316983393810050e-01	1.795654175837786649e-04
7.529330094257836725e-01	1.738575343356795161e-04
7.539233891386558639e-01	1.683342783346761262e-04
7.549029285497040886e-01	1.629895817488659522e-04
7.558717185840440056e-01	1.578175754763396063e-04
7.568298500266621431e-01	1.528125841993494319e-04
7.577774134539942974e-01	1.479691262542549000e-04
7.587144992719613290e-01	1.432818978504285664e-04
7.596411976843761016e-01	1.387457723463445816e-04
7.605575986496506680e-01	1.343557970702330417e-04
7.614637919142291933e-01	1.301071813024196847e-04
7.623598669634560343e-01	1.259952926120889397e-04
7.632459130246588286e-01	1.220156549791897845e-04
7.641220190547551860e-01	1.181639389410755792e-04
7.649882737200044414e-01	1.144359615952945589e-04
7.658447653830359192e-01	1.108276770193750518e-04
7.666915821080264593e-01	1.073351722136103848e-04
7.675288116361677071e-01	1.039546654646109753e-04
7.683565413684120271e-01	1.006825015114449308e-04
7.691748583712035847e-01	9.751514582480080634e-05
7.699838493540278606e-01	9.444917924885580605e-05
7.707836006710168109e-01	9.148129760571548953e-05
7.715741982941244359e-01	8.860830615554396667e-05
7.723557278257040526e-01	8.582711452644203073e-05
7.731282744717898892e-01	8.313473573487849158e-05
7.738919230473368938e-01	8.052828081348784527e-05
7.746467579574953799e-01	7.800495727937472733e-05
7.753928631898892032e-01	7.556206458752450297e-05
7.761303223225370918e-01	7.319699068427992696e-05
7.768592184917753052e-01	7.090720984848550268e-05
7.775796344147501982e-01	6.869028052134059390e-05
7.782916523466930636e-01	6.654384150240049301e-05
7.789953541175483887e-01	6.446560875265143725e-05
7.796908210867494748e-01	6.245337353728178749e-05
7.803781341573629016e-01	6.050500122494845102e-05
7.810573737726360655e-01	5.861842532518761321e-05
7.817286199032337235e-01	5.679164864625812380e-05
7.823919520401431127e-01	5.502273987431440558e-05
7.830474491960623951e-01	5.330983012636145705e-05
7.836951899075957906e-01	5.165111309501587995e-05
7.843352522009449102e-01	5.004484103648367194e-05
7.849677136360363461e-01	4.848932302419972417e-05
7.855926512577946497e-01	4.698292482726214731e-05
7.862101416082581951e-01	4.552406542201614551e-05
7.868202607484825473e-01	4.411121468086591025e-05
7.874230842024281252e-01	4.274289403458745597e-05
7.880186870017954481e-01	4.141767254996631397e-05
7.886071436658051992e-01	4.013416500003146590e-05
7.891885281891884985e-01	3.889103368157803867e-05
7.897629140549817794e-01	3.768698318029320611e-05
7.903303742274212507e-01	3.652076018652756644e-05
7.908909811446516169e-01	3.539115331534428694e-05
7.914448067197981107e-01	3.429698995761127267e-05
7.919919223492323246e-01	3.323713534166118460e-05
7.925323988926347152e-01	3.221049307818584396e-05
7.930663066817476015e-01	3.121600134101743310e-05
7.935937155299065404e-01	3.025263251108700185e-05
7.941146947070052420e-01	2.931939434569183126e-05
7.946293129489603313e-01	2.841532422810197925e-05
7.951376384909430994e-01	2.753949171070107152e-05
7.956397389878187010e-01	2.669099871366184339e-05
7.961356815940914267e-01	2.586897324384330137e-05
7.966255329299061216e-01	2.507257263367039738e-05
7.971093590626154857e-01	2.430098310305979644e-05
7.975872255400822119e-01	2.355341473600410109e-05
7.980591973838583320e-01	2.282910370744946246e-05
7.985253390678018759e-01	2.212731288605709028e-05
7.989857145306353825e-01	2.144732750802179065e-05
7.994403871987183496e-01	2.078845519798175364e-05
7.998894199457343701e-01	2.015002645999196848e-05
8.003328751342886349e-01	1.953139430519549593e-05
8.007708145728288374e-01	1.893193193718482436e-05
8.012032995631214183e-01	1.835103263877478798e-05
8.016303908616912999e-01	1.778810915216121001e-05
8.020521487126197613e-01	1.724259332550415752e-05
8.024686328197457863e-01	1.671393560363914634e-05
8.028799023727081208e-01	1.620160330839856601e-05
8.032860160367225610e-01	1.570508158838230695e-05
8.036870319436164589e-01	1.522387203439602267e-05
8.040830077240989082e-01	1.475749154097466553e-05
8.044740004757141572e-01	1.430547323238037875e-05
8.048600667790392071e-01	1.386736553575804241e-05
8.052412627074279072e-01	1.344272947858813526e-05
8.056176438256222871e-01	1.303114210676525838e-05
8.059892651608271397e-01	1.263219342596910831e-05
8.063561812659549854e-01	1.224548613086722048e-05
8.067184461546295093e-01	1.187063634401072177e-05
8.070761133514974262e-01	1.150727121835794291e-05
8.074292358903891742e-01	1.115503058899291947e-05
8.077778662730785708e-01	1.081356646749455937e-05
8.081220565210832651e-01	1.048254062141218897e-05
8.084618581740582455e-01	1.016162557813850733e-05
8.087973222436078968e-01	9.850506040070233281e-06
8.091284992712871604e-01	9.548874711409291002e-06
8.094554393196277120e-01	9.256434806163720729e-06
8.097781919362642133e-01	8.972899587663466908e-06
8.100968062002562586e-01	8.697990681186196433e-06
8.104113307247237108e-01	8.431437882569380900e-06
8.107218136139633380e-01	8.172981266214129876e-06
8.110283025116177269e-01	7.922367886774889803e-06
8.113308446008608010e-01	7.679352767125153338e-06
8.116294865650204304e-01	7.443699505812583046e-06
8.119242746449050196e-01	7.215178252456689948e-06
8.122152546107295201e-01	6.993566784312288391e-06
8.125024717584153899e-01	6.778650231893964910e-06
8.127859709384365194e-01	6.570219702399170104e-06
8.130657965469040294e-01	6.368073543985036975e-06
8.133419925070440870e-01	6.172016341473785585e-06
8.136146023144678052e-01	5.981858194716692395e-06
8.138836690162096765e-01	5.797415576540811407e-06
8.141492351916923553e-01	5.618511123947099177e-06
8.144113430076183047e-01	5.444972749383995291e-06
8.146700341651903488e-01	5.276633293101329680e-06
8.149253499607550522e-01	5.113331067859474976e-06
8.151773312302387220e-01	4.954909763696640273e-06
8.154260183988524258e-01	4.801217555534272940e-06
8.156714514614041844e-01	4.652107320317446115e-06
8.159136699814142357e-01	4.507436880458190812e-06
8.161527131183395900e-01	4.367068044481488037e-06
8.163886195935653456e-01	4.230867210958648037e-06
8.166214277448147207e-01	4.098704425554132017e-06
8.168511754686338389e-01	3.970454303802685134e-06
8.170779002766036525e-01	3.845995049026409893e-06
8.173016392636288652e-01	3.725208598826126043e-06
8.175224291343133887e-01	3.607980605608235158e-06
8.177403061772796633e-01	3.494200203036659093e-06
8.179553063119101575e-01	3.383759657717978782e-06
8.181674650486209233e-01	3.276554943207607595e-06
8.183768175073573570e-01	3.172484720096593267e-06
8.185833984469133018e-01	3.071451035465553965e-06
8.187872422070372469e-01	2.973358968843492779e-06
8.189883827816589745e-01	2.878116092613817200e-06
8.191868537760814695e-01	2.785632938360503476e-06
8.193826884173083247e-01	2.695822675191893485e-06
8.195759195774462436e-01	2.608601043368560100e-06
8.197665797518637332e-01	2.523886305931650976e-06
8.199547010719788753e-01	2.441599130098100464e-06
8.201403153199973151e-01	2.361662197835789606e-06
8.203234539146658788e-01	2.284000848372963612e-06
8.205041479123914572e-01	2.208542552476248399e-06
8.206824280366947777e-01	2.135216161588802647e-06
8.208583246582976667e-01	2.063953103697786042e-06
8.210318677982306745e-01	1.994686797928198190e-06
8.212030871348503513e-01	1.927352243890934288e-06
8.213720120182441686e-01	1.861886053914382688e-06
8.215386714611748742e-01	1.798226632230935315e-06
8.217030941345628836e-01	1.736314239222933446e-06
8.218653083933176173e-01	1.676090185295382205e-06
8.220253422587548986e-01	1.617497408064078353e-06
8.221832234389048200e-01	1.560480235404141349e-06
8.223389793065032372e-01	1.504984391083593484e-06
8.224926369289523587e-01	1.450956441085802768e-06
8.226442230647255105e-01	1.398344141516873639e-06
8.227937641459570628e-01	1.347096464012057590e-06
8.229412863161433833e-01	1.297162984558993069e-06
8.230868153929850051e-01	1.248494429322137645e-06
8.232303769046438457e-01	1.201041863816164044e-06
8.233719960878015387e-01	1.154756879776886238e-06
8.235116978650330877e-01	1.109591763857648190e-06
8.236495068792258900e-01	1.065498754332168985e-06
8.237854474858598008e-01	1.022430272338024232e-06
8.239195437363268093e-01	9.803388376295150110e-07
8.240518194073187530e-01	9.391762933876112988e-07
8.241822980057841308e-01	8.988937325793238526e-07
8.243110027315385668e-01	8.594416565204016872e-07
8.244379565408819222e-01	8.207686908965108643e-07
8.245631820955603430e-01	7.828219437208484624e-07
8.246867017862765659e-01	7.455458322281855115e-07
8.248085377575591348e-01	7.088813445523799209e-07
8.249287118593038315e-01	6.727655019464831322e-07
8.250472456986310821e-01	6.371293090389473389e-07
8.251641606217262614e-01	6.018965296778740274e-07
8.252794777089031975e-01	5.669812892158455176e-07
8.253932177938138048e-01	5.322844558601406892e-07
8.255054014585093691e-01	4.971840533743115297e-07
8.256160490319112144e-01	4.625637076490987460e-07
8.257251805967428249e-01	4.277263554394738782e-07
8.258328159996538576e-01	3.924430799265248033e-07
8.259389748363699102e-01	3.564044727093789343e-07
8.260436764651518660e-01	3.191688752212917653e-07
8.261469400182976930e-01	2.800601606243922751e-07
8.262487843834697143e-01	2.379350806243706089e-07
8.263492282126181365e-01	1.905534965079066557e-07
8.264482899588762033e-01	1.320974867880104848e-07
8.265459878077788813e-01	0.000000000000000000e+00
