# Data associated with arXiv:2208.14002
# 
# Scale-free J-factor angular distribution, J_S(theta), of a nfw0-8rhos4e6 dark matter distribution (see Eq. 2.4 and the surrounding discussion)
# 
# Published: 8/25/22, Jack Runburg and Kenny Kiriu, contact: runburg@hawaii.edu
# 
# 
# -----------------------------------------------------------------
# 
# 	 tilde theta 		 | 	 tilde J s-wave 		 | 	 tilde J p-wave 		 | 	 tilde J d-wave 		 | 	 tilde J sommerfeld 
# 
# -----------------------------------------------------------------
1.000000000000000021e-03	2.685176059202997749e+03	4.293319207273013376e+02	8.275220241174159810e+02	3.408266493567520229e+04
1.021192151037671062e-03	2.663228110217632548e+03	4.287832694824361397e+02	8.270372479131899581e+02	3.361566949698749522e+04
1.042833409340945643e-03	2.640783121671599019e+03	4.282209144324923500e+02	8.265402862633867471e+02	3.313868190204465645e+04
1.064933292458827233e-03	2.617843735268904766e+03	4.276447894653637150e+02	8.260310740210364884e+02	3.265182163445031620e+04
1.087501519637659123e-03	2.594414541380304854e+03	4.270548664665535625e+02	8.255095795012084636e+02	3.215525559853372033e+04
1.110548016095517111e-03	2.570502409043986972e+03	4.264511629933224981e+02	8.249758114150257597e+02	3.164920573798659825e+04
1.134082917387199208e-03	2.546116891125968323e+03	4.258337520008423098e+02	8.244298277050673960e+02	3.113395830161291815e+04
1.158116573861711456e-03	2.521270732586421673e+03	4.252027744977652901e+02	8.238717471097992302e+02	3.060987533290374995e+04
1.182659555214217667e-03	2.495980525708021105e+03	4.245584565597056894e+02	8.233017648097912797e+02	3.007740927127890609e+04
1.207722655134462354e-03	2.470267584843249551e+03	4.239011331525525748e+02	8.227201744863671138e+02	2.953712210381904879e+04
1.233316896053688856e-03	2.444159168677248545e+03	4.232312832508348492e+02	8.221274010708427795e+02	2.898971155085365899e+04
1.259453533992170365e-03	2.417690294490279030e+03	4.225495851228284323e+02	8.215240526732086437e+02	2.843604892286098038e+04
1.286144063509461061e-03	2.390906661138536947e+03	4.218570111570661538e+02	8.209110102807406975e+02	2.787723822987316453e+04
1.313400222759557485e-03	2.363869929402578691e+03	4.211550104591698869e+02	8.202896016136846811e+02	2.731471919214794980e+04
1.341233998653187541e-03	2.336669002557700878e+03	4.204459235838119184e+02	8.196619982596412228e+02	2.675047889852258231e+04
1.369657632129505243e-03	2.309451576812769417e+03	4.197342067649525461e+02	8.190323932911859401e+02	2.618762133082216678e+04
1.398683623539492566e-03	2.282577087485534321e+03	4.190326179604239201e+02	8.184129703300513938e+02	2.563303742610549307e+04
1.428324738143458596e-03	2.255090400325771498e+03	4.182991050588955204e+02	8.177629431454588484e+02	2.507133565740050108e+04
1.458594011725036863e-03	2.227516265448963168e+03	4.175479988762567132e+02	8.170955907709151234e+02	2.451401031592034633e+04
1.489504756324154782e-03	2.199512824974720843e+03	4.167617418042185022e+02	8.163936339935938804e+02	2.395628409208240191e+04
1.521070566091505720e-03	2.172183547787631596e+03	4.159868603152954734e+02	8.157020910648485597e+02	2.341665092716525760e+04
1.553305323267072666e-03	2.145334394666558637e+03	4.152159484058844896e+02	8.150138306694050243e+02	2.289148610928217749e+04
1.586223204285366938e-03	2.118397778109897445e+03	4.144240049530693000e+02	8.143044924169589649e+02	2.237130719378210415e+04
1.619838686010041055e-03	2.091803297156086046e+03	4.136296284216700769e+02	8.135921098487860945e+02	2.186314173902570110e+04
1.654166552100628336e-03	2.065545181487222635e+03	4.128327949777902290e+02	8.128766460519184420e+02	2.136666113591945395e+04
1.689221899514206692e-03	2.039609244248951427e+03	4.120333258434759500e+02	8.121579341318143861e+02	2.088135683590585904e+04
1.725020145144853453e-03	2.013994835046668186e+03	4.112312551958555105e+02	8.114360054649754375e+02	2.040705284385197956e+04
1.761577032603788440e-03	1.988705999798458379e+03	4.104267180435573437e+02	8.107109690693556558e+02	1.994365510839406124e+04
1.798908639143220224e-03	1.963736668803368502e+03	4.096196797058993297e+02	8.099827778882493021e+02	1.949089312351209446e+04
1.837031382726912916e-03	1.939073750957178163e+03	4.088099695844304051e+02	8.092512683479974385e+02	1.904829059399335529e+04
1.875962029250603357e-03	1.914716654781764191e+03	4.079976495302062176e+02	8.085164748196528990e+02	1.861572869028398418e+04
1.915717699915417882e-03	1.890669365390725716e+03	4.071828723445061655e+02	8.077785115289666464e+02	1.819313075515377204e+04
1.956315878757565116e-03	1.866925569111404911e+03	4.063655921429721047e+02	8.070373211991457083e+02	1.778023661339905811e+04
1.997774420337589726e-03	1.843473192448740292e+03	4.055456455855351123e+02	8.062927438026443951e+02	1.737664303105514045e+04
2.040111557592579582e-03	1.820311698863004494e+03	4.047230925299774071e+02	8.055448141985618804e+02	1.698219433211817886e+04
2.083345909854779961e-03	1.797445003864846285e+03	4.038980629623167715e+02	8.047936477450626853e+02	1.659686398250990896e+04
2.127496491040134757e-03	1.774866596580829082e+03	4.030704868918217016e+02	8.040391751385791395e+02	1.622034112475246184e+04
2.172582718010372237e-03	1.752565349362552752e+03	4.022402042579540193e+02	8.032812392622973903e+02	1.585227837518599699e+04
2.218624419112281976e-03	1.730540776538960245e+03	4.014072785898568441e+02	8.025198759182096637e+02	1.549254376462474647e+04
2.265641842897974604e-03	1.708796717414855948e+03	4.005718754708780125e+02	8.017552076709681614e+02	1.514111758094033394e+04
2.313655667029933423e-03	1.687326505335533056e+03	3.997339271008492574e+02	8.009871559916575734e+02	1.479773654110435564e+04
2.362687007374795686e-03	1.666119891718184590e+03	3.988932783160736335e+02	8.002155671200216602e+02	1.446207601501964382e+04
2.412757427289825233e-03	1.645176439467753198e+03	3.980499972742922523e+02	7.994404780884091224e+02	1.413403796443208012e+04
2.463888947106213784e-03	1.624499902004409023e+03	3.972042486981980005e+02	7.986620147163275760e+02	1.381357786566465074e+04
2.516104053813336943e-03	1.604083498357921826e+03	3.963559247874906077e+02	7.978800842738928623e+02	1.350045819787631808e+04
2.569425710948245768e-03	1.583917795581441851e+03	3.955048635939806445e+02	7.970945349753505980e+02	1.319436900946536116e+04
2.623877368694733318e-03	1.564002402115226687e+03	3.946511323828732429e+02	7.963054041460173949e+02	1.289520394774106717e+04
2.679482974196439188e-03	1.544340978395873208e+03	3.937949040739689508e+02	7.955128217115305915e+02	1.260294891484954678e+04
2.736266982088478034e-03	1.524926665702468881e+03	3.929360898372912061e+02	7.947166874393657281e+02	1.231736788882707515e+04
2.794254365252289707e-03	1.505750787535622067e+03	3.920745493654964662e+02	7.939168549361361329e+02	1.203821774375063251e+04
2.853470625798387814e-03	1.486812994878644986e+03	3.912103508494640209e+02	7.931133623876754655e+02	1.176538628329771564e+04
2.913941806281861776e-03	1.468116850957477936e+03	3.903436749879992931e+02	7.923063440544835885e+02	1.149887523491124921e+04
2.975694501155571117e-03	1.449655450087093641e+03	3.894744105163644008e+02	7.914956868982084188e+02	1.123845639212379319e+04
3.038755868466027146e-03	1.431420817778293895e+03	3.886023914333077869e+02	7.906812438538057677e+02	1.098388854543685375e+04
3.103153641797168783e-03	1.413412644739330744e+03	3.877276792800992666e+02	7.898630527089984525e+02	1.073509322764050921e+04
3.168916142467233243e-03	1.395634393126882060e+03	3.868504556478956147e+02	7.890412508607549853e+02	1.049203514856227957e+04
3.236072291984112663e-03	1.378079138546686409e+03	3.859706091815279478e+02	7.882157152560941995e+02	1.025452606597820704e+04
3.304651624764658874e-03	1.360739557694711948e+03	3.850880100391606788e+02	7.873863064235800948e+02	1.002234983158226169e+04
3.374684301123556836e-03	1.343615378181356618e+03	3.842027333429766145e+02	7.865530646869510747e+02	9.795445842021157659e+03
3.446201120537424525e-03	1.326709958048824319e+03	3.833149685039848578e+02	7.857161318965036116e+02	9.573784697991632129e+03
3.519233535190044709e-03	1.310016379522088300e+03	3.824245915462718131e+02	7.848753731684523700e+02	9.357185799207776654e+03
3.593813663804625805e-03	1.293527922961055310e+03	3.815314601936710801e+02	7.840306499828799360e+02	9.145463405514858096e+03
3.669974305769219299e-03	1.277244351784823948e+03	3.806356207138444461e+02	7.831819984592544870e+02	8.938529406803614620e+03
3.747748955561452412e-03	1.261168913354843198e+03	3.797372611526168384e+02	7.823295629353992808e+02	8.736388872026351237e+03
3.827171817478984984e-03	1.245294723287428724e+03	3.788362457525279865e+02	7.814731964516507787e+02	8.538844206201352790e+03
3.908277820682117681e-03	1.229615619895469990e+03	3.779324574693942509e+02	7.806127670365899576e+02	8.345740839809057434e+03
3.991102634555192957e-03	1.214131398580769201e+03	3.770259749926223094e+02	7.797483165686305711e+02	8.157011218964948057e+03
4.075682684393532908e-03	1.198845198648513133e+03	3.761169982971603076e+02	7.788799942545193744e+02	7.972653465586844504e+03
4.162055167422817371e-03	1.183750184922195331e+03	3.752053816334872636e+02	7.780076416377436317e+02	7.792494674916368240e+03
4.250258069157961290e-03	1.168840713766825729e+03	3.742910110328072051e+02	7.771311301866243184e+02	7.616388328409027963e+03
4.340330180108637088e-03	1.154116611092307949e+03	3.733739318277756070e+02	7.762504963266203504e+02	7.444277110959215861e+03
4.432311112838861061e-03	1.139580904822586035e+03	3.724543280779349743e+02	7.753658887759348772e+02	7.276140808840038517e+03
4.526241319388085715e-03	1.125226828930020474e+03	3.715320421173922227e+02	7.744771366149697087e+02	7.111831357832107642e+03
4.622162109061505458e-03	1.111049218723194144e+03	3.706069680487407254e+02	7.735841149457482970e+02	6.951214322439659554e+03
4.720115666597336779e-03	1.097047928775115906e+03	3.696791894742052591e+02	7.726868671815897187e+02	6.794235048811238812e+03
4.820145070719144588e-03	1.083225873924496909e+03	3.687489136883798437e+02	7.717855491189949362e+02	6.640890130880960896e+03
4.922294313081310678e-03	1.069576374162436196e+03	3.678159744205214565e+02	7.708799779409416715e+02	6.491031708981012343e+03
5.026608317615998724e-03	1.056094707459635629e+03	3.668802741014368394e+02	7.699700333840013400e+02	6.344548970041708344e+03
5.133132960290130720e-03	1.042780755227264535e+03	3.659418756946793678e+02	7.690557554417018764e+02	6.201382613830784976e+03
5.241915089281041530e-03	1.029637318729222670e+03	3.650009552397319226e+02	7.681372959824306008e+02	6.061529948993051221e+03
5.353002545579732367e-03	1.016657818062239357e+03	3.640573316886002999e+02	7.672144587642005717e+02	5.924850652716132572e+03
5.466444184030696055e-03	1.003837940325150839e+03	3.631109125614660798e+02	7.662871267756761426e+02	5.791241387374015176e+03
5.582289894817666839e-03	9.911775920027151869e+02	3.621617855650484898e+02	7.653553453259470416e+02	5.660665659462684744e+03
5.700590625404708227e-03	9.786794609776966354e+02	3.612101681845347798e+02	7.644192769878728768e+02	5.533108013826848946e+03
5.821398402942216249e-03	9.663370794853215102e+02	3.602558687899456800e+02	7.634787127348726017e+02	5.408448403524265814e+03
5.944766357147824969e-03	9.541465126720399894e+02	3.592988045415628449e+02	7.625335402315952251e+02	5.286591187207547591e+03
6.070748743672167193e-03	9.421076907908397970e+02	3.583390569583965544e+02	7.615838039450434280e+02	5.167502799181771479e+03
6.199400967959818945e-03	9.302231873599688470e+02	3.573767981811961363e+02	7.606296581492060795e+02	5.051163203760525903e+03
6.330779609615908021e-03	9.184866588639878273e+02	3.564118184358460439e+02	7.596708790176850243e+02	4.937458809658550308e+03
6.464942447289089879e-03	9.068945189744974869e+02	3.554440410264474508e+02	7.587073576605625931e+02	4.826311872394583588e+03
6.601948484081890736e-03	8.954467194570303263e+02	3.544735589504488189e+02	7.577391410583429661e+02	4.717680955318296583e+03
6.741857973499477616e-03	8.841457223544590533e+02	3.535005989024889459e+02	7.567663981161049378e+02	4.611571081095059526e+03
6.884732445948405985e-03	8.729853153190962303e+02	3.525249482905965124e+02	7.557888940855781357e+02	4.507862606554352169e+03
7.030634735796891313e-03	8.619622342962412631e+02	3.515465353031622726e+02	7.548065241884792158e+02	4.406487657840061729e+03
7.179629009008595825e-03	8.510764515325212187e+02	3.505654507133750144e+02	7.538193352882310592e+02	4.307411798811247536e+03
7.331780791361950343e-03	8.403303172186668917e+02	3.495818721991354892e+02	7.528274848890274598e+02	4.210629290956707337e+03
7.487156997267587974e-03	8.297177593796845940e+02	3.485955632653669909e+02	7.518307212548105554e+02	4.116032110188550178e+03
7.645825959196438613e-03	8.192358106212652729e+02	3.476064616963917047e+02	7.508289440873373906e+02	4.023556961783834595e+03
7.807857457731475631e-03	8.088844622560491189e+02	3.466146684545772700e+02	7.498222030139583012e+02	3.933182057439885739e+03
7.973322752256328111e-03	7.986659541287887123e+02	3.456204177365166288e+02	7.488106719915449503e+02	3.844897912892357908e+03
8.142294612294233985e-03	7.885743609174868425e+02	3.446234769166990191e+02	7.477940904582885651e+02	3.758613921031479094e+03
8.314847349511189298e-03	7.786069886178513570e+02	3.436237902169290805e+02	7.467723619345630368e+02	3.674270175830394237e+03
8.491056850397209546e-03	7.687638463169947727e+02	3.426214407450554518e+02	7.457455305134910759e+02	3.591838558125507916e+03
8.671000609640279119e-03	7.590470649339757756e+02	3.416166143263797608e+02	7.447137571078361589e+02	3.511313010972643042e+03
8.854757764207504128e-03	7.494508713124002952e+02	3.406090596490346911e+02	7.436767648854716981e+02	3.432604091036356294e+03
9.042409128148579806e-03	7.399728231485513561e+02	3.395987267436215689e+02	7.426344609792158735e+02	3.355661760850583505e+03
9.234037228136720080e-03	7.306129460396655304e+02	3.385857241352159122e+02	7.415868977989281348e+02	3.280460457557716381e+03
9.429726339762870002e-03	7.213732636344507227e+02	3.375702935201748573e+02	7.405342537938815894e+02	3.207004098478294509e+03
9.629562524599030379e-03	7.122481594501716700e+02	3.365521802458642355e+02	7.394762404026986360e+02	3.135207664885984286e+03
9.833633668047030499e-03	7.032354225721348939e+02	3.355313428146357069e+02	7.384127698197326026e+02	3.065025049332468825e+03
1.004202951798940403e-02	6.943350941062649326e+02	3.345078533381303600e+02	7.373438826429699020e+02	2.996434175589278311e+03
1.025484172425938229e-02	6.855490921104679956e+02	3.334819144092244869e+02	7.362697457850624687e+02	2.929426492922336365e+03
1.047216387894729824e-02	6.768719603915994867e+02	3.324532600956763986e+02	7.351900557136681300e+02	2.863929398361693075e+03
1.069409155756119272e-02	6.683017006521553185e+02	3.314218547256305669e+02	7.341047273542718585e+02	2.799900549220827088e+03
1.092072236105970547e-02	6.598383663621370943e+02	3.303878140262704619e+02	7.330138160490823793e+02	2.737323326702067334e+03
1.115215595877575537e-02	6.514837781870576237e+02	3.293513865333710555e+02	7.319175051265058300e+02	2.676193548345288946e+03
1.138849413224978825e-02	6.432326366697590174e+02	3.283122982713475153e+02	7.308154781579241899e+02	2.616443810517636848e+03
1.162984081999205582e-02	6.350831407633812660e+02	3.272705091033113263e+02	7.297076499565412178e+02	2.558039280340378809e+03
1.187630216319339981e-02	6.270353592408823715e+02	3.262260771053453823e+02	7.285940534499449086e+02	2.500954021728549378e+03
1.212798655240480798e-02	6.190910057035906675e+02	3.251792352475521284e+02	7.274748657163983125e+02	2.445188915476036073e+03
1.238500467520621366e-02	6.112449510977611453e+02	3.241297021590308987e+02	7.263497567683573379e+02	2.390676746173585798e+03
1.264746956488544717e-02	6.034955714990554725e+02	3.230774601703182611e+02	7.252186511443321706e+02	2.337388761598183464e+03
1.291549665014883955e-02	5.958429483870617105e+02	3.220226273104627808e+02	7.240816037821080045e+02	2.285306526862932969e+03
1.318920380588532899e-02	5.882886957593235593e+02	3.209654562386823500e+02	7.229387985948883397e+02	2.234430585556779533e+03
1.346871140500627631e-02	5.808278508334855132e+02	3.199056479944625835e+02	7.217898889685820905e+02	2.184700544512039414e+03
1.375414237138396570e-02	5.734589536269039627e+02	3.188431363781455161e+02	7.206347813189283897e+02	2.136084332874860593e+03
1.404562223391196511e-02	5.661820971821797457e+02	3.177780201184027078e+02	7.194735232247005570e+02	2.088570606604430850e+03
1.434327918171109106e-02	5.589987987861233023e+02	3.167105491676348379e+02	7.183062971309349223e+02	2.042151915020463321e+03
1.464724412050539583e-02	5.519042619942455303e+02	3.156404226351065745e+02	7.171327452956550133e+02	1.996776574328925790e+03
1.495765073019278586e-02	5.448971769878486384e+02	3.145676428208201401e+02	7.159528037829853702e+02	1.952418581047021235e+03
1.527463552363575450e-02	5.379776472797771021e+02	3.134923368710628893e+02	7.147665310131199021e+02	1.909066625635174205e+03
1.559833790669801906e-02	5.311470967950873501e+02	3.124147539262521036e+02	7.135741101884998443e+02	1.866716596546578558e+03
1.592890023955338338e-02	5.244008944240393930e+02	3.113345230166835904e+02	7.123751409875527543e+02	1.825315970428832770e+03
1.626646789929399317e-02	5.177378679234342371e+02	3.102516173662313577e+02	7.111695449931283974e+02	1.784843312391541303e+03
1.661118934386526108e-02	5.111581313266544271e+02	3.091661736605154260e+02	7.099573853535600847e+02	1.745284428744173965e+03
1.696321617735579643e-02	5.046630153028740438e+02	3.080784473339586498e+02	7.087388466688782955e+02	1.706641443772892671e+03
1.732270321667098503e-02	4.982480558872758252e+02	3.069881237445577540e+02	7.075135447656201677e+02	1.668863944131712060e+03
1.768980855961942850e-02	4.919122057540661217e+02	3.058952162810354025e+02	7.062814209086375286e+02	1.631934265379672524e+03
1.806469365444235767e-02	4.856555882825768435e+02	3.047998452796912829e+02	7.050425301284234365e+02	1.595840771488385144e+03
1.844752337081655841e-02	4.794794445270159713e+02	3.037022010358726902e+02	7.037970263042200258e+02	1.560579357148176086e+03
1.883846607236187159e-02	4.733794756242564858e+02	3.026019422142261988e+02	7.025445000734879386e+02	1.526106153752021783e+03
1.923769369068539445e-02	4.673547483817775969e+02	3.014990896908986997e+02	7.012848964452349492e+02	1.492403327423937981e+03
1.964538180099485026e-02	4.614053950716664190e+02	3.003937876089204337e+02	7.000182804807878938e+02	1.459465366254233231e+03
2.006170969931423895e-02	4.555325693576918979e+02	2.992862999606628591e+02	6.987448401213166562e+02	1.427286493550868727e+03
2.048686048133601528e-02	4.497321363011179187e+02	2.981762861779733385e+02	6.974641565925778650e+02	1.395829443296461704e+03
2.092102112294418406e-02	4.440032666189276256e+02	2.970637264919657241e+02	6.961761540284572902e+02	1.365076144129206796e+03
2.136438256244391209e-02	4.383461007810014962e+02	2.959487160347062513e+02	6.948808715693762679e+02	1.335017093402862884e+03
2.181713978453380873e-02	4.327617076439411221e+02	2.948315109448002431e+02	6.935784900792508552e+02	1.305649763295444700e+03
2.227949190605761978e-02	4.272461144625350471e+02	2.937117727941030694e+02	6.922685814775812787e+02	1.276937967917716833e+03
2.275164226357336353e-02	4.217985864216466325e+02	2.925895393047834432e+02	6.909511009460088644e+02	1.248869335302636500e+03
2.323379850277806913e-02	4.164192716665522198e+02	2.914649631762667923e+02	6.896261184245043978e+02	1.221435159144197769e+03
2.372617266982774559e-02	4.111091564398172409e+02	2.903382875792796085e+02	6.882938093552257897e+02	1.194635130059051335e+03
2.422898130459259780e-02	4.058644286139121391e+02	2.892090822131601726e+02	6.869536814564440874e+02	1.168431563969696072e+03
2.474244553588843265e-02	4.006844388401153765e+02	2.880773819658749630e+02	6.856056848379741950e+02	1.142813019087784141e+03
2.526679117872631872e-02	3.955693426870672056e+02	2.869433415113497290e+02	6.842498890001895688e+02	1.117772717158599335e+03
2.580224883362318075e-02	3.905200458288165919e+02	2.858072277752517039e+02	6.828864808111247839e+02	1.093308729121677743e+03
2.634905398801689475e-02	3.855328948353597411e+02	2.846686863671949936e+02	6.815150023399240808e+02	1.069390933364752300e+03
2.690744711983068457e-02	3.806073176772825377e+02	2.835277560716999119e+02	6.801354100296243814e+02	1.046007188178033857e+03
2.747767380323228384e-02	3.757434765220877466e+02	2.823845212957847934e+02	6.787477287501665160e+02	1.023151973908031323e+03
2.805998481663422514e-02	3.709421998486738516e+02	2.812392155407582095e+02	6.773521181496907957e+02	1.000820492974229069e+03
2.865463625298309350e-02	3.661999895673528158e+02	2.800914877106052359e+02	6.759481137783554914e+02	9.789864450090143464e+02
2.926188963238583740e-02	3.615163437890731757e+02	2.789414028275664919e+02	6.745356869053442779e+02	9.576400696751234136e+02
2.988201201712300387e-02	3.568914312766056014e+02	2.777891257981366948e+02	6.731149143755217210e+02	9.367756380578431390e+02
3.051527612909937445e-02	3.523260043152988032e+02	2.766348907136721778e+02	6.716859547893994886e+02	9.163911669668975719e+02
3.116196046978347151e-02	3.478167189852725301e+02	2.754782486356151026e+02	6.702482666238045113e+02	8.964583770886979437e+02
3.182234944268905880e-02	3.433631360889668827e+02	2.743192610959306990e+02	6.688018181951198358e+02	8.769700145436055436e+02
3.249673347845206950e-02	3.389654302183230925e+02	2.731581049119690192e+02	6.673466936337770221e+02	8.579202106962554808e+02
3.318540916255835471e-02	3.346242811030486450e+02	2.719950297923410290e+02	6.658830567064647994e+02	8.393085017621224324e+02
3.388867936577820428e-02	3.303364948785699653e+02	2.708296793349666700e+02	6.644104238201950920e+02	8.211108197761403744e+02
3.460685337736497946e-02	3.261016891108420737e+02	2.696620708518621541e+02	6.629287302411727296e+02	8.033183590404642018e+02
3.534024704107661952e-02	3.219200441423712391e+02	2.684923197036286524e+02	6.614380132661196967e+02	7.859259020704902241e+02
3.608918289407971741e-02	3.177921685886898899e+02	2.673206807810757937e+02	6.599384414929508011e+02	7.689313025535790302e+02
3.685399030879719234e-02	3.137150166098654722e+02	2.661467855247058196e+02	6.584295078787472448e+02	7.523136051673667453e+02
3.763500563776207147e-02	3.096882563398130515e+02	2.649707256220420959e+02	6.569112001684286497e+02	7.360659052976635621e+02
3.843257236154112161e-02	3.057120736401524823e+02	2.637926564666444733e+02	6.553835815560099718e+02	7.201850483512278061e+02
3.924704123979310538e-02	3.017870079993890613e+02	2.626127493512919386e+02	6.538467556844497039e+02	7.046667383842950585e+02
4.007877046552850431e-02	2.979101588559481115e+02	2.614306116783685070e+02	6.523001926071225398e+02	6.894915579007149518e+02
4.092812582263813392e-02	2.940812394019229714e+02	2.602463368030375932e+02	6.507438782851322685e+02	6.746534720964579037e+02
4.179548084676026898e-02	2.903004408486268630e+02	2.590601172769762570e+02	6.491779077061186172e+02	6.601492244684884554e+02
4.268121698955689575e-02	2.865682352867232225e+02	2.578722084055153800e+02	6.476024519089197611e+02	6.459769612350874013e+02
4.358572378647117967e-02	2.828818648598561936e+02	2.566821519876120306e+02	6.460169092541975715e+02	6.321176319197298881e+02
4.450939902804028347e-02	2.792410825805253012e+02	2.554900002003761301e+02	6.444212324301639683e+02	6.185655247879836907e+02
4.545264893483848267e-02	2.756460848710986511e+02	2.542959584068620416e+02	6.428155302243418419e+02	6.053172968654556598e+02
4.641588833612779463e-02	2.720972783887681317e+02	2.531002708992579073e+02	6.411999547347679709e+02	5.923721944030855866e+02
4.739954085229469011e-02	2.685920449335870899e+02	2.519025612366969824e+02	6.395739686158919994e+02	5.797129017582157076e+02
4.840403908115278181e-02	2.651301727199202674e+02	2.507028635242935479e+02	6.379375029242586379e+02	5.673341407554437410e+02
4.942982478819387543e-02	2.617118633373139573e+02	2.495013255063363147e+02	6.362906070559797627e+02	5.552323421669287882e+02
5.047734910087089966e-02	2.583374594333944856e+02	2.482981840765755805e+02	6.346334271555971327e+02	5.434059949644157541e+02
5.154707270699779992e-02	2.550044799498501504e+02	2.470930762488816015e+02	6.329654274222485810e+02	5.318403544628878308e+02
5.263946605735428386e-02	2.517127437995674484e+02	2.458861184839385601e+02	6.312866154008752346e+02	5.205311040489281140e+02
5.375500957258409762e-02	2.484624572757635121e+02	2.446774412021981391e+02	6.295970288590028758e+02	5.094759032401934178e+02
5.489419385447772554e-02	2.452539018363481773e+02	2.434672089901896470e+02	6.278967320642942695e+02	4.986706739251740146e+02
5.605751990173300781e-02	2.420847295259467558e+02	2.422550512423140674e+02	6.261851712650212676e+02	4.881029685654199284e+02
5.724549933028778848e-02	2.389547863201951543e+02	2.410411148465757663e+02	6.244623942310273605e+02	4.777690322691210554e+02
5.845865459832211286e-02	2.358642842168364382e+02	2.398256051008198710e+02	6.227285145827052020e+02	4.676671555640393194e+02
5.969751923602879817e-02	2.328134419076828010e+02	2.386086440198020853e+02	6.209835561957102072e+02	4.577935712684991927e+02
6.096263808025296355e-02	2.298000448067782031e+02	2.373898382264407587e+02	6.192269354916834345e+02	4.481363513350992207e+02
6.225456751410456124e-02	2.268239611890745095e+02	2.361693260506422405e+02	6.174586790888613450e+02	4.386925343467402740e+02
6.357387571164835327e-02	2.238854088568228633e+02	2.349473398432602664e+02	6.156789277491502617e+02	4.294599550994435049e+02
6.492114288777969811e-02	2.209845448202010800e+02	2.337240431301508750e+02	6.138877428243963550e+02	4.204364257775793590e+02
6.629696155339574737e-02	2.181192854316772980e+02	2.324989793693162028e+02	6.120844621564623367e+02	4.116097946620191124e+02
6.770193677597398374e-02	2.152895176667033468e+02	2.312722958830269420e+02	6.102691319569073585e+02	4.029775859369451609e+02
6.913668644567325106e-02	2.124951600590530347e+02	2.300440582347933969e+02	6.084415750512556542e+02	3.945371849516826614e+02
7.060184154707406512e-02	2.097372246849387807e+02	2.288150044392289146e+02	6.066028866630647371e+02	3.862895986452475086e+02
7.209804643667737378e-02	2.070128406277664226e+02	2.275841161400378212e+02	6.047513648159516606e+02	3.782208719591943691e+02
7.362595912628441819e-02	2.043222155608840467e+02	2.263516844297520265e+02	6.028873307123719769e+02	3.703291368325902795e+02
7.518625157238204015e-02	2.016655821191549762e+02	2.251179746728300586e+02	6.010109679714931872e+02	3.626133809707253590e+02
7.677960997166025092e-02	1.990429685777703241e+02	2.238831832250291995e+02	5.991223784006066353e+02	3.550715731760432732e+02
7.840673506279315086e-02	1.964525542040805419e+02	2.226468731549059044e+02	5.972208975601281509e+02	3.476940837833847695e+02
8.006834243461452560e-02	1.938942509788072925e+02	2.214091278184591545e+02	5.953064827173891445e+02	3.404779643550807577e+02
8.176516284082480102e-02	1.913683009215448294e+02	2.201702207419150454e+02	5.933793352047620147e+02	3.334225825425824610e+02
8.349794252136732986e-02	1.888746642700393181e+02	2.189303397999417768e+02	5.914395540683036643e+02	3.265255385061103084e+02
8.526744353061486981e-02	1.864116531493348532e+02	2.176890762017852410e+02	5.894865055295762204e+02	3.197785619364061631e+02
8.707444407251174745e-02	1.839791860214706958e+02	2.164465112871972963e+02	5.875201450035493735e+02	3.131786669143293693e+02
8.891973884281766105e-02	1.815775122579805441e+02	2.152029172041289371e+02	5.855406692904214196e+02	3.067255709940407087e+02
9.080413937860487561e-02	1.792065315375002399e+02	2.139584735571091301e+02	5.835481660782810422e+02	3.004169414029232144e+02
9.272847441516200717e-02	1.768646798237235487e+02	2.127127673410167858e+02	5.815419668747838386e+02	2.942451524812664161e+02
9.469359025046093781e-02	1.745518819090144120e+02	2.114658791141291090e+02	5.795220147162923467e+02	2.882077167430597910e+02
9.670035111734798239e-02	1.722683920150210497e+02	2.102180990697457901e+02	5.774885378192941516e+02	2.823040765040453834e+02
9.874963956362264872e-02	1.700140568045467830e+02	2.089695734193333294e+02	5.754415854807436972e+02	2.765321878786651837e+02
1.008423568401705106e-01	1.677874274194237216e+02	2.077199015372320332e+02	5.733805037153643980e+02	2.708849974810033814e+02
1.029794232973221257e-01	1.655884343611458007e+02	2.064691965895380008e+02	5.713052952323856744e+02	2.653606922964583532e+02
1.051617787896111378e-01	1.634173358480223044e+02	2.052177731202300492e+02	5.692162382691320772e+02	2.599584794754144355e+02
1.073903830891107247e-01	1.612739310356526516e+02	2.039657326051246571e+02	5.671133232548057777e+02	2.546763537499123800e+02
1.096662163075285135e-01	1.591568786305317360e+02	2.027126790109970500e+02	5.649958858159537840e+02	2.495078648860379928e+02
1.119902793272475605e-01	1.570661145141773432e+02	2.014587649040606721e+02	5.628639844238489331e+02	2.444516298889076040e+02
1.143635942415015677e-01	1.550018993521522646e+02	2.002042982682191905e+02	5.607178802770513357e+02	2.395069147330601425e+02
1.167872048038782751e-01	1.529639906581770106e+02	1.989493321786827380e+02	5.585574958787923379e+02	2.346718066248198795e+02
1.192621768873494831e-01	1.509511472939926193e+02	1.976934745692392710e+02	5.563821552482324932e+02	2.299401562435873245e+02
1.217895989530276418e-01	1.489633103044525910e+02	1.964369261721906526e+02	5.541919994834829595e+02	2.253109608666611905e+02
1.243705825288575900e-01	1.470007411815209366e+02	1.951799926839017303e+02	5.519873036767036183e+02	2.207837850903686672e+02
1.270062626984522769e-01	1.450631613908965107e+02	1.939226582727482082e+02	5.497678830469046716e+02	2.163561352250431753e+02
1.296977986002878502e-01	1.431494229563252532e+02	1.926646388362022151e+02	5.475332360891679855e+02	2.120232973704663664e+02
1.324463739374786009e-01	1.412594716575588336e+02	1.914061285881643357e+02	5.452835105535598359e+02	2.077840346869971881e+02
1.352531974983535168e-01	1.393935689645314824e+02	1.901473803437039578e+02	5.430189045974660758e+02	2.036377651322809470e+02
1.381195036880665805e-01	1.375514048308270674e+02	1.888883730162366987e+02	5.407392185980455679e+02	1.995820276611816553e+02
1.410465530714722360e-01	1.357319180900654487e+02	1.876288764396871898e+02	5.384440171594268350e+02	1.956131111749650984e+02
1.440356329275057634e-01	1.339350590113199360e+02	1.863690434761225276e+02	5.361333757782554130e+02	1.917296231694933226e+02
1.470880578153118678e-01	1.321610878703504284e+02	1.851090936935620448e+02	5.338074438372811983e+02	1.879308114697894325e+02
1.502051701523716420e-01	1.304096676650981124e+02	1.838491025900929117e+02	5.314662255667587942e+02	1.842147367297833398e+02
1.533883408048797858e-01	1.286798179671386322e+02	1.825888311970946916e+02	5.291092866914848400e+02	1.805779635488985093e+02
1.566389696906345663e-01	1.269714932235126668e+02	1.813283643025043546e+02	5.267365855491287903e+02	1.770188770524769097e+02
1.599584863947036695e-01	1.252849517055082771e+02	1.800679955394504930e+02	5.243483806855532521e+02	1.735373774833267646e+02
1.633483507981373095e-01	1.236198333832576850e+02	1.788077789205861734e+02	5.219446450344796631e+02	1.701314486843141367e+02
1.668100537200059019e-01	1.219752329733069303e+02	1.775474043285927337e+02	5.195248189828921568e+02	1.667975872088970561e+02
1.703451175730422984e-01	1.203511089114985850e+02	1.762870254168158226e+02	5.170889919966743946e+02	1.635346986049007398e+02
1.739550970331800450e-01	1.187477164142156312e+02	1.750270135417495112e+02	5.146376103888364923e+02	1.603429728164627477e+02
1.776415797232799298e-01	1.171646763587519899e+02	1.737673013269292994e+02	5.121704402761887422e+02	1.572198889904368002e+02
1.814061869113461622e-01	1.156011532524801595e+02	1.725076204212515734e+02	5.096869520101877811e+02	1.541625854692152302e+02
1.852505742235391883e-01	1.140571092783198992e+02	1.712481916358649698e+02	5.071873836126268884e+02	1.511703462338388704e+02
1.891764323722997243e-01	1.125327958640536821e+02	1.699892556290937478e+02	5.046719548503714350e+02	1.482427537427162463e+02
1.931854878999012814e-01	1.110278181790240666e+02	1.687308285330821320e+02	5.021406150157391721e+02	1.453779202253913923e+02
1.972795039377621684e-01	1.095414055843651795e+02	1.674727078485188372e+02	4.995929679497053826e+02	1.425733632884356155e+02
2.014602809818480389e-01	1.080735237018628681e+02	1.662149788969411190e+02	4.970289959528630561e+02	1.398278435492345579e+02
2.057296576845067948e-01	1.066244198047631642e+02	1.649580032472039761e+02	4.944491591498902494e+02	1.371415414151202299e+02
2.100895116630852322e-01	1.051936861415916269e+02	1.637017475831281388e+02	4.918533095838558324e+02	1.345126393388443375e+02
2.145417603256798977e-01	1.037806124219986970e+02	1.624459445977583698e+02	4.892409476797196817e+02	1.319384919491117500e+02
2.190883617143895290e-01	1.023851675725069867e+02	1.611908220039715331e+02	4.866123807586129146e+02	1.294184652948665075e+02
2.237313153664367560e-01	1.010075938930983881e+02	1.599366928830093855e+02	4.839679808427805483e+02	1.269525349615206693e+02
2.284726631935388719e-01	9.964747377093527803e+01	1.586834430889191765e+02	4.813074358422070418e+02	1.245387360049973182e+02
2.333144903799153069e-01	9.830415287578334471e+01	1.574309322511322762e+02	4.786304912332689696e+02	1.221752496471899008e+02
2.382589262993237145e-01	9.697760320692464120e+01	1.561792775171981020e+02	4.759372486131531446e+02	1.198610142093036330e+02
2.433081454515323150e-01	9.566806168525182841e+01	1.549288670939699273e+02	4.732283211414732023e+02	1.175962041511014462e+02
2.484643684186368384e-01	9.437510329390053698e+01	1.536796214562802447e+02	4.705034611720890325e+02	1.153791385246015864e+02
2.537298628416438939e-01	9.309812567102706282e+01	1.524312716191871573e+02	4.677621050074369577e+02	1.132077438918860679e+02
2.591069444177515613e-01	9.183710370419262858e+01	1.511840741987482772e+02	4.650047007398650294e+02	1.110815729139828818e+02
2.645979779187619951e-01	9.059226849677909854e+01	1.499383457826337462e+02	4.622317203041110361e+02	1.090004729805545622e+02
2.702053782310787078e-01	8.936318995059728820e+01	1.486940121012383145e+02	4.594430031003562931e+02	1.069628734874753064e+02
2.759316114177428059e-01	8.814931390265236644e+01	1.474508654065551809e+02	4.566380875711735143e+02	1.049671610512769888e+02
2.817791958029755572e-01	8.695061790320600892e+01	1.462090600733980068e+02	4.538171906339395036e+02	1.030125714137695070e+02
2.877507030797054055e-01	8.576732704347564606e+01	1.449690347832039379e+02	4.509811297454715486e+02	1.010993388687229810e+02
2.938487594405665426e-01	8.459900805685101943e+01	1.437306188610494644e+02	4.481295368877737246e+02	9.922569410803198764e+01
3.000760467328633108e-01	8.344515153110737060e+01	1.424936584435638736e+02	4.452620881840478546e+02	9.739035986346185325e+01
3.064353036380134121e-01	8.230573757043929106e+01	1.412583256886798324e+02	4.423790650516524465e+02	9.559268044119363594e+01
3.129293268759847368e-01	8.118098476819019993e+01	1.400249939766081866e+02	4.394811485370921105e+02	9.383258652606650685e+01
3.195609724352570513e-01	8.007045875274839375e+01	1.387935715566883630e+02	4.365682209696571476e+02	9.210883633144327121e+01
3.263331568288500573e-01	7.897369152604001385e+01	1.375638341178802762e+02	4.336397545418790855e+02	9.041995748300850266e+01
3.332488583769670498e-01	7.789066553991995079e+01	1.363360388698674228e+02	4.306963039159176674e+02	8.876561587475796955e+01
3.403111185168231634e-01	7.682159278349175224e+01	1.351105106966165863e+02	4.277384796217095868e+02	8.714553597068689328e+01
3.475230431402304698e-01	7.576603932870335711e+01	1.338871389438905055e+02	4.247660756135493898e+02	8.555871603828228444e+01
3.548878039595292910e-01	7.472357557569873165e+01	1.326657502697355824e+02	4.217787689992448463e+02	8.400371510368246675e+01
3.624086399024666338e-01	7.369418619519885283e+01	1.314465810144993441e+02	4.187770905600685865e+02	8.248027711040531074e+01
3.700888585366366446e-01	7.267807633532591183e+01	1.302299651106210945e+02	4.157616755925550365e+02	8.098820578390736102e+01
3.779318375241043637e-01	7.167481405534589101e+01	1.290157698776736481e+02	4.127323078989951455e+02	7.952644718194615336e+01
3.859410261068597081e-01	7.068400530184149488e+01	1.278038662968154853e+02	4.096888052298099296e+02	7.809380518248049441e+01
3.941199466237500504e-01	6.970563677663099611e+01	1.265944532199257395e+02	4.066316383534851866e+02	7.669001234869918449e+01
4.024721960595590287e-01	6.873990672717464179e+01	1.253878980395502793e+02	4.035615358104855090e+02	7.531491711969518121e+01
4.110014476269163164e-01	6.778638647166954456e+01	1.241840503995383784e+02	4.004783067344916958e+02	7.396749260392068948e+01
4.197114523817274123e-01	6.684471485347874875e+01	1.229827873667068161e+02	3.973818011116672437e+02	7.264673130286023195e+01
4.286060408728412652e-01	6.591488051722679131e+01	1.217843129673240554e+02	3.942725083030173892e+02	7.135225236850747876e+01
4.376891248266767120e-01	6.499707462349168452e+01	1.205890102779997193e+02	3.911512710807473354e+02	7.008412545306742913e+01
4.469646988675492483e-01	6.409087300775314588e+01	1.193967006862110622e+02	3.880178639252845869e+02	6.884122157513439788e+01
4.564368422744575216e-01	6.319594492322286072e+01	1.182072827760792677e+02	3.848721807484441229e+02	6.762270899461751128e+01
4.661097207750954374e-01	6.231228080896989496e+01	1.170209613874321946e+02	3.817147593433269321e+02	6.642826821988190034e+01
4.759875883778879602e-01	6.144006467518551062e+01	1.158381131069336476e+02	3.785465029225336480e+02	6.525787451763282832e+01
4.860747892428489703e-01	6.057887794430971695e+01	1.146585720146761389e+02	3.753672367983552363e+02	6.411058487669434669e+01
4.963757595920870180e-01	5.972841795447791924e+01	1.134822213220020330e+02	3.721768146933759454e+02	6.298556837309369172e+01
5.068950296608012440e-01	5.888867683119514851e+01	1.123093024851118287e+02	3.689759591992269065e+02	6.188262573212099227e+01
5.176372256896176749e-01	5.805983138893342499e+01	1.111401589798884260e+02	3.657654865649028011e+02	6.080162956571754052e+01
5.286070719591531297e-01	5.724146957246632894e+01	1.099746262411331230e+02	3.625452797743020028e+02	5.974177749641417989e+01
5.398093928676924724e-01	5.643331465349121601e+01	1.088126134216595204e+02	3.593152960428043343e+02	5.870230512939507150e+01
5.512491150528981976e-01	5.563536032059982261e+01	1.076543252272694531e+02	3.560761634920123697e+02	5.768298441852372349e+01
5.629312695584811621e-01	5.484777619289585715e+01	1.065001648851189202e+02	3.528289702291298795e+02	5.668382618675305906e+01
5.748609940467923618e-01	5.407015755756759035e+01	1.053499098297059930e+02	3.495734295044277360e+02	5.570395059879687238e+01
5.870435350582976497e-01	5.330225160474655866e+01	1.042035125520799284e+02	3.463096645459461342e+02	5.474278381683812711e+01
5.994842503189414806e-01	5.254405347889380096e+01	1.030611505102781251e+02	3.430382495799663047e+02	5.380000788165911274e+01
6.121886110964055439e-01	5.179572562969580929e+01	1.019232530581270595e+02	3.397604239469147274e+02	5.287572891564723676e+01
6.251622046063020077e-01	5.105687140044060612e+01	1.007895712883627084e+02	3.364758462727076562e+02	5.196908347214491641e+01
6.384107364693620834e-01	5.032726001999535015e+01	9.966005340299057025e+01	3.331846246604600310e+02	5.107950059099695750e+01
6.519400332206916060e-01	4.960688796966424263e+01	9.853492822788497563e+01	3.298875755191000394e+02	5.020684778991998343e+01
6.657560448722088520e-01	4.889591063250910707e+01	9.741456905605130601e+01	3.265858073087552498e+02	4.935106236684023173e+01
6.798648475293831428e-01	4.819393996913729694e+01	9.629875045819937895e+01	3.232790642723932137e+02	4.851143701122268226e+01
6.942726460634290886e-01	4.750076552653801087e+01	9.518744106738017763e+01	3.199675755299619482e+02	4.768748354553883217e+01
7.089857768401280902e-01	4.681638503115004113e+01	9.408081608635548321e+01	3.166519866627116926e+02	4.687894474157840818e+01
7.240107105064845783e-01	4.614094681672996501e+01	9.297931540129876282e+01	3.133337106779655983e+02	4.608593522067566539e+01
7.393540548364295750e-01	4.547407205479263581e+01	9.188265714001120443e+01	3.100123269755367801e+02	4.530769391213016206e+01
7.550225576368376768e-01	4.481556895257745055e+01	9.079082895412852849e+01	3.066881397737018915e+02	4.454376964270117156e+01
7.710231097151263313e-01	4.416543637970498537e+01	8.970403956789375854e+01	3.033619569411760040e+02	4.379406134613875423e+01
7.873627479097432547e-01	4.352381575113321333e+01	8.862267788839129423e+01	3.000350872720710527e+02	4.305851670516707230e+01
8.040486581848822478e-01	4.289033786045171581e+01	8.754648409928601893e+01	2.967071928813123236e+02	4.233650798904130852e+01
8.210881787907730045e-01	4.226482806993568886e+01	8.647543202621478997e+01	2.933785412475191379e+02	4.162763893873314203e+01
8.384888034909533383e-01	4.164728634051648015e+01	8.540974799019343777e+01	2.900500665638049327e+02	4.093176290104677406e+01
8.562581848579297050e-01	4.103784715464912125e+01	8.434979706024300583e+01	2.867230157873614189e+02	4.024888428333596124e+01
8.744041376386801900e-01	4.043615143344347018e+01	8.329533222115142621e+01	2.833971584325117306e+02	3.957842197608504620e+01
8.929346421914835519e-01	3.984204023608494794e+01	8.224633825264538700e+01	2.800727834827964102e+02	3.892000480156041675e+01
9.118578479955742333e-01	3.925551433792561795e+01	8.120301228554029649e+01	2.767507777893821981e+02	3.827348610904977733e+01
9.311820772351820930e-01	3.867670197016229849e+01	8.016575049447099843e+01	2.734325621343007242e+02	3.763892588559527752e+01
9.509158284595223831e-01	3.810525394870862215e+01	7.913426651719470328e+01	2.701177592510400700e+02	3.701570524588855449e+01
9.710677803203476843e-01	3.754102588292703047e+01	7.810857309641419022e+01	2.668068083464033862e+02	3.640355184427622248e+01
9.916467953887124764e-01	3.698401955831647570e+01	7.708885129049330942e+01	2.635005240088426035e+02	3.580232097528246271e+01
1.012661924052612461e+00	3.643435627826892897e+01	7.607550459801711895e+01	2.602004522038114942e+02	3.521205500621397277e+01
1.034122408497234025e+00	3.589169782388862728e+01	7.506822516741176798e+01	2.569061173089816066e+02	3.463218901343352485e+01
1.056037686769547568e+00	3.535591284907533804e+01	7.406703212214721077e+01	2.536179763760886487e+02	3.406249226562584198e+01
1.078417396929040706e+00	3.482700393658237914e+01	7.307211606961159589e+01	2.503369676676677500e+02	3.350280909122438544e+01
1.101271381286411888e+00	3.430508600443420164e+01	7.208385990141051991e+01	2.470645646740799179e+02	3.295319031441579938e+01
1.124609690732098155e+00	3.378983161977391347e+01	7.110195448252802919e+01	2.438002964788438760e+02	3.241313040699003523e+01
1.148442589156521310e+00	3.328112145489827611e+01	7.012641907659902074e+01	2.405446349365275012e+02	3.188239027111722024e+01
1.172780557964020254e+00	3.277895880475831092e+01	6.915744815704735515e+01	2.372985549008030262e+02	3.136085562251393455e+01
1.197634300682437924e+00	3.228345238264381578e+01	6.819540432204190950e+01	2.340635059677999550e+02	3.084856507176841944e+01
1.223014747670394531e+00	3.179428569013532169e+01	6.723999490729349304e+01	2.308390878804658826e+02	3.034506932128012835e+01
1.248933060924324545e+00	3.131135033738386753e+01	6.629121641892425032e+01	2.276256752704389328e+02	2.985010902091103446e+01
1.275400638987373769e+00	3.083465022878325712e+01	6.534927104048684043e+01	2.244242775352917363e+02	2.936362863263853384e+01
1.302429121962336289e+00	3.036428813612162614e+01	6.441451427048228595e+01	2.212363929761192196e+02	2.888564589378426462e+01
1.330030396630823342e+00	2.989995852835445334e+01	6.348662891176405765e+01	2.180614799706536360e+02	2.841572800897883155e+01
1.358216601680917401e+00	2.944156297144429857e+01	6.256564067384578465e+01	2.149000475191836586e+02	2.795367904256124802e+01
1.387000133045610317e+00	2.898910595835137727e+01	6.165171587992841751e+01	2.117529698199808479e+02	2.749940191442032500e+01
1.416393649354382722e+00	2.854268434079522265e+01	6.074522790598533817e+01	2.086218573442012882e+02	2.705297461616721222e+01
1.446410077500298819e+00	2.810200380387700747e+01	5.984583354709135961e+01	2.055060454960442939e+02	2.661394360836570172e+01
1.477062618325094778e+00	2.766697486245757176e+01	5.895356201667495100e+01	2.024060487914566409e+02	2.618215098506063754e+01
1.508364752424737887e+00	2.723760246465509383e+01	5.806860101653514050e+01	1.993228702196215067e+02	2.575753567607160477e+01
1.540330246078020826e+00	2.681397793259253604e+01	5.719126119368221595e+01	1.962578534021144492e+02	2.534011329174996163e+01
1.572973157300799230e+00	2.639581802140571654e+01	5.632123867952396523e+01	1.932104962847608363e+02	2.492952120278819450e+01
1.606307842028519950e+00	2.598304136757643690e+01	5.545853663958370561e+01	1.901811650984803634e+02	2.452559403888639267e+01
1.640348960429783842e+00	2.557565332338495523e+01	5.460333545484049012e+01	1.871708686681758422e+02	2.412826118254501750e+01
1.675111483353698638e+00	2.517373982949589362e+01	5.375595362073762828e+01	1.841809978230555487e+02	2.373757509411479916e+01
1.710610698913865635e+00	2.477702879161621397e+01	5.291606409633049424e+01	1.812109269190574707e+02	2.335317700621095582e+01
1.746862219211904321e+00	2.438544610791263523e+01	5.208367297825856213e+01	1.782610290353895550e+02	2.297491200491363017e+01
1.783881987203444153e+00	2.399899742225663601e+01	5.125894955161855648e+01	1.753322278490177268e+02	2.260274281013457909e+01
1.821686283709640364e+00	2.361776363381588340e+01	5.044221124345248342e+01	1.724259809494571698e+02	2.223669821735041907e+01
1.860291734577268707e+00	2.324148367281009797e+01	4.963309696721761810e+01	1.695414232062649660e+02	2.187644079866165114e+01
1.899715317990559260e+00	2.287008994935719031e+01	4.883163982542895809e+01	1.666790597063744599e+02	2.152185485733022219e+01
1.939974371937992492e+00	2.250358833678005510e+01	4.803799405796071653e+01	1.638397547022435106e+02	2.117289763561402793e+01
1.981086601837313665e+00	2.214205488239097619e+01	4.725244233455156717e+01	1.610247935646342228e+02	2.082958857731186342e+01
2.023070088322156401e+00	2.178523955576394044e+01	4.647465114722044888e+01	1.582334313053660253e+02	2.049162234718755471e+01
2.065943295193674256e+00	2.143308051504029166e+01	4.570462693732096682e+01	1.554660094628902698e+02	2.015889202031421945e+01
2.109725077540682392e+00	2.108558377329901745e+01	4.494252134383717134e+01	1.527233759225829886e+02	1.983136828993800904e+01
2.154434690031884259e+00	2.074282081555259794e+01	4.418860703060964568e+01	1.500067879597984302e+02	1.950906803180464166e+01
2.200091795383838367e+00	2.040455255595817263e+01	4.344252949336051728e+01	1.473153340919472782e+02	1.919170384517821049e+01
2.246716473008353532e+00	2.007072225274799493e+01	4.270430800803553950e+01	1.446494114251718770e+02	1.887918036679863931e+01
2.294329227843169949e+00	1.974133580726872594e+01	4.197407900520364876e+01	1.420097865204288325e+02	1.857146933178601955e+01
2.342950999369765697e+00	1.941646063500189356e+01	4.125209317281828447e+01	1.393976086527539167e+02	1.826859808502496207e+01
2.392603170822269476e+00	1.909586838940240838e+01	4.053800495139842042e+01	1.368119741456133056e+02	1.797029945643316751e+01
2.443307578591545681e+00	1.877950673087320155e+01	3.983181933699307109e+01	1.342531751848835597e+02	1.767648273508831736e+01
2.495086521828544068e+00	1.846738150743769324e+01	3.913365666785082908e+01	1.317218925053250587e+02	1.738711890376276159e+01
2.547962772251191943e+00	1.815955622134676162e+01	3.844376288793415597e+01	1.292192541857175172e+02	1.710224489120610514e+01
2.601959584159102334e+00	1.785581319937779199e+01	3.776179232905408867e+01	1.267443068110987525e+02	1.682161055294092478e+01
2.657100704660517732e+00	1.755610386757855323e+01	3.708773745710104208e+01	1.242972529167137736e+02	1.654513230356395326e+01
2.713410384115983121e+00	1.726043393161870654e+01	3.642170207407865234e+01	1.218786764230449648e+02	1.627278375749132877e+01
2.770913386803353973e+00	1.696886328110876363e+01	3.576391919671480935e+01	1.194896499023976730e+02	1.600460083325944893e+01
2.829635001808795014e+00	1.668118481052657387e+01	3.511405002469346215e+01	1.171291969347066981e+02	1.574035852561456572e+01
2.889601054148607684e+00	1.639735310593922790e+01	3.447207757694581431e+01	1.147974400143249198e+02	1.547998106065956492e+01
2.950837916126738403e+00	1.611737358220178606e+01	3.383809045847349495e+01	1.124948721699520604e+02	1.522344357812228210e+01
3.013372518932980082e+00	1.584130289859343321e+01	3.321230597825966413e+01	1.102224935446637488e+02	1.497077701511519265e+01
3.077232364486974792e+00	1.556894437272940657e+01	3.259437952606717204e+01	1.079792387027146248e+02	1.472177031093169575e+01
3.142445537533192557e+00	1.530025514505133444e+01	3.198429604164519802e+01	1.057652211653695247e+02	1.447635931762198602e+01
3.209040717992251324e+00	1.503524027005201447e+01	3.138213645529607021e+01	1.035808837710951309e+02	1.423452551460470161e+01
3.277047193573979555e+00	1.477395345884783318e+01	3.078809103046383910e+01	1.014270691720327306e+02	1.399629897695180603e+01
3.346494872657771680e+00	1.451620837619619309e+01	3.020182429160665549e+01	9.930271173956370490e+01	1.376148718532212456e+01
3.417414297445926952e+00	1.426196412533756508e+01	2.962330782227368786e+01	9.720783259090885053e+01	1.353002944820397069e+01
3.489836657395697816e+00	1.401122527424626973e+01	2.905261425527493202e+01	9.514282209284604619e+01	1.330190937060342549e+01
3.563793802936028321e+00	1.376404291959071635e+01	2.848992048514859832e+01	9.310845083235540187e+01	1.307715705199927569e+01
3.639318259474964901e+00	1.352024100474447721e+01	2.793489034851575070e+01	9.110359129636601949e+01	1.285559139288118580e+01
3.716443241703908829e+00	1.327977999550829225e+01	2.738749025970314221e+01	8.912822517887792628e+01	1.263715836729822684e+01
3.795202668205029717e+00	1.304266387025433538e+01	2.684777782278468905e+01	8.718264239179939068e+01	1.242184542611050979e+01
3.875631176368202979e+00	1.280894139919690389e+01	2.631591830913989938e+01	8.526755404807136074e+01	1.220968274549456467e+01
3.957764137624104617e+00	1.257844679926783904e+01	2.579158051497507387e+01	8.338180829334675082e+01	1.200050269958992999e+01
4.041637673000112230e+00	1.235114129625617885e+01	2.527471794256751281e+01	8.152529335841616387e+01	1.179425599567008121e+01
4.127288669005872102e+00	1.212702814155969655e+01	2.476538522412862164e+01	7.969828196391488007e+01	1.159093623522635141e+01
4.214754793855508552e+00	1.190615405431245577e+01	2.426372693818523274e+01	7.790136247327292551e+01	1.139057283162157930e+01
4.304074514033643162e+00	1.168836360412696784e+01	2.376942423425271755e+01	7.613340305292761911e+01	1.119301028342220938e+01
4.395287111212434539e+00	1.147361813347474069e+01	2.328242031232728237e+01	7.439422823042581001e+01	1.099820121496625092e+01
4.488432699527177050e+00	1.126192007529390438e+01	2.280275459558094298e+01	7.268402521966970653e+01	1.080613743891737144e+01
4.583552243217979161e+00	1.105331421854490692e+01	2.233055691522568864e+01	7.100329412561990239e+01	1.061684979756491032e+01
4.680687574645305382e+00	1.084765576598326398e+01	2.186552125997820184e+01	6.935091860902245742e+01	1.043019850578410868e+01
4.779881412687339015e+00	1.064490546460178422e+01	2.140758498368068174e+01	6.772668889434446271e+01	1.024614011766387378e+01
4.881177381527165515e+00	1.044506481308980206e+01	2.095677485527141215e+01	6.613071711205644476e+01	1.006466778605438073e+01
4.984620029838152888e+00	1.024817677216254985e+01	2.051320689008431941e+01	6.456342540807904129e+01	9.885811165857791849e+00
5.090254850375883322e+00	1.005410756038708264e+01	2.007659308100470597e+01	6.302375554139295133e+01	9.709442675629944119e+00
5.198128299985286915e+00	9.862816567615160679e+00	1.964685077662214496e+01	6.151137968755094221e+01	9.535518452163895375e+00
5.308287820031761584e+00	9.674304271388731280e+00	1.922399799323655856e+01	6.002636000053518472e+01	9.364033716543582742e+00
5.420781857265304815e+00	9.488611714927399632e+00	1.880814571095468679e+01	5.856909508486196358e+01	9.195020874487134677e+00
5.535659885126738011e+00	9.305616807467615104e+00	1.839902002083617916e+01	5.713854767117864242e+01	9.028364523984283352e+00
5.652972425505520704e+00	9.125276691496575054e+00	1.799653146816357818e+01	5.573436414134932448e+01	8.864022252873928309e+00
5.772771070958623518e+00	8.947590783977883433e+00	1.760068237177244299e+01	5.435651435276435706e+01	8.701988100707573892e+00
5.895108507400270703e+00	8.772597910906320351e+00	1.721157187799955324e+01	5.300533933293201017e+01	8.542293476756633197e+00
6.020038537272556667e+00	8.600188660076460323e+00	1.682894804843429526e+01	5.167986930504537213e+01	8.384836358790014543e+00
6.147616103207036886e+00	8.430316920290872318e+00	1.645270322259130680e+01	5.037966099679554333e+01	8.229571643337918019e+00
6.277897312187818990e+00	8.262980973357237247e+00	1.608283809599801017e+01	4.910468298562466316e+01	8.076496520160917569e+00
6.410939460226692255e+00	8.098216976862650185e+00	1.571943347287170489e+01	4.785517454373095347e+01	7.925640693465774156e+00
6.546801057561175696e+00	7.935929523895543625e+00	1.536226794081706082e+01	4.663027952076205906e+01	7.776917199010197734e+00
6.685541854386596761e+00	7.776068085528546447e+00	1.501122187944317155e+01	4.542950826721490643e+01	7.630279944942762960e+00
6.827222867133428963e+00	7.618629783231284591e+00	1.466628664153182093e+01	4.425278008828266252e+01	7.485726203527146794e+00
6.971906405301561804e+00	7.463647285662831088e+00	1.432752959760957445e+01	4.310027634989246081e+01	7.343283065581151625e+00
7.119656098863218929e+00	7.311041086089198338e+00	1.399475786526774534e+01	4.197123044580798279e+01	7.202877822855991319e+00
7.270536926246596643e+00	7.160754802620835413e+00	1.366783537551342675e+01	4.086509198757332229e+01	7.064459726651372229e+00
7.424615242912579127e+00	7.012784452993014561e+00	1.334674376849855015e+01	3.978173052745478344e+01	6.928025146481943786e+00
7.581958810536977289e+00	6.867158053610712187e+00	1.303153765836178657e+01	3.872127680729436605e+01	6.793599741520321977e+00
7.742636826811277295e+00	6.723814422409799541e+00	1.272206807382712235e+01	3.768313082455298257e+01	6.661129775701083666e+00
7.906719955874896399e+00	6.582689719823333618e+00	1.241817476255754116e+01	3.666664174019282996e+01	6.530558609231728262e+00
8.074280359392364659e+00	6.443778862517925532e+00	1.211983611542664541e+01	3.567166897281553162e+01	6.401883062319327244e+00
8.245391728289099831e+00	6.307103487680105758e+00	1.182708968726500487e+01	3.469827839183978568e+01	6.275124134515576380e+00
8.420129315159766037e+00	6.172624159001635746e+00	1.153982902012529976e+01	3.374601217875586912e+01	6.150246797160807688e+00
8.598569967363353328e+00	6.040267509164350734e+00	1.125787294876547762e+01	3.281415306500353779e+01	6.027187257728860992e+00
8.780792160819700598e+00	5.910027361404150525e+00	1.098119302203835801e+01	3.190252883495720226e+01	5.905941639585369884e+00
8.966876034522190508e+00	5.781916965335078373e+00	1.070980498472903619e+01	3.101112455370604692e+01	5.786523726115952115e+00
9.156903425781846906e+00	5.655922657968894818e+00	1.044366151042526880e+01	3.013969742620878378e+01	5.668923165530194375e+00
9.350957906218383187e+00	5.531959181109578516e+00	1.018255206717759265e+01	2.928742707582019733e+01	5.553065253066037599e+00
9.549124818513869073e+00	5.410019318057257109e+00	9.926446626758270497e+00	2.845413994083024178e+01	5.438946511173712750e+00
9.751491313945386707e+00	5.290107535975019815e+00	9.675339387047436901e+00	2.763974367219355699e+01	5.326573755821913281e+00
9.958146390713055851e+00	5.172234213798160951e+00	9.429235679574556883e+00	2.684418007228853043e+01	5.215958967613396169e+00
1.016918093308028581e+01	5.056306251278542163e+00	9.187909658114765676e+00	2.606658722423807362e+01	5.107021255147915717e+00
1.038468775134352740e+01	4.942313164063251385e+00	8.951318976741188038e+00	2.530674145247339979e+01	4.999753233481091463e+00
1.060476162264905220e+01	4.830254345945009575e+00	8.719447505007609678e+00	2.456452126065556740e+01	4.894157990041215101e+00
1.082949933267470577e+01	4.720149238133579672e+00	8.492317912686345949e+00	2.383992561412029687e+01	4.790254996485827199e+00
1.105899971819510696e+01	4.611914926279348848e+00	8.269728334242872236e+00	2.313218506507050876e+01	4.687972255069030147e+00
1.129336371054865928e+01	4.505530573846525222e+00	8.051614929508758678e+00	2.244100916284409308e+01	4.587293906649293262e+00
1.153269438002595848e+01	4.400992072045315062e+00	7.837950070831492866e+00	2.176623043745392039e+01	4.488219120628290426e+00
1.177709698119876869e+01	4.298318425750354166e+00	7.628759702699853484e+00	2.110787124205869603e+01	4.390768727278151040e+00
1.202667899920963279e+01	4.197450268445539479e+00	7.423894407364485026e+00	2.046534857981946942e+01	4.294892171627202160e+00
1.228155019704247053e+01	4.098350653250879994e+00	7.223254669384419735e+00	1.983825298305578144e+01	4.200558678761490583e+00
1.254182266379493349e+01	4.001012940126786432e+00	7.026807849436705666e+00	1.922640508070819720e+01	4.107765315701133346e+00
1.280761086397376225e+01	3.905446897920341165e+00	6.834559090570631490e+00	1.862975714880946754e+01	4.016525118842304565e+00
1.307903168783481007e+01	3.811630338497671744e+00	6.646442303282223740e+00	1.804801739957675721e+01	3.926821618098097932e+00
1.335620450278989146e+01	3.719504057278227194e+00	6.462310441189828225e+00	1.748062251551765911e+01	3.838603862336184669e+00
1.363925120590300821e+01	3.629059600824540155e+00	6.282128710467059562e+00	1.692739273644091469e+01	3.751866885484812286e+00
1.392829627749924271e+01	3.540294798305466450e+00	6.105874727148891346e+00	1.638818701317613602e+01	3.666611865706837392e+00
1.422346683590943783e+01	3.453220328308946208e+00	5.933553854156685681e+00	1.586295858760661304e+01	3.582851512750403256e+00
1.452489269337533528e+01	3.367767214564782563e+00	5.765000906245038692e+00	1.535109453602513163e+01	3.500525676824869592e+00
1.483270641313931115e+01	3.283919136899053903e+00	5.600165681277456287e+00	1.485236890486767614e+01	3.419622911205990157e+00
1.514704336774399174e+01	3.201669210389387121e+00	5.439014562724027613e+00	1.436660475844611184e+01	3.340139229681339028e+00
1.546804179856737527e+01	3.121026703669630642e+00	5.281552910049354566e+00	1.389376276463569937e+01	3.262087226554834629e+00
1.579584287661962527e+01	3.041956350622130767e+00	5.127688442227325893e+00	1.343347739302398480e+01	3.185436976829206568e+00
1.613059076462826624e+01	2.964417109785428384e+00	4.977317178646600837e+00	1.298534691363387950e+01	3.110153277289152030e+00
1.647243268043913034e+01	2.888399563579834517e+00	4.830406168208915219e+00	1.254921098275709923e+01	3.036231495644595935e+00
1.682151896176083383e+01	2.813898756231050680e+00	4.686927457260607888e+00	1.212491717845207084e+01	2.963669723436123782e+00
1.717800313228151410e+01	2.740921786481352651e+00	4.546881739340264517e+00	1.171241273938571048e+01	2.892478045406028375e+00
1.754204196918641045e+01	2.669411864919279065e+00	4.410134536134883376e+00	1.131120582260109231e+01	2.822606456616412185e+00
1.791379557210657580e+01	2.599350637895455396e+00	4.276631508135929849e+00	1.092106494889019785e+01	2.754040146287550339e+00
1.829342743352862044e+01	2.530728640009119790e+00	4.146340939661555147e+00	1.054183976383987620e+01	2.686773844802368583e+00
1.868110451069663469e+01	2.463542674029469026e+00	4.019238724823481768e+00	1.017339372195069203e+01	2.620806568344991927e+00
1.907699729903783492e+01	2.397788778823704892e+00	3.895303040755226043e+00	9.815605203634547138e+00	2.556137839590424399e+00
1.948127990714428748e+01	2.333413671370368370e+00	3.774409743425485519e+00	9.468027720816690973e+00	2.492720222431753285e+00
1.989413013334363711e+01	2.270405480981942947e+00	3.656520785719099109e+00	9.130490063341676787e+00	2.430545257347457522e+00
2.031572954389253738e+01	2.208754045184589732e+00	3.541600593550612963e+00	8.802827339267993878e+00	2.369605987893713461e+00
2.074626355282718393e+01	2.148449335906872815e+00	3.429617170727117692e+00	8.484894286095395088e+00	2.309895460610564388e+00
2.118592150350598402e+01	2.089500579921156564e+00	3.320571763453957104e+00	8.176632978159375398e+00	2.251426702257592893e+00
2.163489675188052530e+01	2.031843900887051468e+00	3.214325000007288935e+00	7.877570232503371628e+00	2.194140518844807985e+00
2.209338675153079734e+01	1.975472648162164280e+00	3.110848799745768556e+00	7.587566695519072368e+00	2.138033347908500748e+00
2.256159314050291798e+01	1.920375349054948666e+00	3.010107109009542370e+00	7.306463550168887267e+00	2.083096918784183682e+00
2.303972182998693796e+01	1.866543148810844599e+00	2.912070283937863380e+00	7.034123806019153768e+00	2.029325954362747986e+00
2.352798309487394945e+01	1.813974134661718196e+00	2.816720715036446165e+00	6.770444889360851981e+00	1.976720764122213314e+00
2.402659166623228870e+01	1.762626985507353083e+00	2.723962463998095274e+00	6.515084935904306818e+00	1.925244400698074010e+00
2.453576682574353285e+01	1.712484151846162872e+00	2.633749409329830815e+00	6.267860640868725852e+00	1.874882972944712956e+00
2.505573250213976877e+01	1.663532829953600078e+00	2.546042753132589986e+00	6.028608212153010903e+00	1.825626207281282110e+00
2.558671736968459953e+01	1.615760833323175882e+00	2.460806520574281286e+00	5.797174998787315126e+00	1.777464904909858090e+00
2.612895494874115698e+01	1.569154553881311864e+00	2.378002785182782741e+00	5.573405822376793495e+00	1.730388262379850994e+00
2.668268370847132687e+01	1.523718066156401818e+00	2.297623554122469880e+00	5.357223469526300796e+00	1.684403846249125758e+00
2.724814717171165412e+01	1.479401784853960677e+00	2.219563361740692020e+00	5.148278838883413755e+00	1.639465265669364902e+00
2.782559402207125743e+01	1.436195763052073193e+00	2.143789523295098309e+00	4.946429111319067040e+00	1.595565674183137439e+00
2.841527821329990999e+01	1.394086272569858398e+00	2.070263104866711501e+00	4.751516953937039212e+00	1.552693941876899242e+00
2.901745908097360527e+01	1.353059680234174555e+00	1.998946567392279494e+00	4.563391875052581703e+00	1.510839617369650112e+00
2.963240145654703639e+01	1.313102931313919308e+00	1.929803203480235929e+00	4.381905439461373675e+00	1.469992587886730373e+00
3.026037578382308624e+01	1.274206644786738618e+00	1.862802070157737022e+00	4.206924969254368207e+00	1.430145864438388204e+00
3.090165823789054755e+01	1.236351295745882428e+00	1.797895360730334069e+00	4.038273176280601895e+00	1.391283474364003903e+00
3.155653084658241525e+01	1.199512366464821289e+00	1.735023775329007867e+00	3.875737461876239021e+00	1.353383662388895292e+00
3.222528161450811979e+01	1.163675486270182358e+00	1.674148837601931117e+00	3.719168630623169935e+00	1.316435084718796000e+00
3.290820464971425707e+01	1.128826206655530573e+00	1.615231056625767270e+00	3.568414390022979443e+00	1.280425714885986110e+00
3.360560029302952501e+01	1.094950020346438180e+00	1.558232585852731722e+00	3.423330702589139740e+00	1.245344422776520688e+00
3.431777525015100849e+01	1.062032344243067694e+00	1.503114219422094111e+00	3.283768053884148941e+00	1.211179220197181827e+00
3.504504272652905428e+01	1.030058608190443481e+00	1.449837726546704619e+00	3.149582321664108786e+00	1.177918533758114172e+00
3.578772256511129513e+01	9.990142977391865964e-01	1.398364391628501124e+00	3.020627808226928224e+00	1.145550450674648779e+00
3.654614138700539883e+01	9.688853267970881644e-01	1.348656461083005187e+00	2.896762852528399712e+00	1.114063527369670181e+00
3.732063273512289925e+01	9.396581130533895321e-01	1.300678594205684213e+00	2.777855129582595506e+00	1.083447412588357750e+00
3.811153722086707774e+01	9.113123435343998269e-01	1.254381330843594045e+00	2.663731472763872787e+00	1.053684360534414832e+00
3.891920267392951160e+01	8.838331693277307055e-01	1.209727076928283962e+00	2.554255722337624324e+00	1.024762474719185690e+00
3.974398429526115706e+01	8.572062147282514255e-01	1.166678243753595412e+00	2.449290919219889950e+00	9.966701168362273044e-01
4.058624481328516254e+01	8.314171554944755904e-01	1.125197838636516900e+00	2.348703327997648582e+00	9.693957394577874531e-01
4.144635464342010778e+01	8.064517403940477669e-01	1.085249425778000543e+00	2.252362569781007018e+00	9.429278701236702975e-01
4.232469205098434628e+01	7.822958135155204662e-01	1.046796488791836621e+00	2.160138262460526981e+00	9.172550630865166088e-01
4.322164331755172384e+01	7.589353363352833171e-01	1.009803085226023134e+00	2.071902963396576425e+00	8.923660622757764171e-01
4.413760291083362119e+01	7.363564084995586345e-01	9.742342400987861195e-01	1.987533809574615118e+00	8.682499554878916337e-01
4.507297365816076251e+01	7.145452859977674542e-01	9.400547417512684634e-01	1.906907543919927006e+00	8.448956741877164944e-01
4.602816692364147144e+01	6.934883956438291364e-01	9.072299773102909803e-01	1.829903498994295052e+00	8.222923647289264171e-01
4.700360278907441369e+01	6.731723448212220129e-01	8.757260922500934575e-01	1.756404586764398701e+00	8.004294946929959575e-01
4.799971023869517950e+01	6.535839263128252474e-01	8.455097904229841310e-01	1.686296502641130957e+00	7.792966591794282527e-01
4.901692734783804895e+01	6.347101181419340099e-01	8.165480613671802779e-01	1.619466416308852130e+00	7.588834685682003256e-01
5.005570147559598126e+01	6.165380789581169640e-01	7.888083334437944183e-01	1.555803567515934072e+00	7.391797975544190935e-01
5.111648946156338980e+01	5.990561048088023366e-01	7.622606454264129194e-01	1.495205547027626869e+00	7.201768666982424349e-01
5.219975782674825382e+01	5.822579601197415133e-01	7.368843070934140149e-01	1.437594962988992142e+00	7.018709736229886698e-01
5.330598297874255564e+01	5.661301565923040346e-01	7.126466336815425739e-01	1.382864147357156792e+00	6.842517027167472898e-01
5.443565142123959077e+01	5.506603955460802613e-01	6.895164475066191123e-01	1.330909597602308869e+00	6.673092584641601155e-01
5.558925996799251124e+01	5.358369066215734611e-01	6.674642023209582664e-01	1.281633693784880235e+00	6.510347551073654149e-01
5.676731596130657209e+01	5.216481037001574617e-01	6.464609027107465211e-01	1.234941510478209103e+00	6.354192811521233164e-01
5.797033749516177181e+01	5.080825076495774084e-01	6.264779413695340526e-01	1.190739920229109128e+00	6.204541779546377533e-01
5.919885364306400533e+01	4.951387940159001633e-01	6.075041492461692449e-01	1.148980792957414288e+00	6.061411474247921927e-01
6.045340469072480261e+01	4.828148775888442823e-01	5.895268378926519226e-01	1.109612336074772720e+00	5.924810076577717854e-01
6.173454237367209885e+01	4.710935380050741417e-01	5.725077098501293316e-01	1.072518665849171215e+00	5.794590885061443597e-01
6.304283011989645757e+01	4.599623010935776080e-01	5.564172065578049109e-01	1.037607686951935504e+00	5.670658221964215429e-01
6.437884329763940627e+01	4.494296676323111805e-01	5.412610423893681189e-01	1.004875931723625548e+00	5.553130555337341123e-01
6.574316946843353549e+01	4.394919449210588636e-01	5.270237348928991095e-01	9.742663460795953911e-01	5.441998812210659953e-01
6.713640864550379206e+01	4.301286971568415995e-01	5.136626856523343054e-01	9.456561273132967349e-01	5.337085936863779079e-01
6.855917355764610477e+01	4.213581827026730564e-01	5.011998328156168636e-01	9.190828196932299132e-01	5.238612725695700467e-01
7.001208991869765441e+01	4.131710317971890589e-01	4.896106847296545772e-01	8.944685618675378702e-01	5.146515867823474588e-01
7.149579670271769771e+01	4.055619063349512610e-01	4.788775895418712070e-01	8.717533465989096841e-01	5.060772323099557157e-01
7.301094642500031284e+01	3.985500592812586396e-01	4.690232464406783319e-01	8.509755705790844615e-01	4.981614817533117634e-01
7.455820542904223203e+01	3.921212466523724682e-01	4.600153904922934522e-01	8.320398423717676462e-01	4.908931036118747704e-01
7.613825417959219521e+01	3.862993158036566177e-01	4.518841558855490326e-01	8.150025252116231966e-01	4.843004795628543246e-01
7.775178756191070306e+01	3.810842275172482418e-01	4.446201336642918722e-01	7.998236253975925525e-01	4.783871517669405216e-01
7.939951518737163383e+01	3.764842908638850183e-01	4.382272906245557875e-01	7.864950298147489471e-01	4.731654908956208216e-01
8.108216170554010205e+01	3.725335178726551510e-01	4.327514154197457663e-01	7.751095717085513259e-01	4.686747675706887661e-01
8.280046712286477373e+01	3.692339432564238910e-01	4.281857241593117203e-01	7.656323216444907986e-01	4.649211171435392309e-01
8.455518712812224180e+01	3.666105586114800641e-01	4.245604469021034277e-01	7.581169366884517036e-01	4.619347450642927178e-01
8.634709342475994731e+01	3.646956496441431383e-01	4.219172255068244781e-01	7.526436097205262410e-01	4.597536415410793387e-01
8.817697407028136070e+01	3.635246241565815994e-01	4.203022377789804032e-01	7.493024359489581787e-01	4.584192403518425052e-01
9.004563382282356088e+01	3.631376067069241320e-01	4.197687643813552416e-01	7.481993261138919493e-01	4.579781174867031401e-01
9.195389449507966617e+01	3.635822707918875962e-01	4.203817115432528229e-01	7.494667963413585987e-01	4.584849413009463026e-01
9.390259531572145590e+01	3.649166527218508649e-01	4.222221433223294351e-01	7.532747080893106295e-01	4.600054251177193021e-01
9.589259329848152902e+01	3.672091368886099549e-01	4.253872277595926454e-01	7.598300736492257235e-01	4.626163111211201717e-01
9.792476361905691817e+01	3.705375821533399838e-01	4.299888403367332357e-01	7.693735931537756256e-01	4.664044715271848940e-01
