# Data associated with arXiv:2208.14002
# 
# Scale-free gravitational potential, Phi(r), of a nfw0-8rhos4e6 dark matter distribution (see Eq. 2.8 and the surrounding discussion)
# 
# Published: 8/25/22, Jack Runburg and Kenny Kiriu, contact: runburg@hawaii.edu
# 
# 
# -----------------------------------------------------------------
# 
# 	 tilde r 		 | 		 tilde Phi
# 
# -----------------------------------------------------------------
1.000000000000000082e-05	3.787906808180173017e-07
1.016902569856036418e-05	3.864864776001312544e-07
1.034090836579813217e-05	3.943386295183268028e-07
1.051569629182590727e-05	4.023503131971739410e-07
1.069343858298338107e-05	4.105247697985546982e-07
1.087418517563349352e-05	4.188653063327656388e-07
1.105798685019213608e-05	4.273752969962714593e-07
1.124489524539464294e-05	4.360581845366169501e-07
1.143496287280373749e-05	4.449174816450809803e-07
1.162824313156251011e-05	4.539567723776112185e-07
1.182479032339672186e-05	4.631797136046226662e-07
1.202465966787094358e-05	4.725900364902590668e-07
1.222790731790219642e-05	4.821915480016861868e-07
1.243459037553620304e-05	4.919881324490631465e-07
1.264476690798990365e-05	5.019837530567779495e-07
1.285849596396550032e-05	5.121824535666174247e-07
1.307583759024001738e-05	5.225883598734926677e-07
1.329685284853523648e-05	5.332056816943896670e-07
1.352160383267306994e-05	5.440387142712373538e-07
1.375015368602047702e-05	5.550918401083444413e-07
1.398256661922970337e-05	5.663695307451531985e-07
1.421890792827791775e-05	5.778763485649803702e-07
1.445924401281218556e-05	5.896169486405202811e-07
1.470364239480425140e-05	6.015960806168226882e-07
1.495217173752060936e-05	6.138185906325184062e-07
1.520490186481353606e-05	6.262894232800863761e-07
1.546190378073772831e-05	6.390136236059169879e-07
1.572324968949899453e-05	6.519963391510258912e-07
1.598901301573965207e-05	6.652428220331963986e-07
1.625926842516730133e-05	6.787584310714416677e-07
1.653409184553174079e-05	6.925486339535921887e-07
1.681356048795696318e-05	7.066190094479394665e-07
1.709775286863338809e-05	7.209752496597865326e-07
1.738674883087671066e-05	7.356231623338323613e-07
1.768062956756000055e-05	7.505686732033436336e-07
1.797947764392438726e-05	7.658178283870137148e-07
1.828337702077590442e-05	7.813767968345379910e-07
1.859241307807381921e-05	7.972518728218329593e-07
1.890667263891824960e-05	8.134494784969679222e-07
1.922624399394281931e-05	8.299761664777880319e-07
1.955121692611963820e-05	8.468386225023012403e-07
1.988168273598394005e-05	8.640436681329190748e-07
2.021773426728446277e-05	8.815982635155928776e-07
2.055946593306806188e-05	8.995095101950272270e-07
2.090697374220454717e-05	9.177846539870391763e-07
2.126035532636048084e-05	9.364310879092917224e-07
2.161970996742848953e-05	9.554563551715319738e-07
2.198513862542019826e-05	9.748681522265646509e-07
2.235674396683105304e-05	9.946743318832155874e-07
2.273463039348393747e-05	1.014882906482489077e-06
2.311890407186101566e-05	1.035502051138272414e-06
2.350967296293065580e-05	1.056540107043822177e-06
2.390704685247916156e-05	1.078005584845444997e-06
2.431113738195477895e-05	1.099907168084675135e-06
2.472205807983296721e-05	1.122253716710360436e-06
2.513992439351238667e-05	1.145054270662110386e-06
2.556485372174920653e-05	1.168318053526479734e-06
2.599696544764047972e-05	1.192054476267455968e-06
2.643638097216418787e-05	1.216273141032666656e-06
2.688322374828698802e-05	1.240983845036933188e-06
2.733761931564792142e-05	1.266196584524667817e-06
2.779969533582839453e-05	1.291921558812746672e-06
2.826958162821882354e-05	1.318169174415518496e-06
2.874741020649071774e-05	1.344950049253546186e-06
2.923331531568612113e-05	1.372275016947871772e-06
2.972743346993304866e-05	1.400155131201443207e-06
3.022990349079926684e-05	1.428601670269571297e-06
3.074086654629380722e-05	1.457626141521143467e-06
3.126046619052763072e-05	1.487240286092466299e-06
3.178884840404535552e-05	1.517456083635659173e-06
3.232616163483768439e-05	1.548285757163421206e-06
3.287255684004812447e-05	1.579741777992248405e-06
3.342818752838356790e-05	1.611836870785974247e-06
3.399320980324275641e-05	1.644584018701793204e-06
3.456778240657304527e-05	1.677996468640748412e-06
3.515206676346841592e-05	1.712087736604840466e-06
3.574622702752206616e-05	1.746871613162968291e-06
3.635043012694450139e-05	1.782362169027805723e-06
3.696484581146223093e-05	1.818573760745990115e-06
3.758964670000808795e-05	1.855521036503797337e-06
3.822500832921870388e-05	1.893218942050772672e-06
3.887110920275097572e-05	1.931682726743605445e-06
3.952813084143210176e-05	1.970927949712733020e-06
4.019625783425803943e-05	2.010970486154205501e-06
4.087567789025284005e-05	2.051826533749250187e-06
4.156658189120576708e-05	2.093512619214258342e-06
4.226916394529853092e-05	2.136045604983697274e-06
4.298362144164019741e-05	2.179442696028796710e-06
4.371015510572303796e-05	2.223721446814636545e-06
4.444896905581571312e-05	2.268899768398496391e-06
4.520027086031053377e-05	2.314995935672390042e-06
4.596427159603870473e-05	2.362028594752572856e-06
4.674118590757267352e-05	2.410016770519175570e-06
4.753123206752940771e-05	2.458979874308833433e-06
4.833463203789430644e-05	2.508937711763589958e-06
4.915161153238073493e-05	2.559910490839104701e-06
4.998240007984356624e-05	2.611918829975451128e-06
5.082723108876559525e-05	2.664983766433871115e-06
5.168634191283236288e-05	2.719126764802692080e-06
5.255997391761710167e-05	2.774369725676043083e-06
5.344837254839108326e-05	2.830734994508661020e-06
5.435178739908172257e-05	2.888245370650568504e-06
5.527047228239525742e-05	2.946924116565107694e-06
5.620468530112457639e-05	3.006794967234109542e-06
5.715468892066349253e-05	3.067882139754074889e-06
5.812075004274504757e-05	3.130210343127061344e-06
5.910314008042789533e-05	3.193804788250443743e-06
6.010213503434844385e-05	3.258691198109360288e-06
6.111801557026345553e-05	3.324895818176176075e-06
6.215106709790228898e-05	3.392445427020978943e-06
6.320157985115178797e-05	3.461367347137466078e-06
6.426984896959787321e-05	3.531689455988669108e-06
6.535617458144342038e-05	3.603440197276771939e-06
6.646086188782971240e-05	3.676648592441825261e-06
6.758422124858115099e-05	3.751344252393735634e-06
6.872656826940111863e-05	3.827557389482513068e-06
6.988822389054047174e-05	3.905318829711409546e-06
7.106951447696465861e-05	3.984660025197945974e-06
7.227077191004629639e-05	4.065613066887955067e-06
7.349233368080552791e-05	4.148210697527540265e-06
7.473454298472863809e-05	4.232486324898472910e-06
7.599774881818697982e-05	4.318474035322053966e-06
7.728230607648789517e-05	4.406208607437200969e-06
7.858857565358148443e-05	4.495725526258066011e-06
7.991692454345255051e-05	4.587060997516947131e-06
8.126772594322802224e-05	4.680251962298394376e-06
8.264135935802465773e-05	4.775336111970137392e-06
8.403821070757165439e-05	4.872351903417202530e-06
8.545867243463269578e-05	4.971338574584993678e-06
8.690314361526321394e-05	5.072336160337968267e-06
8.837203007092955202e-05	5.175385508640009605e-06
8.986574448252320402e-05	5.280528297063131205e-06
9.138470650630395851e-05	5.387807049631298689e-06
9.292934289180014931e-05	5.497265154005848221e-06
9.450008760170456993e-05	5.608946879019814751e-06
9.609738193379394305e-05	5.722897392567831984e-06
9.772167464491231779e-05	5.839162779859239234e-06
9.937342207704681467e-05	5.957790062041303551e-06
1.010530882855375953e-04	6.078827215200524331e-06
1.027611451694522251e-04	6.202323189749250665e-06
1.044980726041651943e-04	6.328327930205726864e-06
1.062643585761784858e-04	6.456892395375437622e-06
1.080604993202192510e-04	6.588068578941753063e-06
1.098869994586575572e-04	6.721909530474486277e-06
1.117443721432778697e-04	6.858469376864433905e-06
1.136331391994486811e-04	6.997803344192863051e-06
1.155538312727281931e-04	7.139967780044564782e-06
1.175069879779481330e-04	7.285020176273527318e-06
1.194931580508180820e-04	7.433019192230430208e-06
1.215128995020904455e-04	7.584024678461137112e-06
1.235667797743341897e-04	7.738097700886082219e-06
1.256553759013554958e-04	7.895300565469844797e-06
1.277792746703147969e-04	8.055696843391202478e-06
1.299390727865835948e-04	8.219351396723622688e-06
1.321353770413874452e-04	8.386330404636548050e-06
1.343688044822834680e-04	8.556701390128096710e-06
1.366399825865173903e-04	8.730533247299750242e-06
1.389495494373137348e-04	8.907896269184343801e-06
1.412981539031428761e-04	9.088862176138126018e-06
1.436864558200198782e-04	9.273504144808686093e-06
1.461151261768842277e-04	9.461896837690186431e-06
1.485848473041125864e-04	9.654116433277849072e-06
1.510963130652191798e-04	9.850240656833915195e-06
1.536502290517936125e-04	1.005034881177716826e-05
1.562473127817378576e-04	1.025452181170913795e-05
1.588882939008491742e-04	1.046284221308923464e-05
1.615739143878149021e-04	1.067539424857262116e-05
1.643049287626683534e-04	1.089226386102358814e-05
1.670821042987704773e-04	1.111353873821860745e-05
1.699062212383743503e-04	1.133930834825278873e-05
1.727780730118311508e-04	1.156966397566382039e-05
1.756984664605053779e-04	1.180469875828841956e-05
1.786682220634525510e-04	1.204450772486533321e-05
1.816881741679340619e-04	1.228918783340089754e-05
1.847591712238235014e-04	1.253883801031169938e-05
1.878820760219775598e-04	1.279355919036068884e-05
1.910577659366365815e-04	1.305345435740257609e-05
1.942871331719188508e-04	1.331862858595460410e-05
1.975710850124866975e-04	1.358918908361006505e-05
2.009105440784431595e-04	1.386524523431065549e-05
2.043064485845435532e-04	1.414690864249608500e-05
2.077597526037827484e-04	1.443429317814764678e-05
2.112714263354412516e-04	1.472751502274461024e-05
2.148424563776607336e-04	1.502669271615146548e-05
2.184738460046266035e-04	1.533194720445490861e-05
2.221666154484372088e-04	1.564340188876991238e-05
2.259218021857336319e-04	1.596118267503405380e-05
2.297404612291798821e-04	1.628541802481075465e-05
2.336236654238643619e-04	1.661623900712098762e-05
2.375725057487147664e-04	1.695377935132488833e-05
2.415880916230062926e-04	1.729817550107413550e-05
2.456715512180506823e-04	1.764956666935677671e-05
2.498240317741551374e-04	1.800809489465674267e-05
2.540466999229345113e-04	1.837390509825000858e-05
2.583407420150777146e-04	1.874714514266131261e-05
2.627073644536481322e-04	1.912796589130372538e-05
2.671477940330213769e-04	1.951652126932582754e-05
2.716632782835508839e-04	1.991296832569041904e-05
2.762550858220584886e-04	2.031746729650969342e-05
2.809245067082517420e-04	2.073018166966242683e-05
2.856728528071605542e-04	2.115127825071846766e-05
2.905014581577071149e-04	2.158092723019790270e-05
2.954116793474984839e-04	2.201930225219060904e-05
3.004048958939589458e-04	2.246658048436459782e-05
3.054825106319022541e-04	2.292294268939064789e-05
3.106459501076553839e-04	2.338857329781190311e-05
3.158966649798455200e-04	2.386366048238774745e-05
3.212361304269563162e-04	2.434839623394099420e-05
3.266658465617811426e-04	2.484297643873996657e-05
3.321873388528732334e-04	2.534760095744479074e-05
3.378021585531251671e-04	2.586247370565083041e-05
3.435118831355896260e-04	2.638780273606047792e-05
3.493181167366675791e-04	2.692380032231664097e-05
3.552224906067888996e-04	2.747068304453124737e-05
3.612266635687054364e-04	2.802867187654242199e-05
3.673323224835388411e-04	2.859799227493628414e-05
3.735411827246973185e-04	2.917887426986742950e-05
3.798549886598084251e-04	2.977155255771550511e-05
3.862755141407951480e-04	3.037626659561410997e-05
3.928045630022363724e-04	3.099326069788995830e-05
3.994439695681523583e-04	3.162278413445091641e-05
4.061955991673505371e-04	3.226509123116122647e-05
4.130613486574917070e-04	3.292044147224550279e-05
4.200431469580040238e-04	3.358909960476035250e-05
4.271429555920115370e-04	3.427133574517674821e-05
4.343627692374198417e-04	3.496742548811471803e-05
4.417046162873167637e-04	3.567765001727383648e-05
4.491705594198478857e-04	3.640229621860390066e-05
4.567626961777168084e-04	3.714165679575981031e-05
4.644831595574927248e-04	3.789603038788828896e-05
4.723341186088662533e-04	3.866572168979116945e-05
4.803177790440425624e-04	3.945104157451461568e-05
4.884363838574312710e-04	4.025230721841205328e-05
4.966922139558113680e-04	4.106984222873083154e-05
5.050875887991499369e-04	4.190397677377321500e-05
5.136248670522445235e-04	4.275504771568266213e-05
5.223064472473935762e-04	4.362339874590979787e-05
5.311347684582509721e-04	4.450938052340909154e-05
5.401123109850867847e-04	4.541335081562400790e-05
5.492415970516181150e-04	4.633567464231381149e-05
5.585251915136241153e-04	4.727672442228070661e-05
5.679657025795404723e-04	4.823688012305507383e-05
5.775657825432239500e-04	4.921652941359663173e-05
5.873281285291183634e-04	5.021606782007488189e-05
5.972554832499969713e-04	5.123589888478656404e-05
6.073506357775315233e-04	5.227643432827690164e-05
6.176164223258701069e-04	5.333809421472514967e-05
6.280557270484683893e-04	5.442130712066235666e-05
6.386714828483902292e-04	5.552651030708686706e-05
6.494666722022935214e-04	5.665414989504449344e-05
6.604443279983617009e-04	5.780468104474557970e-05
6.716075343883770371e-04	5.897856813828531542e-05
6.829594276542177208e-04	6.017628496604397460e-05
6.945031970889825731e-04	6.139831491683605451e-05
7.062420858930204982e-04	6.264515117188671595e-05
7.181793920851009278e-04	6.391729690270963021e-05
7.303184694289851413e-04	6.521526547296509473e-05
7.426627283756636558e-04	6.653958064437774742e-05
7.552156370215079703e-04	6.789077678679343272e-05
7.679807220826359018e-04	6.926939909246078344e-05
7.809615698857278474e-04	7.067600379461743765e-05
7.941618273756021005e-04	7.211115839047060817e-05
8.075852031398165869e-04	7.357544186865672175e-05
8.212354684505887787e-04	7.506944494127055015e-05
8.351164583243314002e-04	7.659377028055486573e-05
8.492320725990840828e-04	7.814903276034132831e-05
8.635862770301777234e-04	7.973585970234092714e-05
8.781831044043956558e-04	8.135489112737548443e-05
8.930266556729828109e-04	8.300678001165242030e-05
9.081211011037989590e-04	8.469219254818064163e-05
9.234706814529467173e-04	8.641180841343032394e-05
9.390797091562086895e-04	8.816632103934087276e-05
9.549525695406079406e-04	8.995643789078136489e-05
9.710937220564705170e-04	9.178288074857533199e-05
9.875077015302894702e-04	9.364638599819512200e-05
1.004199119438780371e-03	9.554770492424229512e-05
1.021172665204465608e-03	9.748760401082647270e-05
1.038433107513160114e-03	9.946686524795978694e-05
1.055985295653722377e-03	1.014862864440859499e-04
1.073834160880457900e-03	1.035466815448656702e-04
1.091984717798539194e-03	1.056488809583403231e-04
1.110442065772854507e-03	1.077937318866023920e-04
1.129211390360662605e-03	1.099820986640989094e-04
1.148297964768467102e-03	1.122148631027000622e-04
1.167707151333511727e-03	1.144929248436653155e-04
1.187444403030319794e-03	1.168172017166441238e-04
1.207515265002700490e-03	1.191886301058492500e-04
1.227925376121640280e-03	1.216081653235428112e-04
1.248680470569537605e-03	1.240767819909812828e-04
1.269786379451208914e-03	1.265954744269640129e-04
1.291249032432127903e-03	1.291652570441356924e-04
1.313074459404352896e-03	1.317871647531949637e-04
1.335268792180613557e-03	1.344622533751638010e-04
1.357838266217031810e-03	1.371916000618767287e-04
1.380789222364966172e-03	1.399763037248507604e-04
1.404128108652453718e-03	1.428174854726987420e-04
1.427861482095777682e-03	1.457162890572562112e-04
1.451996010541646868e-03	1.486738813285898514e-04
1.476538474540514635e-03	1.516914526990625033e-04
1.501495769251562883e-03	1.547702176166310790e-04
1.526874906379880551e-03	1.579114150475577642e-04
1.552683016146397385e-03	1.611163089687194720e-04
1.578927349291094897e-03	1.643861888696995918e-04
1.605615279110095620e-03	1.677223702648565401e-04
1.632754303527175332e-03	1.711261952155607180e-04
1.660352047200289172e-03	1.745990328627984199e-04
1.688416263663707062e-03	1.781422799703448706e-04
1.716954837506350865e-03	1.817573614787104371e-04
1.745975786586963620e-03	1.854457310700712990e-04
1.775487264286699802e-03	1.892088717443941815e-04
1.805497561799810540e-03	1.930482964069758398e-04
1.836015110463037458e-03	1.969655484676166015e-04
1.867048484124379315e-03	2.009622024516517747e-04
1.898606401551900620e-03	2.050398646230732109e-04
1.930697728883249645e-03	2.092001736199709284e-04
1.963331482116591892e-03	2.134448011025371966e-04
1.996516829643624896e-03	2.177754524138685152e-04
2.030263094825430960e-03	2.221938672538194097e-04
2.064579758611852570e-03	2.267018203661538573e-04
2.099476462205150749e-03	2.313011222392527912e-04
2.134963009768679927e-03	2.359936198206354790e-04
2.171049371181348660e-03	2.407811972455633858e-04
2.207745684838647703e-03	2.456657765799932910e-04
2.245062260500998302e-03	2.506493185781544491e-04
2.283009582190270292e-03	2.557338234550319851e-04
2.321598311135244109e-03	2.609213316740389868e-04
2.360839288766866315e-03	2.662139247501681583e-04
2.400743539764126078e-03	2.716137260689176387e-04
2.441322275151419988e-03	2.771229017212908236e-04
2.482586895448264750e-03	2.827436613551772334e-04
2.524548993872262424e-03	2.884782590434253804e-04
2.567220359596177753e-03	2.943289941689211826e-04
2.610612981060093842e-03	3.002982123269990313e-04
2.654739049339540410e-03	3.063883062455102281e-04
2.699610961570552640e-03	3.126017167228828907e-04
2.745241324432623389e-03	3.189409335845133316e-04
2.791642957690524101e-03	3.254084966578346628e-04
2.838828897796003177e-03	3.320069967664139609e-04
2.886812401550338004e-03	3.387390767434336671e-04
2.935606949828818354e-03	3.456074324649253612e-04
2.985226251368169013e-03	3.526148139031205818e-04
3.035684246617996723e-03	3.597640262003015243e-04
3.086995111657330013e-03	3.670579307635273470e-04
3.139173262177360861e-03	3.744994463806311687e-04
3.192233357531519197e-03	3.820915503578839792e-04
3.246190304853968818e-03	3.898372796797204380e-04
3.301059263247754609e-03	3.977397321909486401e-04
3.356855648043719550e-03	4.058020678018501551e-04
3.413595135131412741e-03	4.140275098835660044e-04
3.471293665363201029e-03	4.224193458752105207e-04
3.529967449032819348e-03	4.309809294964580704e-04
3.589632970429635240e-03	4.397156814436810248e-04
3.650306992469857896e-03	4.486270908627475011e-04
3.712006561406061729e-03	4.577187167006372846e-04
3.774749011616297320e-03	4.669941890830666765e-04
3.838551970474150202e-03	4.764572107185988288e-04
3.903433363301120080e-03	4.861115583297244218e-04
3.969411418402700453e-03	4.959610841113991104e-04
4.036504672189604979e-03	5.060097172175424905e-04
4.104731974385511864e-03	5.162614652759955295e-04
4.174112493322873658e-03	5.267204159324605098e-04
4.244665721328222743e-03	5.373907384239400530e-04
4.316411480198500787e-03	5.482766851822077313e-04
4.389369926769958255e-03	5.593825934678484102e-04
4.463561558581177410e-03	5.707128870354163854e-04
4.539007219631814756e-03	5.822720778302665351e-04
4.615728106238700494e-03	5.940647677176258499e-04
4.693745772990876204e-03	6.060956502444679334e-04
4.773082138805334954e-03	6.183695124347871096e-04
4.853759493085097083e-03	6.308912366188515345e-04
4.935800501981372872e-03	6.436658022970358521e-04
5.019228214761578891e-03	6.566982880388445593e-04
5.104066070284974874e-03	6.699938734177383285e-04
5.190337903587798063e-03	6.835578409823990639e-04
5.278067952579629761e-03	6.973955782650480013e-04
5.367280864853020243e-03	7.115125798274864535e-04
5.458001704608171807e-03	7.259144493454915094e-04
5.550255959694683563e-03	7.406069017322409499e-04
5.644069548772311269e-03	7.555957653014323252e-04
5.739468828592763153e-03	7.708869839707793454e-04
5.836480601404602127e-03	7.864866195065785010e-04
5.935132122483251921e-03	8.024008538100350311e-04
6.035451107788337120e-03	8.186359912460705341e-04
6.137465741750428375e-03	8.351984610153208571e-04
6.241204685189401941e-03	8.520948195700540385e-04
6.346697083366644419e-03	8.693317530747445877e-04
6.453972574173352621e-03	8.869160799120515484e-04
6.563061296457267831e-03	9.048547532349590725e-04
6.673993898490092683e-03	9.231548635658299879e-04
6.786801546578089504e-03	9.418236416259302820e-04
6.901515933818189001e-03	9.608684603239735222e-04
7.018169289002107285e-03	9.802968385271466651e-04
7.136794385670962304e-03	1.000116443192044591e-03
7.257424551322942327e-03	1.020335092371254344e-03
7.380093676776592997e-03	1.040960758110540769e-03
7.504836225692410046e-03	1.062001569398578985e-03
7.631687244255296390e-03	1.083465815170044783e-03
7.760682371020751966e-03	1.105361947362948957e-03
7.891857846927448697e-03	1.127698584031035667e-03
8.025250525479058969e-03	1.150484512512136475e-03
8.160897883098169533e-03	1.173728692653335263e-03
8.298838029655216872e-03	1.197440260093835711e-03
8.439109719175405186e-03	1.221628529606424898e-03
8.581752360726531761e-03	1.246302998498411254e-03
8.726806029490927208e-03	1.271473350072973825e-03
8.874311478024487360e-03	1.297149457151809291e-03
9.024310147706032098e-03	1.323341385660016089e-03
9.176844180380181251e-03	1.350059398274135267e-03
9.331956430197019259e-03	1.377313958134285688e-03
9.489690475651922641e-03	1.405115732621347018e-03
9.650090631828802876e-03	1.433475597200115775e-03
9.813201962850383320e-03	1.462404639329416929e-03
9.979070294538865127e-03	1.491914162440120383e-03
1.014774222729061814e-02	1.522015689982025985e-03
1.031926514916845991e-02	1.552720969540597601e-03
1.049368724921524200e-02	1.584041977024518806e-03
1.067105753099251327e-02	1.615990920925063730e-03
1.085142582634790812e-02	1.648580246648238910e-03
1.103484280941536416e-02	1.681822640920730902e-03
1.122136001085190064e-02	1.715731036270613753e-03
1.141102983231507065e-02	1.750318615583833746e-03
1.160390556118510476e-02	1.785598816737464121e-03
1.180004138553588516e-02	1.821585337310719852e-03
1.199949240935904021e-02	1.858292139374762703e-03
1.220231466804522213e-02	1.895733454362245884e-03
1.240856514412720830e-02	1.933923788017660392e-03
1.261830178328901021e-02	1.972877925429436258e-03
1.283158351064561664e-02	2.012610936144822865e-03
1.304847024729788307e-02	2.053138179368529936e-03
1.326902292716726148e-02	2.094475305891608640e-03
1.349330351411505598e-02	2.136638280420190272e-03
1.372137501935110325e-02	2.179643352762935388e-03
1.395330151913657356e-02	2.223507097970717477e-03
1.418914817278613301e-02	2.268246404516694251e-03
1.442898124097431733e-02	2.313878483537803229e-03
1.467286810435134044e-02	2.360420874647304029e-03
1.492087728247356443e-02	2.407891451838888898e-03
1.517307845305392207e-02	2.456308429483270491e-03
1.542954247153780281e-02	2.505690368418207921e-03
1.569034139100966910e-02	2.556056182132828477e-03
1.595554848243628532e-02	2.607425143047190433e-03
1.622523825525205854e-02	2.659816888887953437e-03
1.649948647829230924e-02	2.713251429161009105e-03
1.677837020108039270e-02	2.767749151721929195e-03
1.706196777547459506e-02	2.823330829445051034e-03
1.735035887768101442e-02	2.880017626992029817e-03
1.764362453063833894e-02	2.937831107680576818e-03
1.794184712678114843e-02	2.996793240454223572e-03
1.824511045118791530e-02	3.056926406953782045e-03
1.855349970512023758e-02	3.118253408691218972e-03
1.886710152996000367e-02	3.180797474326637394e-03
1.918600403155108769e-02	3.244582267048970372e-03
1.951029680495259405e-02	3.309631892061036963e-03
1.984007095961033348e-02	3.375970904169476976e-03
2.017541914495388916e-02	3.443624315480154317e-03
2.051643557642630553e-02	3.512617603199486016e-03
2.086321606195374462e-02	3.582976717542157505e-03
2.121585802886252412e-02	3.654728089745625744e-03
2.157446055125112477e-02	3.727898640191769711e-03
2.193912437782497352e-02	3.802515786636024350e-03
2.230995196020145455e-02	3.878607452544167566e-03
2.268704748169360005e-02	3.956202075537084209e-03
2.307051688658016617e-02	4.035328615943541315e-03
2.346046790987047978e-02	4.116016565461127694e-03
2.385701010757239338e-02	4.198295955925321864e-03
2.426025488747183059e-02	4.282197368186686608e-03
2.467031554043257191e-02	4.367751941096028809e-03
2.508730727222522119e-02	4.454991380597390568e-03
2.551134723589388795e-02	4.543947968928497769e-03
2.594255456467021298e-02	4.634654573928448373e-03
2.638105040544361582e-02	4.727144658452102702e-03
2.682695795279727360e-02	4.821452290075722499e-03
2.728040248361941061e-02	4.917612150007451798e-03
2.774151139229957819e-02	5.015659543858587942e-03
2.821041422651998296e-02	5.115630410806086548e-03
2.868724272365149111e-02	5.217561333694316870e-03
2.917213084776511603e-02	5.321489549075688122e-03
2.966521482726893269e-02	5.427452957352280928e-03
3.016663319318120540e-02	5.535490133017283501e-03
3.067652681805041123e-02	5.645640334994877704e-03
3.119503895553308453e-02	5.757943517077053659e-03
3.172231528064078931e-02	5.872440338455800317e-03
3.225850393066707206e-02	5.989172174348793287e-03
3.280375554680643041e-02	6.108181126716835663e-03
3.335822331647670530e-02	6.229510035070919861e-03
3.392206301635675159e-02	6.353202487366729073e-03
3.449543305615163091e-02	6.479302830984273731e-03
3.507849452309746291e-02	6.607856183790096483e-03
3.567141122721874391e-02	6.738908445279485210e-03
3.627434974735024853e-02	6.872506307795667874e-03
3.688747947793717674e-02	7.008697267823165919e-03
3.751097267662616142e-02	7.147529637351967766e-03
3.814500451266075037e-02	7.289052555309184778e-03
3.878975311609485915e-02	7.433315999054556332e-03
3.944539962783806530e-02	7.580370795936076933e-03
4.011212825054691344e-02	7.730268634901676580e-03
4.079012630037611581e-02	7.883062078162734673e-03
4.147958425960481671e-02	8.038804572905077633e-03
4.218069583015218033e-02	8.197550463042675012e-03
4.289365798799760210e-02	8.359355001009226294e-03
4.361867103852071215e-02	8.524274359582431626e-03
4.435593867277683178e-02	8.692365643735596586e-03
4.510566802472350950e-02	8.863686902510879359e-03
4.586806972941463723e-02	9.038297140908370733e-03
4.664335798217766893e-02	9.216256331784624875e-03
4.743175059879158745e-02	9.397625427754444441e-03
4.823346907668181471e-02	9.582466373088989811e-03
4.904873865714945436e-02	9.770842115603233652e-03
4.987778838865244979e-02	9.962816618525474968e-03
5.072085119115625484e-02	1.015845487234121221e-02
5.157816392157245355e-02	1.035782290660351539e-02
5.244996744030298863e-02	1.056098780170148556e-02
5.333650667890960095e-02	1.076801770075845599e-02
5.423803070892688205e-02	1.097898182059406716e-02
5.515479281183843091e-02	1.119395046432684893e-02
5.608705055023580077e-02	1.141299503223126496e-02
5.703506584018021297e-02	1.163618803332043886e-02
5.799910502478755614e-02	1.186360309667135182e-02
5.897943894905668949e-02	1.209531498264066092e-02
5.997634303596301869e-02	1.233139959396030438e-02
6.099009736383805003e-02	1.257193398670124369e-02
6.202098674505685666e-02	1.281699638109356533e-02
6.306930080605555045e-02	1.306666617219059967e-02
6.413533406870128295e-02	1.332102394036456874e-02
6.521938603303781279e-02	1.358015146127142074e-02
6.632176126142910744e-02	1.384413171694523492e-02
6.744276946412586238e-02	1.411304890472296278e-02
6.858272558627788451e-02	1.438698844737854206e-02
6.974194989641739617e-02	1.466603700342748381e-02
7.092076807643786507e-02	1.495028247270127619e-02
7.211951131309368712e-02	1.523981401155205355e-02
7.333851639104646547e-02	1.553472203398358932e-02
7.457812578748428123e-02	1.583509822811145218e-02
7.583868776833958825e-02	1.614103555545193247e-02
7.712055648613416747e-02	1.645262826795091532e-02
7.842409207947753647e-02	1.676997190673517463e-02
7.974966077424722188e-02	1.709316331276758069e-02
8.109763498647923341e-02	1.742230063750209446e-02
8.246839342699753550e-02	1.775748333947134439e-02
8.386232120781254851e-02	1.809881220139757108e-02
8.527980995031705924e-02	1.844638932512036172e-02
8.672125789531190398e-02	1.880031814088242020e-02
8.818707001489085873e-02	1.916070341640437047e-02
8.967765812621682209e-02	1.952765125119117900e-02
9.119344100722104329e-02	1.990126908456287327e-02
9.273484451425793862e-02	2.028166570329505147e-02
9.430230170174896953e-02	2.066895123386010627e-02
9.589625294384790388e-02	2.106323714894302659e-02
9.751714605816352854e-02	2.146463627335205501e-02
9.916543643157306465e-02	2.187326277415588965e-02
1.008415871481621734e-01	2.228923216539409682e-02
1.025460691193275653e-01	2.271266131191811838e-02
1.042793612160791694e-01	2.314366841743453404e-02
1.060419504035768068e-01	2.358237302781522257e-02
1.078343318779438342e-01	2.402889602963725543e-02
1.096570092053898021e-01	2.448335964033846249e-02
1.115104944636879369e-01	2.494588740561383758e-02
1.133953083860418237e-01	2.541660419853484024e-02
1.153119805073836990e-01	2.589563620371468713e-02
1.172610493131479026e-01	2.638311091442433268e-02
1.192430623905555293e-01	2.687915712772693741e-02
1.212585765824598510e-01	2.738390492580044036e-02
1.233081581437884267e-01	2.789748567520087055e-02
1.253923829006330093e-01	2.842003200632180551e-02
1.275118364120260972e-01	2.895167780812176600e-02
1.296671141344518663e-01	2.949255820991581942e-02
1.318588215891403626e-01	3.004280956709164813e-02
1.340875745321854495e-01	3.060256944766167816e-02
1.363539991275424801e-01	3.117197661328157191e-02
1.386587321229457159e-01	3.175117099809827981e-02
1.410024210288032542e-01	3.234029369505319468e-02
1.433857243001131487e-01	3.293948693283412638e-02
1.458093115214542101e-01	3.354889404826516541e-02
1.482738635951064698e-01	3.416865947403906895e-02
1.507800729323471867e-01	3.479892870073519190e-02
1.533286436479847636e-01	3.543984826488187634e-02
1.559202917581761494e-01	3.609156570845516165e-02
1.585557453815923112e-01	3.675422955556562760e-02
1.612357449439809631e-01	3.742798928831001654e-02
1.639610433861866667e-01	3.811299530266005348e-02
1.667324063756906449e-01	3.880939888125679860e-02
1.695506125217208226e-01	3.951735216519163679e-02
1.724164535940033438e-01	4.023700810211146284e-02
1.753307347452060516e-01	4.096852042665211774e-02
1.782942747371474568e-01	4.171204360428679841e-02
1.813079061708234574e-01	4.246773279741022922e-02
1.843724757203275000e-01	4.323574383006110328e-02
1.874888443707211083e-01	4.401623312852376985e-02
1.906578876599247796e-01	4.480935765445229896e-02
1.938804959247014126e-01	4.561527497174049095e-02
1.971575745507916644e-01	4.643414303283886074e-02
2.004900442272835592e-01	4.726612022551168052e-02
2.038788412052750798e-01	4.811136530006978468e-02
2.073249175609150063e-01	4.897003732203279724e-02
2.108292414628857858e-01	4.984229560164393086e-02
2.143927974444073958e-01	5.072829964064172470e-02
2.180165866798430274e-01	5.162820908331786085e-02
2.217016272659736997e-01	5.254218363795511854e-02
2.254489545080342605e-01	5.347038302150866618e-02
2.292596212105766917e-01	5.441296690079321791e-02
2.331346979732569213e-01	5.537009481023326407e-02
2.370752734916163618e-01	5.634192610011719282e-02
2.410824548629473540e-01	5.732861985175100039e-02
2.451573678973335835e-01	5.833033481175652069e-02
2.493011574339402958e-01	5.934722932261227851e-02
2.535149876626587306e-01	6.037946123582847713e-02
2.578000424511790456e-01	6.142718784509362817e-02
2.621575256775992568e-01	6.249056580159032676e-02
2.665886615686511307e-01	6.356975103365485047e-02
2.710946950436425307e-01	6.466489866249294782e-02
2.756768920642191367e-01	6.577616293326221664e-02
2.803365399900296095e-01	6.690369710004746839e-02
2.850749479404112718e-01	6.804765336321599856e-02
2.898934471621800180e-01	6.920818277416893038e-02
2.947933914036459657e-01	7.038543514478227958e-02
2.997761572949446118e-01	7.157955895052127426e-02
3.048431447347966228e-01	7.279070124141354126e-02
3.099957772838110026e-01	7.401900755410502353e-02
3.152355025644269504e-01	7.526462180073735520e-02
3.205637926676255800e-01	7.652768619013516904e-02
3.259821445665060935e-01	7.780834111281315080e-02
3.314920805368620771e-01	7.910672504872517941e-02
3.370951485848599494e-01	8.042297447453447545e-02
3.427929228819465157e-01	8.175722374650293278e-02
3.485870042071142483e-01	8.310960500572082965e-02
3.544790203966314834e-01	8.448024808292117771e-02
3.604706268013856407e-01	8.586928037781926815e-02
3.665635067519453227e-01	8.727682676240193504e-02
3.727593720314937853e-01	8.870300948384592099e-02
3.790599633567491855e-01	9.014794801154699111e-02
3.854670508670132723e-01	9.161175905402883790e-02
3.919824346214941246e-01	9.309455629328236559e-02
3.986079451050231759e-01	9.459645036828942533e-02
4.053454437423328338e-01	9.611754875000341758e-02
4.121968234210137139e-01	9.765795564229144687e-02
4.191640090233237359e-01	9.921777185677675692e-02
4.262489579669776485e-01	1.007970947150275409e-01
4.334536607550772414e-01	1.023960179464857984e-01
4.407801415353455599e-01	1.040146315687920792e-01
4.482304586688004022e-01	1.056530217872037603e-01
4.558067053080540054e-01	1.073112708967312728e-01
4.635110099853732013e-01	1.089894571610062340e-01
4.713455372106929997e-01	1.106876547159472007e-01
4.793124880797287601e-01	1.124059334724965137e-01
4.874141008923670304e-01	1.141443589981344375e-01
4.956526517815184607e-01	1.159029924323261435e-01
5.040304553525852826e-01	1.176818903706903507e-01
5.125498653337533517e-01	1.194811047788286867e-01
5.212132752372591327e-01	1.213006828867042586e-01
5.300231190318516195e-01	1.231406670964462491e-01
5.389818718266018438e-01	1.250010948836697555e-01
5.480920505662881803e-01	1.268819987180446751e-01
5.573562147385243692e-01	1.287834059576218604e-01
5.667769670928383130e-01	1.307053387648982878e-01
5.763569543719186949e-01	1.326478140301742270e-01
5.860988680552025043e-01	1.346108432740872884e-01
5.960054451150506027e-01	1.365944325819736516e-01
6.060794687856858598e-01	1.385985825092547197e-01
6.163237693451454335e-01	1.406232880234846161e-01
6.267412249104387101e-01	1.426685384130787770e-01
6.373347622461452699e-01	1.447343172375117892e-01
6.481073575866924674e-01	1.468206022427394064e-01
6.590620374725127961e-01	1.489273653057194280e-01
6.702018796003550438e-01	1.510545723829563869e-01
6.815300136879469672e-01	1.532021834371644353e-01
6.930496223532930378e-01	1.553701523927292494e-01
7.047639420088206430e-01	1.575584270953475086e-01
7.166762637706404204e-01	1.597669492486715748e-01
7.287899343831883980e-01	1.619956543815574135e-01
7.411083571594764274e-01	1.642444718195630038e-01
7.536349929372584411e-01	1.665133246326667704e-01
7.663733610513340233e-01	1.688021296150096773e-01
7.793270403223097054e-01	1.711107972688697410e-01
7.924996700620573487e-01	1.734392317645127579e-01
8.058949510961670448e-01	1.757873309329893163e-01
8.195166468036988450e-01	1.781549862630107672e-01
8.333685841744831180e-01	1.805420828739806305e-01
8.474546548843202576e-01	1.829484995229555544e-01
8.617788163883257635e-01	1.853741086117863257e-01
8.763450930327818522e-01	1.878187761785205245e-01
8.911575771857650485e-01	1.902823619145326828e-01
9.062204303868837130e-01	1.927647191882469746e-01
9.215378845164673427e-01	1.952656950476943654e-01
9.371142429844909749e-01	1.977851302537844136e-01
9.529538819396250471e-01	2.003228593163327576e-01
9.690612514986907122e-01	2.028787105106773792e-01
9.854408769969253967e-01	2.054525059345604365e-01
1.002097360259361913e+00	2.080440615344444633e-01
1.019035380893695386e+00	2.106531871671563916e-01
1.036259697605026009e+00	2.132796866440187789e-01
1.053775149532790278e+00	2.159233577892584466e-01
1.071586657610325677e+00	2.185839925021810515e-01
1.089699225947380778e+00	2.212613768322439778e-01
1.108117943236025305e+00	2.239552910299330291e-01
1.126847984180302076e+00	2.266655096400274905e-01
1.145894610950043413e+00	2.293918015757789308e-01
1.165263174659284751e+00	2.321339301957293932e-01
1.184959116869630069e+00	2.348916534063151818e-01
1.204987971119068746e+00	2.376647237371354304e-01
1.225355364476592435e+00	2.404528884557544655e-01
1.246067019123127118e+00	2.432558896513814795e-01
1.267128753959161580e+00	2.460734643465181115e-01
1.288546486239548816e+00	2.489053446132108993e-01
1.310326233235965754e+00	2.517512576690958959e-01
1.332474113927433867e+00	2.546109260008337372e-01
1.354996350719455345e+00	2.574840674916887284e-01
1.377899271192165376e+00	2.603703955238381162e-01
1.401189309878072775e+00	2.632696191277658082e-01
1.424873010069821255e+00	2.661814430894985928e-01
1.448957025658507369e+00	2.691055680916629722e-01
1.473448123003098242e+00	2.720416908577376613e-01
1.498353182831403840e+00	2.749895042699387337e-01
1.523679202173229497e+00	2.779486975221006073e-01
1.549433296326152343e+00	2.809189562555274300e-01
1.575622700854574010e+00	2.838999627162173134e-01
1.602254773622528550e+00	2.868913958823495203e-01
1.629336996860851317e+00	2.898929316226928066e-01
1.656876979269319872e+00	2.929042428564973544e-01
1.684882458154278284e+00	2.959249996871504695e-01
1.713361301602444930e+00	2.989548695629632435e-01
1.742321510691409836e+00	3.019935174451373050e-01
1.771771221737550084e+00	3.050406059428380501e-01
1.801718708581883988e+00	3.080957954807079791e-01
1.832172384914617203e+00	3.111587444652230694e-01
1.863140806638941216e+00	3.142291094237247839e-01
1.894632674274788098e+00	3.173065451857711161e-01
1.926656835403250945e+00	3.203907050243461896e-01
1.959222287152264430e+00	3.234812408243493698e-01
1.992338178724363251e+00	3.265778032485824323e-01
2.026013813967100230e+00	3.296800418834375801e-01
2.060258653986974053e+00	3.327876054124457306e-01
2.095082319807497040e+00	3.359001417686494073e-01
2.130494595072189856e+00	3.390172982912629807e-01
2.166505428793310539e+00	3.421387218995530222e-01
2.203124938146971523e+00	3.452640592190994173e-01
2.240363411315581477e+00	3.483929567809678218e-01
2.278231310378250996e+00	3.515250611367173872e-01
2.316739274250128933e+00	3.546600190409718856e-01
2.355898121671370138e+00	3.577974775860203183e-01
2.395718854246625451e+00	3.609370843699987730e-01
2.436212659535957670e+00	3.640784876290132921e-01
2.477390914197924676e+00	3.672213364045245343e-01
2.519265187185870225e+00	3.703652806694460731e-01
2.561847242998160024e+00	3.735099714942456406e-01
2.605149044983431139e+00	3.766550611697123130e-01
2.649182758701655427e+00	3.798002033557608681e-01
2.693960755342017954e+00	3.829450532287532183e-01
2.739495615198612732e+00	3.860892675988616962e-01
2.785800131204812846e+00	3.892325050525071717e-01
2.832887312527463397e+00	3.923744260928709315e-01
2.880770388221738365e+00	3.955146932486219291e-01
2.929462810947857765e+00	3.986529712091336219e-01
2.978978260750571039e+00	4.017889269572994526e-01
3.029330648902521350e+00	4.049222298691917410e-01
3.080534121812634751e+00	4.080525518412743136e-01
3.132603065000477027e+00	4.111795674147160629e-01
3.185552107137887834e+00	4.143029538657622690e-01
3.239396124158830492e+00	4.174223913242375850e-01
3.294150243438799031e+00	4.205375628886235395e-01
3.349829848044809655e+00	4.236481547071478393e-01
3.406450581057223204e+00	4.267538560877239817e-01
3.464028349964686004e+00	4.298543596001251355e-01
3.522579331133254943e+00	4.329493611523821950e-01
3.582119974351172242e+00	4.360385600872785372e-01
3.642667007450346439e+00	4.391216592775066818e-01
3.704237441006055231e+00	4.421983651893939826e-01
3.766848573116013732e+00	4.452683879716647919e-01
3.830517994260218551e+00	4.483314415387861795e-01
3.895263592243014550e+00	4.513872436246805231e-01
3.961103557218577542e+00	4.544355158718856313e-01
4.028056386801467603e+00	4.574759838789619337e-01
4.096140891263432948e+00	4.605083772779888784e-01
4.165376198818180775e+00	4.635324297840646701e-01
4.235781760995385170e+00	4.665478792552554821e-01
4.307377358105535237e+00	4.695544677403858946e-01
4.380183104797232829e+00	4.725519415411780777e-01
4.454219455708298803e+00	4.755400512430196236e-01
4.529507211212534301e+00	4.785185517611895145e-01
4.606067523263474683e+00	4.814872023909184673e-01
4.683921901337057214e+00	4.844457668284405938e-01
4.763092218474635153e+00	4.873940132212744580e-01
4.843600717428146574e+00	4.903317141805790258e-01
4.925470016909234694e+00	4.932586468278792324e-01
5.008723117943856273e+00	4.961745928017394225e-01
5.093383410334457295e+00	4.990793382868709549e-01
5.179474679231212519e+00	5.019726740411976085e-01
5.267021111814501388e+00	5.048543953917759008e-01
5.356047304090164829e+00	5.077243022712925047e-01
5.446578267799784712e+00	5.105821992068682036e-01
5.538639437447652192e+00	5.134278953368056619e-01
5.632256677446509485e+00	5.162612044253176435e-01
5.727456289384188715e+00	5.190819448451690077e-01
5.824265019412900202e+00	5.218899395872694802e-01
5.922710065763608256e+00	5.246850162681719887e-01
6.022819086387228182e+00	5.274670071044866848e-01
6.124620206725158056e+00	5.302357489157082382e-01
6.228142027611035303e+00	5.329910831248116931e-01
6.333413633306047785e+00	5.357328557253312473e-01
6.440464599670190360e+00	5.384609172777853336e-01
6.549325002471445778e+00	5.411751229036615429e-01
6.660025425835619295e+00	5.438753322461810091e-01
6.772596970838784536e+00	5.465614094646997767e-01
6.887071264245168578e+00	5.492332232028860339e-01
7.003480467392588338e+00	5.518906465816363349e-01
7.121857285228077927e+00	5.545335571477963965e-01
7.242234975496383065e+00	5.571618368727101478e-01
7.364647358083541206e+00	5.597753721007709959e-01
7.489128824518638261e+00	5.623740535283192621e-01
7.615714347635920589e+00	5.649577761788696639e-01
7.744439491400456177e+00	5.675264393502299498e-01
7.875340420899716420e+00	5.700799465993880988e-01
8.008453912504041483e+00	5.726182056871511605e-01
8.143817364199005482e+00	5.751411285562928466e-01
8.281468806092183499e+00	5.776486312776956122e-01
8.421446911097760335e+00	5.801406340217257762e-01
8.563791005801492773e+00	5.826170610066691014e-01
8.708541081509549642e+00	5.850778404697597468e-01
8.855737805483945735e+00	5.875229046021958057e-01
9.005422532367880706e+00	5.899521895227722856e-01
9.157637315804374012e+00	5.923656352264832226e-01
9.312424920251002547e+00	5.947631855302737414e-01
9.469828832994659606e+00	5.971447880409386233e-01
9.629893276369060118e+00	5.995103940886371552e-01
9.792663220179065320e+00	6.018599586974950899e-01
9.958184394334800515e+00	6.041934405180855450e-01
1.012650330169933710e+01	6.065108017849216715e-01
1.029766723115371541e+01	6.088120082742789485e-01
1.047172427088250757e+01	6.110970292359427791e-01
1.064872332188427428e+01	6.133658373498767080e-01
1.082871411171002762e+01	6.156184086832044988e-01
1.101174720843425447e+01	6.178547226162051098e-01
1.119787403486185262e+01	6.200747618147753881e-01
1.138714688297520183e+01	6.222785121543152886e-01
1.157961892862566167e+01	6.244659626796073004e-01
1.177534424647303979e+01	6.266371055445204563e-01
1.197437782517795135e+01	6.287919359714260192e-01
1.217677558285059547e+01	6.309304521771732510e-01
1.238259438276100788e+01	6.330526553291246916e-01
1.259189204931461603e+01	6.351585495011656812e-01
1.280472738429782709e+01	6.372481415990272069e-01
1.302116018339845027e+01	6.393214413165219101e-01
1.324125125300498418e+01	6.413784610914670115e-01
1.346506242729025793e+01	6.434192160277660832e-01
1.369265658558342480e+01	6.454437238694809009e-01
1.392409767003596599e+01	6.474520049200189753e-01
1.415945070358605307e+01	6.494440820065593423e-01
1.439878180822651998e+01	6.514199804171699748e-01
1.464215822358192653e+01	6.533797278602895275e-01
1.488964832579915942e+01	6.553233543905830905e-01
1.514132164675782732e+01	6.572508923793916047e-01
1.539724889360486770e+01	6.591623764423696352e-01
1.565750196861980470e+01	6.610578433962663869e-01
1.592215398941546312e+01	6.629373322127601886e-01
1.619127930948012661e+01	6.648008839521932778e-01
1.646495353906724546e+01	6.666485417263378066e-01
1.674325356643772622e+01	6.684803506389895844e-01
1.702625757946180585e+01	6.702963577357464731e-01
1.731404508758553007e+01	6.720966119668922989e-01
1.760669694416904463e+01	6.738811641072400827e-01
1.790429536920192888e+01	6.756500667499917290e-01
1.820692397240297211e+01	6.774033742165227467e-01
1.851466777671009822e+01	6.791411425366069565e-01
1.882761324216724574e+01	6.808634293827204864e-01
1.914584829021545431e+01	6.825702940382716299e-01
1.946946232839389879e+01	6.842617973332993930e-01
1.979854627545908841e+01	6.859380016189545737e-01
2.013319258692800773e+01	6.875989706973780757e-01
2.047349528105359084e+01	6.892447698010960577e-01
2.081954996523887758e+01	6.908754655306990067e-01
2.117145386289756814e+01	6.924911258116239754e-01
2.152930584076909071e+01	6.940918198680494644e-01
2.189320643669466548e+01	6.956776181573504081e-01
2.226325788786357052e+01	6.972485923368043625e-01
2.263956415953613899e+01	6.988048152318795392e-01
2.302223097425292053e+01	7.003463607767439481e-01
2.341136584153708355e+01	7.018733039794651241e-01
2.380707808809889059e+01	7.033857208998050004e-01
2.420947888855114627e+01	7.048836885757988613e-01
2.461868129664312121e+01	7.063672850103001055e-01
2.503480027702318367e+01	7.078365891390027143e-01
2.545795273753748944e+01	7.092916807562066328e-01
2.588825756207539186e+01	7.107326405099617661e-01
2.632583564396948717e+01	7.121595498717065986e-01
2.677080991996021808e+01	7.135724910588442382e-01
2.722330540473507554e+01	7.149715470374594650e-01
2.768344922605082559e+01	7.163568014852932375e-01
2.815137066045024739e+01	7.177283387286469418e-01
2.862720116958168148e+01	7.190862437333789270e-01
2.911107443713334675e+01	7.204306020827278001e-01
2.960312640639132908e+01	7.217614999041696011e-01
3.010349531843243653e+01	7.230790238711772844e-01
3.061232175096317221e+01	7.243832611753717732e-01
3.112974865781429301e+01	7.256742994598740504e-01
3.165592140910392160e+01	7.269522268303061363e-01
3.219098783207849834e+01	7.282171318031773755e-01
3.273509825264502382e+01	7.294691032751261517e-01
3.328840553760464616e+01	7.307082305063845595e-01
3.385106513760008085e+01	7.319346030916776824e-01
3.442323513078967778e+01	7.331483109132795883e-01
3.500507626725861599e+01	7.343494441474163192e-01
3.559675201418191648e+01	7.355380932194924837e-01
3.619842860174963306e+01	7.367143487609546515e-01
3.681027506986945497e+01	7.378783016260961336e-01
3.743246331565791252e+01	7.390300428251244114e-01
3.806516814173434682e+01	7.401696635394976465e-01
3.870856730533186152e+01	7.412972550595908761e-01
3.936284156823732872e+01	7.424129087980053665e-01
4.002817474757663518e+01	7.435167162392126716e-01
4.070475376745718421e+01	7.446087689297347101e-01
4.139276871148439341e+01	7.456891584676662577e-01
4.209241287616510618e+01	7.467579764506216966e-01
4.280388282521361276e+01	7.478153145004755586e-01
4.352737844477648110e+01	7.488612641940353143e-01
4.426310299958944938e+01	7.498959170853733980e-01
4.501126319008503884e+01	7.509193646619879425e-01
4.577206921046389709e+01	7.519316983393810050e-01
4.654573480774909910e+01	7.529330094257836725e-01
4.733247734183772337e+01	7.539233891386558639e-01
4.813251784656739574e+01	7.549029285497040886e-01
4.894608109181602629e+01	7.558717185840440056e-01
4.977339564664967497e+01	7.568298500266621431e-01
5.061469394353941453e+01	7.577774134539942974e-01
5.147021234366199849e+01	7.587144992719613290e-01
5.234019120330587782e+01	7.596411976843761016e-01
5.322487494139806330e+01	7.605575986496506680e-01
5.412451210817385316e+01	7.614637919142291933e-01
5.503935545500626603e+01	7.623598669634560343e-01
5.596966200541572789e+01	7.632459130246588286e-01
5.691569312728113772e+01	7.641220190547551860e-01
5.787771460626974118e+01	7.649882737200044414e-01
5.885599672051007758e+01	7.658447653830359192e-01
5.985081431652515249e+01	7.666915821080264593e-01
6.086244688645088985e+01	7.675288116361677071e-01
6.189117864655855783e+01	7.683565413684120271e-01
6.293729861710444595e+01	7.691748583712035847e-01
6.400110070353041181e+01	7.699838493540278606e-01
6.508288377903505761e+01	7.707836006710168109e-01
6.618295176854263673e+01	7.715741982941244359e-01
6.730161373408913050e+01	7.723557278257040526e-01
6.843918396165355489e+01	7.731282744717898892e-01
6.959598204945567090e+01	7.738919230473368938e-01
7.077233299774606223e+01	7.746467579574953799e-01
7.196856730011528214e+01	7.753928631898892032e-01
7.318502103634435230e+01	7.761303223225370918e-01
7.442203596682681166e+01	7.768592184917753052e-01
7.567995962858455528e+01	7.775796344147501982e-01
7.695914543290872700e+01	7.782916523466930636e-01
7.825995276464949768e+01	7.789953541175483887e-01
7.958274708318410262e+01	7.796908210867494748e-01
8.092790002509306646e+01	7.803781341573629016e-01
8.229578950856954123e+01	7.810573737726360655e-01
8.368679983959597735e+01	7.817286199032337235e-01
8.510132181991289713e+01	7.823919520401431127e-01
8.653975285681501362e+01	7.830474491960623951e-01
8.800249707480163863e+01	7.836951899075957906e-01
8.948996542911412178e+01	7.843352522009449102e-01
9.100257582119419908e+01	7.849677136360363461e-01
9.254075321609118987e+01	7.855926512577946497e-01
9.410492976185659586e+01	7.862101416082581951e-01
9.569554491095378523e+01	7.868202607484825473e-01
9.731304554372266580e+01	7.874230842024281252e-01
9.895788609392928947e+01	7.880186870017954481e-01
1.006305286764376348e+02	7.886071436658051992e-01
1.023314432170412118e+02	7.891885281891884985e-01
1.040611075844862796e+02	7.897629140549817794e-01
1.058200077247298054e+02	7.903303742274212507e-01
1.076086377974633734e+02	7.908909811446516169e-01
1.094275003149479204e+02	7.914448067197981107e-01
1.112771062831930067e+02	7.919919223492323246e-01
1.131579753455222743e+02	7.925323988926347152e-01
1.150706359285678531e+02	7.930663066817476015e-01
1.170156253907290136e+02	7.935937155299065404e-01
1.189934901731438543e+02	7.941146947070052420e-01
1.210047859532090087e+02	7.946293129489603313e-01
1.230500778006978635e+02	7.951376384909430994e-01
1.251299403365151335e+02	7.956397389878187010e-01
1.272449578941347568e+02	7.961356815940914267e-01
1.293957246837690604e+02	7.966255329299061216e-01
1.315828449593089147e+02	7.971093590626154857e-01
1.338069331880899426e+02	7.975872255400822119e-01
1.360686142235236389e+02	7.980591973838583320e-01
1.383685234806508220e+02	7.985253390678018759e-01
1.407073071146594430e+02	7.989857145306353825e-01
1.430856222024197280e+02	7.994403871987183496e-01
1.455041369270908831e+02	7.998894199457343701e-01
1.479635307658433305e+02	8.003328751342886349e-01
1.504644946807591168e+02	8.007708145728288374e-01
1.530077313129538652e+02	8.012032995631214183e-01
1.555939551799847322e+02	8.016303908616912999e-01
1.582238928765917478e+02	8.020521487126197613e-01
1.608982832788323662e+02	8.024686328197457863e-01
1.636178777516695106e+02	8.028799023727081208e-01
1.663834403600635596e+02	8.032860160367225610e-01
1.691957480836375396e+02	8.036870319436164589e-01
1.720555910349655733e+02	8.040830077240989082e-01
1.749637726815560939e+02	8.044740004757141572e-01
1.779211100715817793e+02	8.048600667790392071e-01
1.809284340634302453e+02	8.052412627074279072e-01
1.839865895591310334e+02	8.056176438256222871e-01
1.870964357417281576e+02	8.059892651608271397e-01
1.902588463166685528e+02	8.063561812659549854e-01
1.934747097572649466e+02	8.067184461546295093e-01
1.967449295543138987e+02	8.070761133514974262e-01
2.000704244699266781e+02	8.074292358903891742e-01
2.034521287956564777e+02	8.077778662730785708e-01
2.068909926149848104e+02	8.081220565210832651e-01
2.103879820702443340e+02	8.084618581740582455e-01
2.139440796340576298e+02	8.087973222436078968e-01
2.175602843853577042e+02	8.091284992712871604e-01
2.212376122900808468e+02	8.094554393196277120e-01
2.249770964865966505e+02	8.097781919362642133e-01
2.287797875759696069e+02	8.100968062002562586e-01
2.326467539171220835e+02	8.104113307247237108e-01
2.365790819269863619e+02	8.107218136139633380e-01
2.405778763857347258e+02	8.110283025116177269e-01
2.446442607471615247e+02	8.113308446008608010e-01
2.487793774543193308e+02	8.116294865650204304e-01
2.529843882604822340e+02	8.119242746449050196e-01
2.572604745555416912e+02	8.122152546107295201e-01
2.616088376979143391e+02	8.125024717584153899e-01
2.660306993520598553e+02	8.127859709384365194e-01
2.705273018317088258e+02	8.130657965469040294e-01
2.750999084488843778e+02	8.133419925070440870e-01
2.797498038688314637e+02	8.136146023144678052e-01
2.844782944709368735e+02	8.138836690162096765e-01
2.892867087157579817e+02	8.141492351916923553e-01
2.941763975182495869e+02	8.144113430076183047e-01
2.991487346272989498e+02	8.146700341651903488e-01
3.042051170116823755e+02	8.149253499607550522e-01
3.093469652525361084e+02	8.151773312302387220e-01
3.145757239424706313e+02	8.154260183988524258e-01
3.198928620914214775e+02	8.156714514614041844e-01
3.252998735393691732e+02	8.159136699814142357e-01
3.307982773760288637e+02	8.161527131183395900e-01
3.363896183676337728e+02	8.163886195935653456e-01
3.420754673909387975e+02	8.166214277448147207e-01
3.478574218745504822e+02	8.168511754686338389e-01
3.537371062477265582e+02	8.170779002766036525e-01
3.597161723967509488e+02	8.173016392636288652e-01
3.657963001290331135e+02	8.175224291343133887e-01
3.719791976450445077e+02	8.177403061772796633e-01
3.782666020182322768e+02	8.179553063119101575e-01
3.846602796830517832e+02	8.181674650486209233e-01
3.911620269312371079e+02	8.183768175073573570e-01
3.977736704164719868e+02	8.185833984469133018e-01
4.044970676675784489e+02	8.187872422070372469e-01
4.113341076103915839e+02	8.189883827816589745e-01
4.182867110984475403e+02	8.191868537760814695e-01
4.253568314526407903e+02	8.193826884173083247e-01
4.325464550100122665e+02	8.195759195774462436e-01
4.398576016817999061e+02	8.197665797518637332e-01
4.472923255209361173e+02	8.199547010719788753e-01
4.548527152991227354e+02	8.201403153199973151e-01
4.625408950936740666e+02	8.203234539146658788e-01
4.703590248842695019e+02	8.205041479123914572e-01
4.783093011597930513e+02	8.206824280366947777e-01
4.863939575354394265e+02	8.208583246582976667e-01
4.946152653802362238e+02	8.210318677982306745e-01
5.029755344551887219e+02	8.212030871348503513e-01
5.114771135621948588e+02	8.213720120182441686e-01
5.201223912039447441e+02	8.215386714611748742e-01
5.289137962549582426e+02	8.217030941345628836e-01
5.378537986439790757e+02	8.218653083933176173e-01
5.469449100478946093e+02	8.220253422587548986e-01
5.561896845973827794e+02	8.221832234389048200e-01
5.655907195944980685e+02	8.223389793065032372e-01
5.751506562423700188e+02	8.224926369289523587e-01
5.848721803872531382e+02	8.226442230647255105e-01
5.947580232731010028e+02	8.227937641459570628e-01
6.048109623089127354e+02	8.229412863161433833e-01
6.150338218490370537e+02	8.230868153929850051e-01
6.254294739866654709e+02	8.232303769046438457e-01
6.360008393607505468e+02	8.233719960878015387e-01
6.467508879765434813e+02	8.235116978650330877e-01
6.576826400400219654e+02	8.236495068792258900e-01
6.687991668064009900e+02	8.237854474858598008e-01
6.801035914430051434e+02	8.239195437363268093e-01
6.915990899067132887e+02	8.240518194073187530e-01
7.032888918362326649e+02	8.241822980057841308e-01
7.151762814594706015e+02	8.243110027315385668e-01
7.272645985162197348e+02	8.244379565408819222e-01
7.395572391964639110e+02	8.245631820955603430e-01
7.520576570945196409e+02	8.246867017862765659e-01
7.647693641793268853e+02	8.248085377575591348e-01
7.776959317811260917e+02	8.249287118593038315e-01
7.908409915948119533e+02	8.250472456986310821e-01
8.042082367002620913e+02	8.251641606217262614e-01
8.178014225998882694e+02	8.252794777089031975e-01
8.316243682737505196e+02	8.253932177938138048e-01
8.456809572524798568e+02	8.255054014585093691e-01
8.599751387083596228e+02	8.256160490319112144e-01
8.745109285648341029e+02	8.257251805967428249e-01
8.892924106247685359e+02	8.258328159996538576e-01
9.043237377177986218e+02	8.259389748363699102e-01
9.196091328670457870e+02	8.260436764651518660e-01
9.351528904755820122e+02	8.261469400182976930e-01
9.509593775329200298e+02	8.262487843834697143e-01
9.670330348419231541e+02	8.263492282126181365e-01
9.833783782664356750e+02	8.264482899588762033e-01
1.000000000000000000e+03	8.265459878077788813e-01
