# Data associated with arXiv:2208.14002
# 
# Scale-free velocity distribution, f(E), of a nfw1-7rhos4e3 dark matter distribution (see Eq. 2.7 and the surrounding discussion)
# 
# Published: 8/25/22, Jack Runburg and Kenny Kiriu, contact: runburg@hawaii.edu
# 
# 
# -----------------------------------------------------------------
# 
# 	 tilde E 		 | 		 tilde f
# 
# -----------------------------------------------------------------
8.108585280692699737e-02	1.815878817610310912e+08
8.149460876069498927e-02	1.729551103425599933e+08
8.190542501462778902e-02	1.644751337203601897e+08
8.231831195717938254e-02	1.562043627197501659e+08
8.273328002908959811e-02	1.483037508343603611e+08
8.315033972364767323e-02	1.407001016888483465e+08
8.356950158695972131e-02	1.334848988969610184e+08
8.399077621820841277e-02	1.266383982056129724e+08
8.441417426992926798e-02	1.201417859219802469e+08
8.483970644828128793e-02	1.139772462175396532e+08
8.526738351330155619e-02	1.081279098008784354e+08
8.569721627919969775e-02	1.025777625802317560e+08
8.612921561461475695e-02	9.731154991255748272e+07
8.656339244289036616e-02	9.231475986491246521e+07
8.699975774236447246e-02	8.757369467082072794e+07
8.743832254663277959e-02	8.307533549604684114e+07
8.787909794482876014e-02	7.880729883489759266e+07
8.832209508191003755e-02	7.475780955799232423e+07
8.876732515894010522e-02	7.091574347748667002e+07
8.921479943336292628e-02	6.727054018085987866e+07
8.966452921929538022e-02	6.381212022352690995e+07
9.011652588780295903e-02	6.053094359155799448e+07
9.057080086720321888e-02	5.741797946590910852e+07
9.102736564333797908e-02	5.446463013813602179e+07
9.148623175987120881e-02	5.166274773887585849e+07
9.194741081858051612e-02	4.900459867223920673e+07
9.241091447964168426e-02	4.648280773601936549e+07
9.287675446193917328e-02	4.409041359065869451e+07
9.334494254334531338e-02	4.182081979273483902e+07
9.381549056102758688e-02	3.966773283477078378e+07
9.428841041173709192e-02	3.762518025310274214e+07
9.476371405212487276e-02	3.568751988136423379e+07
9.524141349902917608e-02	3.384938966237564385e+07
9.572152082977798682e-02	3.210568588522450998e+07
9.620404818251013235e-02	3.045156839552753419e+07
9.668900775645841716e-02	2.888245059418943524e+07
9.717641181227355818e-02	2.739398599513051286e+07
9.766627267233282672e-02	2.598203985851767659e+07
9.815860272103500705e-02	2.464268352984331921e+07
9.865341440513465676e-02	2.337220115960577503e+07
9.915072023403810608e-02	2.216706624137607962e+07
9.965053278012699078e-02	2.102392441616664454e+07
1.001528646790728755e-01	1.993959257832289115e+07
1.006577286301576779e-01	1.891105510881834850e+07
1.011651373965850725e-01	1.793545466363174841e+07
1.016751038058198719e-01	1.701007182956529409e+07
1.021876407498870792e-01	1.613232468423790112e+07
1.027027611857200401e-01	1.529977184666755982e+07
1.032204781354697093e-01	1.451009315355444886e+07
1.037408046868415201e-01	1.376108520189523511e+07
1.042637539934157115e-01	1.305065997802243382e+07
1.047893392749938007e-01	1.237683421067692898e+07
1.053175738179159132e-01	1.173772722784433514e+07
1.058484709754026892e-01	1.113155570353504829e+07
1.063820441678896139e-01	1.055662590788183920e+07
1.069183068833650802e-01	1.001133244432686828e+07
1.074572726777090065e-01	9.494151779616354033e+06
1.079989551750360766e-01	9.003637022067314014e+06
1.085433680680313040e-01	8.538416107861071825e+06
1.090905251183028751e-01	8.097188377956659533e+06
1.096404401567278725e-01	7.678720417844283395e+06
1.101931270837918780e-01	7.281840555545479991e+06
1.107485998699450774e-01	6.905436762929269113e+06
1.113068725559513000e-01	6.548455131396982819e+06
1.118679592532430267e-01	6.209896431362083182e+06
1.124318741442674324e-01	5.888811906156898476e+06
1.129986314828589494e-01	5.584301052232485265e+06
1.135682455945829228e-01	5.295510544355897233e+06
1.141407308770951562e-01	5.021630770349700935e+06
1.147161018005181804e-01	4.761893127474142238e+06
1.152943729077882812e-01	4.515568855364068411e+06
1.158755588150289367e-01	4.281966853023109958e+06
1.164596742119171358e-01	4.060431305879091378e+06
1.170467338620447412e-01	3.850340117039599922e+06
1.176367526033045424e-01	3.651103405919414014e+06
1.182297453482464428e-01	3.462161274898169562e+06
1.188257270844599450e-01	3.282982816640339792e+06
1.194247128749480052e-01	3.113064510671142954e+06
1.200267178585053413e-01	2.951928544552376959e+06
1.206317572500973517e-01	2.799121921515483409e+06
1.212398463412437677e-01	2.654214921167127322e+06
1.218510005003937274e-01	2.516799776641971432e+06
1.224652351733266503e-01	2.386489700457266066e+06
1.230825658835237452e-01	2.262918123292057309e+06
1.237030082325645403e-01	2.145737271520676091e+06
1.243265779005164468e-01	2.034616981155181536e+06
1.249532906463269449e-01	1.929244355149679352e+06
1.255831623082204473e-01	1.829322662393476348e+06
1.262162088040878205e-01	1.734570358713650377e+06
1.268524461318930874e-01	1.644720369389259489e+06
1.274918903700754391e-01	1.559519419020843459e+06
1.281345576779369944e-01	1.478727400830189697e+06
1.287804642960616863e-01	1.402116493103712797e+06
1.294296265467209384e-01	1.329470592992287129e+06
1.300820608342681817e-01	1.260584816863395739e+06
1.307377836455644593e-01	1.195264815521361306e+06
1.313968115503823808e-01	1.133326255158116808e+06
1.320591612018227334e-01	1.074594349679932697e+06
1.327248493367292614e-01	1.018903283098842367e+06
1.333938927761079418e-01	9.660958204372305190e+05
1.340663084255462600e-01	9.160228873331212671e+05
1.347421132756358719e-01	8.685430315200332552e+05
1.354213244023965423e-01	8.235221264429235598e+05
1.361039589677021933e-01	7.808330143414050108e+05
1.367900342197093944e-01	7.403550538249489618e+05
1.374795674932874079e-01	7.019738407948088134e+05
1.381725762104507316e-01	6.655809034795159241e+05
1.388690778807933068e-01	6.310733559866881697e+05
1.395690901019251695e-01	5.983536325448190328e+05
1.402726305599110435e-01	5.673292080101690954e+05
1.409797170297105440e-01	5.379123351954538375e+05
1.416903673756216564e-01	5.100198114300601883e+05
1.424045995517249363e-01	4.835727239086900372e+05
1.431224316023310406e-01	4.584962411936573335e+05
1.438438816624291461e-01	4.347194086693655117e+05
1.445689679581389220e-01	4.121749324390431284e+05
1.452977088071636114e-01	3.907989986388715333e+05
1.460301226192450563e-01	3.705310928195418674e+05
1.467662278966223866e-01	3.513138343916431768e+05
1.475060432344907080e-01	3.330928065389438998e+05
1.482495873214641768e-01	3.158164064472182072e+05
1.489968789400392957e-01	2.994357055972674862e+05
1.497479369670618177e-01	2.839043038894244237e+05
1.505027803741953718e-01	2.691782017399853794e+05
1.512614282283915312e-01	2.552156782073968498e+05
1.520238996923637675e-01	2.419771665366108355e+05
1.527902140250616825e-01	2.294251524673828972e+05
1.535603905821494031e-01	2.175240654745084466e+05
1.543344488164840878e-01	2.062401704631017637e+05
1.551124082785989844e-01	1.955414804969846737e+05
1.558942886171868769e-01	1.853976660450681811e+05
1.566801095795862520e-01	1.757799663224753458e+05
1.574698910122707962e-01	1.666611100661874225e+05
1.582636528613393934e-01	1.580152410645576310e+05
1.590614151730101733e-01	1.498178398199953372e+05
1.598631980941151165e-01	1.420456536604522844e+05
1.606690218725986552e-01	1.346766376454615965e+05
1.614789068580169407e-01	1.276898901378092851e+05
1.622928735020409963e-01	1.210655906903015857e+05
1.631109423589608698e-01	1.147849445709954889e+05
1.639331340861926167e-01	1.088301307350196585e+05
1.647594694447881702e-01	1.031842530508720811e+05
1.655899692999460993e-01	9.783129082264567842e+04
1.664246546215266409e-01	9.275605123550114513e+04
1.672635464845670661e-01	8.794413196926748788e+04
1.681066660698011528e-01	8.338187573779857485e+04
1.689540346641796587e-01	7.905633242750192585e+04
1.698056736613940132e-01	7.495522315699810861e+04
1.706616045624022859e-01	7.106690679063880816e+04
1.715218489759567089e-01	6.738034469565853942e+04
1.723864286191349182e-01	6.388507049551139789e+04
1.732553653178724729e-01	6.057116124433383811e+04
1.741286810074983149e-01	5.742920733239356196e+04
1.750063977332724507e-01	5.445028752209064987e+04
1.758885376509259635e-01	5.162594368785282859e+04
1.767751230272039675e-01	4.894815547177265398e+04
1.776661762404098954e-01	4.640931875675432093e+04
1.785617197809535595e-01	4.400222394068397989e+04
1.794617762519004900e-01	4.172003499013167311e+04
1.803663683695242714e-01	3.955627064107876504e+04
1.812755189638613762e-01	3.750478586029609141e+04
1.821892509792679971e-01	3.555975417105082306e+04
1.831075874749799881e-01	3.371565141989573749e+04
1.840305516256743046e-01	3.196724006201433804e+04
1.849581667220341619e-01	3.030955406466786735e+04
1.858904561713151382e-01	2.873788517559535467e+04
1.868274434979154408e-01	2.724776939616965683e+04
1.877691523439470045e-01	2.583497424616093122e+04
1.887156064698101432e-01	2.449548692993989971e+04
1.896668297547705329e-01	2.322550284800115332e+04
1.906228461975378596e-01	2.202141478600058326e+04
1.915836799168482429e-01	2.087980273628938085e+04
1.925493551520478241e-01	1.979742407745474338e+04
1.935198962636801301e-01	1.877120450099768641e+04
1.944953277340747688e-01	1.779822927831306879e+04
1.954756741679378462e-01	1.687573490527725153e+04
1.964609602929519305e-01	1.600110127337508493e+04
1.974512109603637489e-01	1.517184430490591149e+04
1.984464511455899249e-01	1.438560878310647604e+04
1.994467059488161109e-01	1.364016180329711278e+04
2.004520005956020590e-01	1.293338630046635808e+04
2.014623604374878030e-01	1.226327509167263997e+04
2.024778109526027825e-01	1.162792518535356066e+04
2.034983777462777421e-01	1.102553237870456724e+04
2.045240865516586848e-01	1.045438611657703950e+04
2.055549632303237118e-01	9.912864629880426946e+03
2.065910337729017499e-01	9.399430320864395981e+03
2.076323242996947205e-01	8.912625410199434555e+03
2.086788610613013184e-01	8.451067797242561937e+03
2.097306704392437882e-01	8.013447150673616306e+03
2.107877789465969209e-01	7.598521124121748471e+03
2.118502132286197159e-01	7.205111866911317520e+03
2.129180000633898173e-01	6.832102704089455074e+03
2.139911663624393390e-01	6.478434907275550358e+03
2.150697391713947415e-01	6.143104702399521557e+03
2.161537456706179305e-01	5.825160442687713839e+03
2.172432131758502971e-01	5.523699887841257805e+03
2.183381691388593671e-01	5.237867622656607637e+03
2.194386411480876709e-01	4.966852640648983652e+03
2.205446569293043335e-01	4.709886051219655201e+03
2.216562443462584964e-01	4.466238873828293436e+03
2.227734314013362915e-01	4.235219972489217980e+03
2.238962462362190931e-01	4.016174090824560153e+03
2.250247171325449880e-01	3.808479991944181165e+03
2.261588725125724120e-01	3.611548690741401970e+03
2.272987409398459502e-01	3.424821774883140733e+03
2.284443511198654686e-01	3.247769826542954888e+03
2.295957319007560227e-01	3.079890910688910935e+03
2.307529122739421512e-01	2.920709148763000940e+03
2.319159213748228920e-01	2.769773363691196209e+03
2.330847884834500172e-01	2.626655803767473117e+03
2.342595430252085997e-01	2.490950922770550278e+03
2.354402145714994676e-01	2.362274226364746482e+03
2.366268328404249888e-01	2.240261179501017068e+03
2.378194276974753552e-01	2.124566169603962408e+03
2.390180291562198078e-01	2.014861521871496507e+03
2.402226673789976397e-01	1.910836575150007320e+03
2.414333726776128619e-01	1.812196791509104060e+03
2.426501755140310912e-01	1.718662924176459228e+03
2.438731065010781573e-01	1.629970214231956788e+03
2.451021964031417644e-01	1.545867651135429242e+03
2.463374761368738730e-01	1.466117249165489284e+03
2.475789767718976908e-01	1.390493375577324514e+03
2.488267295315142735e-01	1.318782107736413991e+03
2.500807657934130401e-01	1.250780624917328396e+03
2.513411170903841474e-01	1.186296632375482432e+03
2.526078151110321968e-01	1.125147813244870349e+03
2.538808917004908294e-01	1.067161314976232006e+03
2.551603788611494505e-01	1.012173252073636604e+03
2.564463087533616625e-01	9.600282439454099404e+02
2.577387136961754588e-01	9.105789723867011389e+02
2.590376261680564229e-01	8.636857622541249384e+02
2.603430788076139812e-01	8.192161882242343154e+02
2.616551044143300420e-01	7.770446889528074053e+02
2.629737359492899107e-01	7.370522254824194306e+02
2.642990065359139273e-01	6.991259270311538785e+02
2.656309494606928223e-01	6.631587887541454620e+02
2.669695981739227952e-01	6.290493417858341445e+02
2.683149862904445904e-01	5.967013904821270671e+02
2.696671475903825721e-01	5.660237261140473493e+02
2.710261160198865205e-01	5.369298705305499197e+02
2.723919256918752030e-01	5.093378309006278073e+02
2.737646108867807238e-01	4.831698663080104552e+02
2.751442060532959810e-01	4.583522668315254691e+02
2.765307458091220694e-01	4.348151455193160473e+02
2.779242649417189570e-01	4.124922383753691406e+02
2.793247984090562186e-01	3.913207174156628980e+02
2.807323813403660995e-01	3.712410126939292354e+02
2.821470490368982453e-01	3.521966408625506233e+02
2.835688369726745428e-01	3.341340477381606888e+02
2.849977807952474018e-01	3.170024544253618615e+02
2.864339163264568722e-01	3.007537148911125655e+02
2.878772795631915904e-01	2.853421771148044286e+02
2.893279066781488940e-01	2.707245559875832441e+02
2.907858340205970449e-01	2.568598086976165860e+02
2.922510981171386746e-01	2.437090194808005208e+02
2.937237356724747839e-01	2.312352885443922617e+02
2.952037835701704638e-01	2.194036286919876204e+02
2.966912788734202278e-01	2.081808636761409161e+02
2.981862588258164526e-01	1.975355368170991710e+02
2.996887608521160984e-01	1.874378203439592596e+02
3.011988225590100932e-01	1.778594313698862948e+02
3.027164817358926618e-01	1.687735516081818048e+02
3.042417763556313215e-01	1.601547513369810360e+02
3.057747445753380422e-01	1.519789176204215551e+02
3.073154247371390757e-01	1.442231858143809973e+02
3.088638553689483923e-01	1.368658747022851117e+02
3.104200751852381757e-01	1.298864254761637369e+02
3.119841230877976046e-01	1.232653433387813635e+02
3.135560381665577490e-01	1.169841421682213394e+02
3.151358597002901774e-01	1.110252925740555838e+02
3.167236271574263573e-01	1.053721720217808269e+02
3.183193801968185466e-01	1.000090178175060771e+02
3.199231586685130080e-01	9.492088274250826885e+01
3.215350026145220030e-01	9.009359263039793575e+01
3.231549522695956189e-01	8.551370622811890598e+01
3.247830480619935956e-01	8.116847743000737125e+01
3.264193306142560980e-01	7.704581893196248643e+01
3.280638407439744886e-01	7.313426850998344264e+01
3.297166194645613224e-01	6.942295622768078545e+01
3.313777079860187880e-01	6.590157402247650964e+01
3.330471477157073701e-01	6.256034644001701395e+01
3.347249802591127366e-01	5.939000311668426235e+01
3.364112474206117920e-01	5.638175257600128987e+01
3.381059912042377325e-01	5.352725747572150539e+01
3.398092538144428798e-01	5.081861105195834938e+01
3.415210776568615159e-01	4.824831481546642920e+01
3.432415053390696635e-01	4.580925743054957877e+01
3.449705796713438688e-01	4.349469464665517648e+01
3.467083436674183727e-01	4.129823031486692742e+01
3.484548405452396191e-01	3.921379839490158759e+01
3.502101137277192078e-01	3.723564579419991816e+01
3.519742068434846272e-01	3.535831624829496889e+01
3.537471637276265457e-01	3.357663487829629645e+01
3.555290284224459918e-01	3.188569374722612793e+01
3.573198451781957052e-01	3.028083792651033335e+01
3.591196584538210446e-01	2.875765247483834841e+01
3.609285129176966200e-01	2.731195005480430638e+01
3.627464534483608172e-01	2.593975902969399527e+01
3.645735251352461015e-01	2.463731248641632732e+01
3.664097732794056039e-01	2.340103752460264275e+01
3.682552433942378189e-01	2.222754526169349631e+01
3.701099812062053074e-01	2.111362133115703799e+01
3.719740326555502352e-01	2.005621685461385439e+01
3.738474438970062486e-01	1.905243987830237273e+01
3.757302613006276437e-01	1.809954728626494713e+01
3.776225314520413323e-01	1.719493709619619182e+01
3.795243011537764444e-01	1.633614117884587458e+01
3.814356174255633114e-01	1.552081832485989210e+01
3.833565275051111221e-01	1.474674771175900112e+01
3.852870788488091947e-01	1.401182268253392849e+01
3.872273191324085984e-01	1.331404484183755699e+01
3.891772962517451862e-01	1.265151848467727191e+01
3.911370583237108733e-01	1.202244527039969135e+01
3.931066536911219100e-01	1.142511923714769928e+01
3.950861308817044670e-01	1.085792200014132369e+01
3.970755387282281501e-01	1.031931824667065101e+01
3.990749262076465631e-01	9.807851462495779771e+00
4.010843425530236650e-01	9.322139844832740607e+00
4.031038372187926155e-01	8.860872482268314698e+00
4.051334598841991874e-01	8.422805656031664867e+00
4.071732604541529188e-01	8.006759435658528545e+00
4.092232890598752615e-01	7.611614335308613200e+00
4.112835960595038198e-01	7.236308237828469103e+00
4.133542320398770897e-01	6.879833421293879425e+00
4.154352478122839698e-01	6.541233763406083312e+00
4.175266944203194774e-01	6.219602082681165101e+00
4.196286231355307872e-01	5.914077625910199032e+00
4.217410854592003600e-01	5.623843667606131191e+00
4.238641331228759079e-01	5.348125253979494786e+00
4.259978180888922550e-01	5.086187049260349369e+00
4.281421925508788195e-01	4.837331298434369486e+00
4.302973089342576052e-01	4.600895897564503123e+00
4.324632198967289787e-01	4.376252556077775857e+00
4.346399783287442919e-01	4.162805069658968016e+00
4.368276373539661805e-01	3.959987651017245369e+00
4.390262503297161500e-01	3.767263387878918124e+00
4.412358708474083957e-01	3.584122751824041941e+00
4.434565527329690782e-01	3.410082190435092198e+00
4.456883500472427206e-01	3.244682795721866686e+00
4.479313170863826188e-01	3.087489038860979917e+00
4.501855083822266512e-01	2.938087574138949165e+00
4.524509787026573804e-01	2.796086093813995976e+00
4.547277830519452224e-01	2.661112256050120806e+00
4.570159766712286742e-01	2.532812658199297129e+00
4.593156150382824987e-01	2.410851866262192278e+00
4.616267538685658867e-01	2.294911495111501498e+00
4.639494491150386035e-01	2.184689334064058741e+00
4.662837569686493211e-01	2.079898520000613704e+00
4.686297338592292361e-01	1.980266750459175551e+00
4.709874364416805625e-01	1.885535539110390957e+00
4.733569216489995624e-01	1.795459508310369490e+00
4.757382466045461666e-01	1.709805720610050761e+00
4.781314686948894832e-01	1.628353031848520649e+00
4.805366455451273722e-01	1.550891525433579554e+00
4.829538350154052861e-01	1.477221873874092095e+00
4.853830952042306190e-01	1.407154856826348333e+00
4.878244844550530535e-01	1.340510819068476689e+00
4.902780613428471268e-01	1.277119186121412620e+00
4.927438846901871505e-01	1.216818000437985159e+00
4.952220135501850251e-01	1.159453484366099518e+00
4.977125072218147595e-01	1.104879617494278765e+00
5.002154252439309223e-01	1.052957747914146758e+00
5.027308273864097288e-01	1.003556213701288558e+00
5.052587736692134568e-01	9.565499854650276745e-01
5.077993243391020206e-01	9.118203320386158994e-01
5.103525398907643451e-01	8.692544962865190739e-01
5.129184810574377584e-01	8.287453954913133192e-01
5.154972088017318876e-01	7.901913276569000333e-01
5.180887843327707243e-01	7.534957022650718983e-01
5.206932690978055556e-01	7.185667788387152255e-01
5.233107247721451305e-01	6.853174203465491887e-01
5.259412132770481252e-01	6.536648321406782758e-01
5.285847967706335249e-01	6.235304534721495262e-01
5.312415376378001319e-01	5.948395745783702226e-01
5.339114985081797604e-01	5.675212534895559546e-01
5.365947422467524097e-01	5.415080971176188251e-01
5.392913319438632502e-01	5.167360814846316819e-01
5.420013309328090001e-01	4.931443811584520498e-01
5.447248027803778259e-01	4.706752073819617244e-01
5.474618112771753031e-01	4.492736544825401968e-01
5.502124204543544783e-01	4.288875541136646374e-01
5.529766945744195583e-01	4.094673369433609600e-01
5.557546981218393078e-01	3.909659013932031413e-01
5.585464958188007811e-01	3.733384890559880986e-01
5.613521526170655029e-01	3.565425665008867817e-01
5.641717336747534839e-01	3.405377130578806644e-01
5.670053044308245305e-01	3.252855143496999335e-01
5.698529304805665108e-01	3.107494612368504328e-01
5.727146776891095525e-01	2.968948538965839323e-01
5.755906121306495482e-01	2.836887107886881809e-01
5.784808001047317960e-01	2.710996822531202555e-01
5.813853081303502757e-01	2.590979685004137223e-01
5.843042029471942067e-01	2.476552417624569846e-01
5.872375515128270829e-01	2.367445724031106979e-01
5.901854209982981825e-01	2.263403587835024489e-01
5.931478787982874534e-01	2.164182606733317804e-01
5.961249925108048631e-01	2.069551360603462398e-01
5.991168299573862432e-01	1.979289811403046884e-01
6.021234591576107853e-01	1.893188733708088822e-01
6.051449483530408902e-01	1.811049173999702833e-01
6.081813659786238224e-01	1.732681937195880706e-01
6.112327806884684245e-01	1.657907099447814836e-01
6.142992613250745082e-01	1.586553545413793287e-01
6.173808769429743881e-01	1.518458528823339038e-01
6.204776967969097834e-01	1.453467255605618569e-01
6.235897903252990426e-01	1.391432487612690727e-01
6.267172271737599942e-01	1.332214166766901853e-01
6.298600771809778065e-01	1.275679057835209518e-01
6.330184103614421298e-01	1.221700409540792953e-01
6.361922969306001985e-01	1.170157632406736981e-01
6.393818072893849846e-01	1.120935993168096223e-01
6.425870120062536772e-01	1.073926324348742495e-01
6.458079818431959884e-01	1.029024748532011840e-01
6.490447877393522580e-01	9.861324164345661170e-02
6.522975007927305224e-01	9.451552582886066367e-02
6.555661922862280333e-01	9.060037475632133630e-02
6.588509336707483177e-01	8.685926766145295186e-02
6.621517965469573275e-01	8.328409436027275903e-02
6.654688526905728763e-01	7.986713500749482997e-02
6.688021740352509958e-01	7.660104086981577021e-02
6.721518326547761824e-01	7.347881606034964430e-02
6.755179007869044350e-01	7.049380018901824085e-02
6.789004508163936080e-01	6.763965188252987759e-02
6.822995552577713063e-01	6.491033312607200068e-02
6.857152867808585794e-01	6.230009438566723456e-02
6.891477181760039539e-01	5.980346047396012388e-02
6.925969223742176606e-01	5.741521712633092245e-02
6.960629724332638713e-01	5.513039823827083075e-02
6.995459415230992350e-01	5.294427374425018235e-02
7.030459029433604456e-01	5.085233809574341707e-02
7.065629300979899829e-01	4.885029931813950760e-02
7.100970965015862557e-01	4.693406860411981213e-02
7.136484757733293494e-01	4.509975043268642236e-02
7.172171416297317137e-01	4.334363317024692713e-02
7.208031678799355912e-01	4.166218014277683901e-02
7.244066284173047432e-01	4.005202115079745107e-02
7.280275972266044837e-01	3.850994440035963168e-02
7.316661483604364191e-01	3.703288883854099350e-02
7.353223559410219101e-01	3.561793686512681328e-02
7.389962941624719228e-01	3.426230740355289822e-02
7.426880372790384266e-01	3.296334931498768467e-02
7.463976595844002970e-01	3.171853513964546789e-02
7.501252354357806906e-01	3.052545513980357145e-02
7.538708392122065449e-01	2.938181164646623891e-02
7.576345453388980689e-01	2.828541367178442553e-02
7.614164282681898932e-01	2.723417179839002222e-02
7.652165624559886803e-01	2.622609331071057426e-02
7.690350223848728684e-01	2.525927756894510642e-02
7.728718825427610684e-01	2.433191161096168870e-02
7.767272173977725069e-01	2.344226596711092986e-02
7.806011014231033496e-01	2.258869067957353094e-02
7.844936090738546808e-01	2.176961151982732823e-02
7.884048147608506696e-01	2.098352638832453113e-02
7.923347928761782510e-01	2.022900188736155916e-02
7.962836177686795081e-01	1.950467006791484215e-02
8.002513637171990712e-01	1.880922532714922324e-02
8.042381049557637551e-01	1.814142146294056221e-02
8.082439156481929787e-01	1.750006886777293394e-02
8.122688698612013924e-01	1.688403186058776845e-02
8.163130415883005364e-01	1.629222614743956743e-02
8.203765047239262032e-01	1.572361640703469343e-02
8.244593330367467887e-01	1.517721398905388236e-02
8.285616001915019346e-01	1.465207472658710229e-02
8.326833797230035472e-01	1.414729685686134768e-02
8.368247450098775797e-01	1.366201903610297919e-02
8.409857692936886231e-01	1.319541845522651143e-02
8.451665256533048565e-01	1.274670904160131631e-02
8.493670869788546574e-01	1.231513975365178953e-02
8.535875259920726599e-01	1.189999295227165202e-02
8.578279152007564079e-01	1.150058285103383940e-02
8.620883269166139673e-01	1.111625404194815057e-02
8.663688332180943252e-01	1.074638009077914097e-02
8.706695059535445314e-01	1.039036220338739047e-02
8.749904167211083328e-01	1.004762794731177411e-02
8.793316368586848730e-01	9.717630042778100177e-03
8.836932374280167535e-01	9.399845208564122992e-03
8.880752891983214603e-01	9.093773058586780700e-03
8.924778626455364128e-01	8.798935058868858489e-03
8.969010279146752973e-01	8.514873527481432725e-03
9.013448548331108867e-01	8.241150684519320604e-03
9.058094128651824617e-01	7.977347745645031046e-03
9.102947711294581135e-01	7.723064061250183715e-03
9.148009983486288244e-01	7.477916294268162171e-03
9.193281628696873264e-01	7.241537635909341825e-03
9.238763326103965889e-01	7.013577060270459636e-03
9.284455750756691605e-01	6.793698612120098457e-03
9.330359573277356988e-01	6.581580731988070920e-03
9.376475459514816979e-01	6.376915606734530166e-03
9.422804070690117273e-01	6.179408555160779276e-03
9.469346063069025154e-01	5.988777442547516677e-03
9.516102087595325054e-01	5.804752117985549111e-03
9.563072790049326199e-01	5.627073884580426066e-03
9.610258810697640541e-01	5.455494987673182791e-03
9.657660783910430036e-01	5.289778131956797240e-03
9.705279338321444182e-01	5.129696018068318972e-03
9.753115096460640565e-01	4.975030901515618310e-03
9.801168674359330701e-01	4.825574172880093930e-03
9.849440681703195422e-01	4.681125954666670759e-03
9.897931721448899323e-01	4.541494720553144147e-03
9.946642389425882635e-01	4.406496929325938450e-03
9.995573274468493308e-01	4.275956677013857329e-03
1.004472495802477994e+00	4.149705362839145074e-03
1.009409801375442894e+00	4.027581373932497509e-03
1.014369300763547921e+00	3.909429781503317644e-03
1.019351049756673566e+00	3.795102052302503325e-03
1.024355103296555658e+00	3.684455772053086501e-03
1.029381515484220078e+00	3.577354382842011168e-03
1.034430339539879729e+00	3.473666931164530718e-03
1.039501627762917213e+00	3.373267827514288535e-03
1.044595431539722785e+00	3.276036617846050329e-03
1.049711801282624535e+00	3.181857763938386249e-03
1.054850786435092225e+00	3.090620433919834611e-03
1.060012435419053656e+00	3.002218302929432047e-03
1.065196795624346882e+00	2.916549361312980020e-03
1.070403913373799698e+00	2.833515732522692669e-03
1.075633833898474112e+00	2.753023498581990639e-03
1.080886601306738637e+00	2.674982532737719184e-03
1.086162258552994864e+00	2.599306339852450014e-03
1.091460847421733771e+00	2.525911904590635079e-03
1.096782408474247905e+00	2.454719544531341197e-03
1.102126981046859910e+00	2.385652771384588842e-03
1.107494603189493665e+00	2.318638156340132716e-03
1.112885311667595856e+00	2.253605202868888026e-03
1.118299141895726656e+00	2.190486224188520781e-03
1.123736127942083884e+00	2.129216226222870479e-03
1.129196302458514101e+00	2.069732794514396890e-03
1.134679696680902961e+00	2.011975988042198887e-03
1.140186340382870034e+00	1.955888235171644556e-03
1.145716261824501370e+00	1.901414235221651327e-03
1.151269487750530285e+00	1.848500864088431115e-03
1.156846043340904240e+00	1.797097084064831589e-03
1.162445952157110884e+00	1.747153855359326975e-03
1.168069236141471512e+00	1.698624054633486244e-03
1.173715915565111123e+00	1.651462393516186459e-03
1.179386008972342248e+00	1.605625342949321783e-03
1.185079533180206646e+00	1.561071059299649639e-03
1.190796503224180736e+00	1.517759313421218051e-03
1.196536932301574430e+00	1.475651423325609725e-03
1.202300831769772316e+00	1.434710188878779219e-03
1.208088211090575292e+00	1.394899829743073303e-03
1.213899077773058055e+00	1.356185924739853905e-03
1.219733437369598494e+00	1.318535354934508453e-03
1.225591293419480809e+00	1.281916248256301499e-03
1.231472647391281816e+00	1.246297926168378912e-03
1.237377498676504928e+00	1.211650852602986356e-03
1.243305844532500037e+00	1.177946585581943857e-03
1.249257680024996153e+00	1.145157730103572380e-03
1.255232998018557922e+00	1.113257892206484783e-03
1.261231789119388269e+00	1.082221636585092980e-03
1.267254041618218086e+00	1.052024444562796009e-03
1.273299741481413561e+00	1.022642674691323032e-03
1.279368872273079161e+00	9.940535235599273507e-04
1.285461415143650310e+00	9.662349895676664762e-04
1.291577348760620358e+00	9.391658380614577393e-04
1.297716649280732604e+00	9.128255669541276637e-04
1.303879290303801008e+00	8.871943740478570361e-04
1.310065242821921050e+00	8.622531270510371167e-04
1.316274475179768144e+00	8.379833331651214030e-04
1.322506953037924760e+00	8.143671103383753494e-04
1.328762639312245808e+00	7.913871609438173594e-04
1.335041494135647211e+00	7.690267447963567695e-04
1.341343474826898863e+00	7.472696549205387574e-04
1.347668535816780588e+00	7.261001934989118030e-04
1.354016628636966590e+00	7.055031489473275732e-04
1.360387701838491115e+00	6.854637750166291945e-04
1.366781700978814573e+00	6.659677692614430133e-04
1.373198568563706923e+00	6.470012539422805280e-04
1.379638243983404511e+00	6.285507571610781568e-04
1.386100663506229846e+00	6.106031950825743706e-04
1.392585760188512323e+00	5.931458547053218176e-04
1.399093463867700171e+00	5.761663783988112261e-04
1.405623701101545775e+00	5.596527482233020021e-04
1.412176395104042248e+00	5.435932713947870532e-04
1.418751465735727857e+00	5.279765673316769593e-04
1.425348829439690768e+00	5.127915535905399084e-04
1.431968399179754714e+00	4.980274346664155527e-04
1.438610084435036018e+00	4.836736898081561275e-04
1.445273791128266261e+00	4.697200622671410101e-04
1.451959421576237919e+00	4.561565492574545561e-04
1.458666874466900687e+00	4.429733919098617027e-04
1.465396044808954024e+00	4.301610663984035163e-04
1.472146823884524780e+00	4.177102752733356035e-04
1.478919099189913267e+00	4.056119396005855452e-04
1.485712754434964644e+00	3.938571910980365989e-04
1.492527669467507367e+00	3.824373651575612093e-04
1.499363720231059682e+00	3.713439944789924808e-04
1.506220778745669175e+00	3.605688024059011307e-04
1.513098713059187972e+00	3.501036974173701031e-04
1.519997387190796134e+00	3.399407674483445672e-04
1.526916661123393970e+00	3.300722749328158191e-04
1.533856390720865548e+00	3.204906519235004698e-04
1.540816427750351991e+00	3.111884956702602647e-04
1.547796619788210704e+00	3.021585643406282814e-04
1.554796810218427305e+00	2.933937730236090740e-04
1.561816838178777367e+00	2.848871904034781387e-04
1.568856538551854030e+00	2.766320346932491588e-04
1.575915741893038957e+00	2.686216709925714845e-04
1.582994274444117888e+00	2.608496076427968199e-04
1.590091958063125421e+00	2.533094938136197256e-04
1.597208610208572299e+00	2.459951165769718091e-04
1.604344043927055319e+00	2.389003982226618836e-04
1.611498067797006550e+00	2.320193938130442161e-04
1.618670485917568902e+00	2.253462891008544420e-04
1.625861097889743423e+00	2.188753979500087689e-04
1.633069698778631507e+00	2.126011605098436226e-04
1.640296079096812409e+00	2.065181406718253070e-04
1.647540024791434909e+00	2.006210247728796865e-04
1.654801317213249856e+00	1.949046190617668311e-04
1.662079733085396471e+00	1.893638481063033218e-04
1.669375044537374952e+00	1.839937530478231531e-04
1.676687019044010185e+00	1.787894894999519100e-04
1.684015419401295288e+00	1.737463262175610883e-04
1.691360003781832821e+00	1.688596430373902801e-04
1.698720525663568237e+00	1.641249293130963140e-04
1.706096733821845124e+00	1.595377824472365470e-04
1.713488372380510771e+00	1.550939057645442604e-04
1.720895180758365228e+00	1.507891072454240443e-04
1.728316893657383613e+00	1.466192978208556100e-04
1.735753241117516943e+00	1.425804895461151597e-04
1.743203948482354271e+00	1.386687942340492097e-04
1.750668736376292278e+00	1.348804216049126936e-04
1.758147320784416712e+00	1.312116777276079219e-04
1.765639412999743918e+00	1.276589634234998082e-04
1.773144719648009016e+00	1.242187726242660476e-04
1.780662942719469566e+00	1.208876906464227794e-04
1.788193779571018105e+00	1.176623926054744837e-04
1.795736922925490697e+00	1.145396418288792786e-04
1.803292060933692431e+00	1.115162880421174550e-04
1.810858877167273118e+00	1.085892659672871616e-04
1.818437050638002983e+00	1.057555933453605760e-04
1.826026255851824764e+00	1.030123696334207367e-04
1.833626162821795802e+00	1.003567740591120001e-04
1.841236437095520539e+00	9.778606409053301285e-05
1.848856739809569660e+00	9.529757383223752456e-05
1.856486727704666828e+00	9.288871222776950076e-05
1.864126053176436759e+00	9.055696158417809213e-05
1.871774364339482855e+00	8.829987574796858464e-05
1.879431305023563814e+00	8.611507860951662626e-05
1.887096514853960461e+00	8.400026242221793023e-05
1.894769629331360505e+00	8.195318617999345267e-05
1.902450279805461220e+00	7.997167395144663584e-05
1.910138093613653831e+00	7.805361341326937715e-05
1.917832694099416146e+00	7.619695405776401146e-05
1.925533700648814239e+00	7.439970582890509257e-05
1.933240728835037503e+00	7.265993740379504608e-05
1.940953390399286604e+00	7.097577472708492454e-05
1.948671293361965651e+00	6.934539943268370023e-05
1.956394042105750408e+00	6.776704734446872174e-05
1.964121237428083422e+00	6.623900698794346826e-05
1.971852476611584803e+00	6.475961811672285287e-05
1.979587353531470528e+00	6.332727022632494420e-05
1.987325458746343143e+00	6.194040118832956653e-05
1.995066379527616451e+00	6.059749571893850950e-05
2.002809699994414494e+00	5.929708413749337775e-05
2.010555001227825933e+00	5.803774087427284692e-05
2.018301861281019072e+00	5.681808322767012090e-05
2.026049855345402051e+00	5.563677000036759224e-05
2.033798555857624812e+00	5.449250023017931330e-05
2.041547532519460972e+00	5.338401192560805948e-05
2.049296352481038141e+00	5.231008083025791825e-05
2.057044580434844061e+00	5.126951930390861095e-05
2.064791778665159505e+00	5.026117498491050525e-05
2.072537507236765997e+00	4.928392985233789110e-05
2.080281324064622961e+00	4.833669896924412337e-05
2.088022784998256220e+00	4.741842948462215469e-05
2.095761444029175191e+00	4.652809960765908826e-05
2.103496853316181969e+00	4.566471752276168747e-05
2.111228563346714715e+00	4.482732049224055781e-05
2.118956123077476494e+00	4.401497390412836591e-05
2.126679080019936219e+00	4.322677035875405785e-05
2.134396980372934127e+00	4.246182879509102738e-05
2.142109369186158130e+00	4.171929373478103047e-05
2.149815790453564190e+00	4.099833439214678780e-05
2.157515787227838988e+00	4.029814398085137010e-05
2.165208901821158882e+00	3.961793899139703088e-05
2.172894675861987590e+00	3.895695851972616713e-05
2.180572650473603602e+00	3.831446366234830863e-05
2.188242366391431659e+00	3.768973679252182122e-05
2.195903364117093304e+00	3.708208113798585140e-05
2.203555184025198788e+00	3.649082019618580142e-05
2.211197366552365651e+00	3.591529724494683419e-05
2.218829452268690883e+00	3.535487485813077103e-05
2.226450982065627304e+00	3.480893456560003440e-05
2.234061497308188482e+00	3.427687640894928038e-05
2.241660539909820393e+00	3.375811862549801947e-05
2.249247652532615049e+00	3.325209724155754517e-05
2.256822378727027623e+00	3.275826591449325191e-05
2.264384263034389111e+00	3.227609556624085491e-05
2.271932851136496900e+00	3.180507422353723318e-05
2.279467690058402773e+00	3.134470671477184388e-05
2.286988328222307132e+00	3.089451453540688867e-05
2.294494315621931513e+00	3.045403568567816072e-05
2.301985204007886754e+00	3.002282448686782170e-05
2.309460546946786152e+00	2.960045141330831534e-05
2.316919900011597644e+00	2.918650299696395680e-05
2.324362820940074847e+00	2.878058168432353042e-05
2.331788869697074329e+00	2.838230568556269871e-05
2.339197608675310125e+00	2.799130893958874159e-05
2.346588602836098048e+00	2.760724082320818894e-05
2.353961419776569919e+00	2.722976623711286203e-05
2.361315629929017224e+00	2.685856524629682337e-05
2.368650806680964838e+00	2.649333308439964649e-05
2.375966526489535546e+00	2.613377994906622399e-05
2.383262368981111212e+00	2.577963078312385910e-05
2.390537917173528371e+00	2.543062516809417134e-05
2.397792757500755378e+00	2.508651697594956430e-05
2.405026479987876442e+00	2.474707429456289142e-05
2.412238678369564404e+00	2.441207900140672740e-05
2.419428950206817142e+00	2.408132661992878120e-05
2.426596896989970276e+00	2.375462598714766314e-05
2.433742124277303187e+00	2.343179887037944470e-05
2.440864241802040091e+00	2.311267964665544074e-05
2.447962863569684622e+00	2.279711498562856818e-05
2.455037607996018334e+00	2.248496334579271801e-05
2.462088097964239441e+00	2.217609467151653255e-05
2.469113961003956081e+00	2.187038988687384642e-05
2.476114829315146260e+00	2.156774051450617205e-05
2.483090339922637391e+00	2.126804813460733007e-05
2.490040134727645516e+00	2.097122395379336581e-05
2.496963860662007484e+00	2.067718833761040534e-05
2.503861169702241707e+00	2.038587024170057912e-05
2.510731719029732467e+00	2.009720683286249029e-05
2.517575171071835705e+00	1.981114289697223342e-05
2.524391193576997150e+00	1.952763031785661945e-05
2.531179459740760862e+00	1.924662772138923341e-05
2.537939648249228686e+00	1.896809978819283742e-05
2.544671443327932714e+00	1.869201696360711060e-05
2.551374534872844713e+00	1.841835483379835616e-05
2.558048618475282865e+00	1.814709377205400950e-05
2.564693395478128579e+00	1.787821845769638784e-05
2.571308573081917626e+00	1.761171737022680449e-05
2.577893864353526077e+00	1.734758253978704694e-05
2.584448988283419180e+00	1.708580899569279638e-05
2.590973669900831666e+00	1.682639448869516658e-05
2.597467640243115827e+00	1.656933911263019538e-05
2.603930636409661492e+00	1.631464494520720154e-05
2.610362401677440936e+00	1.606231579695384682e-05
2.616762685455773951e+00	1.581235687213604010e-05
2.623131243331767948e+00	1.556477449656690841e-05
2.629467837168965261e+00	1.531957589844486537e-05
2.635772235068111868e+00	1.507676902273931055e-05
2.642044211386478381e+00	1.483636216669103248e-05
2.648283546834367730e+00	1.459836403231981829e-05
2.654490028431186310e+00	1.436278332718376139e-05
2.660663449505230815e+00	1.412962879187751188e-05
2.666803609788520824e+00	1.389890890356534434e-05
2.672910315354882105e+00	1.367063189974898361e-05
2.678983378640146462e+00	1.344480560821721442e-05
2.685022618470408240e+00	1.322143734361274680e-05
2.691027860050053455e+00	1.300053384831621799e-05
2.696998934936426728e+00	1.278210126439797876e-05
2.702935681081352293e+00	1.256614497760005408e-05
2.708837942790504272e+00	1.235266967862098762e-05
2.714705570708670912e+00	1.214167926954881829e-05
2.720538421835366538e+00	1.193317682451247457e-05
2.726336359488441996e+00	1.172716457326607280e-05
2.732099253281527140e+00	1.152364395927590742e-05
2.737826979124862170e+00	1.132261547426483145e-05
2.743519419175082685e+00	1.112407878349095358e-05
2.749176461821848605e+00	1.092803269028121665e-05
2.754798001681241892e+00	1.073447511461001580e-05
2.760383939513180174e+00	1.054340307779240501e-05
2.765934182221139626e+00	1.035481278746969275e-05
2.771448642847170074e+00	1.016869957050719027e-05
2.776927240459756252e+00	9.985057929651869438e-06
2.782369900155949427e+00	9.803881513719467689e-06
2.787776553063150420e+00	9.625163199125114173e-06
2.793147136184280122e+00	9.448895033054769522e-06
2.798481592474471480e+00	9.275068298187409769e-06
2.803779870699998789e+00	9.103673518654424902e-06
2.809041925427055997e+00	8.934700482579462051e-06
2.814267716981400103e+00	8.768138256884446211e-06
2.819457211380091088e+00	8.603975205579955695e-06
2.824610380250823116e+00	8.442199004775389654e-06
2.829727200821237521e+00	8.282796709603849311e-06
2.834807655858585296e+00	8.125754679438330880e-06
2.839851733555805779e+00	7.971058708610954211e-06
2.844859427517259842e+00	7.818693991559544148e-06
2.849830736719526136e+00	7.668645144341264502e-06
2.854765665364054961e+00	7.520896195669128210e-06
2.859664222883432139e+00	7.375430748161724724e-06
2.864526423882675310e+00	7.232231827256742800e-06
2.869352287992388728e+00	7.091281953293450593e-06
2.874141839879337912e+00	6.952563258326898450e-06
2.878895109167272981e+00	6.816057382854406834e-06
2.883612130306763000e+00	6.681745569253201375e-06
2.888292942583674972e+00	6.549608705567758207e-06
2.892937590005674409e+00	6.419627189214422758e-06
2.897546121198025126e+00	6.291781188459374340e-06
2.902118589423131834e+00	6.166050491203853946e-06
2.906655052412361329e+00	6.042414538453422624e-06
2.911155572332930763e+00	5.920852525453680141e-06
2.915620215732221965e+00	5.801343382741487427e-06
2.920049053422979490e+00	5.683865737403543041e-06
2.924442160414478131e+00	5.568398031996479282e-06
2.928799615873332485e+00	5.454918439141410179e-06
2.933121503010897690e+00	5.343404986043932672e-06
2.937407908990161243e+00	5.233835505742974228e-06
2.941658924925261154e+00	5.126187681457542460e-06
2.945874645696539229e+00	5.020439015758592545e-06
2.950055169979014291e+00	4.916566901850734237e-06
2.954200600084403217e+00	4.814548661730567230e-06
2.958311041936212415e+00	4.714361451210797860e-06
2.962386604950681956e+00	4.615982413189381304e-06
2.966427402012862924e+00	4.519388585140323582e-06
2.970433549332640144e+00	4.424556946666675335e-06
2.974405166414140655e+00	4.331464486016258033e-06
2.978342375990859381e+00	4.240088169460439521e-06
2.982245303886731591e+00	4.150404916596123729e-06
2.986114078994238863e+00	4.062391664862108966e-06
2.989948833200282152e+00	3.976025394723983759e-06
2.993749701270115526e+00	3.891283087245670546e-06
2.997516820779796642e+00	3.808141774163271671e-06
3.001250332104492102e+00	3.726578560880410889e-06
3.004950378255167642e+00	3.646570612288925127e-06
3.008617104837844280e+00	3.568095150390628054e-06
3.012250660019404336e+00	3.491129484113092592e-06
3.015851194404281177e+00	3.415651033332331158e-06
3.019418860950793260e+00	3.341637309032924207e-06
3.022953814980665843e+00	3.269065948612508478e-06
3.026456214001287837e+00	3.197914714066116137e-06
3.029926217704760116e+00	3.128161483234879384e-06
3.033363987902036651e+00	3.059784266107812269e-06
3.036769688386411925e+00	2.992761234146120961e-06
3.040143484929805684e+00	2.927070718666127226e-06
3.043485545201199738e+00	2.862691189579451261e-06
3.046796038685559260e+00	2.799601281284751874e-06
3.050075136584111668e+00	2.737779837178187660e-06
3.053323011844170320e+00	2.677205820962265752e-06
3.056539838992025970e+00	2.617858422315594428e-06
3.059725794118905995e+00	2.559717015198276250e-06
3.062881054813659798e+00	2.502761102341781738e-06
3.066005800097351575e+00	2.446970504495374701e-06
3.069100210335677481e+00	2.392325143316028620e-06
3.072164467220702466e+00	2.338805152095835432e-06
3.075198753681954500e+00	2.286390905311321217e-06
3.078203253822829222e+00	2.235063003926855789e-06
3.081178152888086164e+00	2.184802191568019272e-06
3.084123637155868902e+00	2.135589495589925885e-06
3.087039893954681258e+00	2.087406150695355378e-06
3.089927111529430448e+00	2.040233583478290203e-06
3.092785479036927132e+00	1.994053464031791540e-06
3.095615186464245383e+00	1.948847659615962851e-06
3.098416424599570895e+00	1.904598322382984037e-06
3.101189384945607141e+00	1.861287790149280071e-06
3.103934259682946895e+00	1.818898620184876308e-06
3.106651241654962980e+00	1.777413637884777520e-06
3.109340524233941139e+00	1.736815847725510222e-06
3.112002301355778933e+00	1.697088535969838581e-06
3.114636767431288256e+00	1.658215173560064056e-06
3.117244117269514447e+00	1.620179516958840010e-06
3.119824546113988184e+00	1.582965486543036928e-06
3.122378249509044856e+00	1.546557281742552369e-06
3.124905423292844819e+00	1.510939329413727158e-06
3.127406263575125855e+00	1.476096286860586338e-06
3.129880966649237539e+00	1.442012995252263291e-06
3.132329728953334502e+00	1.408674572250773040e-06
3.134752747092304670e+00	1.376066375061382935e-06
3.137150217713183142e+00	1.344173946757637850e-06
3.139522337486344128e+00	1.312983070806749292e-06
3.141869303127028168e+00	1.282479745462565653e-06
3.144191311280338574e+00	1.252650225141791680e-06
3.146488558502622102e+00	1.223480954916533444e-06
3.148761241245358722e+00	1.194958628792655603e-06
3.151009555837702258e+00	1.167070127344287518e-06
3.153233698362453374e+00	1.139802539430140140e-06
3.155433864736589378e+00	1.113143248964221177e-06
3.157610250599832025e+00	1.087079745762753002e-06
3.159763051280939372e+00	1.061599824022346768e-06
3.161892461831168788e+00	1.036691424787149602e-06
3.163998676929899556e+00	1.012342709245433148e-06
3.166081890864860249e+00	9.885420957709963472e-07
3.168142297527548390e+00	9.652781341485869226e-07
3.170180090373568405e+00	9.425396147066336338e-07
3.172195462357050300e+00	9.198115446427501119e-07
3.174188605977621869e+00	8.981027467059403766e-07
3.176159713192665546e+00	8.768866815435067274e-07
3.178108975400993241e+00	8.561529251593854182e-07
3.180036583443278886e+00	8.358912439354449875e-07
3.181942727557310224e+00	8.160915927905941910e-07
3.183827597349957017e+00	7.967441129027940394e-07
3.185691381795898725e+00	7.778391291099599636e-07
3.187534269188456726e+00	7.593671477382205836e-07
3.189356447131006522e+00	7.413188538343700083e-07
3.191158102537191343e+00	7.236851092427833958e-07
3.192939421559360724e+00	7.064569502979744795e-07
3.194700589601859431e+00	6.896255846711798915e-07
3.196441791331352977e+00	6.731823893438101777e-07
3.198163210585945659e+00	6.571189089038805112e-07
3.199865030397163412e+00	6.412821981016432273e-07
3.201547433017338573e+00	6.259568645831373256e-07
3.203210599793322455e+00	6.109867778247635532e-07
3.204854711270726852e+00	5.963641271194213917e-07
3.206479947086867455e+00	5.820812568738645009e-07
3.208086486003901783e+00	5.681306640710781005e-07
3.209674505858331361e+00	5.545049954280479506e-07
3.211244183618866099e+00	5.411970452205359101e-07
3.212795695285290964e+00	5.281997535083199653e-07
3.214329215908628523e+00	5.155062032010919007e-07
3.215844919625195697e+00	5.031096174924681818e-07
3.217342979563216687e+00	4.910033583719692722e-07
3.218823567882235892e+00	4.791809234468900763e-07
3.220286855786237190e+00	4.676359439904769423e-07
3.221733013430275516e+00	4.562157815129990856e-07
3.223162209981028870e+00	4.452106370429399470e-07
3.224574613614757723e+00	4.344645405265136603e-07
3.225970391429939355e+00	4.239716378291173134e-07
3.227349709516127874e+00	4.137261967444207866e-07
3.228712732936488194e+00	4.037226055490498711e-07
3.230059625661059197e+00	3.939553708590956510e-07
3.231390550637686321e+00	3.844191151079368424e-07
3.232705669744426302e+00	3.751085748180672699e-07
3.234005143753558187e+00	3.660185985574718632e-07
3.235289132408093238e+00	3.571441443609773093e-07
3.236557794335197524e+00	3.484802781616504248e-07
3.237811287097370538e+00	3.400221717339884435e-07
3.239049767144181136e+00	3.317651006737456486e-07
3.240273389844298357e+00	3.235568994126978456e-07
3.241482309444354559e+00	3.156916936503112826e-07
3.242676679114126159e+00	3.080138692806109733e-07
3.243856650906179251e+00	3.005190997729744291e-07
3.245022375736541509e+00	2.932031527872096610e-07
3.246174003458230928e+00	2.860618882366631511e-07
3.247311682751524486e+00	2.790912568369247701e-07
3.248435561227419832e+00	2.722872980346629744e-07
3.249545785343026960e+00	2.656461383238432674e-07
3.250642500463475582e+00	2.591639897275949658e-07
3.251725850797791306e+00	2.528371477921246783e-07
3.252795979472427934e+00	2.466619901197161747e-07
3.253853028453455476e+00	2.406349747764475696e-07
3.254897138597537154e+00	2.347526384425625073e-07
3.255928449651520395e+00	2.288633885685118719e-07
3.256947100214294011e+00	2.232639296630044653e-07
3.257953227768382476e+00	2.177991306611675535e-07
3.258946968693884116e+00	2.124658294805478702e-07
3.259928458227947967e+00	2.072609353128694279e-07
3.260897830472706538e+00	2.021814266899896102e-07
3.261855218460614214e+00	1.972243500212868301e-07
3.262800754067421760e+00	1.923868188048915649e-07
3.263734568048012097e+00	1.876660116819182949e-07
3.264656790077021586e+00	1.830591709515592543e-07
3.265567548702413614e+00	1.785636018472066074e-07
3.266466971333479741e+00	1.741766707611765024e-07
3.267355184331884654e+00	1.698958038753197464e-07
3.268232312903224912e+00	1.657184863276059187e-07
3.269098481169566472e+00	1.616422605608271344e-07
3.269953812172285978e+00	1.575198596306353406e-07
3.270798427847553924e+00	1.536422095943436803e-07
3.271632449014551636e+00	1.498585259460920107e-07
3.272455995446627242e+00	1.461665707074092172e-07
3.273269185821876093e+00	1.425641576827173623e-07
3.274072137702126017e+00	1.390491510356356373e-07
3.274864967633090984e+00	1.356194639662520971e-07
3.275647791047729296e+00	1.322730581202859656e-07
3.276420722320396273e+00	1.290079423068736452e-07
3.277183874768909266e+00	1.258221712950776500e-07
3.277937360656820065e+00	1.227138451202099793e-07
3.278681291172763412e+00	1.196811079621927302e-07
3.279415776479093658e+00	1.167221470268677479e-07
3.280140925688372455e+00	1.138351917839853779e-07
3.280856846865370269e+00	1.110185129976589630e-07
3.281563647058504785e+00	1.082704217906703108e-07
3.282261432258253286e+00	1.055892687439706761e-07
3.282950307464785666e+00	1.029734429347279825e-07
3.283630376640027659e+00	1.004213712062120029e-07
3.284301742740848962e+00	9.793151732640635772e-08
3.284964507709673409e+00	9.550238101994975291e-08
3.285618772502276297e+00	9.313249726719643008e-08
3.286264637063364358e+00	9.082043559739569316e-08
3.286902200341563773e+00	8.856479906627844685e-08
3.287531560338167402e+00	8.636422364333318991e-08
3.288152814026905624e+00	8.421737757921151548e-08
3.288766057444590718e+00	8.212296040500116792e-08
3.289371385657586799e+00	8.007970246408261925e-08
3.289968892739763007e+00	7.808636415797484630e-08
3.290558671860798423e+00	7.614173502944123674e-08
3.291140815206492043e+00	7.424463349788460940e-08
3.291715414022097885e+00	7.239390591058915696e-08
3.292282558641791645e+00	7.058842587414692486e-08
3.292842338450346684e+00	6.882709394686138311e-08
3.293394841893610092e+00	6.710883668931476026e-08
3.293940156548559539e+00	6.543260603269512879e-08
3.294478369046637045e+00	6.379737913532269552e-08
3.295009565101627569e+00	6.220215740651083516e-08
3.295533829575579166e+00	6.064596584713795749e-08
3.296051246412241564e+00	5.912785294062181374e-08
3.296561898659079226e+00	5.764688991508910079e-08
3.297065868496725560e+00	5.620216993006026177e-08
3.297563237263261282e+00	5.479280788322558087e-08
3.298054085379607869e+00	5.341794001270848167e-08
3.298538492435934000e+00	5.207672300634946958e-08
3.299016537189758402e+00	5.076833376821870070e-08
3.299488297502945144e+00	4.949196902665331852e-08
3.299953850447710391e+00	4.824684457890713453e-08
3.300413272243691853e+00	4.703219511701441189e-08
3.300866638275314902e+00	4.584727372502318274e-08
3.301314023123293584e+00	4.469135127722782439e-08
3.301755500560569878e+00	4.356371625142638552e-08
3.302191143521990835e+00	4.246367421118781066e-08
3.302621024184646981e+00	4.139054726876789625e-08
3.303045213914163281e+00	4.034367393410821759e-08
3.303463783280578436e+00	3.932240864805688497e-08
3.303876802090757625e+00	3.832612126449643782e-08
3.304284339374765178e+00	3.735419684452109863e-08
3.304686463388446960e+00	3.640603525163192548e-08
3.305083241641492364e+00	3.548105075366107228e-08
3.305474740878132422e+00	3.457867176216363985e-08
3.305861027095937210e+00	3.369834038723642882e-08
3.306242165574227787e+00	3.283951215512302475e-08
3.306618220829598442e+00	3.200165582603881561e-08
3.306989256655404219e+00	3.118425282280430841e-08
3.307355336157538073e+00	3.038679701145957247e-08
3.307716521688902400e+00	2.960879462985177835e-08
3.308072874896092586e+00	2.884976365126687196e-08
3.308424456769545774e+00	2.810923360079222276e-08
3.308771327550278141e+00	2.738674551289325984e-08
3.309113546811965456e+00	2.668185133059514857e-08
3.309451173464186713e+00	2.599411372331472336e-08
3.309784265718591190e+00	2.532310603809930561e-08
3.310112881103512539e+00	2.466841178555317663e-08
3.310437076532797285e+00	2.402962436286216153e-08
3.310756908224442796e+00	2.340634712030189520e-08
3.311072431740058164e+00	2.279819285326801805e-08
3.311383702036693855e+00	2.220478355330195509e-08
3.311690773392237830e+00	2.162575039903510149e-08
3.311993699461916574e+00	2.106073329471543272e-08
3.312292533306981035e+00	2.050938072231205797e-08
3.312587327320461128e+00	1.997134970750841563e-08
3.312878133301297101e+00	1.944630528727687752e-08
3.313165002468029474e+00	1.893392048913601710e-08
3.313447985386954286e+00	1.843387624285940563e-08
3.313727132054689495e+00	1.794586089275377312e-08
3.314002491894820768e+00	1.746957016349116828e-08
3.314274113712246894e+00	1.700470709609250798e-08
3.314542045739510723e+00	1.655098158758201511e-08
3.314806335675932747e+00	1.610811035151310424e-08
3.315067030590189923e+00	1.567581683338200393e-08
3.315324177044457699e+00	1.525383083306785968e-08
3.315577821012310800e+00	1.484188842705248598e-08
3.315828007940751387e+00	1.443973182608207787e-08
3.316074782711783797e+00	1.404710917188230296e-08
3.316318189684789974e+00	1.366377439529387338e-08
3.316558272664923201e+00	1.328948698849239945e-08
3.316795074957365141e+00	1.292401183790761546e-08
3.317028639335628526e+00	1.256711919599702577e-08
3.317259008031624656e+00	1.221858441161246598e-08
3.317486222814122421e+00	1.187818773688717891e-08
3.317710324892396923e+00	1.154571428872010314e-08
3.317931355021243256e+00	1.122095377781600712e-08
3.318149353426938397e+00	1.090370039526581376e-08
3.318364359874036218e+00	1.059375270314012916e-08
3.318576413608597342e+00	1.029091339181507083e-08
3.318785553437366254e+00	9.994989155222011239e-09
3.318991817655739140e+00	9.705790580990847334e-09
3.319195244103958942e+00	9.423131887630380921e-09
3.319395870172137109e+00	9.146830791846422580e-09
3.319593732766435323e+00	8.876708426604243139e-09
3.319788868348020117e+00	8.612589032864063192e-09
3.319981312939882745e+00	8.354299804239693888e-09
3.320171102111726391e+00	8.101670819082047209e-09
3.320358270970916070e+00	7.854534693094769468e-09
3.320542854240946085e+00	7.612726359807924890e-09
3.320724886176175339e+00	7.376083034361637016e-09
3.320904400600402262e+00	7.144443811534326571e-09
3.321081430949863744e+00	6.917649363411248214e-09
3.321256010229804545e+00	6.695541867629183812e-09
3.321428171004294772e+00	6.477964565006548169e-09
3.321597945482578584e+00	6.264761341243007158e-09
3.321765365446255558e+00	6.055776577087622810e-09
3.321930462255362926e+00	5.850854614812793618e-09
3.322093266921583687e+00	5.649839182620966925e-09
3.322253810049062395e+00	5.452573072311786330e-09
3.322412121832005738e+00	5.258897440280783023e-09
3.322568232125194587e+00	5.068650980884222666e-09
3.322722170396264829e+00	4.881669310660021250e-09
3.322873965704820520e+00	4.697783892060616139e-09
3.323023646802040876e+00	4.516820796624929359e-09
3.323171242035008799e+00	4.338599483669932423e-09
3.323316779400391940e+00	4.162931040953290394e-09
3.323460286545883324e+00	3.989616066690350477e-09
3.323601790772386710e+00	3.818442234521259737e-09
3.323741319010602879e+00	3.649181023034029005e-09
3.323878897879603223e+00	3.481583619820848274e-09
3.324014553642562042e+00	3.315375777893292989e-09
3.324148312219225243e+00	3.150250875214678002e-09
3.324280199220940979e+00	2.985860740744938856e-09
3.324410239916217424e+00	2.821803285177415320e-09
3.324538459252141198e+00	2.657605149441390862e-09
3.324664881858143684e+00	2.492696974242194356e-09
3.324789532049836627e+00	2.326377061930243452e-09
3.324912433820895075e+00	2.157755813654308946e-09
3.325033610881344970e+00	1.985667193051127988e-09
3.325153086605917796e+00	1.808519608735977030e-09
3.325270884072398569e+00	1.624026389942592293e-09
3.325387026095010246e+00	1.428672186857308648e-09
3.325501535144836041e+00	1.216509223651719932e-09
3.325614433437682038e+00	9.758447932958699760e-10
3.325725742898090420e+00	6.761467287693311264e-10
3.325835485135142822e+00	0.000000000000000000e+00
