# Data associated with arXiv:2208.14002
# 
# Scale-free J-factor angular distribution, J_S(theta), of a nfw1-7rhos4e3 dark matter distribution (see Eq. 2.4 and the surrounding discussion)
# 
# Published: 8/25/22, Jack Runburg and Kenny Kiriu, contact: runburg@hawaii.edu
# 
# 
# -----------------------------------------------------------------
# 
# 	 tilde theta 		 | 	 tilde J s-wave 		 | 	 tilde J p-wave 		 | 	 tilde J d-wave 		 | 	 tilde J sommerfeld 
# 
# -----------------------------------------------------------------
1.000000000000000021e-03	1.620559561078225586e+12	6.517756807087478516e+12	2.822150366128682500e+14	1.508118013215410645e+12
1.021192151037671062e-03	1.580629313370390137e+12	6.407128599600220703e+12	2.793609082905158750e+14	1.466347392219473389e+12
1.042833409340945643e-03	1.539944290577838623e+12	6.294215864169283203e+12	2.764432212769894375e+14	1.423816312177892822e+12
1.064933292458827233e-03	1.498525944283253906e+12	6.179056086665008789e+12	2.734624346549319062e+14	1.380550584827182373e+12
1.087501519637659123e-03	1.456400938382690674e+12	6.061698904884447266e+12	2.704192715008102812e+14	1.336581840400462646e+12
1.110548016095517111e-03	1.413601942904472656e+12	5.942208019856561523e+12	2.673147627789703750e+14	1.291948407355339111e+12
1.134082917387199208e-03	1.370168590892246338e+12	5.820663511887472656e+12	2.641503010537942500e+14	1.246696371743750000e+12
1.158116573861711456e-03	1.326148651061332520e+12	5.697164699050310547e+12	2.609277075995273438e+14	1.200880873477182617e+12
1.182659555214217667e-03	1.281599494847520508e+12	5.571833747908627930e+12	2.576493184916337812e+14	1.154567724300537354e+12
1.207722655134462354e-03	1.236589980651512451e+12	5.444820372465616211e+12	2.543180988592313750e+14	1.107835478829962646e+12
1.233316896053688856e-03	1.191202958448363281e+12	5.316308193691923828e+12	2.509378013854961250e+14	1.060778173704476929e+12
1.259453533992170365e-03	1.145538756428865234e+12	5.186523813292851562e+12	2.475131995778350938e+14	1.013509112808588989e+12
1.286144063509461061e-03	1.099720358383343262e+12	5.055750745896772461e+12	2.440504598896692188e+14	9.661664279571999512e+11
1.313400222759557485e-03	1.053901854821655151e+12	4.924353200202165039e+12	2.405578065728590312e+14	9.189220154216429443e+11
1.341233998653187541e-03	1.008284437951516846e+12	4.792823760872096680e+12	2.370469256246042812e+14	8.719980798891505127e+11
1.369657632129505243e-03	9.631554874083990479e+11	4.661908313633400391e+12	2.335368478093861250e+14	8.257063724539934082e+11
1.398683623539492566e-03	9.190543831942493896e+11	4.533176989728877930e+12	2.300725963626095625e+14	7.806087206743243408e+11
1.428324738143458596e-03	8.752859404070866699e+11	4.403558670171796875e+12	2.265401950543694062e+14	7.361307043638157959e+11
1.458594011725036863e-03	8.330037116768626709e+11	4.275893232325916016e+12	2.230082410471801875e+14	6.935492441995893555e+11
1.489504756324154782e-03	7.920776154202835693e+11	4.149290603106800293e+12	2.194371938489836562e+14	6.527902113956042480e+11
1.521070566091505720e-03	7.534565847380560303e+11	4.027548891272824219e+12	2.159601272060679062e+14	6.146944748541572266e+11
1.553305323267072666e-03	7.168247236110400391e+11	3.909839116997877441e+12	2.125530421216066250e+14	5.789098541483273926e+11
1.586223204285366938e-03	6.816264804254661865e+11	3.794172942038626953e+12	2.091476327052741250e+14	5.448944134482707520e+11
1.619838686010041055e-03	6.481712789144660645e+11	3.681966739760432617e+12	2.057954974838436875e+14	5.128929803759633789e+11
1.654166552100628336e-03	6.163687365071798096e+11	3.573100367404769043e+12	2.024955538247281875e+14	4.827805044404647827e+11
1.689221899514206692e-03	5.861107003901207275e+11	3.467407196370262207e+12	1.992455996983779375e+14	4.544172122829323120e+11
1.725020145144853453e-03	5.573308338618731689e+11	3.364829203266833984e+12	1.960454907585920938e+14	4.277113005848452148e+11
1.761577032603788440e-03	5.299767433952502441e+11	3.265303678693900879e+12	1.928953652628644375e+14	4.025866202047535400e+11
1.798908639143220224e-03	5.039730762549458008e+11	3.168745023880628418e+12	1.897943591217512500e+14	3.789453098605627441e+11
1.837031382726912916e-03	4.792324123505302124e+11	3.075002268845369629e+12	1.867404246152505000e+14	3.566779060982253418e+11
1.875962029250603357e-03	4.557005483869426270e+11	2.984010811253806641e+12	1.837332688968922500e+14	3.357111171970485840e+11
1.915717699915417882e-03	4.333349213562303467e+11	2.895743841132596680e+12	1.807733303554443125e+14	3.159880191352324829e+11
1.956315878757565116e-03	4.120727766284893799e+11	2.810090029626908691e+12	1.778594044291653438e+14	2.974278247291026001e+11
1.997774420337589726e-03	3.918434309334277344e+11	2.726943193058745605e+12	1.749898584567654062e+14	2.799469102141675415e+11
2.040111557592579582e-03	3.726026044071387939e+11	2.646233056791389160e+12	1.721642901215387500e+14	2.634881614270496826e+11
2.083345909854779961e-03	3.543157112029121704e+11	2.567934138260964355e+12	1.693831171237314062e+14	2.480046689711857300e+11
2.127496491040134757e-03	3.369305219824224243e+11	2.491963051597768555e+12	1.666453100867286250e+14	2.334355138773605042e+11
2.172582718010372237e-03	3.203898864907804565e+11	2.418201046223058105e+12	1.639490968286257500e+14	2.197125055036924133e+11
2.218624419112281976e-03	3.046576325882207031e+11	2.346614041950360352e+12	1.612944365518286875e+14	2.067928122658326416e+11
2.265641842897974604e-03	2.897056484758298950e+11	2.277158410111760742e+12	1.586814515627470312e+14	1.946395081360695801e+11
2.313655667029933423e-03	2.754904919716237793e+11	2.209764659335472168e+12	1.561092192649711562e+14	1.832025388450751648e+11
2.362687007374795686e-03	2.619659549071186218e+11	2.144338090352876709e+12	1.535762211631488125e+14	1.724313325142964478e+11
2.412757427289825233e-03	2.491024898113941956e+11	2.080828458101585205e+12	1.510821517449984375e+14	1.622896314913369446e+11
2.463888947106213784e-03	2.368772388823553772e+11	2.019222644280453125e+12	1.486274772350637500e+14	1.527506103465778503e+11
2.516104053813336943e-03	2.252540918460395508e+11	1.959437001530694092e+12	1.462110063017418125e+14	1.437736734135056763e+11
2.569425710948245768e-03	2.141956873442826233e+11	1.901397290895203369e+12	1.438314537340540312e+14	1.353188343608545685e+11
2.623877368694733318e-03	2.036778894113526306e+11	1.845062867156846680e+12	1.414885892245674062e+14	1.273593508578618927e+11
2.679482974196439188e-03	1.936821078686717834e+11	1.790408395651727539e+12	1.391826589691535625e+14	1.198720234437509918e+11
2.736266982088478034e-03	1.841783431453943481e+11	1.737375984940467041e+12	1.369127456190656094e+14	1.128263819074750214e+11
2.794254365252289707e-03	1.751363874857346802e+11	1.685887104199992432e+12	1.346774841334894531e+14	1.061905261724361115e+11
2.853470625798387814e-03	1.665365260517363281e+11	1.635912006849009766e+12	1.324767513905090781e+14	9.994309938789492798e+10
2.913941806281861776e-03	1.583636336602896729e+11	1.587432160259340820e+12	1.303108505236758438e+14	9.406743711634683228e+10
2.975694501155571117e-03	1.505928026778623047e+11	1.540383292462435059e+12	1.281786909400363281e+14	8.853726762316337585e+10
3.038755868466027146e-03	1.431996086009913025e+11	1.494710764920370850e+12	1.260792405527865938e+14	8.332962155719184875e+10
3.103153641797168783e-03	1.361679480335367889e+11	1.450376164021810547e+12	1.240121963706474062e+14	7.842655512100994873e+10
3.168916142467233243e-03	1.294855122840536957e+11	1.407369162074474609e+12	1.219779475342440781e+14	7.381507978830957031e+10
3.236072291984112663e-03	1.231316311829272308e+11	1.365634747864392822e+12	1.199754714853186406e+14	6.947546158231510925e+10
3.304651624764658874e-03	1.170865566519110870e+11	1.325114586768494629e+12	1.180036533499063906e+14	6.538800393456049347e+10
3.374684301123556836e-03	1.113371357833888550e+11	1.285789718094236328e+12	1.160624705073035156e+14	6.154060971883046722e+10
3.446201120537424525e-03	1.058733479169161682e+11	1.247636925951214355e+12	1.141520261299220312e+14	5.792161863591625977e+10
3.519233535190044709e-03	1.006780491950581512e+11	1.210613693574635742e+12	1.122714813943067656e+14	5.451582456984841919e+10
3.593813663804625805e-03	9.573527218156883240e+10	1.174670853248775146e+12	1.104198311616713281e+14	5.130843145244463348e+10
3.669974305769219299e-03	9.103427428525050354e+10	1.139782023153385986e+12	1.085968736463633438e+14	4.828871996862065125e+10
3.747748955561452412e-03	8.656689453913493347e+10	1.105941366840944824e+12	1.068030179778217344e+14	4.544915452418501282e+10
3.827171817478984984e-03	8.231892127520903015e+10	1.073096734476041016e+12	1.050371421577893750e+14	4.277626041864243317e+10
3.908277820682117681e-03	7.827744372052017212e+10	1.041212514829567627e+12	1.032984858524865469e+14	4.025933014788552856e+10
3.991102634555192957e-03	7.443368824704666138e+10	1.010265780466083496e+12	1.015868808286237031e+14	3.788983776253851318e+10
4.075682684393532908e-03	7.078100590859579468e+10	9.802439492230196533e+11	9.990252925921273438e+13	3.566133227286032104e+10
4.162055167422817371e-03	6.730762174855283356e+10	9.511108391562921143e+11	9.824459527422782812e+13	3.356408633145340729e+10
4.250258069157961290e-03	6.400309629852145386e+10	9.228262287429321289e+11	9.661218687432423438e+13	3.158884293313165283e+10
4.340330180108637088e-03	6.086026419737125397e+10	8.953746421094447021e+11	9.500522934416579688e+13	2.972956606427876282e+10
4.432311112838861061e-03	5.787370650725009918e+10	8.687459734495533447e+11	9.342396538896284375e+13	2.798097657287823105e+10
4.526241319388085715e-03	5.503367182416608429e+10	8.429015572515107422e+11	9.186743213353203125e+13	2.633515577148358154e+10
4.622162109061505458e-03	5.233171881216805267e+10	8.178139922428353271e+11	9.033499178769832812e+13	2.478532276439723969e+10
4.720115666597336779e-03	4.976199579020915985e+10	7.934626272480130615e+11	8.882643056211848438e+13	2.332633717396981812e+10
4.820145070719144588e-03	4.732008452436074066e+10	7.698424609238634033e+11	8.734206723207318750e+13	2.195430443130018616e+10
4.922294313081310678e-03	4.499791334384371185e+10	7.469195632244447021e+11	8.588098561032895312e+13	2.066293495290275574e+10
5.026608317615998724e-03	4.278865640064910126e+10	7.246648628100356445e+11	8.444249035158468750e+13	1.944678127058118439e+10
5.133132960290130720e-03	4.068753510205975342e+10	7.030678460786955566e+11	8.302657216451579688e+13	1.830203464323765182e+10
5.241915089281041530e-03	3.869094545515522766e+10	6.821164268402905273e+11	8.163332381742462500e+13	1.722550270658953476e+10
5.353002545579732367e-03	3.679220956190059662e+10	6.617843286384541016e+11	8.026199630693306250e+13	1.621218228160528374e+10
5.466444184030696055e-03	3.498580761566950989e+10	6.420464895638461914e+11	7.891194339391579688e+13	1.525799765057451439e+10
5.582289894817666839e-03	3.326783745550645447e+10	6.228889647042961426e+11	7.758303658451254688e+13	1.435973180359114838e+10
5.700590625404708227e-03	3.163535821301682663e+10	6.043087884015528564e+11	7.627559667899864062e+13	1.351508420092910194e+10
5.821398402942216249e-03	3.008284746566640472e+10	5.862746061560024414e+11	7.498864882604181250e+13	1.272001108574225998e+10
5.944766357147824969e-03	2.860584145743579483e+10	5.687691346763947754e+11	7.372176520341451562e+13	1.197128172075362778e+10
6.070748743672167193e-03	2.720115386400892258e+10	5.517796104642373047e+11	7.247479696441826562e+13	1.126655249396442032e+10
6.199400967959818945e-03	2.586638384949142456e+10	5.352994434479550781e+11	7.124790702137448438e+13	1.060378497668156815e+10
6.330779609615908021e-03	2.459696665917306137e+10	5.193068108193880615e+11	7.004038788198078125e+13	9.979977030570484161e+09
6.464942447289089879e-03	2.338929238826178360e+10	5.037809266995602417e+11	6.885164503694778125e+13	9.392520290581228256e+09
6.601948484081890736e-03	2.224075936954021454e+10	4.887136603165689697e+11	6.768165532367328906e+13	8.839541426205240250e+09
6.741857973499477616e-03	2.114940666622752380e+10	4.740999356499426880e+11	6.653061201391259375e+13	8.319605229929116249e+09
6.884732445948405985e-03	2.011146292824516678e+10	4.599159920476916504e+11	6.539766853358150000e+13	7.830109444116864204e+09
7.030634735796891313e-03	1.912400857892294312e+10	4.461490122563790894e+11	6.428249057239944531e+13	7.369229879729875565e+09
7.179629009008595825e-03	1.818491942509052658e+10	4.327872227359111938e+11	6.318488721876960156e+13	6.935375423314179420e+09
7.331780791361950343e-03	1.729259281033333206e+10	4.198280555874636841e+11	6.210510954513237500e+13	6.527415620303054810e+09
7.487156997267587974e-03	1.644391522457827950e+10	4.072516020816004028e+11	6.104241245817217969e+13	6.143410831009215355e+09
7.645825959196438613e-03	1.563652428141763878e+10	3.950427860799835205e+11	5.999632939485542969e+13	5.781762837003024101e+09
7.807857457731475631e-03	1.486868605258738327e+10	3.831961111244870605e+11	5.896688474295183594e+13	5.441409487006834030e+09
7.973322752256328111e-03	1.413909037914452362e+10	3.717052571219125977e+11	5.795415040336027344e+13	5.121332497232136726e+09
8.142294612294233985e-03	1.344516710685545921e+10	3.605538697930151367e+11	5.695746192945089062e+13	4.820034462016585350e+09
8.314847349511189298e-03	1.278500540531827354e+10	3.497296938424207764e+11	5.597643372294146094e+13	4.536321022964974403e+09
8.491056850397209546e-03	1.215718970838863373e+10	3.392249698146694336e+11	5.501096150625556250e+13	4.269248969206132889e+09
8.671000609640279119e-03	1.156064845755908394e+10	3.290380166014508057e+11	5.406128205384273438e+13	4.018159711982597828e+09
8.854757764207504128e-03	1.099326094825093842e+10	3.191507306733895874e+11	5.312661784757869531e+13	3.781749869773952484e+09
9.042409128148579806e-03	1.045348149377147484e+10	3.095543092049899292e+11	5.220670545862079688e+13	3.559157826304744720e+09
9.234037228136720080e-03	9.940154518712499619e+09	3.002419810958739014e+11	5.130145309719075000e+13	3.349637205890267372e+09
9.429726339762870002e-03	9.452403106037557602e+09	2.912103001532785034e+11	5.041099300502353906e+13	3.152619043013583660e+09
9.629562524599030379e-03	8.988478237209733963e+09	2.824458712679378662e+11	4.953471062814346875e+13	2.967156502032882690e+09
9.833633668047030499e-03	8.547129469950220108e+09	2.739384885166399536e+11	4.867225184482357031e+13	2.792503277503111362e+09
1.004202951798940403e-02	8.127413506815199852e+09	2.656835753919273376e+11	4.782360251558266406e+13	2.628123444856772900e+09
1.025484172425938229e-02	7.728612417152555466e+09	2.576783805422760620e+11	4.698889633913894531e+13	2.473560418854819775e+09
1.047216387894729824e-02	7.349284273103871346e+09	2.499089795773327026e+11	4.616744689589241406e+13	2.328042433180844307e+09
1.069409155756119272e-02	6.988417421708417892e+09	2.423689399623962402e+11	4.535905786940210938e+13	2.191025163575433731e+09
1.092072236105970547e-02	6.645241904016501427e+09	2.350520044684776611e+11	4.456359984344748438e+13	2.062057547272383213e+09
1.115215595877575537e-02	6.319169619603809357e+09	2.279566725523974609e+11	4.378124997246911719e+13	1.940793220996717215e+09
1.138849413224978825e-02	6.009012346408101082e+09	2.210711497241081848e+11	4.301139904900919531e+13	1.826630544824925184e+09
1.162984081999205582e-02	5.713951539768155098e+09	2.143879858781470642e+11	4.225376816763384375e+13	1.719125385308516741e+09
1.187630216319339981e-02	5.433358768492041588e+09	2.079041396149637146e+11	4.150837975026964062e+13	1.617945703568887949e+09
1.212798655240480798e-02	5.166752013908629417e+09	2.016160616336623840e+11	4.077527113737624219e+13	1.522809214290303230e+09
1.238500467520621366e-02	4.913152554687035561e+09	1.955142533340629578e+11	4.005392136621866406e+13	1.433235438453496933e+09
1.264746956488544717e-02	4.671898019719617844e+09	1.895923716424472046e+11	3.934407932051843750e+13	1.348895878541325808e+09
1.291549665014883955e-02	4.442475531188646317e+09	1.838463555997934875e+11	3.864567855321814062e+13	1.269508554395314455e+09
1.318920380588532899e-02	4.224489796718689442e+09	1.782750945456889648e+11	3.795888115527621094e+13	1.194869558045353651e+09
1.346871140500627631e-02	4.017135002737568855e+09	1.728681642971945496e+11	3.728307134126385156e+13	1.124592507399968863e+09
1.375414237138396570e-02	3.819875096450632572e+09	1.676212533178725281e+11	3.661810993528260938e+13	1.058417727847954035e+09
1.404562223391196511e-02	3.632291537815998554e+09	1.625306376484589844e+11	3.596392851781980469e+13	9.961387450615872145e+08
1.434327918171109106e-02	3.454059973104633331e+09	1.575944072806660156e+11	3.532061913033008594e+13	9.375749870870590210e+08
1.464724412050539583e-02	3.284517234881192207e+09	1.528046980577232361e+11	3.468769596492064062e+13	8.824389691332341433e+08
1.495765073019278586e-02	3.123229447779127598e+09	1.481563479966708069e+11	3.406493347472379688e+13	8.305193585634605885e+08
1.527463552363575450e-02	2.969855085782254696e+09	1.436469029053196106e+11	3.345231824981627344e+13	7.816533269492202997e+08
1.559833790669801906e-02	2.824127842350983143e+09	1.392746112434555969e+11	3.284993060451063672e+13	7.357101762749267817e+08
1.592890023955338338e-02	2.685502188831777096e+09	1.350316392071538696e+11	3.225724347029626172e+13	6.924469964112421274e+08
1.626646789929399317e-02	2.553626903241782665e+09	1.309147222143943634e+11	3.167415606498614844e+13	6.517145611978377104e+08
1.661118934386526108e-02	2.428223325751525402e+09	1.269204709874272308e+11	3.110056807403055859e+13	6.133744534411889315e+08
1.696321617735579643e-02	2.309072677893180847e+09	1.230481278268865356e+11	3.053662236380078906e+13	5.773264533884497881e+08
1.732270321667098503e-02	2.195726399973771095e+09	1.192906924020898285e+11	2.998182047668919531e+13	5.433849922631644011e+08
1.768980855961942850e-02	2.087900135597651482e+09	1.156445283250272980e+11	2.943599842618780859e+13	5.114221093269763589e+08
1.806469365444235767e-02	1.985366546627696276e+09	1.121079531713077698e+11	2.889917580308172266e+13	4.813443973110555410e+08
1.844752337081655841e-02	1.887945778916977167e+09	1.086787793207861176e+11	2.837133844974401172e+13	4.530592715929995775e+08
1.883846607236187159e-02	1.795269177444970131e+09	1.053517592851720123e+11	2.785211367918519922e+13	4.264279694112011194e+08
1.923769369068539445e-02	1.707106485457530260e+09	1.021234604929030151e+11	2.734132557263258594e+13	4.013506579698520899e+08
1.964538180099485026e-02	1.623272245175743103e+09	9.899193431642008972e+10	2.683895883459354297e+13	3.777477844319559336e+08
2.006170969931423895e-02	1.543618520893336535e+09	9.595638433184669495e+10	2.634512017936515234e+13	3.555577570644842982e+08
2.048686048133601528e-02	1.467842456287504435e+09	9.301078968954695129e+10	2.585931409747993359e+13	3.346593150825180411e+08
2.092102112294418406e-02	1.395757572413867474e+09	9.015318212571226501e+10	2.538148525175767578e+13	3.149840207123161554e+08
2.136438256244391209e-02	1.327212595692493916e+09	8.738123865587922668e+10	2.491154869015303906e+13	2.964643106950758696e+08
2.181713978453380873e-02	1.262085758987783432e+09	8.469415763167308044e+10	2.444959495051926172e+13	2.790515462794462442e+08
2.227949190605761978e-02	1.200128381108291864e+09	8.208718983109016418e+10	2.399522210984338672e+13	2.626548177245200574e+08
2.275164226357336353e-02	1.141189408770215750e+09	7.955780470438696289e+10	2.354830093963027344e+13	2.472141862780943513e+08
2.323379850277806913e-02	1.085145465511255264e+09	7.710487295251918030e+10	2.310886098579229297e+13	2.326842093482154012e+08
2.372617266982774559e-02	1.031896255861390948e+09	7.472694239646777344e+10	2.267689397591745312e+13	2.190201083790584803e+08
2.422898130459259780e-02	9.812376811435428858e+08	7.242000187645838928e+10	2.225204240869446484e+13	2.061538822103623152e+08
2.474244553588843265e-02	9.330473587200753689e+08	7.018201747918395996e+10	2.183420633328508984e+13	1.940381693355725706e+08
2.526679117872631872e-02	8.872246787233518362e+08	6.801144274355826569e+10	2.142334502814287891e+13	1.826355947556484938e+08
2.580224883362318075e-02	8.436869711257256269e+08	6.590774725650029755e+10	2.101955466671801953e+13	1.719145056721900702e+08
2.634905398801689475e-02	8.022668113393857479e+08	6.386673308995232391e+10	2.062242337943386328e+13	1.618173594167785347e+08
2.690744711983068457e-02	7.628650234644539356e+08	6.188696446017411804e+10	2.023190059221686328e+13	1.523105581180322766e+08
2.747767380323228384e-02	7.253995742414515018e+08	5.996703952333057404e+10	1.984794136989071875e+13	1.433625469623963237e+08
2.805998481663422514e-02	6.898022733021243811e+08	5.810613033602681732e+10	1.947058625245543750e+13	1.349492227601657212e+08
2.865463625298309350e-02	6.559358492010878325e+08	5.630102181541429901e+10	1.909951872286465625e+13	1.270257470766946673e+08
2.926188963238583740e-02	6.237199137187839746e+08	5.454998209107704926e+10	1.873463292818792969e+13	1.195647905301863849e+08
2.988201201712300387e-02	5.930875902723101377e+08	5.285215904734595490e+10	1.837594431078297266e+13	1.125433045685775727e+08
3.051527612909937445e-02	5.639825887566337585e+08	5.120663854256946564e+10	1.802345693086021094e+13	1.059404531386135072e+08
3.116196046978347151e-02	5.362924214260731936e+08	4.961043048647871399e+10	1.767685418988335547e+13	9.972236523405715823e+07
3.182234944268905880e-02	5.099519112223988771e+08	4.806231441385424042e+10	1.733608405726609961e+13	9.386699792621923983e+07
3.249673347845206950e-02	4.849065459946036339e+08	4.656116355627071381e+10	1.700110270738409180e+13	8.835642574411995709e+07
3.318540916255835471e-02	4.611098257931140065e+08	4.510652969993387604e+10	1.667197600790350781e+13	8.317469477092255652e+07
3.388867936577820428e-02	4.384696200677350760e+08	4.369550022484918213e+10	1.634836101430530859e+13	7.829434742799741030e+07
3.460685337736497946e-02	4.169330707984681129e+08	4.232707782582247162e+10	1.603022296029673047e+13	7.369901843867430091e+07
3.534024704107661952e-02	3.964557529616230726e+08	4.100037657615113831e+10	1.571753963541224023e+13	6.937403788981550932e+07
3.608918289407971741e-02	3.769992209685847163e+08	3.971471947995377350e+10	1.541032770064933398e+13	6.530709159730750322e+07
3.685399030879719234e-02	3.584880630923777819e+08	3.846785845707815552e+10	1.510832453770446484e+13	6.147668837906517833e+07
3.763500563776207147e-02	3.408793979717401266e+08	3.725860447179943085e+10	1.481143847244668164e+13	5.786974031741292030e+07
3.843257236154112161e-02	3.241370292427530289e+08	3.608639042284626007e+10	1.451969178474548047e+13	5.447526752905789763e+07
3.924704123979310538e-02	3.082291425619162321e+08	3.495054422348632050e+10	1.423308347890331250e+13	5.128300487235334516e+07
4.007877046552850431e-02	2.930940495769524574e+08	3.384898523635241318e+10	1.395135111827100977e+13	4.827645726170375198e+07
4.092812582263813392e-02	2.786969507962426543e+08	3.278085099655176544e+10	1.367444386091225391e+13	4.544524940989764035e+07
4.179548084676026898e-02	2.650083612669641078e+08	3.174539545252535629e+10	1.340233337163425781e+13	4.278070261861594766e+07
4.268121698955689575e-02	2.520019296808085442e+08	3.074224850738778305e+10	1.313506314698797656e+13	4.027501884174725413e+07
4.358572378647117967e-02	2.396272277032547593e+08	2.976938441925802994e+10	1.287235396088263672e+13	3.791480487117604166e+07
4.450939902804028347e-02	2.278560040836793482e+08	2.882615734996170807e+10	1.261418410857286133e+13	3.569242343548233807e+07
4.545264893483848267e-02	2.166642461537809372e+08	2.791191297868148422e+10	1.236052635537547070e+13	3.360072042275179923e+07
4.641588833612779463e-02	2.060301076754798293e+08	2.702617682537609100e+10	1.211139247152214844e+13	3.163367997740726173e+07
4.739954085229469011e-02	1.959123938622839749e+08	2.616735674195044327e+10	1.186656518809827148e+13	2.978086413276296854e+07
4.840403908115278181e-02	1.862881600493994355e+08	2.533467782919377518e+10	1.162597943625456836e+13	2.803605985582412407e+07
4.942982478819387543e-02	1.771378565708744228e+08	2.452776781346764755e+10	1.138965571941037109e+13	2.639408941481397673e+07
5.047734910087089966e-02	1.684433524565792680e+08	2.374603644255547333e+10	1.115756617267516602e+13	2.484968880983258784e+07
5.154707270699779992e-02	1.601710225237244070e+08	2.298814044052733231e+10	1.092952157248454297e+13	2.339507431488446519e+07
5.263946605735428386e-02	1.523022232538037598e+08	2.225341888552953720e+10	1.070546633590510938e+13	2.202517100737060234e+07
5.375500957258409762e-02	1.448210440824599564e+08	2.154142677874139786e+10	1.048539146479930664e+13	2.073593511362261325e+07
5.489419385447772554e-02	1.377124201557230055e+08	2.085182931698295212e+10	1.026931757462846289e+13	1.952343224110141769e+07
5.605751990173300781e-02	1.309489289369868636e+08	2.018321793673619843e+10	1.005701107307820703e+13	1.838118684281233698e+07
5.724549933028778848e-02	1.245154139429443032e+08	1.953520199442966843e+10	9.848467542857302734e+12	1.730564977803345397e+07
5.845865459832211286e-02	1.183989315948848277e+08	1.890725216145919418e+10	9.643642827208658203e+12	1.629326541809294745e+07
5.969751923602879817e-02	1.125869484704990983e+08	1.829910390530601501e+10	9.442568923615183594e+12	1.534116224612032250e+07
6.096263808025296355e-02	1.070571228652015626e+08	1.770956854302218246e+10	9.245041052055748047e+12	1.444421232517825067e+07
6.225456751410456124e-02	1.017971256224516332e+08	1.713817322425135040e+10	9.051019621371234375e+12	1.359954087235561386e+07
6.357387571164835327e-02	9.679643309375694394e+07	1.658464928378376007e+10	8.860525482381363281e+12	1.280462018518790044e+07
6.492114288777969811e-02	9.204460018310901523e+07	1.604855323608119202e+10	8.673524412659418945e+12	1.205683335512769222e+07
6.629696155339574737e-02	8.752344786161150038e+07	1.552895928738173103e+10	8.489860927036322266e+12	1.135245593074364401e+07
6.770193677597398374e-02	8.322293915861536562e+07	1.502540184640740013e+10	8.309489257927242188e+12	1.068902602566115372e+07
6.913668644567325106e-02	7.913424481251107156e+07	1.453762237415294838e+10	8.132415045166090820e+12	1.006468165863138251e+07
7.060184154707406512e-02	7.524948058200715482e+07	1.406533484164655113e+10	7.958651597413141602e+12	9.477388865691177547e+06
7.209804643667737378e-02	7.155303939476215839e+07	1.360758992861206627e+10	7.787999541364106445e+12	8.924116735229738057e+06
7.362595912628441819e-02	6.803702204704543948e+07	1.316405653933588028e+10	7.620442441692303711e+12	8.403050767138026655e+06
7.518625157238204015e-02	6.469449298047953099e+07	1.273445398113419342e+10	7.455968032456012695e+12	7.912608539868006483e+06
7.677960997166025092e-02	6.151813768061566353e+07	1.231852472910560608e+10	7.294579471905274414e+12	7.451294797372118570e+06
7.840673506279315086e-02	5.849599366048017144e+07	1.191543864497061729e+10	7.136108068744747070e+12	7.016614907117865980e+06
8.006834243461452560e-02	5.562138458810527623e+07	1.152496013493992615e+10	6.980554619322248047e+12	6.607310232208260335e+06
8.176516284082480102e-02	5.288868868732332438e+07	1.114677888492652130e+10	6.827888197142395508e+12	6.222023838222567923e+06
8.349794252136732986e-02	5.029176248604263365e+07	1.078067903037613106e+10	6.678116653748465820e+12	5.859568601242894307e+06
8.526744353061486981e-02	4.782093216741247475e+07	1.042594416012949753e+10	6.531085369783115234e+12	5.518085112608575262e+06
8.707444407251174745e-02	4.547074270662592351e+07	1.008233050415536118e+10	6.386784683172328125e+12	5.196452041252738796e+06
8.891973884281766105e-02	4.323663635028374940e+07	9.749628361230173111e+09	6.245210184217005859e+12	4.893759657649589702e+06
9.080413937860487561e-02	4.111345872890407592e+07	9.427556899865865707e+09	6.106329929511377930e+12	4.608938607831303030e+06
9.272847441516200717e-02	3.909338702746900171e+07	9.115548855236532211e+09	5.970025347066125000e+12	4.340602209292911924e+06
9.469359025046093781e-02	3.717196423392441124e+07	8.813339210867399216e+09	5.836265294677344727e+12	4.087859335099821910e+06
9.670035111734798239e-02	3.534549445697809756e+07	8.520793319904973030e+09	5.705065043780310547e+12	3.849988677202894352e+06
9.874963956362264872e-02	3.360965761560062319e+07	8.237618185837674141e+09	5.576385785781885742e+12	3.626154549692284781e+06
1.008423568401705106e-01	3.195812784002282843e+07	7.963339241568566322e+09	5.450124084633035156e+12	3.415257396074276417e+06
1.029794232973221257e-01	3.038726359622480348e+07	7.697715858248576164e+09	5.326250537949882812e+12	3.216608490464737173e+06
1.051617787896111378e-01	2.889406740494548529e+07	7.440633807669215202e+09	5.204782399539266602e+12	3.029656067635161337e+06
1.073903830891107247e-01	2.747492175088761374e+07	7.191814206775187492e+09	5.085668340245161133e+12	2.853698101288664155e+06
1.096662163075285135e-01	2.612471142850796506e+07	6.950854518358997345e+09	4.968821551312498047e+12	2.687924758211956825e+06
1.119902793272475605e-01	2.484046117847762257e+07	6.717532738126072884e+09	4.854208015273000000e+12	2.531759503852853552e+06
1.143635942415015677e-01	2.361973966538218781e+07	6.491740523188207626e+09	4.741840247252122070e+12	2.384780194818509743e+06
1.167872048038782751e-01	2.245952019674372673e+07	6.273250984454895973e+09	4.631682598452481445e+12	2.246450993543478660e+06
1.192621768873494831e-01	2.135566671146376804e+07	6.061691538272030830e+09	4.523646924572438477e+12	2.116103186147010420e+06
1.217895989530276418e-01	2.030574842557355016e+07	5.856880894200886726e+09	4.417708326111019531e+12	1.993321029179626377e+06
1.243705825288575900e-01	1.930779264284521714e+07	5.658711511089874268e+09	4.313871074193767090e+12	1.877745423532520654e+06
1.270062626984522769e-01	1.835926934057850391e+07	5.466989880573049545e+09	4.212105139455517090e+12	1.768971016505530337e+06
1.296977986002878502e-01	1.745683419388395548e+07	5.281365249148279190e+09	4.112314704673949707e+12	1.666464192356785992e+06
1.324463739374786009e-01	1.659850127730508521e+07	5.101703926798997879e+09	4.014492734279260742e+12	1.569897700321106939e+06
1.352531974983535168e-01	1.578266974516567029e+07	4.927894726063858986e+09	3.918633964285195801e+12	1.479004647766376846e+06
1.381195036880665805e-01	1.500722639042345248e+07	4.759772269640092850e+09	3.824716629527589355e+12	1.393444534747470636e+06
1.410465530714722360e-01	1.426946736164294928e+07	4.597028300024643898e+09	3.732651089989204102e+12	1.312812233019604813e+06
1.440356329275057634e-01	1.356776960153514519e+07	4.439544712342225075e+09	3.642426601064596680e+12	1.236854798767404864e+06
1.470880578153118678e-01	1.290083431506567635e+07	4.287215010722609520e+09	3.554033253682131348e+12	1.165345918274564669e+06
1.502051701523716420e-01	1.226689766030867212e+07	4.139894238164759636e+09	3.467453827845386719e+12	1.098035686543411575e+06
1.533883408048797858e-01	1.166377345061785728e+07	3.997311995445918083e+09	3.382605128251303711e+12	1.034590932810868137e+06
1.566389696906345663e-01	1.109013574529429339e+07	3.859372057804775238e+09	3.299484833482779297e+12	9.748251302575552836e+05
1.599584863947036695e-01	1.054493005694586225e+07	3.725977929097307682e+09	3.218081829154575195e+12	9.185578217855569674e+05
1.633483507981373095e-01	1.002668541342311166e+07	3.596989448603001118e+09	3.138367973983796875e+12	8.655837742497196887e+05
1.668100537200059019e-01	9.533634229673927650e+06	3.472172562339714527e+09	3.060267236429874512e+12	8.156546103143062210e+05
1.703451175730422984e-01	9.064693321797709912e+06	3.351442302391531467e+09	2.983778530098947754e+12	7.686131126120445551e+05
1.739550970331800450e-01	8.619006319337004796e+06	3.234718272916939259e+09	2.908896081017559082e+12	7.243240220998234581e+05
1.776415797232799298e-01	8.195347403850679286e+06	3.121874251512571812e+09	2.835595261301272949e+12	6.826260286843251670e+05
1.814061869113461622e-01	7.792287444426277652e+06	3.012704356045231342e+09	2.763802289863118164e+12	6.433167736812068615e+05
1.852505742235391883e-01	7.408941587686520070e+06	2.907125966811548710e+09	2.693508733369925293e+12	6.062820076287406264e+05
1.891764323722997243e-01	7.044614199107071385e+06	2.805076713214445591e+09	2.624715146425640137e+12	5.714117007440080633e+05
1.931854878999012814e-01	6.698284442540360615e+06	2.706437601818132401e+09	2.557395732891066406e+12	5.385751545454970328e+05
1.972795039377621684e-01	6.368796853059443645e+06	2.611036295533461094e+09	2.491490122104693359e+12	5.076215082115265541e+05
2.014602809818480389e-01	6.055428622217718512e+06	2.518791829913520336e+09	2.426982287574196777e+12	4.784517107454268844e+05
2.057296576845067948e-01	5.757614520911892876e+06	2.429653673451301098e+09	2.363874406804862305e+12	4.509888433407405391e+05
2.100895116630852322e-01	5.474504990874219686e+06	2.343509782471866608e+09	2.302137239152077637e+12	4.251233559973161318e+05
2.145417603256798700e-01	5.205165833329150453e+06	2.260217388052627563e+09	2.241722931876302246e+12	4.007389222362719011e+05
2.190883617143895290e-01	4.949006633225428872e+06	2.179698536239287376e+09	2.182611826460977295e+12	3.777595621731609572e+05
2.237313153664367560e-01	4.705567978063243441e+06	2.101913277452147722e+09	2.124808285938829102e+12	3.561213963199554128e+05
2.284726631935388719e-01	4.474143318225072697e+06	2.026752809193936348e+09	2.068276926027651367e+12	3.357384189574340708e+05
2.333144903799153069e-01	4.253977354381328449e+06	1.954100868688802242e+09	2.012980218658087402e+12	3.165231426151935593e+05
2.382589262993237145e-01	4.044587828033229802e+06	1.883885541346650362e+09	1.958898240422140869e+12	2.984103979941576836e+05
2.433081454515323150e-01	3.845601210968195926e+06	1.816075013536839724e+09	1.906037314936569336e+12	2.813573379408433102e+05
2.484643684186368384e-01	3.656430275861186441e+06	1.750566880747482538e+09	1.854359663596801270e+12	2.652900155617762939e+05
2.537298628416438939e-01	3.476464354490899015e+06	1.687259604482646942e+09	1.803829870081692871e+12	2.501400686790450418e+05
2.591069444177515613e-01	3.305309546480967198e+06	1.626093109373891830e+09	1.754431820916732422e+12	2.358605252761434531e+05
2.645979779187619951e-01	3.142662067389592528e+06	1.567037395960295439e+09	1.706170406759178467e+12	2.224127589000112202e+05
2.702053782310787078e-01	2.988034146780471317e+06	1.510003373665339231e+09	1.659011784827873291e+12	2.097418598949970328e+05
2.759316114177428059e-01	2.840932054521995597e+06	1.454898593033336163e+09	1.612918997459721191e+12	1.977935167412791343e+05
2.817791958029755572e-01	2.701034057896271814e+06	1.401675206406983614e+09	1.567881669067663574e+12	1.865301138197361142e+05
2.877507030797054055e-01	2.568093051870185882e+06	1.350299314473269701e+09	1.523897707930050781e+12	1.759217160935973225e+05
2.938487594405665426e-01	2.441704083270157222e+06	1.300698161500274658e+09	1.480941380612920898e+12	1.659249317055995925e+05
3.000760467328633108e-01	2.321467974634663668e+06	1.252787982489454746e+09	1.438974656960676758e+12	1.564965542700866354e+05
3.064353036380134121e-01	2.207121959238323849e+06	1.206525109695707798e+09	1.397986544523912842e+12	1.476083992355187074e+05
3.129293268759847368e-01	2.098464943722508382e+06	1.161885252085835695e+09	1.357981377775952148e+12	1.392358182467689912e+05
3.195609724352570513e-01	1.995160951252606465e+06	1.118797449288190365e+09	1.318927162320689453e+12	1.313445826041277032e+05
3.263331568288500573e-01	1.896887238949035760e+06	1.077192263886754274e+09	1.280792869987396729e+12	1.239021286657057935e+05
3.332488583769670498e-01	1.803429201956439530e+06	1.037029518558511734e+09	1.243567194025660889e+12	1.168841002594980382e+05
3.403111185168231634e-01	1.714623140619982500e+06	9.982906344420347214e+08	1.207255078957000244e+12	1.102734398214136309e+05
3.475230431402304698e-01	1.630190462422961835e+06	9.609061704140462875e+08	1.171818470651068604e+12	1.040417504746568738e+05
3.548878039595292910e-01	1.549870217014571186e+06	9.248191113082358837e+08	1.137234124688547852e+12	9.816260894808424928e+04
3.624086399024666338e-01	1.473487141229384579e+06	8.899976396218420267e+08	1.103494045981055420e+12	9.261953793754584331e+04
3.700888585366366446e-01	1.400907931965747382e+06	8.564159449493305683e+08	1.070591640359925781e+12	8.739645476882207731e+04
3.779318375241043637e-01	1.331901703642811626e+06	8.240230398991330862e+08	1.038506643298148926e+12	8.247211525515966059e+04
3.859410261068597081e-01	1.266257464144303929e+06	7.927641770602098703e+08	1.007209250484575562e+12	7.782657561278286448e+04
3.941199466237500504e-01	1.203832087901584571e+06	7.626081266666493416e+08	9.766883266622966309e+11	7.344485031146075926e+04
4.024721960595590287e-01	1.144516979289547307e+06	7.335410624510724545e+08	9.469498789382210693e+11	6.931628542747932079e+04
4.110014476269163164e-01	1.088120900314369937e+06	7.055087815006241798e+08	9.179616597556843262e+11	6.542313498403348785e+04
4.197114523817274123e-01	1.034473244866671390e+06	6.784673196303490400e+08	8.897018982363234863e+11	6.174953230794771662e+04
4.286060408728412652e-01	9.834571357737834333e+05	6.523923943478361368e+08	8.621647612191853027e+11	5.828439305090934795e+04
4.376891248266767120e-01	9.349840772255676566e+05	6.272641884250090122e+08	8.353437123757176514e+11	5.501892495571709151e+04
4.469646988675492483e-01	8.888957506675533950e+05	6.030411489989740849e+08	8.092188765018326416e+11	5.193898185515290970e+04
4.564368422744575216e-01	8.450542023607846349e+05	5.796832290964156389e+08	7.837669270422913818e+11	4.903234601621698675e+04
4.661097207750954374e-01	8.033639941075167153e+05	5.571659258727444410e+08	7.589775523260718994e+11	4.629021449503397162e+04
4.759875883778879602e-01	7.637529795835636323e+05	5.354779752314620614e+08	7.348542765288164062e+11	4.370576023305603303e+04
4.860747892428489703e-01	7.260901661861651810e+05	5.145767900876178145e+08	7.113689445603039551e+11	4.126754692769134999e+04
4.963757595920870180e-01	6.902639960609441623e+05	4.944299625049905181e+08	6.885044078845064697e+11	3.896629170377046103e+04
5.068950296608012440e-01	6.561965411765208701e+05	4.750174065405381918e+08	6.662525150856791992e+11	3.679501723852460418e+04
5.176372256896176749e-01	6.238289611401999136e+05	4.563255337312783599e+08	6.446107956611212158e+11	3.474799693735472101e+04
5.286070719591531297e-01	5.930529299219485838e+05	4.383191815766943097e+08	6.235556847675585938e+11	3.281667513016508747e+04
5.398093928676924724e-01	5.637782296116797952e+05	4.209690390412305593e+08	6.030690343821958008e+11	3.099340853900518778e+04
5.512491150528981976e-01	5.359412328033891972e+05	4.042573929857388735e+08	5.831431117754810791e+11	2.927272169142976418e+04
5.629312695584811621e-01	5.094939318123027915e+05	3.881726465910232067e+08	5.637757071324084473e+11	2.765040337079731034e+04
5.748609940467923618e-01	4.843467920604448300e+05	3.726838731186476350e+08	5.449464379650480347e+11	2.611936797437385758e+04
5.870435350582976497e-01	4.604268482798541081e+05	3.577659767116495371e+08	5.266388808622684937e+11	2.467375077138039705e+04
5.994842503189414806e-01	4.376821511208309676e+05	3.434025184828056693e+08	5.088445564473049316e+11	2.330921903779923377e+04
6.121886110964055439e-01	4.160735167451165617e+05	3.295849793345991969e+08	4.915639171999881592e+11	2.202256242914154063e+04
6.251622046063020077e-01	3.955269799196855165e+05	3.162843076964119077e+08	4.747750138242586670e+11	2.080789517856841121e+04
6.384107364693620834e-01	3.759835239800317213e+05	3.034795422235487700e+08	4.584640759368831787e+11	1.966084023533268555e+04
6.519400332206916060e-01	3.574007366331769153e+05	2.911560625551910996e+08	4.426226544913347778e+11	1.857793621265710681e+04
6.657560448722088520e-01	3.397466222901743604e+05	2.793066148392788172e+08	4.272514986173408203e+11	1.755658468841295326e+04
6.798648475293831428e-01	3.229601101782203768e+05	2.679052796878947616e+08	4.123294714220177002e+11	1.659219963242510494e+04
6.942726460634290886e-01	3.069934607797866338e+05	2.569342766569029391e+08	3.978447967924812622e+11	1.568133815806088751e+04
7.089857768401280902e-01	2.918120498247168725e+05	2.463805595304473042e+08	3.837888091426506958e+11	1.482119813026743577e+04
7.240107105064845783e-01	2.773897403303686879e+05	2.362373628518699408e+08	3.701602578278966675e+11	1.400978847862836119e+04
7.393540548364295750e-01	2.636761344892853522e+05	2.264817052880338430e+08	3.569386306055614624e+11	1.324347770611357555e+04
7.550225576368376768e-01	2.506326106962797639e+05	2.170980549644598663e+08	3.441126851396779785e+11	1.251953197936170363e+04
7.710231097151263313e-01	2.382309036869680858e+05	2.080757060286356509e+08	3.316760740815320435e+11	1.183576082122001208e+04
7.873627479097432547e-01	2.264496542077753984e+05	1.994081609285425544e+08	3.196268948378720093e+11	1.119059697377351586e+04
8.040486581848822478e-01	2.152472934510454943e+05	1.910758022972484529e+08	3.079478854861777954e+11	1.058114436410445160e+04
8.210881787907730045e-01	2.045925721828818496e+05	1.830652168140322268e+08	2.966286553426904297e+11	1.000525029751555303e+04
8.384888034909533383e-01	1.944624178809453733e+05	1.753667772388311327e+08	2.856625493325804443e+11	9.461190484586535604e+03
8.562581848579297050e-01	1.848393634784690803e+05	1.679752206734455228e+08	2.750488070709529419e+11	8.947757094037977367e+03
8.744041376386801900e-01	1.756891529313171341e+05	1.608729392041206956e+08	2.647705370633126526e+11	8.462616209120480562e+03
8.929346421914835519e-01	1.669864869320614380e+05	1.540485556036020517e+08	2.548186180986687927e+11	8.004085141318718343e+03
9.118578479955742333e-01	1.587125355478939018e+05	1.474937672141662538e+08	2.451870646280260620e+11	7.570807804186729300e+03
9.311820772351820930e-01	1.508530130831684510e+05	1.412030216160338521e+08	2.358717647124693909e+11	7.161807072481085015e+03
9.509158284595223831e-01	1.433796948731826269e+05	1.351613254056960344e+08	2.268578043473298035e+11	6.775255779102908491e+03
9.710677803203476843e-01	1.362721038839328976e+05	1.293586903893631101e+08	2.181364841616796570e+11	6.409803846091190280e+03
9.916467953887124764e-01	1.295148706975274108e+05	1.237879481507906169e+08	2.097021055857698975e+11	6.064421754611120377e+03
1.012661924052612461e+00	1.230963068109775631e+05	1.184445086912710071e+08	2.015527495953661194e+11	5.738288298499147459e+03
1.034122408497234025e+00	1.169931694746614521e+05	1.133154495762799382e+08	1.936749279025968628e+11	5.429999484809524802e+03
1.056037686769547568e+00	1.111888814638048352e+05	1.083918827609812170e+08	1.860603633873765564e+11	5.138441500262207228e+03
1.078417396929040706e+00	1.056708984376918670e+05	1.036679414019468129e+08	1.787045423570499268e+11	4.862843650496564806e+03
1.101271381286411888e+00	1.004296531605725759e+05	9.913959213408906758e+07	1.716056110225002747e+11	4.602543364349663534e+03
1.124609690732098155e+00	9.544601616716140416e+04	9.479517999698895216e+07	1.647501704444691772e+11	4.356398075030424479e+03
1.148442589156521310e+00	9.070656412499939324e+04	9.062724678468598425e+07	1.581301080566488037e+11	4.123584183409813704e+03
1.172780557964020254e+00	8.620105872815390467e+04	8.663003640749002993e+07	1.517394994182602539e+11	3.903435326221165269e+03
1.197634300682437924e+00	8.192166646523719828e+04	8.280021571700409055e+07	1.455767752301229553e+11	3.695454202865063962e+03
1.223014747670394531e+00	7.785265190957259620e+04	7.912782815230922401e+07	1.396303129425356445e+11	3.498737900198161697e+03
1.248933060924324545e+00	7.398314261312260351e+04	7.560646244186806679e+07	1.338936022741092224e+11	3.312612401748972843e+03
1.275400638987373769e+00	7.030478298648455529e+04	7.223164476064881682e+07	1.283626225895602112e+11	3.136587181009949290e+03
1.302429121962336289e+00	6.681115622264493140e+04	6.900018544973388314e+07	1.230352285835463409e+11	2.970246421665440721e+03
1.330030396630823342e+00	6.348932681872232206e+04	6.590341789563336223e+07	1.179009852231446686e+11	2.812850691600332539e+03
1.358216601680917401e+00	6.033048558343196783e+04	6.293597969941998273e+07	1.129536952813775787e+11	2.663916805620896412e+03
1.387000133045610317e+00	5.732781310299949837e+04	6.009345965702079982e+07	1.081878346633769073e+11	2.523013941607384822e+03
1.416393649354382722e+00	5.447605254836237873e+04	5.737292752292824537e+07	1.036006667026471710e+11	2.389820981925976866e+03
1.446410077500298819e+00	5.176457550392314442e+04	5.476725217393913120e+07	9.918359274956027222e+10	2.263767577364711542e+03
1.477062618325094778e+00	4.918624217315494025e+04	5.227157609980653971e+07	9.493084693320361328e+10	2.144437809055943035e+03
1.508364752424737887e+00	4.673548712255891587e+04	4.988250991042526066e+07	9.083897590487527466e+10	2.031520604341226544e+03
1.540330246078020826e+00	4.440800242060799064e+04	4.759772657427291572e+07	8.690626298504318237e+10	1.924762906083510643e+03
1.572973157300799230e+00	4.219506082017797598e+04	4.541080322765941173e+07	8.312426053971672058e+10	1.823692090033101294e+03
1.606307842028519950e+00	4.009087309307872056e+04	4.331749583115063608e+07	7.948697423554576111e+10	1.727986874086163198e+03
1.640348960429783842e+00	3.809089708025679283e+04	4.131468633050471544e+07	7.599030656671228027e+10	1.637395811573055198e+03
1.675111483353698638e+00	3.619160216838707856e+04	3.940027397484102100e+07	7.263224462532690430e+10	1.551727390536813573e+03
1.710610698913865635e+00	3.438582629140668723e+04	3.756869119708003104e+07	6.940513423421835327e+10	1.470598560027312942e+03
1.746862219211904321e+00	3.266887322330163079e+04	3.581656400927922875e+07	6.630481776096646881e+10	1.393755129393485504e+03
1.783881987203444153e+00	3.103703593964099855e+04	3.414145969829183072e+07	6.332866787314888763e+10	1.321003845584219562e+03
1.821686283709640364e+00	2.948742036158133124e+04	3.254151906663803384e+07	6.047483864188763428e+10	1.252183628575129433e+03
1.860291734577268707e+00	2.801415285875598420e+04	3.101175846648744494e+07	5.773548819936851501e+10	1.186989044069744750e+03
1.899715317990559260e+00	2.661342173083695525e+04	2.954912421009246260e+07	5.510591230759460449e+10	1.125222727052758046e+03
1.939974371937992492e+00	2.528220129252928746e+04	2.815147577747601271e+07	5.258354479788142395e+10	1.066729729937123466e+03
1.981086601837313665e+00	2.401811954274746677e+04	2.681720167938696966e+07	5.016663962621491241e+10	1.011381168216370384e+03
2.023070088322156401e+00	2.281636233736246868e+04	2.554223493817583472e+07	4.784923719896974945e+10	9.589324883358939360e+02
2.065943295193674256e+00	2.167383411171354237e+04	2.432420249726852775e+07	4.562825838967961884e+10	9.092284102594818478e+02
2.109725077540682392e+00	2.058806511448639139e+04	2.316118361440072954e+07	4.350104798231384277e+10	8.621432544543382619e+02
2.154434690031884259e+00	1.955711139164134875e+04	2.205153087964014709e+07	4.146467346203210449e+10	8.175784071117233225e+02
2.200091795383838367e+00	1.857702991971181109e+04	2.099173013379786164e+07	3.951362733458609009e+10	7.753390301247330854e+02
2.246716473008353532e+00	1.764530492537353348e+04	1.997972039449699223e+07	3.764503102094355011e+10	7.352995080364360092e+02
2.294329227843169949e+00	1.675992018325092067e+04	1.901393927208507806e+07	3.585688491368864441e+10	6.973598292371744947e+02
2.342950999369765697e+00	1.591928304942213072e+04	1.809322166079493612e+07	3.414786894428118515e+10	6.614401591558795417e+02
2.392603170822269476e+00	1.512016614412181298e+04	1.721458912381849438e+07	3.251305429492047501e+10	6.273877228235719485e+02
2.443307578591545681e+00	1.436052327876359232e+04	1.637606549181935750e+07	3.094882281136088181e+10	5.951011260279293538e+02
2.495086521828544068e+00	1.363870822349750051e+04	1.557621994101815298e+07	2.945299095241928482e+10	5.644977506429153209e+02
2.547962772251191943e+00	1.295341665993569768e+04	1.481403361711890809e+07	2.802427519132353210e+10	5.355136577498128645e+02
2.601959584159102334e+00	1.230200893497608922e+04	1.408709097055777907e+07	2.665890418978824615e+10	5.080269608112300830e+02
2.657100704660517732e+00	1.168281923845597885e+04	1.339394994761975296e+07	2.535477938913136292e+10	4.819600860751629057e+02
2.713410384115983121e+00	1.109450316571535950e+04	1.273327894489620626e+07	2.410939779199608612e+10	4.572488477709525796e+02
2.770913386803353973e+00	1.053599313157474353e+04	1.210403846933270805e+07	2.292084014640776443e+10	4.338402695747321332e+02
2.829635001808795014e+00	1.000513188808519772e+04	1.150416185768800415e+07	2.178572565131296539e+10	4.116353103107291531e+02
2.889601054148607684e+00	9.500561834531899876e+03	1.093242450277784467e+07	2.070221153099296951e+10	3.905713743944614862e+02
2.950837916126738403e+00	9.021184775249579616e+03	1.038786683219527267e+07	1.966892993614344025e+10	3.705976719337750183e+02
3.013372518932980082e+00	8.566127495340742826e+03	9.869668896032439545e+06	1.868449008515187836e+10	3.516727838315179042e+02
3.077232364486974792e+00	8.133628573288029656e+03	9.375898032263150439e+06	1.774504769897025299e+10	3.337161469256954547e+02
3.142445537533192557e+00	7.722580181815004835e+03	8.905513008364316076e+06	1.684894439795220184e+10	3.166778920846169854e+02
3.209040717992251324e+00	7.332084952739127402e+03	8.457705114101031795e+06	1.599498855353383255e+10	3.005175213971254493e+02
3.277047193573979555e+00	6.961429323321583070e+03	8.031858885938190855e+06	1.518235253918915367e+10	2.852022434034331013e+02
3.346494872657771680e+00	6.609176462783270836e+03	7.626436790665384382e+06	1.440816195464772034e+10	2.706682947547074605e+02
3.417414297445926952e+00	6.274421037636333494e+03	7.240409817660668865e+06	1.367028507906941605e+10	2.568748390825045931e+02
3.489836657395697816e+00	5.956429505892906491e+03	6.873064067068716511e+06	1.296754522581723785e+10	2.437891191643674631e+02
3.563793802936028321e+00	5.654619355564228499e+03	6.523880875752583146e+06	1.229921400583180618e+10	2.313851090415479348e+02
3.639318259474964901e+00	5.367819919771731293e+03	6.191677252418947406e+06	1.166330718379853439e+10	2.196123495498062539e+02
3.716443241703908829e+00	5.095290041416089480e+03	5.875602745354767889e+06	1.105808048488781357e+10	2.084374719328866377e+02
3.795202668205029717e+00	4.836429842158188876e+03	5.574967244244462810e+06	1.048210458599725151e+10	1.978331999826133938e+02
3.875631176368202979e+00	4.590764290542904746e+03	5.289320942507046275e+06	9.934682297003177643e+09	1.877785662172302352e+02
3.957764137624104617e+00	4.357340981557234045e+03	5.017685864309116267e+06	9.414157903494209290e+09	1.782331840621724837e+02
4.041637673000112230e+00	4.135551878461258639e+03	4.759442129459438846e+06	8.919478918880277634e+09	1.691710476862610903e+02
4.127288669005872102e+00	3.924906176887190213e+03	4.513956630028879270e+06	8.449188338087966919e+09	1.605704474749418580e+02
4.214754793855508552e+00	3.725016884388236122e+03	4.280813216041066684e+06	8.002506033459156990e+09	1.524146133174869817e+02
4.304074514033643162e+00	3.535110623456479971e+03	4.059205285082604270e+06	7.578051049484751701e+09	1.446712181011606333e+02
4.395287111212434539e+00	3.354687293497146129e+03	3.848632911688213237e+06	7.175017697484896660e+09	1.373193523372357276e+02
4.488432699527177050e+00	3.183345104065591840e+03	3.648602755450628698e+06	6.792345976691939354e+09	1.303411634622733857e+02
4.583552243217979161e+00	3.020769097296461496e+03	3.458716494677778799e+06	6.429145583156486511e+09	1.237224135373009517e+02
4.680687574645305382e+00	2.866332772237662994e+03	3.278304308259461541e+06	6.084237964519530296e+09	1.174370893387041264e+02
4.779881412687339015e+00	2.719623546908031130e+03	3.106949932306129485e+06	5.756951376038092613e+09	1.114681527306902211e+02
4.881177381527165515e+00	2.580312341526049750e+03	2.944284536666993517e+06	5.446584024437659264e+09	1.058018235542928238e+02
4.984620029838152888e+00	2.448142862540601072e+03	2.789939110920132138e+06	5.152223543293160439e+09	1.004269363692741166e+02
5.090254850375883322e+00	2.322609349346742874e+03	2.643360557704865932e+06	4.872874655656827927e+09	9.532276741108830720e+01
5.198128299985286915e+00	2.203370114419881702e+03	2.504201288576778490e+06	4.607974156924386024e+09	9.047546752437681050e+01
5.308287820031761584e+00	2.090155482257956464e+03	2.372167996056641918e+06	4.356993614687815666e+09	8.587386120072741846e+01
5.420781857265304815e+00	1.982756859387636723e+03	2.246943790950220544e+06	4.119129273218290329e+09	8.150824277371927451e+01
5.535659885126738011e+00	1.880767711727476581e+03	2.128077034406238236e+06	3.893553970150444508e+09	7.736196910842073748e+01
5.652972425505520704e+00	1.783903880226124784e+03	2.015276293846952962e+06	3.679793439886000156e+09	7.342361853075483680e+01
5.772771070958623518e+00	1.691944222159000446e+03	1.908300464857393876e+06	3.477415305817214489e+09	6.968425102292668782e+01
5.895108507400270703e+00	1.604718633744896351e+03	1.806883057079656050e+06	3.285737747895816326e+09	6.613654832049219578e+01
6.020038537272556667e+00	1.521902562288353465e+03	1.710661295284812106e+06	3.104094953686046600e+09	6.276747807402669110e+01
6.147616103207036886e+00	1.443258248346852952e+03	1.619392006756360875e+06	2.932094556001582146e+09	5.956766176520403633e+01
6.277897312187818990e+00	1.368604302159348663e+03	1.532869008976414800e+06	2.769348930535989285e+09	5.652967083497448186e+01
6.410939460226692255e+00	1.297801509348851823e+03	1.450869646792375017e+06	2.615287688460388184e+09	5.364700605077043605e+01
6.546801057561175696e+00	1.230593148106373974e+03	1.373112410849637119e+06	2.469409321010231972e+09	5.090936883146576264e+01
6.685541854386596761e+00	1.166778918161158117e+03	1.299393288715424947e+06	2.331387948309171677e+09	4.830889922952330551e+01
6.827222867133428963e+00	1.106209988191859793e+03	1.229520926532359794e+06	2.200815671310884953e+09	4.583954357838823768e+01
6.971906405301561804e+00	1.048771712976842082e+03	1.163324340945770033e+06	2.077278689726005793e+09	4.349655130139771586e+01
7.119656098863218929e+00	9.942637189324962037e+02	1.100589597454788629e+06	1.960410075536311865e+09	4.127209055531692172e+01
7.270536926246596643e+00	9.425158720319730037e+02	1.041140882583997562e+06	1.849923152708431959e+09	3.915953240554533465e+01
7.424615242912579127e+00	8.934060324924984116e+02	9.848005039949598722e+05	1.745400166318383455e+09	3.715345336806149845e+01
7.581958810536977289e+00	8.468388764638631301e+02	9.314424715142953210e+05	1.646566659958065987e+09	3.524977790787585263e+01
7.742636826811277295e+00	8.026610652290780763e+02	8.809098382323723054e+05	1.553170141890861273e+09	3.344253568940476384e+01
7.906719955874896399e+00	7.607266792724468587e+02	8.330374390023014275e+05	1.464906459470937252e+09	3.172597771458632465e+01
8.074280359392364659e+00	7.209354800077496748e+02	7.876726192886113422e+05	1.381408324296913862e+09	3.009593971605848495e+01
8.245391728289099831e+00	6.832071166206864063e+02	7.447245220935930265e+05	1.302507807209031105e+09	2.854933929744273513e+01
8.420129315159766037e+00	6.474277354303336551e+02	7.040825489675244316e+05	1.228039794028776169e+09	2.708187935211726582e+01
8.598569967363353328e+00	6.134707686945513387e+02	6.655810194841845660e+05	1.157651846821422338e+09	2.568817706208248097e+01
8.780792160819700598e+00	5.812539644125732821e+02	6.291043273599187378e+05	1.091083088852883101e+09	2.436462202582605840e+01
8.966876034522190508e+00	5.507083511272062424e+02	5.945880892807183554e+05	1.028243238703156233e+09	2.310862813344715860e+01
9.156903425781846906e+00	5.217534399069837718e+02	5.619446524189057527e+05	9.689782018301086426e+08	2.191709697943678847e+01
9.350957906218383187e+00	4.942780312269089222e+02	5.310174576643295586e+05	9.129370043126096725e+08	2.078545991163690587e+01
9.549124818513869073e+00	4.682146795346575345e+02	5.017315755414160667e+05	8.599843245244243145e+08	1.971114742654321361e+01
9.751491313945386707e+00	4.435038015287665871e+02	4.740326927108751843e+05	8.100463438770735264e+08	1.869197656855190814e+01
9.958146390713055851e+00	4.200903442447071825e+02	4.478413061375207035e+05	7.629423755319623947e+08	1.772548287762904451e+01
1.016918093308028581e+01	3.978782062012463143e+02	4.230334584817550494e+05	7.184147117250735760e+08	1.680755818615908836e+01
1.038468775134352740e+01	3.768111016758692244e+02	3.995593528677232098e+05	6.763988371993905306e+08	1.593613855073986763e+01
1.060476162264905220e+01	3.568388811753478080e+02	3.773593443675537128e+05	6.367793597980332375e+08	1.510928058595742485e+01
1.082949933267470577e+01	3.379205727554323175e+02	3.563647900437854114e+05	5.993866732387994528e+08	1.432527797696145022e+01
1.105899971819510696e+01	3.199798109253403027e+02	3.364992176511015277e+05	5.640998051181567907e+08	1.358122844975302357e+01
1.129336371054865928e+01	3.029668939647323214e+02	3.177105457946244278e+05	5.308308859567144513e+08	1.287518938486185505e+01
1.153269438002595848e+01	2.868400309323197348e+02	2.999316512261594180e+05	4.994191770359275341e+08	1.220515142920863205e+01
1.177709698119876869e+01	2.715663268299649644e+02	2.831292786625062581e+05	4.698104606481957436e+08	1.156983381721022752e+01
1.202667899920963279e+01	2.570897120343564097e+02	2.672473046460642363e+05	4.419154163019520640e+08	1.096710312972480494e+01
1.228155019704247053e+01	2.433643655702766182e+02	2.522194995423317305e+05	4.155862006045164466e+08	1.039507285832230110e+01
1.254182266379493349e+01	2.303556861282978616e+02	2.380051256787076418e+05	3.907448390828805566e+08	9.852422187748681282e+00
1.280761086397376225e+01	2.180349264964562792e+02	2.245807099114225712e+05	3.673641721867522597e+08	9.338137346526727001e+00
1.307903168783481007e+01	2.063657772047273511e+02	2.118942763354506751e+05	3.453296147116757631e+08	8.850538775015914794e+00
1.335620450278989146e+01	1.953044194496598891e+02	1.998926067686911265e+05	3.245370480195431709e+08	8.387752518661379497e+00
1.363925120590300821e+01	1.848223464260694016e+02	1.885528557003161404e+05	3.049606364336289167e+08	7.948769006727874675e+00
1.392829627749924271e+01	1.748937270789937486e+02	1.778360229610289971e+05	2.865121980225794315e+08	7.532517312924786879e+00
1.422346683590943783e+01	1.654966029904482241e+02	1.677139824911891483e+05	2.691343117060447931e+08	7.138157025711205250e+00
1.452489269337533528e+01	1.565922458177716692e+02	1.581516710028535745e+05	2.527773697326273024e+08	6.764246824484627219e+00
1.483270641313931115e+01	1.481557693658458561e+02	1.491130261435820721e+05	2.373622370961746573e+08	6.409600045858835138e+00
1.514704336774399174e+01	1.401653827680846689e+02	1.405706963070853672e+05	2.228340521403169036e+08	6.073250199521798898e+00
1.546804179856737527e+01	1.326033299613500844e+02	1.325113537740627653e+05	2.091791253464983702e+08	5.754588306853232638e+00
1.579584287661962527e+01	1.254439940576464068e+02	1.249001107436770690e+05	1.963242024610008001e+08	5.452566278055929416e+00
1.613059076462826624e+01	1.186622330117016730e+02	1.177065473302079045e+05	1.842103554860305786e+08	5.166195126821798489e+00
1.647243268043913034e+01	1.122399958168820717e+02	1.109168279635326762e+05	1.728225204840330482e+08	4.894838608907999600e+00
1.682151896176083383e+01	1.061607680946329424e+02	1.045044897491576121e+05	1.621002655472547114e+08	4.637637168027013423e+00
1.717800313228151410e+01	1.004106474443028674e+02	9.845506905370437016e+04	1.520187513140940368e+08	4.394015210852978193e+00
1.754204196918641045e+01	9.496615422741025725e+01	9.274590776024278603e+04	1.425425914917703271e+08	4.163085726821878829e+00
1.791379557210657580e+01	8.981124978221930633e+01	8.735336750877079612e+04	1.336203533602379262e+08	3.944181914342820061e+00
1.829342743352862044e+01	8.493199646123824209e+01	8.226366593985415238e+04	1.252296394301957488e+08	3.736801091774252015e+00
1.868110451069663469e+01	8.031594170975466795e+01	7.746562643750561983e+04	1.173542249554923922e+08	3.540464217420826287e+00
1.907699729903783492e+01	7.595101982156600684e+01	7.293876789866686158e+04	1.099468970357071161e+08	3.354495128518820479e+00
1.948127990714428748e+01	7.181921578408262974e+01	6.866823162654419139e+04	1.029884164845043868e+08	3.178229838540544083e+00
1.989413013334363711e+01	6.790899160615016683e+01	6.463915734919109673e+04	9.644918261964684725e+07	3.011209990717657714e+00
2.031572954389253738e+01	6.420954454404110834e+01	6.083750346384783916e+04	9.030099869830146432e+07	2.853012074185360625e+00
2.074626355282718393e+01	6.071098801779680798e+01	5.725573584993296390e+04	8.453511002376124263e+07	2.703292691506414602e+00
2.118592150350598402e+01	5.740440871973959958e+01	5.388049957533997804e+04	7.912276413902887702e+07	2.561579635913002306e+00
2.163489675188052530e+01	5.427560602203910634e+01	5.069688134185994568e+04	7.403850075901030004e+07	2.427266691276348975e+00
2.209338675153079734e+01	5.131590764115032499e+01	4.769665218933294818e+04	6.926940141896761954e+07	2.300046359371070270e+00
2.256159314050291798e+01	4.851690064016769810e+01	4.486748059159234981e+04	6.478950528789903969e+07	2.179567807073214070e+00
2.303972182998693796e+01	4.587081655184093876e+01	4.220307764425847563e+04	6.059051916440007836e+07	2.065568792457596281e+00
2.352798309487394945e+01	4.337088492345337443e+01	3.969517797326039727e+04	5.665666612416863441e+07	1.957726086595236614e+00
2.402659166623228870e+01	4.100700274696885117e+01	3.733140519653175579e+04	5.296447773505292088e+07	1.855557080178913854e+00
2.453576682574353285e+01	3.877184119811541052e+01	3.510568360387805296e+04	4.950572988648100942e+07	1.758806711054259120e+00
2.505573250213976877e+01	3.665885299565708522e+01	3.300853688337194035e+04	4.626085235893184692e+07	1.667205478550303877e+00
2.558671736968459953e+01	3.466185757971086900e+01	3.103467349862684932e+04	4.322226311500748247e+07	1.580543974038901567e+00
2.612895494874115698e+01	3.277506686803521774e+01	2.917732436393171156e+04	4.037757648327861726e+07	1.498545743300665700e+00
2.668268370847132687e+01	3.099349604624427457e+01	2.742992126705540068e+04	3.771385315002357960e+07	1.420951975759050523e+00
2.724814717171165412e+01	2.930957742856864101e+01	2.578577527335735067e+04	3.522133963150516152e+07	1.347487921531103972e+00
2.782559402207125743e+01	2.771833595735708045e+01	2.423787116380363659e+04	3.288595873430642486e+07	1.277949733488993322e+00
2.841527821329990999e+01	2.621495567524540249e+01	2.278231958657594078e+04	3.070241886919331178e+07	1.212179919143039575e+00
2.901745908097360527e+01	2.479486739722689137e+01	2.141304369444645636e+04	2.865893868810361251e+07	1.149936285922060542e+00
2.963240145654703639e+01	2.345376307727595133e+01	2.012541492302716870e+04	2.674752927238061279e+07	1.091020602787511562e+00
3.026037578382308624e+01	2.218777495755432483e+01	1.891628277817519847e+04	2.496383638070352003e+07	1.035304920995946176e+00
3.090165823789054755e+01	2.099259894976696117e+01	1.777928484634496999e+04	2.329508268059895933e+07	9.826075090372878851e-01
3.155653084658241525e+01	1.986388225386793493e+01	1.671103777452784925e+04	2.173687496623208746e+07	9.327744144295154749e-01
3.222528161450811979e+01	1.879810414347777581e+01	1.570692522220097635e+04	2.028046628588478640e+07	8.856146704295450034e-01
3.290820464971425707e+01	1.779191650871254637e+01	1.476379640787716380e+04	1.892091313808244839e+07	8.409851625135597031e-01
3.360560029302952501e+01	1.684213849621366066e+01	1.387786262362442358e+04	1.765140255641764402e+07	7.987653692809834061e-01
3.431777525015100849e+01	1.594574788581066827e+01	1.304577511114527078e+04	1.646613394834378734e+07	7.588456838221202538e-01
3.504504272652905428e+01	1.509987692708324047e+01	1.226522661881779459e+04	1.536193365010838769e+07	7.211210535392260645e-01
3.578772256511129513e+01	1.430180736419227472e+01	1.153212364663512926e+04	1.433076219125145115e+07	6.854223587817944718e-01
3.654614138700539883e+01	1.354897989922291579e+01	1.084466205515544971e+04	1.337045228327538073e+07	6.516663387320037470e-01
3.732063273512289925e+01	1.283898809338279001e+01	1.019961133310402511e+04	1.247498030616220832e+07	6.197564456684651057e-01
3.811153722086707774e+01	1.216925273074035907e+01	9.594598889957591382e+03	1.164073300671996176e+07	5.896021063978807986e-01
3.891920267392951160e+01	1.153757513519284572e+01	9.027288825160481792e+03	1.086383266558119468e+07	5.610974741258125675e-01
3.974398429526115706e+01	1.094188924526952356e+01	8.495221617473354854e+03	1.013995129559529014e+07	5.341338962499055931e-01
4.058624481328516254e+01	1.038023677100492392e+01	7.996543712068211789e+03	9.466228060463538393e+06	5.086453766821276146e-01
4.144635464342010778e+01	9.850763417164102975e+00	7.529075360816817920e+03	8.838884797928489745e+06	4.845630819576303150e-01
4.232469205098434628e+01	9.351712767438350227e+00	7.091199316102020930e+03	8.255473400281368755e+06	4.618173591394271749e-01
4.322164331755172384e+01	8.881422849525961283e+00	6.680925904357821310e+03	7.712557255439146422e+06	4.403177067061580519e-01
4.413760291083362119e+01	8.438321514124979217e+00	6.296857783985065907e+03	7.208062962355777621e+06	4.200009758420271133e-01
4.507297365816076251e+01	8.020922142005687761e+00	5.937231097278045127e+03	6.738983022112909704e+06	4.008107900753725139e-01
4.602816692364147144e+01	7.627819397798347723e+00	5.600654759410747829e+03	6.303130711384704337e+06	3.826989496839952598e-01
4.700360278907441369e+01	7.257685197569719193e+00	5.285726979242343987e+03	5.898259223768697120e+06	3.656004449389871902e-01
4.799971023869517950e+01	6.909263854696046536e+00	4.991090725608371940e+03	5.522164714019167237e+06	3.494516359456629750e-01
4.901692734783804895e+01	6.581369060057664200e+00	4.715607931287911015e+03	5.173116192715073936e+06	3.342082120143351487e-01
5.005570147559598126e+01	6.272879203079271271e+00	4.458024816991683110e+03	4.849067427056767046e+06	3.198286108377005887e-01
5.111648946156338980e+01	5.982761441928566626e+00	4.217342975021662824e+03	4.548497957957734354e+06	3.062740714616050131e-01
5.219975782674825382e+01	5.710187789377696888e+00	3.992701726494948161e+03	4.270051299421234988e+06	2.935037193200339956e-01
5.330598297874255564e+01	5.454160830997428100e+00	3.782974938500881763e+03	4.011909000250359066e+06	2.814652084872434346e-01
5.443565142123959077e+01	5.213766857456861636e+00	3.587427728326327724e+03	3.773076232802551705e+06	2.701299387257645179e-01
5.558925996799251124e+01	4.988150967400092561e+00	3.404959253807264759e+03	3.551709901342087425e+06	2.594617948412891173e-01
5.676731596130657209e+01	4.776505637592787679e+00	3.234936447320083516e+03	3.346968977906608023e+06	2.494331116998865228e-01
5.797033749516177181e+01	4.578064818822292992e+00	3.076507403449779304e+03	3.157517986274937633e+06	2.400033044613673894e-01
5.919885364306400533e+01	4.392349273364740903e+00	2.929090182292563895e+03	2.982401160066416021e+06	2.311461593842384366e-01
6.045340469072480261e+01	4.218870887657365287e+00	2.792363760792088215e+03	2.821235375705434941e+06	2.228496804099284467e-01
6.173454237367209174e+01	4.056800459414006355e+00	2.665305496932748156e+03	2.672385819019929972e+06	2.150769595137158319e-01
6.304283011989645757e+01	3.905466405207063563e+00	2.547365468172216879e+03	2.535119271371479612e+06	2.078037856714636256e-01
6.437884329763940627e+01	3.764704839758669763e+00	2.438373457824387060e+03	2.409160742048469838e+06	2.010243738987109174e-01
6.574316946843353549e+01	3.634067230917743530e+00	2.337727971037624684e+03	2.293527866213850211e+06	1.947101077911541356e-01
6.713640864550379206e+01	3.512760749608959898e+00	2.244783304203473108e+03	2.187378680102672428e+06	1.888318269519730364e-01
6.855917355764610477e+01	3.400867788142856174e+00	2.159576137533837937e+03	2.090712371838848339e+06	1.833959940596744387e-01
7.001208991869765441e+01	3.297856897592942538e+00	2.081480181064963745e+03	2.002566128370651742e+06	1.783794232269480806e-01
7.149579670271769771e+01	3.203314427231526818e+00	2.010130642690533705e+03	1.922440904669014970e+06	1.737662778803300834e-01
7.301094642500031284e+01	3.117336111825754319e+00	1.945612877018173094e+03	1.850427579914533067e+06	1.695649116128714884e-01
7.455820542904223203e+01	3.039330816333992935e+00	1.887312349911456522e+03	1.785639570894306526e+06	1.657460411151101265e-01
7.613825417959219521e+01	2.969485587184163666e+00	1.835306971750740104e+03	1.728098867042595753e+06	1.623173474066850752e-01
7.775178756191070306e+01	2.907504913458653917e+00	1.789317647912185521e+03	1.677411274325391743e+06	1.592685593444618242e-01
7.939951518737163383e+01	2.853251992102819212e+00	1.749195358664323521e+03	1.633344647991725709e+06	1.565962637719868489e-01
8.108216170554010205e+01	2.807096339153531961e+00	1.715211550829761791e+03	1.596195256438701646e+06	1.543189629245753369e-01
8.280046712286477373e+01	2.768764637554527841e+00	1.687051535866210315e+03	1.565487084392708261e+06	1.524257493291026055e-01
8.455518712812224180e+01	2.738421594108756185e+00	1.664795614043100613e+03	1.541259799327620538e+06	1.509258656326183112e-01
8.634709342475994731e+01	2.716357928788115661e+00	1.648634681158303010e+03	1.523694692844277248e+06	1.498344467033883853e-01
8.817697407028136070e+01	2.702906125052475073e+00	1.638792154643628464e+03	1.513010067909045843e+06	1.491686390635608706e-01
9.004563382282356088e+01	2.698468226481110843e+00	1.635546965237100267e+03	1.509489732103551971e+06	1.489489051904744621e-01
9.195389449507966617e+01	2.703567507330507880e+00	1.639275874870993448e+03	1.513534913856542902e+06	1.492013826904747820e-01
9.390259531572145590e+01	2.718900303706375254e+00	1.650495844741524024e+03	1.525716271562835900e+06	1.499602481531539522e-01
9.589259329848152902e+01	2.745333751255858434e+00	1.669862551146972464e+03	1.546771912682415918e+06	1.512676431437977032e-01
9.792476361905691817e+01	2.783888099218259971e+00	1.698156264097025542e+03	1.577589866359179607e+06	1.531728965130429720e-01
