# Data associated with arXiv:2208.14002
# 
# Scale-free velocity distribution, f(E), of a nfw1-0rhos8e6 dark matter distribution (see Eq. 2.7 and the surrounding discussion)
# 
# Published: 8/25/22, Jack Runburg and Kenny Kiriu, contact: runburg@hawaii.edu
# 
# 
# -----------------------------------------------------------------
# 
# 	 tilde E 		 | 		 tilde f
# 
# -----------------------------------------------------------------
4.999966666916665389e-06	2.710225876253606319e+09
5.084478379848520133e-06	2.606054956391376019e+09
5.170418538380237103e-06	2.503191118151989937e+09
5.257811286247489841e-06	2.402248490844067097e+09
5.346681175254475793e-06	2.305159454527122021e+09
5.437053172170461109e-06	2.210593613075391769e+09
5.528952665743044882e-06	2.119908148168603182e+09
5.622405473829764064e-06	2.032944041975148201e+09
5.717437850650368380e-06	1.949547467299123049e+09
5.814076494161556732e-06	1.869571886190745354e+09
5.912348553556311299e-06	1.792877536499458075e+09
6.012281636890092608e-06	1.719330488001800537e+09
6.113903818835718394e-06	1.648801241109916449e+09
6.217243648569482587e-06	1.581165027704775810e+09
6.322330157790336408e-06	1.516303758654259443e+09
6.429192868874767520e-06	1.454103912519114971e+09
6.537861803169358463e-06	1.394456077598255873e+09
6.648367489423461276e-06	1.337254926246710062e+09
6.760740972364509928e-06	1.282400581228117228e+09
6.875013821418025459e-06	1.229797246072832584e+09
6.991218139575197122e-06	1.179351856567767143e+09
7.109386572410078358e-06	1.130975765645576715e+09
7.229552317249357952e-06	1.084584496862693787e+09
7.351749132496946804e-06	1.040096467417665839e+09
7.476011347116110273e-06	9.974337441578845978e+08
7.602373870271986220e-06	9.565215681728056669e+08
7.730872201136798597e-06	9.172874488703435659e+08
7.861542438860996313e-06	8.796627600729990005e+08
7.994421292712631486e-06	8.435819479356100559e+08
8.129546092388319461e-06	8.089813614599330425e+08
8.266954798498142129e-06	7.757999760299160480e+08
8.406686013227985160e-06	7.439798987872252464e+08
8.548778991181851114e-06	7.134654380603920221e+08
8.693273650407367130e-06	6.842028144246451855e+08
8.840210583607773705e-06	6.561405337243081331e+08
8.989631069543074562e-06	6.292293849529361725e+08
9.141577084624118599e-06	6.034223371252145767e+08
9.296091314702276993e-06	5.786740269784935713e+08
9.453217167058613503e-06	5.549408235443894863e+08
9.612998782595416028e-06	5.321812090665975809e+08
9.775481048233723190e-06	5.103553597947067618e+08
9.940709609520515284e-06	4.894248724228073359e+08
1.010873088344859859e-05	4.693529118679058552e+08
1.027959207149342332e-05	4.501042882720776796e+08
1.045334117286983528e-05	4.316453749545393586e+08
1.063002699801310167e-05	4.139436905737827420e+08
1.080969918228750567e-05	3.969680446233922839e+08
1.099240819992653692e-05	3.806887678465451598e+08
1.117820537820882136e-05	3.650773021289849877e+08
1.136714291187321589e-05	3.501062045740488768e+08
1.155927387777779437e-05	3.357492348742213845e+08
1.175465224980613839e-05	3.219811635037479401e+08
1.195333291402578298e-05	3.087778291212551594e+08
1.215537168410254933e-05	2.961160922776371241e+08
1.236082531697525195e-05	2.839737083121984005e+08
1.256975152879548660e-05	2.723293952395094037e+08
1.278220901113630196e-05	2.611627298045561016e+08
1.299825744747511860e-05	2.504540791475353539e+08
1.321795752995467803e-05	2.401846410321269631e+08
1.344137097642753938e-05	2.303364116792982519e+08
1.366856054778823194e-05	2.208921491042849123e+08
1.389959006559822183e-05	2.118352665844605565e+08
1.413452443000885472e-05	2.031498408336679041e+08
1.437342963798667918e-05	1.948206377531487644e+08
1.461637280184707133e-05	1.868330688806662560e+08
1.486342216810048756e-05	1.791731148109220564e+08
1.511464713661749462e-05	1.718273153676158190e+08
1.537011828011726139e-05	1.647827955531017482e+08
1.562990736398520920e-05	1.580272039615601897e+08
1.589408736642576378e-05	1.515486751005261540e+08
1.616273249895500106e-05	1.453358424048916101e+08
1.643591822723999556e-05	1.393778135917248130e+08
1.671372129228959242e-05	1.336641338116740584e+08
1.699621973200365411e-05	1.281847780277177989e+08
1.728349290308593824e-05	1.229301403023198992e+08
1.757562150332706111e-05	1.178909955008314103e+08
1.787268759426421128e-05	1.130585041925420612e+08
1.817477462422304780e-05	1.084241924654096216e+08
1.848196745174931501e-05	1.039799259513541460e+08
1.879435236943567596e-05	9.971791321305683255e+07
1.911201712815146941e-05	9.563068092558911443e+07
1.943505096168135325e-05	9.171105509187519550e+07
1.976354461178003762e-05	8.795215538828441501e+07
2.009759035365054134e-05	8.434739667557008564e+07
2.043728202185218871e-05	8.089046020283102989e+07
2.078271503664673591e-05	7.757527338142195344e+07
2.113398643078881015e-05	7.439602381155255437e+07
2.149119487676938607e-05	7.134713961931854486e+07
2.185444071451891654e-05	6.842327280412104726e+07
2.222382597957828299e-05	6.561929276303691417e+07
2.259945443174592069e-05	6.293028093731617182e+07
2.298143158420802039e-05	6.035152560582519323e+07
2.336986473316135082e-05	5.787850394372732192e+07
2.376486298793558662e-05	5.550687721381022781e+07
2.416653730162493697e-05	5.323248815275602788e+07
2.457500050223656920e-05	5.105134846357186884e+07
2.499036732436496882e-05	4.895963286750788242e+07
2.541275444140161076e-05	4.695367484871109575e+07
2.584228049828771092e-05	4.502995577634442598e+07
2.627906614482085254e-05	4.318510261395500600e+07
2.672323406952309370e-05	4.141588294036091119e+07
2.717490903408167601e-05	3.971919312071200460e+07
2.763421790837073341e-05	3.809205811756871641e+07
2.810128970606421306e-05	3.653162712238051742e+07
2.857625562085062336e-05	3.503516365307885408e+07
2.905924906325835707e-05	3.360004381413112581e+07
2.955040569810354992e-05	3.222375256009757891e+07
3.004986348256928359e-05	3.090387720498156175e+07
3.055776270492842870e-05	2.963810408615745977e+07
3.107424602391961469e-05	2.842421455058138072e+07
3.159945850878786966e-05	2.726008071420841664e+07
3.213354768000181271e-05	2.614366256718936190e+07
3.267666355065716646e-05	2.507300314122588560e+07
3.322895866858017631e-05	2.404622587720795721e+07
3.379058815914069431e-05	2.306153172728694603e+07
3.436170976878883234e-05	2.211719491512991488e+07
3.494248390932582350e-05	2.121156050686770678e+07
3.553307370292206147e-05	2.034304143368177488e+07
3.613364502789559918e-05	1.951011594888657331e+07
3.674436656526227426e-05	1.871132454096983001e+07
3.736540984607252474e-05	1.794526741973454133e+07
3.799694929954593365e-05	1.721060259786164016e+07
3.863916230201919628e-05	1.650604288633571193e+07
3.929222922671936179e-05	1.583035391874380596e+07
3.995633349437695205e-05	1.518235205744743533e+07
4.063166162469399425e-05	1.456090188386824355e+07
4.131840328867923901e-05	1.396491487726036273e+07
4.201675136186785710e-05	1.339334731445500255e+07
4.272690197843771037e-05	1.284519786731975526e+07
4.344905458624000492e-05	1.231950640366671607e+07
4.418341200275753338e-05	1.181535226387791522e+07
4.493018047200704733e-05	1.133185244266769662e+07
4.568956972240246990e-05	1.086816016856856085e+07
4.646179302559299591e-05	1.042346361346437782e+07
4.724706725629517504e-05	9.996984068485982716e+06
4.804561295313286925e-05	9.587974530082849786e+06
4.885765438050504076e-05	9.195718886346375570e+06
4.968341959149553272e-05	8.819530501042049378e+06
5.052314049184557140e-05	8.458750783007778227e+06
5.137705290500395853e-05	8.112748056956587359e+06
5.224539663827518096e-05	7.780916552627592348e+06
5.312841555008319825e-05	7.462675455439121462e+06
5.402635761836880425e-05	7.157467753910434432e+06
5.493947501014186737e-05	6.864759192403844558e+06
5.586802415220507831e-05	6.584037515151150525e+06
5.681226580307127569e-05	6.314811479525967501e+06
5.777246512609308585e-05	6.056609886456577107e+06
5.874889176382569358e-05	5.808980873095858842e+06
5.974181991364382470e-05	5.571491208861565217e+06
6.075152840463267969e-05	5.343725343043704517e+06
6.177830077577675227e-05	5.125284770442130975e+06
6.282242535546537078e-05	4.915787393004637212e+06
6.388419534233940450e-05	4.714866677819622681e+06
6.496390888750069685e-05	4.522171166787302122e+06
6.606186917810706832e-05	4.337363863726247102e+06
6.717838452237692454e-05	4.160121506262450479e+06
6.831376843602559397e-05	3.990134120452533942e+06
6.946833973016001236e-05	3.827104458024019375e+06
7.064242260065327545e-05	3.670747422256045043e+06
7.183634671902636821e-05	3.520789629205984529e+06
7.305044732486104498e-05	3.376968913167369552e+06
7.428506531976992219e-05	3.239033818284681067e+06
7.554054736295056326e-05	3.106743236589130946e+06
7.681724596834820786e-05	2.979865932278516237e+06
7.811551960345769290e-05	2.858180131858918816e+06
7.943573278978744183e-05	2.741473169607113581e+06
8.077825620501836014e-05	2.629541098516589962e+06
8.214346678688167923e-05	2.522188319086025935e+06
8.353174783878771891e-05	2.419227264230278321e+06
8.494348913723383937e-05	2.320478051681243349e+06
8.637908704102024591e-05	2.225768172313579824e+06
8.783894460230737896e-05	2.134932184040576220e+06
8.932347167954070668e-05	2.047811427162844688e+06
9.083308505228021698e-05	1.964253744623634964e+06
9.236820853796081927e-05	1.884113224512063898e+06
9.392927311062019375e-05	1.807249920436885208e+06
9.551671702162569267e-05	1.733529634040749399e+06
9.713098592243203351e-05	1.662823664029398002e+06
9.877253298940824632e-05	1.595008579718664987e+06
1.004418190507626741e-04	1.529966013700295938e+06
1.021393127156075515e-04	1.467582449315597070e+06
1.038654905051929363e-04	1.407749016260574572e+06
1.056208369863511666e-04	1.350361309034943348e+06
1.074058449071861317e-04	1.295319205744819948e+06
1.092210153350457638e-04	1.242526680422044126e+06
1.110668577968167560e-04	1.191891645066591213e+06
1.129438904215777852e-04	1.143325784491749946e+06
1.148526400856553816e-04	1.096744399462630274e+06
1.167936425601170578e-04	1.052066264337312430e+06
1.187674426607472058e-04	1.009213484012110508e+06
1.207745944005445107e-04	9.681113500773940468e+05
1.228156611447842603e-04	9.286882147826672299e+05
1.248912157686886903e-04	8.908753711547476705e+05
1.270018408177465497e-04	8.546069212223819923e+05
1.291481286707312599e-04	8.198196692121811211e+05
1.313306817054566019e-04	7.864530080354212550e+05
1.335501124673205522e-04	7.544488143586331280e+05
1.358070438406815692e-04	7.237513444117056206e+05
1.381021092231148463e-04	6.943071371931768954e+05
1.404359527025981331e-04	6.660649232490727445e+05
1.428092292376724178e-04	6.389755324036164675e+05
1.452226048406331444e-04	6.129918084200456506e+05
1.476767567637959021e-04	5.880685261898036115e+05
1.501723736888928296e-04	5.641623130411290331e+05
1.527101559196495804e-04	5.412315730744797038e+05
1.552908155775968710e-04	5.192364129112907103e+05
1.579150768011707646e-04	4.981385731924754218e+05
1.605836759481537907e-04	4.779013623171710060e+05
1.632973618015188849e-04	4.584895899630560307e+05
1.660568957787249159e-04	4.398695066620431608e+05
1.688630521445276544e-04	4.220087454197549960e+05
1.717166182273617808e-04	4.048762645728881471e+05
1.746183946393538571e-04	3.884422932911310345e+05
1.775691955000281469e-04	3.726782793383893440e+05
1.805698486637626087e-04	3.575568393912655301e+05
1.836211959510650757e-04	3.430517112290674704e+05
1.867240933837241033e-04	3.291377076699172612e+05
1.898794114239063123e-04	3.157906726258298731e+05
1.930880352172620004e-04	3.029874391961611691e+05
1.963508648401065951e-04	2.907057880639312789e+05
1.996688155507472557e-04	2.789244089840483502e+05
2.030428180450184826e-04	2.676228650818932219e+05
2.064738187161059644e-04	2.567815550475008786e+05
2.099627799187183731e-04	2.463816800688914664e+05
2.135106802376891821e-04	2.364052101520430006e+05
2.171185147610761351e-04	2.268348535725847178e+05
2.207872953578353967e-04	2.176540259245546767e+05
2.245180509601469850e-04	2.088468213345145050e+05
2.283118278504634498e-04	2.003979849120777799e+05
2.321696899533706737e-04	1.922928855666544987e+05
2.360927191323271214e-04	1.845174909607742738e+05
2.400820154913739133e-04	1.770583428024657187e+05
2.441386976818912900e-04	1.699025329967079160e+05
2.482639032144876088e-04	1.630376818553998310e+05
2.524587887761063892e-04	1.564519158229129680e+05
2.567245305524329911e-04	1.501338469471503049e+05
2.610623245556987246e-04	1.440725529722675565e+05
2.654733869579571702e-04	1.382575583603131818e+05
2.699589544299391001e-04	1.326788159192798194e+05
2.745202844855641148e-04	1.273266892123134603e+05
2.791586558322111289e-04	1.221919358458797506e+05
2.838753687268419216e-04	1.172656913595956867e+05
2.886717453380665491e-04	1.125394535963018570e+05
2.935491301142636469e-04	1.080050679109032353e+05
2.985088901578362855e-04	1.036547130621814722e+05
3.035524156057246500e-04	9.948088754494585737e+04
3.086811200162599997e-04	9.547639628742588684e+04
3.138964407624783592e-04	9.163433836566950777e+04
3.191998394319943378e-04	8.794809475111993379e+04
3.245928022335382922e-04	8.441131726164594875e+04
3.300768404102812992e-04	8.101791652632005571e+04
3.356534906600379289e-04	7.776205229339821381e+04
3.413243155624835876e-04	7.463812287557523814e+04
3.470909040134793487e-04	7.164075539544691856e+04
3.529548716666380619e-04	6.876479641341415117e+04
3.589178613822402138e-04	6.600530297867969784e+04
3.649815436836249295e-04	6.335753403659421019e+04
3.711476172211778703e-04	6.081694213474175194e+04
3.774178092440349098e-04	5.837916552428268187e+04
3.837938760796410186e-04	5.604002043578161101e+04
3.902776036212757564e-04	5.379549402988624206e+04
3.968708078236900076e-04	5.164173739206717437e+04
4.035753352069784239e-04	4.957505843898044259e+04
4.103930633688248350e-04	4.759191594253762014e+04
4.173259015052585932e-04	4.568891320443946461e+04
4.243757909400526040e-04	4.386279213664551935e+04
4.315447056629209059e-04	4.211042753153028025e+04
4.388346528766370099e-04	4.042882178774108615e+04
4.462476735532370955e-04	3.881509952210240590e+04
4.537858429994455923e-04	3.726650267453028209e+04
4.614512714314750988e-04	3.578038569860865391e+04
4.692461045593572522e-04	3.435421090941792500e+04
4.771725241809475536e-04	3.298554414412929327e+04
4.852327487857809843e-04	3.167205046840403156e+04
4.934290341689138819e-04	3.041149016197213132e+04
5.017636740549350372e-04	2.920171484402348869e+04
5.102390007322968237e-04	2.804066360715678820e+04
5.188573856981406988e-04	2.692635965969278186e+04
5.276212403137819310e-04	2.585690671208392087e+04
5.365330164710311982e-04	2.483048574881417153e+04
5.455952072695193205e-04	2.384535188119131635e+04
5.548103477052123691e-04	2.289983130611536035e+04
5.641810153702900808e-04	2.199231837273620113e+04
5.737098311645750376e-04	2.112127287972421254e+04
5.833994600186936724e-04	2.028521730108950214e+04
5.932526116291626317e-04	1.948273430178776471e+04
6.032720412055894710e-04	1.871246423983888235e+04
6.134605502301789361e-04	1.797310282821119836e+04
6.238209872297490952e-04	1.726339886270459465e+04
6.343562485604500910e-04	1.658215206334463437e+04
6.450692792053947661e-04	1.592821098807214912e+04
6.559630735854016280e-04	1.530047105053396444e+04
6.670406763830648289e-04	1.469787258537557682e+04
6.783051833803593238e-04	1.411939904414460216e+04
6.897597423100013028e-04	1.356407520386028227e+04
7.014075537207746644e-04	1.303096550833092624e+04
7.132518718570551169e-04	1.251917243193283321e+04
7.252960055527524338e-04	1.202783493257231203e+04
7.375433191398972441e-04	1.155612696636731744e+04
7.499972333721088239e-04	1.110325605248837928e+04
7.626612263631753642e-04	1.066846191590669514e+04
7.755388345409922881e-04	1.025101514567360027e+04
7.886336536170855411e-04	9.850216012225355371e+03
8.019493395719871085e-04	9.465393127471859771e+03
8.154896096566942396e-04	9.095902405683124016e+03
8.292582434104725855e-04	8.741125908027359401e+03
8.432590836952606403e-04	8.400470763248247749e+03
8.574960377469322253e-04	8.073368169756263342e+03
8.719730782436861151e-04	7.759272396059718631e+03
8.866942443918196526e-04	7.457659851917305787e+03
9.016636430291738837e-04	7.168028184009451252e+03
9.168854497465110708e-04	6.889895407538987456e+03
9.323639100271108142e-04	6.622799078811399340e+03
9.481033404048684089e-04	6.366295499210730668e+03
9.641081296411751610e-04	6.119958948686383337e+03
9.803827399208868421e-04	5.883380957360533102e+03
9.969317080676515491e-04	5.656169603581523916e+03
1.013759646778922881e-03	5.437948836196473167e+03
1.030871245880940435e-03	5.228357830993993957e+03
1.048271273603998324e-03	5.027050374179675600e+03
1.065964577878302259e-03	4.833694255624093785e+03
1.083956087650744153e-03	4.647970715640969502e+03
1.102250814222902791e-03	4.469573888406142032e+03
1.120853852610594536e-03	4.298210277868369303e+03
1.139770382925316258e-03	4.133598251276491283e+03
1.159005671777897477e-03	3.975467567889894326e+03
1.178565073704708260e-03	3.823558905959273943e+03
1.198454032616761344e-03	3.677623416038046344e+03
1.218678083272056734e-03	3.537422312667409642e+03
1.239242852771515503e-03	3.402726440427310536e+03
1.260154062078868396e-03	3.273315912224879412e+03
1.281417527564838142e-03	3.148979696795405744e+03
1.303039162576007104e-03	3.029515291405957669e+03
1.325024979028716771e-03	2.914728360276803414e+03
1.347381089028385067e-03	2.804432399814426390e+03
1.370113706514614667e-03	2.698448432315062746e+03
1.393229148932475896e-03	2.596604691333012397e+03
1.416733838930358006e-03	2.498736330619135060e+03
1.440634306084765705e-03	2.404685145803321120e+03
1.464937188652478328e-03	2.314299302821904348e+03
1.489649235350457663e-03	2.227433080972553853e+03
1.514777307163920955e-03	2.143946622433587436e+03
1.540328379182981551e-03	2.063705697347109890e+03
1.566309542468285023e-03	1.986581474113978402e+03
1.592728005946055132e-03	1.912450301522097334e+03
1.619591098332963603e-03	1.841193497014730383e+03
1.646906270091287507e-03	1.772697147457788560e+03
1.674681095414752834e-03	1.706851916209853243e+03
1.702923274245530432e-03	1.643552852943006428e+03
1.731640634322816931e-03	1.582699226571088275e+03
1.760841133263454277e-03	1.524194338436772796e+03
1.790532860675051905e-03	1.467945374940441070e+03
1.820724040302044815e-03	1.413863242361700713e+03
1.851423032205189731e-03	1.361862415330668227e+03
1.882638334974937174e-03	1.311860797963115147e+03
1.914378587979173596e-03	1.263779580367579911e+03
1.946652573645797852e-03	1.217543107544886425e+03
1.979469219780630521e-03	1.173078752100081829e+03
2.012837601921134856e-03	1.130316791805325920e+03
2.046766945726440513e-03	1.089190291907836126e+03
2.081266629404178534e-03	1.049634992490491868e+03
2.116346186174620277e-03	1.011589201143812716e+03
2.152015306772636118e-03	9.749936885477098940e+02
2.188283841987973335e-03	9.397915899198945908e+02
2.225161805244380529e-03	9.059283084406052922e+02
2.262659375218096375e-03	8.733514252157743840e+02
2.300786898496226182e-03	8.420106100019756923e+02
2.339554892275523199e-03	8.118575379066464848e+02
2.378974047102136707e-03	7.828458103424683259e+02
2.419055229652839964e-03	7.549308717623022176e+02
2.459809485558280516e-03	7.280699420123389700e+02
2.501248042268815371e-03	7.022219419067010904e+02
2.543382311963456217e-03	6.773474225144459524e+02
2.586223894502510164e-03	6.534085051398760697e+02
2.629784580424420794e-03	6.303688134116024457e+02
2.674076353987432739e-03	6.081934140345782680e+02
2.719111396256591526e-03	5.868487597110517981e+02
2.764902088236675416e-03	5.663026329691581395e+02
2.811461014051608743e-03	5.465240924628217272e+02
2.858800964170942187e-03	5.274834222370731140e+02
2.906934938683986783e-03	5.091520821002010280e+02
2.955876150622129862e-03	4.915026606190515963e+02
3.005638029329979130e-03	4.745088297347546700e+02
3.056234223885872202e-03	4.581453017088473416e+02
3.107678606572350077e-03	4.423877868722375410e+02
3.159985276397182623e-03	4.272129541119970781e+02
3.213168562665521134e-03	4.125983920801954810e+02
3.267243028603802890e-03	3.985225726444058409e+02
3.322223475035931180e-03	3.849648156742334209e+02
3.378124944112401249e-03	3.719052545309615425e+02
3.434962723092902133e-03	3.593248041163616904e+02
3.492752348183018451e-03	3.472051295064013630e+02
3.551509608425611111e-03	3.355286157063190444e+02
3.611250549647474547e-03	3.242783393576792719e+02
3.671991478461853354e-03	3.134380405872822166e+02
3.733748966327428941e-03	3.029920969123772352e+02
3.796539853664322207e-03	2.929254979038743159e+02
3.860381254027754529e-03	2.832238204700717574e+02
3.925290558339900038e-03	2.738732053099946029e+02
3.991285439180562375e-03	2.648603352349255715e+02
4.058383855137193304e-03	2.561724127973740224e+02
4.126604055214891549e-03	2.477971398949954391e+02
4.195964583306927009e-03	2.397226980152471185e+02
4.266484282726319861e-03	2.319377290159860081e+02
4.338182300799122912e-03	2.244313166730474336e+02
4.411078093519890317e-03	2.171929698127710537e+02
4.485191430269911197e-03	2.102126044461186893e+02
4.560542398598765867e-03	2.034805286563352809e+02
4.637151409069718150e-03	1.969874261047826849e+02
4.715039200169507567e-03	1.907243418133322166e+02
4.794226843283010651e-03	1.846826674514969397e+02
4.874735747733349896e-03	1.788541279388323630e+02
4.956587665887910929e-03	1.732307680486744630e+02
5.039804698330780514e-03	1.678049396528851673e+02
5.124409299102074614e-03	1.625692899664325353e+02
5.210424281004633583e-03	1.575167495310743959e+02
5.297872820978583204e-03	1.526405212091274564e+02
5.386778465544102452e-03	1.479340692505100208e+02
5.477165136312965241e-03	1.433911093304387805e+02
5.569057135569160585e-03	1.390055983237045609e+02
5.662479151919060441e-03	1.347717249054088313e+02
5.757456266011490818e-03	1.306839004256408430e+02
5.854013956328057468e-03	1.267367502335058447e+02
5.952178105044143332e-03	1.229251051749749735e+02
6.051975003960772918e-03	1.192439935178047108e+02
6.153431360507820649e-03	1.156886332540054099e+02
6.256574303818693283e-03	1.122544245761266950e+02
6.361431390876852443e-03	1.089369429042399133e+02
6.468030612734359391e-03	1.057319316989454876e+02
6.576400400802664969e-03	1.026352965116592912e+02
6.686569633215858066e-03	9.964309770454042336e+01
6.798567641266498388e-03	9.675154519210589399e+01
6.912424215914129803e-03	9.395699234122368182e+01
7.028169614366678968e-03	9.125593030224655422e+01
7.145834566734678497e-03	8.864498260783156525e+01
7.265450282758440480e-03	8.612090023634117131e+01
7.387048458608112649e-03	8.368055644676140048e+01
7.510661283756599020e-03	8.132094203567049817e+01
7.636321447925318098e-03	7.903916084127563124e+01
7.764062148102538440e-03	7.683242530126085512e+01
7.893917095634299386e-03	7.469805228529934027e+01
8.025920523387616856e-03	7.263345889020138202e+01
8.160107192985705318e-03	7.063615897319857595e+01
8.296512402114996493e-03	6.870375872431667119e+01
8.435171991903543665e-03	6.683395367502323836e+01
8.576122354370468992e-03	6.502452503006159645e+01
8.719400439945918652e-03	6.327333635030281300e+01
8.865043765061114689e-03	6.157833040460351270e+01
9.013090419807901627e-03	5.993752607390847942e+01
9.163579075667151186e-03	5.834901546851983056e+01
9.316548993305355519e-03	5.681096109856344611e+01
9.472040030438669961e-03	5.532159313291830216e+01
9.630092649763596913e-03	5.387920685267526721e+01
9.790747926953367181e-03	5.248216008243117869e+01
9.954047558719158334e-03	5.112887081034489256e+01
1.012003387093506068e-02	4.981781514866191429e+01
1.028874982682569453e-02	4.854752449123110836e+01
1.046023903521530775e-02	4.731658394721096528e+01
1.063454575883707696e-02	4.612363022589219241e+01
1.081171492270131644e-02	4.496734942182952466e+01
1.099179212252098491e-02	4.384647531632479200e+01
1.117482363319323262e-02	4.275978755221672145e+01
1.136085641733512903e-02	4.170610980205199070e+01
1.154993813387194569e-02	4.068430821053389224e+01
1.174211714667623349e-02	3.969328968391602075e+01
1.193744253325563880e-02	3.873200048738053880e+01
1.213596409348752583e-02	3.779942454124802254e+01
1.233773235839833414e-02	3.689458221171972951e+01
1.254279859898513837e-02	3.601652876682999249e+01
1.275121483507743979e-02	3.516435325877387896e+01
1.296303384423637926e-02	3.433717706052865282e+01
1.317830917068892223e-02	3.353415277766983138e+01
1.339709513429422801e-02	3.275446299237975722e+01
1.361944683953933595e-02	3.199731927567553669e+01
1.384542018456121071e-02	3.126196092727964881e+01
1.407507187019186277e-02	3.054765409720148384e+01
1.430845940902345827e-02	2.985369072672514434e+01
1.454564113448984612e-02	2.917938758069886873e+01
1.478667620996094133e-02	2.852408535152207492e+01
1.503162463784624148e-02	2.788714781959558309e+01
1.528054726870357698e-02	2.726796089594164840e+01
1.553350581034908078e-02	2.666593191088291803e+01
1.579056283696397833e-02	2.608048879932575304e+01
1.605178179819399809e-02	2.551107932954082358e+01
1.631722702823676374e-02	2.495717042084676152e+01
1.658696375491229211e-02	2.441824742836504214e+01
1.686105810871183636e-02	2.389381348287400897e+01
1.713957713181971793e-02	2.338338884900855064e+01
1.742258878710317357e-02	2.288651028151345912e+01
1.771016196706413914e-02	2.240273055445906181e+01
1.800236650274783870e-02	2.193161772148631172e+01
1.829927317260179181e-02	2.147275474490979974e+01
1.860095371127933397e-02	2.102573880233173043e+01
1.890748081838112410e-02	2.059018100142510832e+01
1.921892816712816518e-02	2.016570564262736198e+01
1.953537041295945811e-02	1.975194997308014422e+01
1.985688320204717638e-02	1.934856361707894834e+01
2.018354317972221451e-02	1.895520829518121531e+01
2.051542799880247056e-02	1.857155718328865746e+01
2.085261632781609462e-02	1.819729470891072509e+01
2.119518785911173389e-02	1.783211622221081427e+01
2.154322331684740618e-02	1.747572724516090048e+01
2.189680446484955703e-02	1.712784378792124329e+01
2.225601411433347429e-02	1.678819140557801148e+01
2.262093613147580715e-02	1.645650516665768848e+01
2.299165544483017937e-02	1.613252929644066924e+01
2.336825805257599503e-02	1.581601688441658560e+01
2.375083102959067022e-02	1.550672958795325584e+01
2.413946253433498640e-02	1.520443735804988350e+01
2.453424181554127864e-02	1.490891819709824695e+01
2.493525921869353332e-02	1.461995788710696864e+01
2.534260619228828615e-02	1.433734976420533158e+01
2.575637529386515939e-02	1.406089445504620628e+01
2.617666019579523856e-02	1.379039968911634517e+01
2.660355569081528787e-02	1.352568006137590650e+01
2.703715769729560583e-02	1.326655682117896440e+01
2.747756326422884712e-02	1.301285767278076300e+01
2.792487057592713331e-02	1.276441661006476735e+01
2.837917895641372049e-02	1.252107358704226847e+01
2.884058887349634157e-02	1.228267463082585209e+01
2.930920194250789465e-02	1.204907135265359130e+01
2.978512092970045030e-02	1.182012094343697406e+01
3.026844975527814841e-02	1.159568596788651185e+01
3.075929349605400001e-02	1.137563422361520615e+01
3.125775838771575887e-02	1.115983854127438946e+01
3.176395182668485112e-02	1.094817667695300045e+01
3.227798237155331956e-02	1.074053118493597836e+01
3.279995974408198012e-02	1.053678906773332358e+01
3.332999482974389333e-02	1.033684205126023059e+01
3.386819967779610557e-02	1.014058603652748758e+01
3.441468750086272566e-02	9.947921153114895887e+00
3.496957267401194086e-02	9.758751625828683274e+00
3.553297073330955597e-02	9.572985598979066424e+00
3.610499837383043115e-02	9.390535049879606078e+00
3.668577344711040217e-02	9.211315623546331821e+00
3.727541495801962868e-02	9.035246484424471092e+00
3.787404306103847595e-02	8.862250403925852282e+00
3.848177905591713965e-02	8.692253232581640177e+00
3.909874538269933475e-02	8.525184331548256722e+00
3.972506561609074477e-02	8.360975868225892782e+00
4.036086445915171295e-02	8.199563137201488772e+00
4.100626773629474642e-02	8.040884342196353174e+00
4.166140238556613473e-02	7.884880356789780720e+00
4.232639645019087987e-02	7.731494735597098433e+00
4.300137906936056520e-02	7.580673574882542454e+00
4.368648046824279846e-02	7.432365411985025538e+00
4.438183194719144686e-02	7.286521109622995596e+00
4.508756587013564715e-02	7.143093763560533382e+00
4.580381565212707229e-02	7.002038589048848571e+00
4.653071574602301447e-02	6.863312863252175156e+00
4.726840162828389869e-02	6.726875740782619850e+00
4.801700978386347352e-02	6.592688248904537751e+00
4.877667769016994642e-02	6.460713142145150911e+00
4.954754380007499182e-02	6.330914808725919940e+00
5.032974752395113355e-02	6.203259220182935962e+00
5.112342921071228591e-02	6.077713785853779527e+00
5.192873012783884301e-02	5.954247282619901327e+00
5.274579244036276676e-02	5.832829831509888763e+00
5.357475918879224530e-02	5.713432718672387445e+00
5.441577426595459871e-02	5.596028372249328697e+00
5.526898239273405483e-02	5.480590277296194301e+00
5.613452909268592389e-02	5.367092878279024148e+00
5.701256066550250412e-02	5.255511540148925853e+00
5.790322415931339201e-02	5.145822440519467911e+00
5.880666734179674365e-02	5.038002533783614290e+00
5.972303867008228739e-02	4.932029459348977518e+00
6.065248725942719993e-02	4.827881489352531474e+00
6.159516285064247504e-02	4.725537474817701700e+00
6.255121577625441520e-02	4.624976774100113985e+00
6.352079692537829225e-02	4.526179210266687569e+00
6.450405770729054911e-02	4.429125015714099334e+00
6.550115001367814993e-02	4.333794765807303051e+00
6.651222617955018790e-02	4.240169362016787957e+00
6.753743894279565230e-02	4.148229976097482563e+00
6.857694140236988978e-02	4.057957993572349764e+00
6.963088697509772773e-02	3.969335001671639773e+00
7.069942935107607906e-02	3.882342731986194284e+00
7.178272244766617516e-02	3.796963044978773905e+00
7.288092036206052227e-02	3.713177898727968440e+00
7.399417732241425627e-02	3.630969281622495437e+00
7.512264763753227770e-02	3.550319261512031588e+00
7.626648564509948269e-02	3.471209924011064540e+00
7.742584565845038458e-02	3.393623299800336834e+00
7.860088191186698214e-02	3.317541468861811005e+00
7.979174850440370892e-02	3.242946446181778963e+00
8.099859934223080371e-02	3.169820195819753827e+00
8.222158807949754566e-02	3.098144609991111853e+00
8.346086805771056605e-02	3.027901556467760713e+00
8.471659224362840246e-02	2.959072795861223515e+00
8.598891316567583432e-02	2.891640021436547414e+00
8.727798284887720859e-02	2.825584852489037235e+00
8.858395274831830368e-02	2.760888809326404125e+00
8.990697368113878540e-02	2.697533339334690083e+00
9.124719575706830010e-02	2.635499817787020582e+00
9.260476830751233901e-02	2.574769507535826563e+00
9.397983981320226499e-02	2.515323630221018014e+00
9.537255783042432322e-02	2.457143332890712628e+00
9.678306891584087523e-02	2.400209682852882498e+00
9.821151854992610231e-02	2.344503711306721971e+00
9.965805105903202676e-02	2.290006357812544469e+00
1.011228095361119128e-01	2.236698576437727848e+00
1.026059357601223909e-01	2.184561249332929389e+00
1.041075701141321308e-01	2.133575251531917516e+00
1.056278515021687736e-01	2.083721439746285320e+00
1.071669172648314211e-01	2.034980668505463441e+00
1.087249030937078448e-01	1.987333800390419070e+00
1.103019429446278066e-01	1.940761718740486419e+00
1.118981689497965670e-01	1.895245334374335400e+00
1.135137113288462313e-01	1.850765598004854517e+00
1.151486982988499941e-01	1.807303517986769359e+00
1.168032559833485917e-01	1.764840155915716746e+00
1.184775083204328699e-01	1.723356655925069036e+00
1.201715769699404773e-01	1.682834243200699076e+00
1.218855812198147981e-01	1.643254242824953915e+00
1.236196378916892824e-01	1.604598079524625298e+00
1.253738612457518942e-01	1.566847297844840003e+00
1.271483628849536807e-01	1.529983571630972872e+00
1.289432516586287158e-01	1.493988705622441904e+00
1.307586335655874510e-01	1.458844656850834198e+00
1.325946116567603972e-01	1.424533526988775778e+00
1.344512859374574487e-01	1.391037593348160462e+00
1.363287532693251147e-01	1.358339297396955025e+00
1.382271072720732685e-01	1.326421261835739163e+00
1.401464382250547924e-01	1.295266293202512742e+00
1.420868329687815235e-01	1.264857413974362466e+00
1.440483748064565472e-01	1.235177804733390339e+00
1.460311434056170976e-01	1.206210900678941211e+00
1.480352146999694418e-01	1.177940309311888756e+00
1.500606607915155599e-01	1.150349891186234208e+00
1.521075498530579662e-01	1.123423715785007770e+00
1.541759460311819263e-01	1.097146078341122433e+00
1.562659093498143525e-01	1.071501513143272133e+00
1.583774956144528845e-01	1.046474788852340909e+00
1.605107563171734864e-01	1.022050917092641065e+00
1.626657385425112345e-01	9.982151526285542031e-01
1.648424848743269278e-01	9.749529963735638072e-01
1.670410333037571082e-01	9.522502037009492604e-01
1.692614171383580723e-01	9.300927678716992553e-01
1.715036649125532553e-01	9.084669533207794245e-01
1.737678002994863524e-01	8.873592718235708832e-01
1.760538420243978053e-01	8.667564918602156387e-01
1.783618037796258771e-01	8.466456388718198722e-01
1.806916941413511113e-01	8.270140002269196211e-01
1.830435164881882293e-01	8.078491169837159758e-01
1.854172689217392922e-01	7.891387958896792787e-01
1.878129441892205376e-01	7.708711000024229820e-01
1.902305296082681396e-01	7.530343541964018561e-01
1.926700069940402160e-01	7.356171347889979284e-01
1.951313525887157785e-01	7.186082915384577330e-01
1.976145369935097262e-01	7.019969137025851014e-01
2.001195251032997779e-01	6.857723643877537967e-01
2.026462760439835253e-01	6.699242535115473851e-01
2.051947431126611709e-01	6.544424514009250515e-01
2.077648737207511698e-01	6.393170730413917369e-01
2.103566093401439963e-01	6.245384958054788216e-01
2.129698854524842977e-01	6.100973357578596268e-01
2.156046315016901804e-01	5.959844732738862616e-01
2.182607708497935062e-01	5.821910223350059699e-01
2.209382207362031170e-01	5.687083488830143585e-01
2.236368922404732840e-01	5.555280519683416518e-01
2.263566902486664201e-01	5.426419834221980487e-01
2.290975134233963761e-01	5.300422246653323510e-01
2.318592541776249571e-01	5.177210925916283513e-01
2.346417986522962296e-01	5.056711380656666588e-01
2.374450266978720692e-01	4.938851414944318563e-01
2.402688118598469147e-01	4.823561086474084658e-01
2.431130213682974606e-01	4.710772686241582186e-01
2.459775161315311542e-01	4.600420712084655750e-01
2.488621507338916461e-01	4.492441811944582475e-01
2.517667734377634359e-01	4.386774776833597400e-01
2.546912261898335861e-01	4.283360491346303034e-01
2.576353446316387297e-01	4.182141878188104789e-01
2.605989581144456113e-01	4.083063883474788991e-01
2.635818897184860066e-01	3.986073418475977737e-01
2.665839562765766613e-01	3.891119324008162628e-01
2.696049684021459281e-01	3.798152322521888280e-01
2.726447305216750383e-01	3.707124969120765834e-01
2.757030409115717728e-01	3.617991611060861756e-01
2.787796917394710361e-01	3.530708333433622004e-01
2.818744691099688837e-01	3.445232908369564861e-01
2.849871531147746828e-01	3.361524746910034556e-01
2.881175178872698028e-01	3.279544843703628421e-01
2.912653316614586263e-01	3.199255723235595594e-01
2.944303568352750200e-01	3.120621382880400252e-01
2.976123500382263920e-01	3.043607242904078358e-01
3.008110622033254300e-01	2.968180082475025405e-01
3.040262386432784347e-01	2.894307990992382451e-01
3.072576191308720173e-01	2.821960302075487981e-01
3.105049379835078116e-01	2.751107541041008520e-01
3.137679241518293582e-01	2.681721365088988729e-01
3.170463013123658857e-01	2.613774502204152528e-01
3.203397879641334822e-01	2.547240702671613732e-01
3.236480975291052831e-01	2.482094665657493815e-01
3.269709384564816745e-01	2.418312005111890317e-01
3.303080143306630911e-01	2.355869160833115317e-01
3.336590239828384763e-01	2.294743394684092552e-01
3.370236616060953150e-01	2.234912668767248811e-01
3.404016168739422143e-01	2.176355650611105086e-01
3.437925750621483312e-01	2.119051633331990314e-01
3.471962171737781877e-01	2.062980491060945054e-01
3.506122200673188471e-01	2.008122633854884098e-01
3.540402565877723284e-01	1.954458962704322122e-01
3.574799957005932449e-01	1.901970812110385101e-01
3.609311026283519297e-01	1.850639930174954595e-01
3.643932389899825486e-01	1.800448422150589256e-01
3.678660629424967965e-01	1.751378715767788474e-01
3.713492293250156284e-01	1.703413534806714758e-01
3.748423898049931813e-01	1.656535844087861642e-01
3.783451930264813967e-01	1.610728859831311865e-01
3.818572847603001197e-01	1.565975977300314015e-01
3.853783080559691765e-01	1.522260772391415828e-01
3.889079033952466125e-01	1.479566971242010920e-01
3.924457088471401400e-01	1.437878430955134290e-01
3.959913602242279285e-01	1.397179120149744935e-01
3.995444912401513449e-01	1.357453102736302375e-01
4.031047336681213289e-01	1.318684529164136365e-01
4.066717175002894646e-01	1.280857626923418702e-01
4.102450711078367007e-01	1.243956663181748218e-01
4.138244214016199574e-01	1.207965995305074758e-01
4.174093939932375097e-01	1.172869997158460242e-01
4.209996133563486120e-01	1.138653111823835357e-01
4.245947029881144141e-01	1.105299815393738366e-01
4.281942855705941353e-01	1.072794634318084001e-01
4.317979831319656014e-01	1.041122130799077977e-01
4.354054172074121043e-01	1.010266922750785168e-01
4.390162089995359174e-01	9.802136708287344236e-02
4.426299795381616331e-01	9.509470919613459416e-02
4.462463498393757222e-01	9.224519605129770372e-02
4.498649410636818557e-01	8.947131159462347327e-02
4.534853746731177804e-01	8.677154366382314188e-02
4.571072725872208364e-01	8.414439727151303006e-02
4.607302573376936272e-01	8.158837623836694142e-02
4.643539522216543203e-01	7.910199680496923791e-02
4.679779814533490678e-01	7.668378516852522586e-02
4.716019703141942632e-01	7.433227824429315678e-02
4.752255453010476027e-01	7.204602444782061410e-02
4.788483342725792791e-01	6.982358445997653706e-02
4.824699665936473814e-01	6.766353204974528968e-02
4.860900732775612632e-01	6.556445475543937196e-02
4.897082871261341785e-01	6.352495468582307347e-02
4.933242428674334823e-01	6.154364910966757946e-02
4.969375772911218125e-01	5.961917127395128385e-02
5.005479293813142050e-01	5.775017094470404760e-02
5.041549404468519402e-01	5.593531505113085583e-02
5.077582542489246231e-01	5.417328826952375748e-02
5.113575171259536756e-01	5.246279346415692185e-02
5.149523781156692959e-01	5.080255228181828481e-02
5.185424890743159931e-01	4.919130555969863927e-02
5.221275047929140323e-01	4.762781366110375308e-02
5.257070831105292719e-01	4.611085694937986507e-02
5.292808850244846708e-01	4.463923601008128184e-02
5.328485747974748277e-01	4.321177197915218593e-02
5.364098200615269318e-01	4.182730676116529905e-02
5.399642919187737089e-01	4.048470322867775417e-02
5.435116650390008353e-01	3.918284539215025064e-02
5.470516177539286318e-01	3.792063850121479146e-02
5.505838321482122710e-01	3.669700913837831840e-02
5.541079941471206416e-01	3.551090525846214291e-02
5.576237936008883178e-01	3.436129625534369708e-02
5.611309243657136570e-01	3.324717284440742437e-02
5.646290843813944749e-01	3.216754719207022550e-02
5.681179757455983026e-01	3.112145264345175799e-02
5.715973047847501265e-01	3.010794377504072764e-02
5.750667821215531550e-01	2.912609624070336412e-02
5.785261227391300665e-01	2.817500655494669867e-02
5.819750460418040561e-01	2.725379205861375512e-02
5.854132759125209029e-01	2.636159065251984790e-02
5.888405407669298208e-01	2.549756056887561573e-02
5.922565736041413009e-01	2.466088023752215780e-02
5.956611120541752680e-01	2.385074799797537448e-02
5.990538984221326357e-01	2.306638187774019341e-02
6.024346797291053601e-01	2.230701930781815029e-02
6.058032077498631818e-01	2.157191687511469946e-02
6.091592390473425933e-01	2.086035004070305177e-02
6.125025350039730032e-01	2.017161285975091825e-02
6.158328618498827289e-01	1.950501763067798155e-02
6.191499906880071347e-01	1.885989467829933194e-02
6.224536975161836239e-01	1.823559197424099929e-02
6.257437632461935184e-01	1.763147486770260189e-02
6.290199737198963748e-01	1.704692572437831177e-02
6.322821197224327561e-01	1.648134366311489879e-02
6.355299969925716219e-01	1.593414417178072584e-02
6.387634062302530724e-01	1.540475881570392558e-02
6.419821531013697458e-01	1.489263492609780269e-02
6.451860482398519281e-01	1.439723522937629528e-02
6.483749072471016728e-01	1.391803754792406145e-02
6.515485506888389899e-01	1.345453447543176577e-02
6.547068040894133967e-01	1.300623305224852047e-02
6.578494979236443330e-01	1.257265441011161389e-02
6.609764676062428457e-01	1.215333350955037466e-02
6.640875534788809320e-01	1.174781875605495664e-02
6.671826007949681614e-01	1.135567173168755550e-02
6.702614597021936405e-01	1.097646685244453059e-02
6.733239852229003786e-01	1.060979107195262824e-02
6.763700372323502297e-01	1.025524357743129618e-02
6.793994804349464678e-01	9.912435465534741655e-03
6.824121843384725050e-01	9.580989469312045648e-03
6.854080232264132544e-01	9.260539635126685543e-03
6.883868761284208659e-01	8.950731063949737831e-03
6.913486267889885628e-01	8.651219595116700634e-03
6.942931636343976365e-01	8.361671545600463454e-03
6.972203797379949997e-01	8.081763420610926785e-03
7.001301727838710187e-01	7.811181638692360658e-03
7.030224450289965787e-01	7.549622286261405829e-03
7.058971032638787779e-01	7.296790826810687670e-03
7.087540587718069718e-01	7.052401861902470211e-03
7.115932272867340203e-01	6.816178871029146373e-03
7.144145289498730067e-01	6.587853964836792343e-03
7.172178882650509513e-01	6.367167656942689449e-03
7.200032340528951247e-01	6.153868597713278016e-03
7.227704994038977038e-01	5.947713371069820142e-03
7.255196216304242718e-01	5.748466253322964854e-03
7.282505422177245613e-01	5.555898990833892451e-03
7.309632067739937344e-01	5.369790591189248750e-03
7.336575649795509246e-01	5.189927104741428633e-03
7.363335705351792271e-01	5.016101422323476777e-03
7.389911811096909755e-01	4.848113074798108060e-03
7.416303582867578292e-01	4.685768021348670105e-03
7.442510675110888263e-01	4.528878480521948691e-03
7.468532780339465216e-01	4.377262728431552744e-03
7.494369628581235565e-01	4.230744919483638358e-03
7.520020986823821030e-01	4.089154906732209507e-03
7.545486658454138018e-01	3.952328077483639908e-03
7.570766482693765953e-01	3.820105169043911536e-03
7.595860334030422045e-01	3.692332121319090183e-03
7.620768121646066540e-01	3.568859901986251928e-03
7.645489788842081413e-01	3.449544364695102810e-03
7.670025312461857814e-01	3.334246087620504947e-03
7.694374702311341796e-01	3.222830232297151879e-03
7.718538000577805924e-01	3.115166394081334781e-03
7.742515281247356329e-01	3.011128471688809607e-03
7.766306649521463878e-01	2.910594524934142016e-03
7.789912241232952450e-01	2.813446644177892714e-03
7.813332222261781812e-01	2.719570829025980390e-03
7.836566787950947077e-01	2.628856857076853227e-03
7.859616162522908844e-01	2.541198164299709843e-03
7.882480598496761637e-01	2.456491734035454264e-03
7.905160376106590281e-01	2.374637975304343986e-03
7.927655802721218503e-01	2.295540619014677618e-03
7.949967212265658389e-01	2.219106612283964185e-03
7.972094964644635962e-01	2.145246005211939345e-03
7.994039445168299451e-01	2.073871858003176454e-03
8.015801063980559915e-01	2.004900145042967652e-03
8.037380255490147452e-01	1.938249654080776048e-03
8.058777477804768274e-01	1.873841898046150036e-03
8.079993212168484762e-01	1.811601025490883849e-03
8.101027962402600480e-01	1.751453736185073226e-03
8.121882254350262231e-01	1.693329193377933386e-03
8.142556635324942338e-01	1.637158943566268624e-03
8.163051673563068711e-01	1.582876847321635369e-03
8.183367957680877103e-01	1.530418984720241732e-03
8.203506096135797510e-01	1.479723601355449223e-03
8.223466716692411360e-01	1.430731020913692192e-03
8.243250465893233736e-01	1.383383592787354541e-03
8.262858008534434973e-01	1.337625604841433287e-03
8.282290027146607114e-01	1.293403237612284927e-03
8.301547221480805039e-01	1.250664488026599457e-03
8.320630307999861142e-01	1.209359118780532847e-03
8.339540019375175639e-01	1.169438589970680240e-03
8.358277103989235624e-01	1.130856009766341560e-03
8.376842325443454307e-01	1.093566077531890656e-03
8.395236462072120931e-01	1.057525026991140574e-03
8.413460306462030580e-01	1.022690579495667959e-03
8.431514664978114748e-01	9.890218894534946650e-04
8.449400357295059338e-01	9.564795017459117336e-04
8.467118215935018899e-01	9.250252986799559858e-04
8.484669085811462619e-01	8.946224595361412096e-04
8.502053823779247566e-01	8.652354166653262709e-04
8.519273298190921384e-01	8.368298075954035088e-04
8.536328388459327732e-01	8.093724429670408034e-04
8.553219984626572181e-01	7.828312593295762593e-04
8.569948986939310842e-01	7.571752867142122817e-04
8.586516305430500484e-01	7.323746053954063775e-04
8.602922859507511344e-01	7.084003179172322336e-04
8.619169577546739180e-01	6.852245075266880049e-04
8.635257396494618876e-01	6.628202089223561404e-04
8.651187261475155044e-01	6.411613733324175073e-04
8.666960125403888604e-01	6.202228412753752352e-04
8.682576948608349277e-01	5.999803076977220772e-04
8.698038698454981787e-01	5.804102958585753312e-04
8.713346348982526912e-01	5.614901275100648908e-04
8.728500880541854023e-01	5.431978973003787851e-04
8.743503279442244036e-01	5.255124456892296689e-04
8.758354537604069456e-01	5.084133321292385937e-04
8.773055652217907063e-01	4.918808136883542036e-04
8.787607625409978862e-01	4.758958182229666993e-04
8.802011463913993472e-01	4.604399217703692760e-04
8.816268178749259166e-01	4.454953297047573816e-04
8.830378784905116296e-01	4.310448507451270167e-04
8.844344301031594746e-01	4.170718794590266322e-04
8.858165749136295286e-01	4.035603744664411643e-04
8.871844154287431561e-01	3.904948412681632781e-04
8.885380544323020491e-01	3.778603102036832604e-04
8.898775949566130050e-01	3.656423220155617920e-04
8.912031402546176651e-01	3.538269079704999573e-04
8.925147937726221059e-01	3.424005750647880807e-04
8.938126591236180696e-01	3.313502873137581838e-04
8.950968400611927223e-01	3.206634518807920651e-04
8.963674404540243890e-01	3.103279047863470802e-04
8.976245642609518294e-01	3.003318921295622087e-04
8.988683155066143904e-01	2.906640622981865145e-04
9.000987982576776902e-01	2.813134456916068253e-04
9.013161165995786650e-01	2.722694459998526145e-04
9.025203746138640293e-01	2.635218270249336842e-04
9.037116763560584243e-01	2.550606978223410228e-04
9.048901258340765752e-01	2.468765030727581872e-04
9.060558269871730186e-01	2.389600119622879064e-04
9.072088836654177424e-01	2.313023048000070812e-04
9.083493996096961842e-01	2.238947649189776672e-04
9.094774784322245953e-01	2.167290661309092929e-04
9.105932235975746636e-01	2.097971642251968204e-04
9.116967384042004019e-01	2.030912871591440628e-04
9.127881259664610836e-01	1.966039254946111252e-04
9.138674891971317882e-01	1.903278221086983466e-04
9.149349307903995587e-01	1.842559672100062631e-04
9.159905532053314037e-01	1.783815854164674710e-04
9.170344586498112571e-01	1.726981307078483184e-04
9.180667490649414564e-01	1.671992779916290207e-04
9.190875261098953031e-01	1.618789148064680018e-04
9.200968911472198197e-01	1.567311346396170696e-04
9.210949452285787098e-01	1.517502306251683247e-04
9.220817890809289707e-01	1.469306864197867377e-04
9.230575230931252761e-01	1.422671729987151374e-04
9.240222473029451322e-01	1.377545388024620069e-04
9.249760613845250390e-01	1.333878062519790544e-04
9.259190646362069899e-01	1.291621649532561809e-04
9.268513559687807657e-01	1.250729660591675286e-04
9.277730338941224675e-01	1.211157156486467832e-04
9.286841965142159649e-01	1.172860720332765213e-04
9.295849415105574831e-01	1.135798378334546644e-04
9.304753661339294490e-01	1.099929566798592875e-04
9.313555671945420444e-01	1.065215083400137516e-04
9.322256410525348036e-01	1.031617028694600325e-04
9.330856836088280426e-01	9.990987797382776291e-05
9.339357902963246749e-01	9.676249307412914020e-05
9.347760560714479805e-01	9.371612618335232276e-05
9.356065754060159945e-01	9.076746977928206470e-05
9.364274422794394148e-01	8.791332595808960446e-05
9.372387501712418079e-01	8.515060418183704376e-05
9.380405920538960052e-01	8.247631657286299070e-05
9.388330603859633694e-01	7.988757490399663074e-05
9.396162471055360399e-01	7.738158665497215630e-05
9.403902436239928164e-01	7.495565274988070766e-05
9.411551408200039548e-01	7.260716358362530147e-05
9.419110290338615910e-01	7.033359655648756411e-05
9.426579980620642951e-01	6.813251221361076373e-05
9.433961371521825123e-01	6.600155246262734291e-05
9.441255349979863487e-01	6.393843751263751153e-05
9.448462797348335940e-01	6.194096300288351106e-05
9.455584589353160929e-01	6.000699751582195179e-05
9.462621596051500328e-01	5.813448009415753337e-05
9.469574681793143656e-01	5.632141848626873512e-05
9.476444705184247086e-01	5.456588568520406813e-05
9.483232519053392817e-01	5.286601868184980055e-05
9.489938970419959929e-01	5.122001598195178581e-05
9.496564900464663506e-01	4.962613539578642911e-05
9.503111144502303098e-01	4.808269239663497948e-05
9.509578531956621728e-01	4.658805787118274199e-05
9.515967886337216575e-01	4.514065599580898189e-05
9.522280025218475830e-01	4.373896356329652851e-05
9.528515760220498398e-01	4.238150682173680680e-05
9.534675896991912092e-01	4.106686083783188114e-05
9.540761235194579193e-01	3.979364728671519084e-05
9.546772568490127231e-01	3.856053328544858683e-05
9.552710684528250562e-01	3.736622939446401006e-05
9.558576364936763881e-01	3.620948870387648484e-05
9.564370385313321066e-01	3.508910507313513151e-05
9.570093515218811575e-01	3.400391170109761188e-05
9.575746518172338906e-01	3.295278039611867723e-05
9.581330151647742266e-01	3.193461929165050244e-05
9.586845167071695872e-01	3.094837263155418946e-05
9.592292309823221563e-01	2.999301899984079605e-05
9.597672319234666904e-01	2.906757021701505942e-05
9.602985928594089948e-01	2.817107036528118647e-05
9.608233865148982922e-01	2.730259489548761477e-05
9.613416850111322631e-01	2.646124902331178740e-05
9.618535598663903174e-01	2.564616740415534172e-05
9.623590819967913212e-01	2.485651257507025242e-05
9.628583217171726716e-01	2.409147441964951431e-05
9.633513487420855004e-01	2.335026919121136312e-05
9.638382321869041203e-01	2.263213849984808805e-05
9.643190405690469369e-01	2.193634847711251724e-05
9.647938418092975033e-01	2.126218922005278431e-05
9.652627032332524726e-01	2.060897353057737733e-05
9.657256915728277269e-01	1.997603695018213436e-05
9.661828729679033945e-01	1.936273601032514048e-05
9.666343129680392554e-01	1.876844833069025767e-05
9.670800765342899563e-01	1.819257136092742016e-05
9.675202280411048239e-01	1.763452241222259251e-05
9.679548312783139430e-01	1.709373721527412477e-05
9.683839494531951697e-01	1.656966989014893357e-05
9.688076451926233013e-01	1.606179204249674145e-05
9.692259805452912991e-01	1.556959234705457122e-05
9.696390169840105600e-01	1.509257594625306879e-05
9.700468154080765792e-01	1.463026369591999937e-05
9.704494361457078888e-01	1.418219218066087325e-05
9.708469389565484997e-01	1.374791248378802501e-05
9.712393830342345158e-01	1.332699037123295731e-05
9.716268270090220316e-01	1.291900542867977792e-05
9.720093289504715406e-01	1.252355062043755759e-05
9.723869463701926286e-01	1.214023205575393318e-05
9.727597362246389601e-01	1.176866840754606090e-05
9.731277549179567776e-01	1.140849047251545626e-05
9.734910583048818067e-01	1.105934096339769190e-05
9.738497016936864537e-01	1.072087384265723648e-05
9.742037398491675271e-01	1.039275420017978161e-05
9.745532269956815874e-01	1.007465782536475619e-05
9.748982168202195986e-01	9.766270738911835559e-06
9.752387624755208817e-01	9.467288887172754910e-06
9.755749165832260372e-01	9.177418138304827618e-06
9.759067312370618419e-01	8.896373484251273190e-06
9.762342580060650032e-01	8.623878973480101227e-06
9.765575479378333368e-01	8.359667529261955986e-06
9.768766515618095836e-01	8.103480355485296089e-06
9.771916188925928726e-01	7.855067022093766962e-06
9.775024994332773831e-01	7.614184949005372960e-06
9.778093421788173201e-01	7.380599235492330263e-06
9.781121956194129829e-01	7.154082261579958970e-06
9.784111077439208159e-01	6.934413844437608430e-06
9.787061260432856624e-01	6.721380554637811689e-06
9.789972975139884515e-01	6.514775681132143973e-06
9.792846686615139795e-01	6.314399119012705424e-06
9.795682855038361225e-01	6.120057002066329193e-06
9.798481935749157046e-01	5.931561516697190957e-06
9.801244379282085806e-01	5.748730720820853870e-06
9.803970631402108005e-01	5.571388486565849861e-06
9.806661133139664699e-01	5.399364064410791929e-06
9.809316320826340085e-01	5.232492231815377385e-06
9.811936626130344230e-01	5.070612589609895091e-06
9.814522476092173431e-01	4.913570095812672525e-06
9.817074293160293896e-01	4.761214304603803676e-06
9.819592495226905360e-01	4.613399556086524662e-06
9.822077495663726898e-01	4.469984701637525132e-06
9.824529703357833821e-01	4.330832920244292865e-06
9.826949522747534527e-01	4.195811643535263532e-06
9.829337353858211834e-01	4.064792411297574667e-06
9.831693592338224263e-01	3.937650720533591340e-06
9.834018629494779562e-01	3.814265883127885103e-06
9.836312852329779366e-01	3.694520978684367918e-06
9.838576643575691616e-01	3.578302599597586732e-06
9.840810381731333045e-01	3.465500805435538370e-06
9.843014441097663880e-01	3.356009069126905762e-06
9.845189191813509266e-01	3.249724081660816558e-06
9.847334999891249607e-01	3.146545554910793499e-06
9.849452227252413206e-01	3.046376477150269439e-06
9.851541231763263351e-01	2.949122506268875751e-06
9.853602367270251072e-01	2.854692253890095806e-06
9.855635983635405717e-01	2.762997033769112470e-06
9.857642426771672239e-01	2.673950820889022536e-06
9.859622038678101941e-01	2.587470131144226808e-06
9.861575157474991027e-01	2.503473919319242680e-06
9.863502117438878170e-01	2.421883511193955361e-06
9.865403249037445477e-01	2.342622499680963464e-06
9.867278878964320654e-01	2.265616728423685957e-06
9.869129330173723735e-01	2.190794107208086098e-06
9.870954921915029434e-01	2.118084612365145500e-06
9.872755969767141870e-01	2.047420164590384888e-06
9.874532785672798241e-01	1.978734578361373975e-06
9.876285677972682642e-01	1.911963464461832110e-06
9.878014951439422209e-01	1.847044159421014391e-06
9.879720907311413391e-01	1.783915631544321619e-06
9.881403843326532765e-01	1.722518451050843087e-06
9.883064053755641343e-01	1.662794654263461839e-06
9.884701829435962317e-01	1.604687715074800925e-06
9.886317457804293385e-01	1.548142424264182585e-06
9.887911222929997024e-01	1.493104806626041429e-06
9.889483405548026296e-01	1.439522105000630803e-06
9.891034283091407753e-01	1.387342570757035365e-06
9.892564129723883104e-01	1.336515521487206692e-06
9.894073216372225588e-01	1.286991108526119541e-06
9.895561810758398691e-01	1.238720244858624225e-06
9.897030177431532794e-01	1.191654548212783187e-06
9.898478577799696421e-01	1.145746195568178968e-06
9.899907270161505402e-01	1.100947676343949860e-06
9.901316509737527749e-01	1.057211828528608846e-06
9.902706548701503131e-01	1.014491459361496747e-06
9.904077636211336966e-01	9.727393012429880961e-07
9.905430018439942419e-01	9.319076844635085530e-07
9.906763938605858133e-01	8.919483017327387359e-07
9.908079637003655016e-01	8.528118081753125980e-07
9.909377351034163173e-01	8.144475138404283884e-07
9.910657315234497888e-01	7.768028151590327271e-07
9.911919761307839138e-01	7.398225865768860564e-07
9.913164918153068994e-01	7.034484455052475163e-07
9.914393011894134800e-01	6.676176711447914024e-07
9.915604265909256920e-01	6.322619855704569162e-07
9.916798900859908894e-01	5.973057600216264631e-07
9.917977134719563326e-01	5.626637049935978904e-07
9.919139182802265697e-01	5.282375661896692940e-07
9.920285257790970590e-01	4.934115319134605705e-07
9.921415569765682507e-01	4.590595128625333979e-07
9.922530326231352449e-01	4.244912756388556787e-07
9.923629732145613502e-01	3.894796741491213145e-07
9.924713989946236659e-01	3.537175390252176399e-07
9.925783299578430086e-01	3.167665536205188009e-07
9.926837858521896374e-01	2.779557149101182662e-07
9.927877861817662186e-01	2.361502087672950594e-07
9.928903502094731381e-01	1.891266721385682884e-07
9.929914969596475016e-01	1.311104506752020753e-07
9.930912452206853702e-01	0.000000000000000000e+00
