# Data associated with arXiv:2208.14002
# 
# Scale-free J-factor angular distribution, J_S(theta), of a nfw1-0rhos8e6 dark matter distribution (see Eq. 2.4 and the surrounding discussion)
# 
# Published: 8/25/22, Jack Runburg and Kenny Kiriu, contact: runburg@hawaii.edu
# 
# 
# -----------------------------------------------------------------
# 
# 	 tilde theta 		 | 	 tilde J s-wave 		 | 	 tilde J p-wave 		 | 	 tilde J d-wave 		 | 	 tilde J sommerfeld 
# 
# -----------------------------------------------------------------
1.000000000000000021e-03	2.062082864201137563e+05	4.270795645015802620e+03	2.173480650399472779e+03	5.123823597853629850e+06
1.021192151037671062e-03	2.035882097210692009e+05	4.255595309474549140e+03	2.169788263348872988e+03	5.033790813492576592e+06
1.042833409340945643e-03	2.009114890349422931e+05	4.240029502133040296e+03	2.166005473870312926e+03	4.941910533896424808e+06
1.064933292458827233e-03	1.981787311485987448e+05	4.224097818121983437e+03	2.162132021268725566e+03	4.848214562343473546e+06
1.087501519637659123e-03	1.953908028301606246e+05	4.207801009060833167e+03	2.158167914330768781e+03	4.752744719427936710e+06
1.110548016095517111e-03	1.925488729419852025e+05	4.191141197108289816e+03	2.154113483312348762e+03	4.655554412809460424e+06
1.134082917387199208e-03	1.896544637343219947e+05	4.174122141998772349e+03	2.149969445305555382e+03	4.556710538110201247e+06
1.158116573861711456e-03	1.867095145668615005e+05	4.156749582387847113e+03	2.145736988542337713e+03	4.456295823045460507e+06
1.182659555214217667e-03	1.837164630740336142e+05	4.139031685712378021e+03	2.141417884619512279e+03	4.354411785234921612e+06
1.207722655134462354e-03	1.806783519325525558e+05	4.120979664441015302e+03	2.137014643963763319e+03	4.251182576110617258e+06
1.233316896053688856e-03	1.775989753679634014e+05	4.102608663138146767e+03	2.132530742379747153e+03	4.146760173907128163e+06
1.259453533992170365e-03	1.744830919085794303e+05	4.083939120247310711e+03	2.127970973428321940e+03	4.041331775921946857e+06
1.286144063509461061e-03	1.713367583854825643e+05	4.064999044710573799e+03	2.123342045553708431e+03	3.935131115569774993e+06
1.313400222759557485e-03	1.681679157275894831e+05	4.045828291744352100e+03	2.118653718587598178e+03	3.828457709470297210e+06
1.341233998653187541e-03	1.649876011973230343e+05	4.026488055440446260e+03	2.113921358066318135e+03	3.721715282460778486e+06
1.369657632129505243e-03	1.618132339587159222e+05	4.007088359421468795e+03	2.109173409654975330e+03	3.615511968448072206e+06
1.398683623539492566e-03	1.586841171968803392e+05	3.987925042971340190e+03	2.104488928668150493e+03	3.511116236923725344e+06
1.428324738143458596e-03	1.555094554962827242e+05	3.968091213970252284e+03	2.099615838186007295e+03	3.406105893320594449e+06
1.458594011725036863e-03	1.523534106486303499e+05	3.947956801290771182e+03	2.094647570072937924e+03	3.302801139156496618e+06
1.489504756324154782e-03	1.491866388550162665e+05	3.927163045604921535e+03	2.089481276604293726e+03	3.200525501023878809e+06
1.521070566091505720e-03	1.461172926045927161e+05	3.906727279549949799e+03	2.084397599570338116e+03	3.102304571685945615e+06
1.553305323267072666e-03	1.431244760720797058e+05	3.886483235717379102e+03	2.079351304642644209e+03	3.007455878193065058e+06
1.586223204285366938e-03	1.401528668880379701e+05	3.865895690969272891e+03	2.074192931912023141e+03	2.914412072088403162e+06
1.619838686010041055e-03	1.372436575689269521e+05	3.845367879477191309e+03	2.069034240382299231e+03	2.824278632591650356e+06
1.654166552100628336e-03	1.343953426180323877e+05	3.824898150450846970e+03	2.063875011686931430e+03	2.736954949578047730e+06
1.689221899514206692e-03	1.316053067059092573e+05	3.804480527987146161e+03	2.058713933735048613e+03	2.652302778666497674e+06
1.725020145144853453e-03	1.288728019015882746e+05	3.784117076329720931e+03	2.053551422724508939e+03	2.570253027949266601e+06
1.761577032603788440e-03	1.261977067739838385e+05	3.763812577243217675e+03	2.048388534795556552e+03	2.490771397306606639e+06
1.798908639143220224e-03	1.235785599314406427e+05	3.743566093171831199e+03	2.043224996742485018e+03	2.413764488153492566e+06
1.837031382726912916e-03	1.210130094141713489e+05	3.723372331604176907e+03	2.038059557780480418e+03	2.339112769591909833e+06
1.875962029250603357e-03	1.185003707317542576e+05	3.703233380329860665e+03	2.032892637443262402e+03	2.266762858444404788e+06
1.915717699915417882e-03	1.160405499220908532e+05	3.683154087564814290e+03	2.027725311717118529e+03	2.196675239839933347e+06
1.956315878757565116e-03	1.136321335438381066e+05	3.663133136658987496e+03	2.022557229892381429e+03	2.128770664464041125e+06
1.997774420337589726e-03	1.112730070647056273e+05	3.643165486049092578e+03	2.017387192411133128e+03	2.062942458098536124e+06
2.040111557592579582e-03	1.089625441594085278e+05	3.623253046214336791e+03	2.012215619078774353e+03	1.999141349172439659e+06
2.083345909854779961e-03	1.067006738959376380e+05	3.603399702991960112e+03	2.007043577293515682e+03	1.937337249135755934e+06
2.127496491040134757e-03	1.044860337240312365e+05	3.583603493222834004e+03	2.001870629121126285e+03	1.877455191628787667e+06
2.172582718010372237e-03	1.023167230743506079e+05	3.563859758659516956e+03	1.996695626460867516e+03	1.819405552276741480e+06
2.218624419112281976e-03	1.001921690843556280e+05	3.544170498511139613e+03	1.991518994402590806e+03	1.763140654117059428e+06
2.265641842897974604e-03	9.811231958251145261e+04	3.524540689935683986e+03	1.986341846775797876e+03	1.708639763113850029e+06
2.313655667029933423e-03	9.607586540383019019e+04	3.504968401601558071e+03	1.981163680841213136e+03	1.655832503946744604e+06
2.362687007374795686e-03	9.408109860408659733e+04	3.485449224433246400e+03	1.975983399228195594e+03	1.604640794567516772e+06
2.412757427289825233e-03	9.212749509506240429e+04	3.465985204795215850e+03	1.970801431714392493e+03	1.555027880641245749e+06
2.463888947106213784e-03	9.021501889984747686e+04	3.446581341001825422e+03	1.965618910706382849e+03	1.506968430749139749e+06
2.516104053813336943e-03	8.834241480012990360e+04	3.427235364555989236e+03	1.960435259982925345e+03	1.460402196739169070e+06
2.569425710948245768e-03	8.650814861114596715e+04	3.407942484052462078e+03	1.955249408953751526e+03	1.415259942957575433e+06
2.623877368694733318e-03	8.471174096521169122e+04	3.388703998164590303e+03	1.950061764903889298e+03	1.371507813344995491e+06
2.679482974196439188e-03	8.295316907918448851e+04	3.369524736548336477e+03	1.944873469024549877e+03	1.329126032403980382e+06
2.736266982088478034e-03	8.123123253223800566e+04	3.350402241045668688e+03	1.939683872833816167e+03	1.288060037679570494e+06
2.794254365252289707e-03	7.954455356721224962e+04	3.331332578486005332e+03	1.934491975342485603e+03	1.248250663317235652e+06
2.853470625798387814e-03	7.789269383543109871e+04	3.312317800829288899e+03	1.929298213811118785e+03	1.209665913059042068e+06
2.913941806281861776e-03	7.627564119600468257e+04	3.293362926576039627e+03	1.924103750111476074e+03	1.172292356727655744e+06
2.975694501155571117e-03	7.469225027174194111e+04	3.274465202246682566e+03	1.918907863286200609e+03	1.136077935504209949e+06
3.038755868466027146e-03	7.314128411564620910e+04	3.255620990857749803e+03	1.913709604472810270e+03	1.100972143447884358e+06
3.103153641797168783e-03	7.162234197343165579e+04	3.236832371693065852e+03	1.908509416513714314e+03	1.066949114781882614e+06
3.168916142467233243e-03	7.013542020216809760e+04	3.218104115456482759e+03	1.903308466997976666e+03	1.033992080198809272e+06
3.236072291984112663e-03	6.867942822837112180e+04	3.199432232053973621e+03	1.898105926406938579e+03	1.002056267715594848e+06
3.304651624764658874e-03	6.725325584035857173e+04	3.180812951255488315e+03	1.892900874154478743e+03	9.710967462258527521e+05
3.374684301123556836e-03	6.585653688574784610e+04	3.162248313740231879e+03	1.887693753585353306e+03	9.410913638186421013e+05
3.446201120537424525e-03	6.448927391813525901e+04	3.143743328860778092e+03	1.882485754204931709e+03	9.120265227935964940e+05
3.519233535190044709e-03	6.315043102434644243e+04	3.125294812970832027e+03	1.877276020565265753e+03	8.838623084539361298e+05
3.593813663804625805e-03	6.183901186755752133e+04	3.106899570774570748e+03	1.872063697133532514e+03	8.565599786966174142e+05
3.669974305769219299e-03	6.055468164006638835e+04	3.088559652960967924e+03	1.866849230930516569e+03	8.300982307897766586e+05
3.747748955561452412e-03	5.929744866304845345e+04	3.070280067486669395e+03	1.861633821921006529e+03	8.044680118492504116e+05
3.827171817478984984e-03	5.806632962865012087e+04	3.052057410125873957e+03	1.856416549196366532e+03	7.796311697475704132e+05
3.908277820682117681e-03	5.686043099463972612e+04	3.033888667750793047e+03	1.851196600322135964e+03	7.555550564916776493e+05
3.991102634555192957e-03	5.567944687125924247e+04	3.015774885326223739e+03	1.845974379502942611e+03	7.322207599052753067e+05
4.075682684393532908e-03	5.452338936968024063e+04	2.997720511570352301e+03	1.840751071747178912e+03	7.096175259227906354e+05
4.162055167422817371e-03	5.339132727496154257e+04	2.979721921340048084e+03	1.835525688226397733e+03	6.877134178310293937e+05
4.250258069157961290e-03	5.228245928585649381e+04	2.961776406755640437e+03	1.830297467134329963e+03	6.664790980491017690e+05
4.340330180108637088e-03	5.119650578320629575e+04	2.943886024584396182e+03	1.825066866532819404e+03	6.458997026872196002e+05
4.432311112838861061e-03	5.013348222326266841e+04	2.926055774980231945e+03	1.819835107982700720e+03	6.259659022031705827e+05
4.526241319388085715e-03	4.909250744135639980e+04	2.908281764817940257e+03	1.814601134738994915e+03	6.066485072536717635e+05
4.622162109061505458e-03	4.807286328839585622e+04	2.890561506774711688e+03	1.809364231360179247e+03	5.879224999621445313e+05
4.720115666597336779e-03	4.707429451233911095e+04	2.872897087112535701e+03	1.804124862212101561e+03	5.697734565186687978e+05
4.820145070719144588e-03	4.609681800424022367e+04	2.855293348583582429e+03	1.798884252729717900e+03	5.521952574778484413e+05
4.922294313081310678e-03	4.513960210231383826e+04	2.837745367957547842e+03	1.793641232929040370e+03	5.351598737699246267e+05
5.026608317615998724e-03	4.420200308359236806e+04	2.820250248847229159e+03	1.788395094977623557e+03	5.186453575747197028e+05
5.133132960290130720e-03	4.328378790212899912e+04	2.802810010420330400e+03	1.783146304268241238e+03	5.026396672103177989e+05
5.241915089281041530e-03	4.238497447510407801e+04	2.785429647431148624e+03	1.777896101699197516e+03	4.871359543617689051e+05
5.353002545579732367e-03	4.150477862667718728e+04	2.768104954157526208e+03	1.772643306925069737e+03	4.721109951950527611e+05
5.466444184030696055e-03	4.064262361378927017e+04	2.750833875303940204e+03	1.767387294848704414e+03	4.575456441896667238e+05
5.582289894817666839e-03	3.979829650180798490e+04	2.733618447363528958e+03	1.762128536046594718e+03	4.434299371910082991e+05
5.700590625404708227e-03	3.897181627607187693e+04	2.716463617513231384e+03	1.756868283300218764e+03	4.297570956421495066e+05
5.821398402942216249e-03	3.816244382576813950e+04	2.699365046840401646e+03	1.751605303445209529e+03	4.165064568857387058e+05
5.944766357147824969e-03	3.736966280030275084e+04	2.682320369277238569e+03	1.746338978760838017e+03	4.036615629274067469e+05
6.070748743672167193e-03	3.659327903358813637e+04	2.665330701332116405e+03	1.741069717989081255e+03	3.912121815796989831e+05
6.199400967959818945e-03	3.583331092075868219e+04	2.648400711032256822e+03	1.735798754137769038e+03	3.791542757709401776e+05
6.330779609615908021e-03	3.508906376126351824e+04	2.631525843210683433e+03	1.730524789262723061e+03	3.674677571146321134e+05
6.464942447289089879e-03	3.436007507426283701e+04	2.614704401396052162e+03	1.725247285262403693e+03	3.561384816219959757e+05
6.601948484081890736e-03	3.364616774774892838e+04	2.597938469816677298e+03	1.719966724449380308e+03	3.451584764094609418e+05
6.741857973499477616e-03	3.294735959663007088e+04	2.581232882212424101e+03	1.714684360684267858e+03	3.345232845882023685e+05
6.884732445948405985e-03	3.226299806167295901e+04	2.564583048232686906e+03	1.709398851765698737e+03	3.242159909940776997e+05
7.030634735796891313e-03	3.159266914832061229e+04	2.547987447373282976e+03	1.704109700561512909e+03	3.142241015052848379e+05
7.179629009008595825e-03	3.093621130988713776e+04	2.531447985309982414e+03	1.698817384799897127e+03	3.045407232492392068e+05
7.331780791361950343e-03	3.029364158148047864e+04	2.514968438524551857e+03	1.693523083050095238e+03	2.951610358286522096e+05
7.487156997267587974e-03	2.966434756052060766e+04	2.498543578385347701e+03	1.688225350813695968e+03	2.860701368164160522e+05
7.645825959196438613e-03	2.904795891076433327e+04	2.482172104150780797e+03	1.682923732442174924e+03	2.772574787237227429e+05
7.807857457731475631e-03	2.844432800946279167e+04	2.465856089204592536e+03	1.677618721809574254e+03	2.687164008611475001e+05
7.973322752256328111e-03	2.785347117541507032e+04	2.449600258961288546e+03	1.672311584449512566e+03	2.604438352554693411e+05
8.142294612294233985e-03	2.727481419865774660e+04	2.433399720518651520e+03	1.667000860906575781e+03	2.524255216672892275e+05
8.314847349511189298e-03	2.670802581033656679e+04	2.417253299436463749e+03	1.661686129283978744e+03	2.446525407062564045e+05
8.491056850397209546e-03	2.615297143965437863e+04	2.401163078473516634e+03	1.656367891549903788e+03	2.371192883527205558e+05
8.671000609640279119e-03	2.560966614641803608e+04	2.385133600837496488e+03	1.651047399385122617e+03	2.298229011929211556e+05
8.854757764207504128e-03	2.507757219546386477e+04	2.369158930521455659e+03	1.645723059571034582e+03	2.227508369564428576e+05
9.042409128148579806e-03	2.455639335039215439e+04	2.353237567731803210e+03	1.640394450226846175e+03	2.158948137169770489e+05
9.234037228136720080e-03	2.404600708248275987e+04	2.337371534416675331e+03	1.635062065250906244e+03	2.092503130323388614e+05
9.429726339762870002e-03	2.354642675901105031e+04	2.321565477031026148e+03	1.629727166439495704e+03	2.028142988030671549e+05
9.629562524599030379e-03	2.305714959222762991e+04	2.305814387551250093e+03	1.624388201638793362e+03	1.965762100355015718e+05
9.833633668047030499e-03	2.257791065365972827e+04	2.290117414498116432e+03	1.619044838017172196e+03	1.905291507681771764e+05
1.004202951798940403e-02	2.210859828444572122e+04	2.274476581329561213e+03	1.613697588060940916e+03	1.846683648703518847e+05
1.025484172425938229e-02	2.164922453922378918e+04	2.258896549153097112e+03	1.608347725659589059e+03	1.789918884880217956e+05
1.047216387894729824e-02	2.119931931683330913e+04	2.243371660650691410e+03	1.602993591823289762e+03	1.734895810634986847e+05
1.069409155756119272e-02	2.075864590346742261e+04	2.227900257153507937e+03	1.597634788396451540e+03	1.681555170225596812e+05
1.092072236105970547e-02	2.032710263882683648e+04	2.212484208960485375e+03	1.592271812712122482e+03	1.629857685685465694e+05
1.115215595877575537e-02	1.990469998605877481e+04	2.197128024266264674e+03	1.586905918241526933e+03	1.579785155956718954e+05
1.138849413224978825e-02	1.949099902353950529e+04	2.181826480279784391e+03	1.581535455551673977e+03	1.531247832743925683e+05
1.162984081999205582e-02	1.908578825559829420e+04	2.166579017309426945e+03	1.576160165637489854e+03	1.484194073920644587e+05
1.187630216319339981e-02	1.868897511802850568e+04	2.151387744907799970e+03	1.570780578754356156e+03	1.438593473223901819e+05
1.212798655240480798e-02	1.830056851630073652e+04	2.136257224250451145e+03	1.565397973320115170e+03	1.394425436589482706e+05
1.238500467520621366e-02	1.792015898453295813e+04	2.121181913525872005e+03	1.560010630813047555e+03	1.351612912951548060e+05
1.264746956488544717e-02	1.754755759042004865e+04	2.106160389233056776e+03	1.554618208550480631e+03	1.310108770434310281e+05
1.291549665014883955e-02	1.718268019098382501e+04	2.091194259630267879e+03	1.549221184461366420e+03	1.269882426727396523e+05
1.318920380588532899e-02	1.682553397445331575e+04	2.076287897606567185e+03	1.543820810571347693e+03	1.230918931587726984e+05
1.346871140500627631e-02	1.647573739636899336e+04	2.061435997018601938e+03	1.538415359533371884e+03	1.193148374480217753e+05
1.375414237138396570e-02	1.613312170827860064e+04	2.046638332173540448e+03	1.533004654753981413e+03	1.156533931236079952e+05
1.404562223391196511e-02	1.579761042254370113e+04	2.031896952353226879e+03	1.527589233750341464e+03	1.121047261269754090e+05
1.434327918171109106e-02	1.546920910393139820e+04	2.017216183343874263e+03	1.522170351520767326e+03	1.086676236317521252e+05
1.464724412050539583e-02	1.514756249920041409e+04	2.002590444642777129e+03	1.516746205935322450e+03	1.053358054690778226e+05
1.495765073019278586e-02	1.483251992788485222e+04	1.988018635924378032e+03	1.511316522634681860e+03	1.021057774887336418e+05
1.527463552363575450e-02	1.452401191602363542e+04	1.973502330119546741e+03	1.505881778728294648e+03	9.897540864069307281e+04
1.559833790669801906e-02	1.422204241621966139e+04	1.959045743842376623e+03	1.500443215928180280e+03	9.594313796626598923e+04
1.592890023955338338e-02	1.392628096442130845e+04	1.944643510441338549e+03	1.494999029563966133e+03	9.300363060418360692e+04
1.626646789929399317e-02	1.363659304861450255e+04	1.930295616610414982e+03	1.489549109234782236e+03	9.015391615995307802e+04
1.661118934386526108e-02	1.335291555771648200e+04	1.916004124073572939e+03	1.484094013303851398e+03	8.739208311857467925e+04
1.696321617735579643e-02	1.307525094378882022e+04	1.901773306639817747e+03	1.478635001854107486e+03	8.471698127670770918e+04
1.732270321667098503e-02	1.280329203992795556e+04	1.887597120049641262e+03	1.473170141234760194e+03	8.212368198809886235e+04
1.768980855961942850e-02	1.253691879555019659e+04	1.873474701781687827e+03	1.467699204095179766e+03	7.960957690635934705e+04
1.806469365444235767e-02	1.227607394393386858e+04	1.859407971920700220e+03	1.462222728634311352e+03	7.717285874198289821e+04
1.844752337081655841e-02	1.202075840451012846e+04	1.845400993978760880e+03	1.456741939098359126e+03	7.481267274227437156e+04
1.883846607236187159e-02	1.177068700081351926e+04	1.831448317839288393e+03	1.451254957915716659e+03	7.252456659475942433e+04
1.923769369068539445e-02	1.152575255172360448e+04	1.817550193974763260e+03	1.445761762364319566e+03	7.030633867808306240e+04
1.964538180099485026e-02	1.128590316417109534e+04	1.803708771758953844e+03	1.440262956265424009e+03	6.815654686210074578e+04
2.006170969931423895e-02	1.105113834134545323e+04	1.789927788215575220e+03	1.434759718512118980e+03	6.607414168475766201e+04
2.048686048133601528e-02	1.082119346457533720e+04	1.776200736804281405e+03	1.429249944805655105e+03	6.405529456930746528e+04
2.092102112294418406e-02	1.059597290550121397e+04	1.762527574143227639e+03	1.423733582762660262e+03	6.209802168324973172e+04
2.136438256244391209e-02	1.037542964207667501e+04	1.748910368617987388e+03	1.418211227135659101e+03	6.020105406158512778e+04
2.181713978453380873e-02	1.015956183648455772e+04	1.735352979364498879e+03	1.412684069940886275e+03	5.836351886129292689e+04
2.227949190605761978e-02	9.948124193609679423e+03	1.721850038844620030e+03	1.407150189156368924e+03	5.658205295199900138e+04
2.275164226357336353e-02	9.741031387259239636e+03	1.708402050078833099e+03	1.401609655063018181e+03	5.485506181038677460e+04
2.323379850277806913e-02	9.538240838160305429e+03	1.695010922659865628e+03	1.396063055436721925e+03	5.318124961827122752e+04
2.372617266982774559e-02	9.339749432844671901e+03	1.681679299112084891e+03	1.390511357186725718e+03	5.155993703472319612e+04
2.422898130459259780e-02	9.145330011681067845e+03	1.668401273506846110e+03	1.384952489505007406e+03	4.998791458052051166e+04
2.474244553588843265e-02	8.954906420717212313e+03	1.655177474312995855e+03	1.379386548326385537e+03	4.846385817659750319e+04
2.526679117872631872e-02	8.768440172722097486e+03	1.642010020332888189e+03	1.373814161501956960e+03	4.698670911069155409e+04
2.580224883362318075e-02	8.585926924537507148e+03	1.628902621460517594e+03	1.368236523140318923e+03	4.555585459973873367e+04
2.634905398801689475e-02	8.407156510983322732e+03	1.615849920425860773e+03	1.362651670101087348e+03	4.416858937036363932e+04
2.690744711983068457e-02	8.232060961475959630e+03	1.602852059944991879e+03	1.357059606703912550e+03	4.282364144688605302e+04
2.747767380323228384e-02	8.060605518333836699e+03	1.589910071513762887e+03	1.351460731085031512e+03	4.152013769110959402e+04
2.805998481663422514e-02	7.892784703176585026e+03	1.577027342947583975e+03	1.345856174691326942e+03	4.025735884636001720e+04
2.865463625298309350e-02	7.728404244271224343e+03	1.564198571681960630e+03	1.340243944080483288e+03	3.903301088718409301e+04
2.926188963238583740e-02	7.567403475757295382e+03	1.551424468591565756e+03	1.334624188039658520e+03	3.784598943515455903e+04
2.988201201712300387e-02	7.409751031002915624e+03	1.538707252825193564e+03	1.328997603550103122e+03	3.669552038685663865e+04
3.051527612909937445e-02	7.255440376415289393e+03	1.526050284672304770e+03	1.323365346487210672e+03	3.558106028740817419e+04
3.116196046978347151e-02	7.104292116679305764e+03	1.513447157171717436e+03	1.317725120212921638e+03	3.450043400643228233e+04
3.182234944268905880e-02	6.956252082502955091e+03	1.500898109329174986e+03	1.312076967704265371e+03	3.345272396367118199e+04
3.249673347845206950e-02	6.811292007002960418e+03	1.488405351829263964e+03	1.306421597234562796e+03	3.243721930234218962e+04
3.318540916255835471e-02	6.669404393709996839e+03	1.475972173005483228e+03	1.300760125374967402e+03	3.145349302860721946e+04
3.388867936577820428e-02	6.530423725169372119e+03	1.463593431437291883e+03	1.295090551192924067e+03	3.049964579086338927e+04
3.460685337736497946e-02	6.394301626613737426e+03	1.451269981973344784e+03	1.289413109916462872e+03	2.957487461677200554e+04
3.534024704107661952e-02	6.261012665760152231e+03	1.439002959814713449e+03	1.283728236690648600e+03	2.867856154064638031e+04
3.608918289407971741e-02	6.130548437707058838e+03	1.426794832370391305e+03	1.278036843892797151e+03	2.781019281581470568e+04
3.685399030879719234e-02	6.002756406018526832e+03	1.414640464043917063e+03	1.272336921186247537e+03	2.696814443830224263e+04
3.763500563776207147e-02	5.877593342352752188e+03	1.402540824714617884e+03	1.266628711725957601e+03	2.615171031083570779e+04
3.843257236154112161e-02	5.755036411582278561e+03	1.390498200965554361e+03	1.260912974503275564e+03	2.536041548091542427e+04
3.924704123979310538e-02	5.635076359471255273e+03	1.378515502381187616e+03	1.255190760845957357e+03	2.459382160888296130e+04
4.007877046552850431e-02	5.517572772464796799e+03	1.366586674815467632e+03	1.249459754116797512e+03	2.385046060097238660e+04
4.092812582263813392e-02	5.402487002331700751e+03	1.354712000673105194e+03	1.243720025486355553e+03	2.312969783586909034e+04
4.179548084676026898e-02	5.289798571349778285e+03	1.342893700565003883e+03	1.237972336310850096e+03	2.243106119711793872e+04
4.268121698955689575e-02	5.179497451434468530e+03	1.331134830767170342e+03	1.232217802505175541e+03	2.175422712290769778e+04
4.358572378647117967e-02	5.071454542500023308e+03	1.319430397087363417e+03	1.226454403730775766e+03	2.109788131580754271e+04
4.450939902804028347e-02	4.965635251958593471e+03	1.307781129982572111e+03	1.220682361963975836e+03	2.046150074322602813e+04
4.545264893483848267e-02	4.862021283944091920e+03	1.296187990121786697e+03	1.214902070411143313e+03	1.984462838037453548e+04
4.641588833612779463e-02	4.760601872010755869e+03	1.284653678928706086e+03	1.209114564116197471e+03	1.924696638242992049e+04
4.739954085229469011e-02	4.661258472706063003e+03	1.273173313887677750e+03	1.203317811226461345e+03	1.866737759279769307e+04
4.840403908115278181e-02	4.563960099578630434e+03	1.261748118772520229e+03	1.197512232116956284e+03	1.810539202645929618e+04
4.942982478819387543e-02	4.468690437118034424e+03	1.250380288333459248e+03	1.191698649782150824e+03	1.756070186623251357e+04
5.047734910087089966e-02	4.375438046096098333e+03	1.239071293999773388e+03	1.185877650410690421e+03	1.703293202914944777e+04
5.154707270699779992e-02	4.284094228521958030e+03	1.227815715540774363e+03	1.180046992335088134e+03	1.652108596837434379e+04
5.263946605735428386e-02	4.194631192249670676e+03	1.216614846893776530e+03	1.174207149966776569e+03	1.602475418845941022e+04
5.375500957258409762e-02	4.107034421417403792e+03	1.205470999343551057e+03	1.168359011037880919e+03	1.554366125091016329e+04
5.489419385447772554e-02	4.021291885254477165e+03	1.194386707190546304e+03	1.162503584373729609e+03	1.507752328130464230e+04
5.605751990173300781e-02	3.937304034318654431e+03	1.183356345512972439e+03	1.156638523092639844e+03	1.462544729439338334e+04
5.724549933028778848e-02	3.855045912684607174e+03	1.172380421009853535e+03	1.150764020986784089e+03	1.418707251198928498e+04
5.845865459832211286e-02	3.774504678666624386e+03	1.161461248396111841e+03	1.144881027233445593e+03	1.376212133075008387e+04
5.969751923602879817e-02	3.695667679121012497e+03	1.150601083050766192e+03	1.138990404605729509e+03	1.335037339112613881e+04
6.096263808025296355e-02	3.618443962460052262e+03	1.139795380031693867e+03	1.133090178619432663e+03	1.295102889039069669e+04
6.225456751410456124e-02	3.542811055965222295e+03	1.129044463244108101e+03	1.127180482225733158e+03	1.256377985383464147e+04
6.357387571164835327e-02	3.468757658946306037e+03	1.118349942351020673e+03	1.121261967235114298e+03	1.218837280971315158e+04
6.492114288777969811e-02	3.396270524614214082e+03	1.107713936477535754e+03	1.115335528526177086e+03	1.182459002993882132e+04
6.629696155339574737e-02	3.325266726081987144e+03	1.097132184156741232e+03	1.109399283778189783e+03	1.147176239088201692e+04
6.770193677597398374e-02	3.255725977278346818e+03	1.086605965385409036e+03	1.103453771250254931e+03	1.112962018069584519e+04
6.913668644567325106e-02	3.187631953194422749e+03	1.076135031022451130e+03	1.097498533501709289e+03	1.079793675426822301e+04
7.060184154707406512e-02	3.120990168635317332e+03	1.065724724703344691e+03	1.091536910566646384e+03	1.047652775269778067e+04
7.209804643667737378e-02	3.055705857304025358e+03	1.055367147962125273e+03	1.085564429567806656e+03	1.016475341873902471e+04
7.362595912628441819e-02	2.991767102029116359e+03	1.045064993142798130e+03	1.079582606181488472e+03	9.862405517458744725e+03
7.518625157238204015e-02	2.929165387827115865e+03	1.034820174563826185e+03	1.073592291315988405e+03	9.569320079639877804e+03
7.677960997166025092e-02	2.867886151162410897e+03	1.024633160030301724e+03	1.067593699958221350e+03	9.285253629685301348e+03
7.840673506279315086e-02	2.807861158858843737e+03	1.014500024391992497e+03	1.061585039079244780e+03	9.009712289207931462e+03
8.006834243461452560e-02	2.749073661270630510e+03	1.004422089289069845e+03	1.055566920968213481e+03	8.742498838427547525e+03
8.176516284082480102e-02	2.691516422523630354e+03	9.944016587808139320e+02	1.049540425609882959e+03	8.483456200890248510e+03
8.349794252136732986e-02	2.635174143380603255e+03	9.844391612411792494e+02	1.043505767026667399e+03	8.232379376758184662e+03
8.526744353061486981e-02	2.579985325024652866e+03	9.745303047844357707e+02	1.037460922133377608e+03	7.988812562821934989e+03
8.707444407251174745e-02	2.525934622961711739e+03	9.646764800795733663e+02	1.031406566659144346e+03	7.752593087708528401e+03
8.891973884281766105e-02	2.473015906617605197e+03	9.548801967931270838e+02	1.025343934719780236e+03	7.523587971947575170e+03
9.080413937860487561e-02	2.421213385439994909e+03	9.451419001195505416e+02	1.019273256885586875e+03	7.301624995949739059e+03
9.272847441516200717e-02	2.370471640437966016e+03	9.354572334362973152e+02	1.013192450634828674e+03	7.086291047937445910e+03
9.469359025046093781e-02	2.320776614310846526e+03	9.258275721199210011e+02	1.007102214192374618e+03	6.877435072049795963e+03
9.670035111734798239e-02	2.272123140985084774e+03	9.162553850481442623e+02	1.001003808482904446e+03	6.674955665110041082e+03
9.874963956362264872e-02	2.224495134503499230e+03	9.067411406348884384e+02	9.948975500857405905e+02	6.478676385332452810e+03
1.008423568401705106e-01	2.177842667706523571e+03	8.972804946829293158e+02	9.887812851548917479e+02	6.288253460428767539e+03
1.029794232973221257e-01	2.132152865469096469e+03	8.878749591829514429e+02	9.826558589251039848e+02	6.103549990962549600e+03
1.051617787896111378e-01	2.087421392484878197e+03	8.785269318829953136e+02	9.765225295419588747e+02	5.924487294741929873e+03
1.073903830891107247e-01	2.043632042733589515e+03	8.692365112732793477e+02	9.703813682882588409e+02	5.750889484097880995e+03
1.096662163075285135e-01	2.000739845829234355e+03	8.599997184641467811e+02	9.642304243154387677e+02	5.582460861971161648e+03
1.119902793272475605e-01	1.958733010466391761e+03	8.508180313254728162e+02	9.580705749913705631e+02	5.419078610509909595e+03
1.143635942415015677e-01	1.917607919504197525e+03	8.416939147907207825e+02	9.519031834331226491e+02	5.260678565417847494e+03
1.167872048038782751e-01	1.877348389693335321e+03	8.326270542998422570e+02	9.457281425669930286e+02	5.107099746344358209e+03
1.192621768873494831e-01	1.837913924939537537e+03	8.236140394128877915e+02	9.395437579017881262e+02	4.958088621017434889e+03
1.217895989530276418e-01	1.799293725735183443e+03	8.146562695897324602e+02	9.333508711279561112e+02	4.813542126611891035e+03
1.243705825288575900e-01	1.761484800133380077e+03	8.057559970116947170e+02	9.271507949875356189e+02	4.673388280194051731e+03
1.270062626984522769e-01	1.724471100706359493e+03	7.969125006012951644e+02	9.209431424777271786e+02	4.537483971295788251e+03
1.296977986002878502e-01	1.688216171498223275e+03	7.881229656853184906e+02	9.147265745432254107e+02	4.405611422805725852e+03
1.324463739374786009e-01	1.652710123568135714e+03	7.793887974981505522e+02	9.085020265513071536e+02	4.277691473530435360e+03
1.352531974983535168e-01	1.617950498316603898e+03	7.707117634004810043e+02	9.022705339665557176e+02	4.153646790721831167e+03
1.381195036880665805e-01	1.583921487868812392e+03	7.620913718768998706e+02	8.960319647686042117e+02	4.033353544329925626e+03
1.410465530714722360e-01	1.550590280117291059e+03	7.535253188680899257e+02	8.897853086555086293e+02	3.916624597734924464e+03
1.440356329275057634e-01	1.517947820604473691e+03	7.450146627727491477e+02	8.835313175660864999e+02	3.803383267742953194e+03
1.470880578153118678e-01	1.485992108560570841e+03	7.365607775094142653e+02	8.772707869025346099e+02	3.693557973179704732e+03
1.502051701523716420e-01	1.454707655612211738e+03	7.281636501576999763e+02	8.710038392897287167e+02	3.587053302994892874e+03
1.533883408048797858e-01	1.424064937032886746e+03	7.198209108747017808e+02	8.647293490322837215e+02	3.483701045191025969e+03
1.566389696906345663e-01	1.394055665010077519e+03	7.115328772176565053e+02	8.584476068642668452e+02	3.383420296324934043e+03
1.599584863947036695e-01	1.364678224650603624e+03	7.033016465778524662e+02	8.521600302652853998e+02	3.286159295367865980e+03
1.633483507981373095e-01	1.335917517343209738e+03	6.951274302642755174e+02	8.458670570611768653e+02	3.191831813994263030e+03
1.668100537200059019e-01	1.307746981611184083e+03	6.870073638943166543e+02	8.395672248432656488e+02	3.100288738252320400e+03
1.703451175730422984e-01	1.280159030032824603e+03	6.789420029900586542e+02	8.332610343555863892e+02	3.011455853136972564e+03
1.739550970331800450e-01	1.253152382172229863e+03	6.709338133662932933e+02	8.269501710344994763e+02	2.925300303457945120e+03
1.776415797232799298e-01	1.226712373949513221e+03	6.629821965742185057e+02	8.206344108539553872e+02	2.841729952309997770e+03
1.814061869113461622e-01	1.200815117925830009e+03	6.550841628574637525e+02	8.143121143365716534e+02	2.760614078020427314e+03
1.852505742235391883e-01	1.175453669212230807e+03	6.472411123530239365e+02	8.079845070266934499e+02	2.681898135350592838e+03
1.891764323722997243e-01	1.150627028630225141e+03	6.394553247209538540e+02	8.016533188184270102e+02	2.605553130233264255e+03
1.931854878999012814e-01	1.126321008898067703e+03	6.317254136283767139e+02	7.953178375185115101e+02	2.531481446843031335e+03
1.972795039377621684e-01	1.102514132368555011e+03	6.240497138372338668e+02	7.889774422180205420e+02	2.459585950782440250e+03
2.014602809818480389e-01	1.079200045419562684e+03	6.164288432469369354e+02	7.826326908089473591e+02	2.389809207305008840e+03
2.057296576845067948e-01	1.056377978753496109e+03	6.088644958531371003e+02	7.762848166724828616e+02	2.322124701078773796e+03
2.100895116630852322e-01	1.034034258629492570e+03	6.013564131560310670e+02	7.699341208096600440e+02	2.256453285068827427e+03
2.145417603256798977e-01	1.012149576973114790e+03	5.939022085992645543e+02	7.635793303044544018e+02	2.192703724548658101e+03
2.190883617143895290e-01	9.907181185226679645e+02	5.865025524537596766e+02	7.572212448466218575e+02	2.130823613445907085e+03
2.237313153664367560e-01	9.697393159156429192e+02	5.791598479263999479e+02	7.508617481163618095e+02	2.070798638015718097e+03
2.284726631935388719e-01	9.492000196406945633e+02	5.718728696639253712e+02	7.445003652187519947e+02	2.012548800821643226e+03
2.333144903799153069e-01	9.290828797447749139e+02	5.646395397477674578e+02	7.381360669537773447e+02	1.955995285504959611e+03
2.382589262993237145e-01	9.093825757301756312e+02	5.574611297371915271e+02	7.317700903225236289e+02	1.901101416932741131e+03
2.433081454515323150e-01	8.900987037953747176e+02	5.503390727887184539e+02	7.254036554051021994e+02	1.847842369921114368e+03
2.484643684186368384e-01	8.712186574447778185e+02	5.432725827029784114e+02	7.190366389042050059e+02	1.796153279529078645e+03
2.537298628416438939e-01	8.527268490386459234e+02	5.362598517489713004e+02	7.126683072482576335e+02	1.745965948070500644e+03
2.591069444177515613e-01	8.346184114155513498e+02	5.293014377676147433e+02	7.062994253260992537e+02	1.697241118098404741e+03
2.645979779187619951e-01	8.168930752633026486e+02	5.223998199244070975e+02	6.999322474575078559e+02	1.649967254975676951e+03
2.702053782310787078e-01	7.995387848465278466e+02	5.155533217305450080e+02	6.935657175335060174e+02	1.604079294466571355e+03
2.759316114177428059e-01	7.825415393818235543e+02	5.087602007617784352e+02	6.871990606101236381e+02	1.559518083948138383e+03
2.817791958029755572e-01	7.658968877586136159e+02	5.020216031732257420e+02	6.808337341196022408e+02	1.516253978576739655e+03
2.877507030797054055e-01	7.496046681512494843e+02	4.953391634459310353e+02	6.744713735060755653e+02	1.474269328444227313e+03
2.938487594405665426e-01	7.336533798621887854e+02	4.887120357084913280e+02	6.681119417384530834e+02	1.433511828924607698e+03
3.000760467328633108e-01	7.180304500087684119e+02	4.821380640810584737e+02	6.617540054755520487e+02	1.393927639455638655e+03
3.064353036380134121e-01	7.027318075218192917e+02	4.756181633902475028e+02	6.553987758159454415e+02	1.355489830752429725e+03
3.129293268759847368e-01	6.877573799617661052e+02	4.691545258292438234e+02	6.490485691778098953e+02	1.318186481685407671e+03
3.195609724352570513e-01	6.730962161248093025e+02	4.627455151276607808e+02	6.427026782524033024e+02	1.281965355896283882e+03
3.263331568288500573e-01	6.587370292503333076e+02	4.563899047615192899e+02	6.363607312562276093e+02	1.246785587395486800e+03
3.332488583769670498e-01	6.446760969494249593e+02	4.500879678672597493e+02	6.300231948027690123e+02	1.212618289239991554e+03
3.403111185168231634e-01	6.309134159171288729e+02	4.438420348549226446e+02	6.236926173949262875e+02	1.179454191693098664e+03
3.475230431402304698e-01	6.174385804130718043e+02	4.376504158046668636e+02	6.173681682401947910e+02	1.147248926156096786e+03
3.548878039595292910e-01	6.042414601612897513e+02	4.315119219741085885e+02	6.110496621570016487e+02	1.115964109381021444e+03
3.624086399024666338e-01	5.913186526488653953e+02	4.254271203815617355e+02	6.047380014294382136e+02	1.085576576066858024e+03
3.700888585366366446e-01	5.786702066652061376e+02	4.193978022646920181e+02	5.984351361510954348e+02	1.056075441117691526e+03
3.779318375241043637e-01	5.662862542467041749e+02	4.134226085260982586e+02	5.921406142108536415e+02	1.027425250169477749e+03
3.859410261068597081e-01	5.541577048963376910e+02	4.075001054743066220e+02	5.858539700673685502e+02	9.995865888332913300e+02
3.941199466237500504e-01	5.422814476952298719e+02	4.016313146201948143e+02	5.795767844389484935e+02	9.725452099310051608e+02
4.024721960595590287e-01	5.306575740137444654e+02	3.958174789052991969e+02	5.733103362810190902e+02	9.462880331987278169e+02
4.110014476269163164e-01	5.192767384923804457e+02	3.900574617913284214e+02	5.670546009443437470e+02	9.207833937854614987e+02
4.197114523817274123e-01	5.081307865473567063e+02	3.843499111989581252e+02	5.608091420623012482e+02	8.959975306187277511e+02
4.286060408728412652e-01	4.972168748507569944e+02	3.786956494338565449e+02	5.545752600660830467e+02	8.719183925751007109e+02
4.376891248266767120e-01	4.865351246873170794e+02	3.730960399268809624e+02	5.483546159137841869e+02	8.485335872891681674e+02
4.469646988675492483e-01	4.760767010602619393e+02	3.675498972753203475e+02	5.421471869143611002e+02	8.258145376449223249e+02
4.564368422744575216e-01	4.658342903212628130e+02	3.620558434806346781e+02	5.359523385282403751e+02	8.037332647752690491e+02
4.661097207750954374e-01	4.558052942001621091e+02	3.566147171732310426e+02	5.297715286153305669e+02	7.822765440141494082e+02
4.759875883778879602e-01	4.459898538136669117e+02	3.512279785881000862e+02	5.236067017389696048e+02	7.614367101644747891e+02
4.860747892428489703e-01	4.363796302077620908e+02	3.458941508310675204e+02	5.174574049372780564e+02	7.411854848490951326e+02
4.963757595920870180e-01	4.269680649796059129e+02	3.406121255159980024e+02	5.113233629624314176e+02	7.214998795859120264e+02
5.068950296608012440e-01	4.177527842800178064e+02	3.353825736610091894e+02	5.052058387317289316e+02	7.023677101320796510e+02
5.176372256896176749e-01	4.087339411900599657e+02	3.302069651309820415e+02	4.991069582431252343e+02	6.837820936774121492e+02
5.286070719591531297e-01	3.999036764200637890e+02	3.250839147908054656e+02	4.930264353156318862e+02	6.657186662543005014e+02
5.398093928676924724e-01	3.912561099242552132e+02	3.200121820754625332e+02	4.869636093262291752e+02	6.481562131771585200e+02
5.512491150528981976e-01	3.827890732005575956e+02	3.149923720688723279e+02	4.809199021475696441e+02	6.310843343406233998e+02
5.629312695584811621e-01	3.745027248902835595e+02	3.100262785773886094e+02	4.748980024511758415e+02	6.144975043477869576e+02
5.748609940467923618e-01	3.663896681149328742e+02	3.051119363219166871e+02	4.688966293484451739e+02	5.983729430231293236e+02
5.870435350582976497e-01	3.584446333686112780e+02	3.002486253382303403e+02	4.629159879554030113e+02	5.826933785829417047e+02
5.994842503189414806e-01	3.506656353074807839e+02	2.954367533639976955e+02	4.569573058700182173e+02	5.674483745199031546e+02
6.121886110964055439e-01	3.430528378855985352e+02	2.906780725630506481e+02	4.510231889565613983e+02	5.526347661682585795e+02
6.251622046063020077e-01	3.355992868664165485e+02	2.859705078861023821e+02	4.451122112125754029e+02	5.382300813992069379e+02
6.384107364693620834e-01	3.283002591943622974e+02	2.813134632472659291e+02	4.392248974110443669e+02	5.242202847899105791e+02
6.519400332206916060e-01	3.211539418270892270e+02	2.767074569810117737e+02	4.333624824466019163e+02	5.105969179556931863e+02
6.657560448722088520e-01	3.141604946172125779e+02	2.721537510927643666e+02	4.275269786395633105e+02	4.973550037628702967e+02
6.798648475293831428e-01	3.073133894938235926e+02	2.676508208117041363e+02	4.217179953218393393e+02	4.844772259502734073e+02
6.942726460634290886e-01	3.006083935639052811e+02	2.631977531305376488e+02	4.159352421868622969e+02	4.719492706017604746e+02
7.089857768401280902e-01	2.940438514860477994e+02	2.587950239109139261e+02	4.101800757295127369e+02	4.597645844462129503e+02
7.240107105064845783e-01	2.876199153843940621e+02	2.544441763948292419e+02	4.044551732018186385e+02	4.479190535195037342e+02
7.393540548364295750e-01	2.813304652170602367e+02	2.501432451056197692e+02	3.987591476683941778e+02	4.363961917239622039e+02
7.550225576368376768e-01	2.751717073763167605e+02	2.458915374072993245e+02	3.930922083207824471e+02	4.251843605491685025e+02
7.710231097151263313e-01	2.691421307337642475e+02	2.416896848050083690e+02	3.874560538089184547e+02	4.142772961026806229e+02
7.873627479097432547e-01	2.632418775259392874e+02	2.375387736558460290e+02	3.818524957822424994e+02	4.036715364601681131e+02
8.040486581848822478e-01	2.574652167797825655e+02	2.334371947668574876e+02	3.762809525384041649e+02	3.933525650174604493e+02
8.210881787907730045e-01	2.518087487661592832e+02	2.293842184092971763e+02	3.707413851474198623e+02	3.833099660414665664e+02
8.384888034909533383e-01	2.462710943182518690e+02	2.253801798998310346e+02	3.652349981945847048e+02	3.735380594836248065e+02
8.562581848579297050e-01	2.408523831551617604e+02	2.214265432135180447e+02	3.597645259447779154e+02	3.640345372424791890e+02
8.744041376386801900e-01	2.355472558861848711e+02	2.175212461905014720e+02	3.543283108558276240e+02	3.547852440534335869e+02
8.929346421914835519e-01	2.303526653827404687e+02	2.136638810779957680e+02	3.489270308691282594e+02	3.457820851406928568e+02
9.118578479955742333e-01	2.252673525379198622e+02	2.098546538387540750e+02	3.435615880687236086e+02	3.370194235178100257e+02
9.311820772351820930e-01	2.202914340662328527e+02	2.060949235345452735e+02	3.382346304592778665e+02	3.284953815393914169e+02
9.509158284595223831e-01	2.154199034882655894e+02	2.023827686193945681e+02	3.329447736982313018e+02	3.201978426808342988e+02
9.710677803203476843e-01	2.106500291965407143e+02	1.987175862485187565e+02	3.276921382265981038e+02	3.121187864639798022e+02
9.916467953887124764e-01	2.059806619229749742e+02	1.950998843025214455e+02	3.224783696573433076e+02	3.042542049876608417e+02
1.012661924052612461e+00	2.014119052056922214e+02	1.915306165242798215e+02	3.173053484018437871e+02	2.966020366330971001e+02
1.034122408497234025e+00	1.969390866148270050e+02	1.880080538800629597e+02	3.121720079223188691e+02	2.891511695667646222e+02
1.056037686769547568e+00	1.925597571832028336e+02	1.845315734673566510e+02	3.070783791136388459e+02	2.818947822675928592e+02
1.078417396929040706e+00	1.882728681449921169e+02	1.811016206798952908e+02	3.020259795217613146e+02	2.748297471917938992e+02
1.101271381286411888e+00	1.840785087591437730e+02	1.777191407902933236e+02	2.970168024408772567e+02	2.679535956109673407e+02
1.124609690732098155e+00	1.799723239433896538e+02	1.743823657134215068e+02	2.920495755754913034e+02	2.612567241673108356e+02
1.148442589156521310e+00	1.759521171740850036e+02	1.710907173024992574e+02	2.871243709224921759e+02	2.547333573234273274e+02
1.172780557964020254e+00	1.720169313865940239e+02	1.678446154076841310e+02	2.822426807890168448e+02	2.483803629751327264e+02
1.197634300682437924e+00	1.681668415662051075e+02	1.646448978029275168e+02	2.774063349963943779e+02	2.421957150858021350e+02
1.223014747670394531e+00	1.643977929854193576e+02	1.614898324030504000e+02	2.726140444867850761e+02	2.361709396966471104e+02
1.248933060924324545e+00	1.607078146343454819e+02	1.583789122860413556e+02	2.678659547341917460e+02	2.303009680568205795e+02
1.275400638987373769e+00	1.570960330428792986e+02	1.553123746615459027e+02	2.631631996121167845e+02	2.245825756324482256e+02
1.302429121962336289e+00	1.535625091552214769e+02	1.522911757795592962e+02	2.585079170223841061e+02	2.190146966832184603e+02
1.330030396630823342e+00	1.501034722440596170e+02	1.493134352758147259e+02	2.538983958138324795e+02	2.135892830803004188e+02
1.358216601680917401e+00	1.467171526919275379e+02	1.463787740138641311e+02	2.493349654932646047e+02	2.083020656778149942e+02
1.387000133045610317e+00	1.434027526940865584e+02	1.434873488016207261e+02	2.448186274949074175e+02	2.031500612795404095e+02
1.416393649354382722e+00	1.401603202311666507e+02	1.406400405281088410e+02	2.403513805465843234e+02	1.981325467223809937e+02
1.446410077500298819e+00	1.369863524438152922e+02	1.378350354401696620e+02	2.359315446896987964e+02	1.932422542666782306e+02
1.477062618325094778e+00	1.338792591175300117e+02	1.350719030979690274e+02	2.315592872943576594e+02	1.884752024401439314e+02
1.508364752424737887e+00	1.308383116591615476e+02	1.323508370007125166e+02	2.272356361137051124e+02	1.838292016206752066e+02
1.540330246078020826e+00	1.278635459326089148e+02	1.296725643767155702e+02	2.229623561363833630e+02	1.793032072922842985e+02
1.572973157300799230e+00	1.249517111194382437e+02	1.270353724743690265e+02	2.187378191864545443e+02	1.748909804319848718e+02
1.606307842028519950e+00	1.221013769967564713e+02	1.244388201239520555e+02	2.145621192312696053e+02	1.705889308094506589e+02
1.640348960429783842e+00	1.193118782276059591e+02	1.218830082854718881e+02	2.104360581332150844e+02	1.663949860549817288e+02
1.675111483353698638e+00	1.165832386555342879e+02	1.193687263086170702e+02	2.063615706677688024e+02	1.623086526833351115e+02
1.710610698913865635e+00	1.139124455626555630e+02	1.168941526912083049e+02	2.023366607671594863e+02	1.583238717484007338e+02
1.746862219211904321e+00	1.112982107922064756e+02	1.144589164575343005e+02	1.983614922758532089e+02	1.544377122499589916e+02
1.783881987203444153e+00	1.087399263921874137e+02	1.120631345471935845e+02	1.944368816301658853e+02	1.506485202719910887e+02
1.821686283709640364e+00	1.062376056395634976e+02	1.097074219657030483e+02	1.905644274797512878e+02	1.469554586946374286e+02
1.860291734577268707e+00	1.037884593871201417e+02	1.073900568403949904e+02	1.867421860788343508e+02	1.433533365348382915e+02
1.899715317990559260e+00	1.013913258864099305e+02	1.051107117692429114e+02	1.829703469965211013e+02	1.398397781808367597e+02
1.939974371937992492e+00	9.904564888552908997e+01	1.028693670449443118e+02	1.792494118631923357e+02	1.364129169272203228e+02
1.981086601837313665e+00	9.675143289988440642e+01	1.006666293636014586e+02	1.755809484814921291e+02	1.330722653667527879e+02
2.023070088322156401e+00	9.450609840418228202e+01	9.850084637278183664e+01	1.719630461803261028e+02	1.298131745652551388e+02
2.065943295193674256e+00	9.230859585387727861e+01	9.637160977847530319e+01	1.683956206281085599e+02	1.266334137211560744e+02
2.109725077540682392e+00	9.015841601490083690e+01	9.427898465377690229e+01	1.648793840128086003e+02	1.235315094209455395e+02
2.154434690031884259e+00	8.805555545370695825e+01	9.222342235631138863e+01	1.614154979297830153e+02	1.205070265470670989e+02
2.200091795383838367e+00	8.599763181536700074e+01	9.020338249711596745e+01	1.580022024841940720e+02	1.175557367519684107e+02
2.246716473008353532e+00	8.398369471596431879e+01	8.821839316000576048e+01	1.546392030836615277e+02	1.146755142177373301e+02
2.294329227843169949e+00	8.201327735210425374e+01	8.626852131055218820e+01	1.513271206792157102e+02	1.118653459639825911e+02
2.342950999369765697e+00	8.008637010610098628e+01	8.435418242218328544e+01	1.480671087558241084e+02	1.091247787879391780e+02
2.392603170822269476e+00	7.820077508822048173e+01	8.247380929665965255e+01	1.448571509571998490e+02	1.064499060837434428e+02
2.443307578591545681e+00	7.635562961344574262e+01	8.062702883163109391e+01	1.416971304548213766e+02	1.038390129916582936e+02
2.495086521828544068e+00	7.455050514095636061e+01	7.881379052144957598e+01	1.385873586627880627e+02	1.012910236303364968e+02
2.547962772251191943e+00	7.278538736365041473e+01	7.703452896241383030e+01	1.355290325806723786e+02	9.880565610947914479e+01
2.601959584159102334e+00	7.105825114035634726e+01	7.528767852461437826e+01	1.325199952370213339e+02	9.637942507071188913e+01
2.657100704660517732e+00	6.936831102788269732e+01	7.357286556527444077e+01	1.295600452454738161e+02	9.401079270881578509e+01
2.713410384115983121e+00	6.771517299719525340e+01	7.189008191027022576e+01	1.266495929684616044e+02	9.169885252765416794e+01
2.770913386803353973e+00	6.609881931419680257e+01	7.023959346186885000e+01	1.237893973323287327e+02	8.944325071825382167e+01
2.829635001808795014e+00	6.451738675903850151e+01	6.862001467112136766e+01	1.209776082049782104e+02	8.724099448502650489e+01
2.889601054148607684e+00	6.297015766438870799e+01	6.703089789775422958e+01	1.182137771483004371e+02	8.509060509864863775e+01
2.950837916126738403e+00	6.145676873801838980e+01	6.547219521327237146e+01	1.154981660892945996e+02	8.299131041090026883e+01
3.013372518932980082e+00	5.997720058026160928e+01	6.394419680974673525e+01	1.128316146068507635e+02	8.094287991174309127e+01
3.077232364486974792e+00	5.852974137697333390e+01	6.244548884447221582e+01	1.102120428950369302e+02	7.894256062012905772e+01
3.142445537533192557e+00	5.711373262881823365e+01	6.097572106774773459e+01	1.076391913655121328e+02	7.698914509765110381e+01
3.209040717992251324e+00	5.572883871717245796e+01	5.953476538622915371e+01	1.051130925843994390e+02	7.508185701035941406e+01
3.277047193573979555e+00	5.437503965825504082e+01	5.812283897801728472e+01	1.026343864993406640e+02	7.322045424566475447e+01
3.346494872657771680e+00	5.305076562607018786e+01	5.673866867541457992e+01	1.002012322445473700e+02	7.140251914246792353e+01
3.417414297445926952e+00	5.175540942430851032e+01	5.538182025784651330e+01	9.781308171491151882e+01	6.962695577066529040e+01
3.489836657395697816e+00	5.048866003568646477e+01	5.405223000776649656e+01	9.547010673628589927e+01	6.789316773682483586e+01
3.563793802936028321e+00	4.925049820591539174e+01	5.275004074576762747e+01	9.317274678909589625e+01	6.620092465062884912e+01
3.639318259474964901e+00	4.803948724445398000e+01	5.147400295928004255e+01	9.091908778081162268e+01	6.454798700715006987e+01
3.716443241703908829e+00	4.685506403923304219e+01	5.022374675572075375e+01	8.870870449664218427e+01	6.293341624611528573e+01
3.795202668205029717e+00	4.569693947015079516e+01	4.899913494716773243e+01	8.654156204925610041e+01	6.135664239257607022e+01
3.875631176368202979e+00	4.456509600442530683e+01	4.780031066730190048e+01	8.441806551167599082e+01	5.981752773378703125e+01
3.957764137624104617e+00	4.345822212643120963e+01	4.662612067825669726e+01	8.233644108034238229e+01	5.831408419925912057e+01
4.041637673000112230e+00	4.237579216876378041e+01	4.547613318888694067e+01	8.029605923130351641e+01	5.684539788155390738e+01
4.127288669005872102e+00	4.131753639764011865e+01	4.435024293348090652e+01	7.829692994589086652e+01	5.541100372526477713e+01
4.214754793855508552e+00	4.028343952439293929e+01	4.324853593219447845e+01	7.633932262922348855e+01	5.401075528610905252e+01
4.304074514033643162e+00	3.927230848488578374e+01	4.216992149722329941e+01	7.442148840606496663e+01	5.264286980909358959e+01
4.395287111212434539e+00	3.828364867891402668e+01	4.111402246663410409e+01	7.254291978343428582e+01	5.130658503030586104e+01
4.488432699527177050e+00	3.731720747442795982e+01	4.008064873817045992e+01	7.070335602916883033e+01	5.000144165479327540e+01
4.583552243217979161e+00	3.637297218500864204e+01	3.906992947328888022e+01	6.890318765420950342e+01	4.872737027489763761e+01
4.680687574645305382e+00	3.544986225002946867e+01	3.808081120590183843e+01	6.714065166206704305e+01	4.748273478074496268e+01
4.779881412687339015e+00	3.454740816773480105e+01	3.711289569740639394e+01	6.541514479669112347e+01	4.626680293682103695e+01
4.881177381527165515e+00	3.366537240734972158e+01	3.616603340771062136e+01	6.372651162025007210e+01	4.507919958619820733e+01
4.984620029838152888e+00	3.280374454821506447e+01	3.524027319545954384e+01	6.207490831489039351e+01	4.391982304614420229e+01
5.090254850375883322e+00	3.196155199825249582e+01	3.433469421599546223e+01	6.045880938009392480e+01	4.278729897510380198e+01
5.198128299985286915e+00	3.113834445047745092e+01	3.344888193733784476e+01	5.887754651019385932e+01	4.168094319470060327e+01
5.308287820031761584e+00	3.033389789907982603e+01	3.258265606998990904e+01	5.733086912330485774e+01	4.060037758060093438e+01
5.420781857265304815e+00	2.954820283656452418e+01	3.173608457360328217e+01	5.581897526449231606e+01	3.954555530967208199e+01
5.535659885126738011e+00	2.878039180356543270e+01	3.090828579203843773e+01	5.434034669413762231e+01	3.851520688169610196e+01
5.652972425505520704e+00	2.803002777574251780e+01	3.009885830962768694e+01	5.289433239120248942e+01	3.750870322617328156e+01
5.772771070958623518e+00	2.729689871992126982e+01	2.930762390567752718e+01	5.148065646364150183e+01	3.652573197854454179e+01
5.895108507400270703e+00	2.658099428907684114e+01	2.853461805285205699e+01	5.009944139468202451e+01	3.556623865343237156e+01
6.020038537272556667e+00	2.588155059716369522e+01	2.777907735125574717e+01	4.874936930645537814e+01	3.462915646610379383e+01
6.147616103207036886e+00	2.519813795899245790e+01	2.704056472807753408e+01	4.742968406520886049e+01	3.371385398954957680e+01
6.277897312187818990e+00	2.453055504834615164e+01	2.631890225883214995e+01	4.614011209708752403e+01	3.282003129492402138e+01
6.410939460226692255e+00	2.387878799576628808e+01	2.561412108657078690e+01	4.488075358725431840e+01	3.194763722896761138e+01
6.546801057561175696e+00	2.324217667123084397e+01	2.492552029405131009e+01	4.365035970359610928e+01	3.109573326217883249e+01
6.685541854386596761e+00	2.262029258451692826e+01	2.425268942855947074e+01	4.244824371101255878e+01	3.026375726327358606e+01
6.827222867133428963e+00	2.201294413846332532e+01	2.359544092745631261e+01	4.127408445893261302e+01	2.945142681575643806e+01
6.971906405301561804e+00	2.142010996318343174e+01	2.295376705429957909e+01	4.012788254817059652e+01	2.865867416559340697e+01
7.119656098863218929e+00	2.084123612049384988e+01	2.232709664414920070e+01	3.900863940022639298e+01	2.788473606667889371e+01
7.270536926246596643e+00	2.027588871793205882e+01	2.171497880312469775e+01	3.791556642962005697e+01	2.712901655838502535e+01
7.424615242912579127e+00	1.972388520481813856e+01	2.111722832176193521e+01	3.684833808237689823e+01	2.639124333825414936e+01
7.581958810536977289e+00	1.918519126182084023e+01	2.053383053082795229e+01	3.580694052682309092e+01	2.567137243167117688e+01
7.742636826811277295e+00	1.865936409770969462e+01	1.996431485097332725e+01	3.479053775632488055e+01	2.496880671139655306e+01
7.906719955874896399e+00	1.814595721744138856e+01	1.940822408250329545e+01	3.379833626709307737e+01	2.428293470655130903e+01
8.074280359392364659e+00	1.764479644233992772e+01	1.886536504746682397e+01	3.282997758154949253e+01	2.361349365552498725e+01
8.245391728289099831e+00	1.715582821371747713e+01	1.833568298795845664e+01	3.188536589754435013e+01	2.296040430894805340e+01
8.420129315159766037e+00	1.667872786447292199e+01	1.781885124126598186e+01	3.096393778235803751e+01	2.232323934297035350e+01
8.598569967363353328e+00	1.621302844918901087e+01	1.731436237417292290e+01	3.006477216148803322e+01	2.170136104910813657e+01
8.780792160819700598e+00	1.575856409993477847e+01	1.682204366733171241e+01	2.918756081693637228e+01	2.109455308002975116e+01
8.966876034522190508e+00	1.531525365922600201e+01	1.634182114532384844e+01	2.833218485013067323e+01	2.050270117264807368e+01
9.156903425781846906e+00	1.488290068791211951e+01	1.587346626597661370e+01	2.749821549368923002e+01	1.992550899506943196e+01
9.350957906218383187e+00	1.446100927105094058e+01	1.541645798118893929e+01	2.668473376048374845e+01	1.936231949606641578e+01
9.549124818513869073e+00	1.404942115205079212e+01	1.497063196907899396e+01	2.589144477660770960e+01	1.881293672219407043e+01
9.751491313945386707e+00	1.364802793812935100e+01	1.453586509218780343e+01	2.511811132117696133e+01	1.827721399775532163e+01
9.958146390713055851e+00	1.325674574885177925e+01	1.411207269579018231e+01	2.436459067169205994e+01	1.775502576518922382e+01
1.016918093308028581e+01	1.287506858086170247e+01	1.369870999073061313e+01	2.362990863570020394e+01	1.724569348427540660e+01
1.038468775134352740e+01	1.250283608536827806e+01	1.329558850911201873e+01	2.291370445153212998e+01	1.674898842458022941e+01
1.060476162264905220e+01	1.213992925452770777e+01	1.290259355106267058e+01	2.221578163738841027e+01	1.626476589261825723e+01
1.082949933267470577e+01	1.178630927336961598e+01	1.251969335361657976e+01	2.153609074151427194e+01	1.579299430981641628e+01
1.105899971819510696e+01	1.144153313544748585e+01	1.214638894838375727e+01	2.087371496273181748e+01	1.533305428145902205e+01
1.129336371054865928e+01	1.110541024889629114e+01	1.178248284579535898e+01	2.022830730182574044e+01	1.488468846614830099e+01
1.153269438002595848e+01	1.077781773252054265e+01	1.142784120586743590e+01	1.959962368053265891e+01	1.444773377935608494e+01
1.177709698119876869e+01	1.045872219255620017e+01	1.108242597721909917e+01	1.898758723957642758e+01	1.402215408695851728e+01
1.202667899920963279e+01	1.014779112089613378e+01	1.074588155763837527e+01	1.839155909766134300e+01	1.360750916847984193e+01
1.228155019704247053e+01	9.844783631739838725e+00	1.041794472297485541e+01	1.781106803155612539e+01	1.320346336632060158e+01
1.254182266379493349e+01	9.549576814165302352e+00	1.009847840357525328e+01	1.724586109089180752e+01	1.280984984918346647e+01
1.280761086397376225e+01	9.262109694473046773e+00	9.787418310680243039e+00	1.669581773745771613e+01	1.242659084972449079e+01
1.307903168783481007e+01	8.982203586420581587e+00	9.484576083963334625e+00	1.616059901015283629e+01	1.205345941990515435e+01
1.335620450278989146e+01	8.709548043326998723e+00	9.189609956573578486e+00	1.563958720750314590e+01	1.169003278003233603e+01
1.363925120590300821e+01	8.444022710136302123e+00	8.902390927272072929e+00	1.513255095896268365e+01	1.133614470931482288e+01
1.392829627749924271e+01	8.185531133337867971e+00	8.622814680504218288e+00	1.463929893923119074e+01	1.099166343864109585e+01
1.422346683590943783e+01	7.934023069926427141e+00	8.350825770931994185e+00	1.415972397579859177e+01	1.065652778057535066e+01
1.452489269337533528e+01	7.689167761395420797e+00	8.086071572910562111e+00	1.369319759410675985e+01	1.033030256108584943e+01
1.483270641313931115e+01	7.450825709487617132e+00	7.828400206583332022e+00	1.323944653056904919e+01	1.001278627263977050e+01
1.514704336774399174e+01	7.218892193361793552e+00	7.577692571804250932e+00	1.279824606164046230e+01	9.703833927672651072e+00
1.546804179856737527e+01	6.993318913587520669e+00	7.333896890315181771e+00	1.236949860109996990e+01	9.403385925116612754e+00
1.579584287661962527e+01	6.773906008683187707e+00	7.096808028833485160e+00	1.195284460725912368e+01	9.111186957644976658e+00
1.613059076462826624e+01	6.560438150092504195e+00	6.866189005776160315e+00	1.154785459049579011e+01	8.826936008410473988e+00
1.647243268043913034e+01	6.352810189695637710e+00	6.641921618859539578e+00	1.115430876145110339e+01	8.550488856559860906e+00
1.682151896176083383e+01	6.150933101274342008e+00	6.423910277892410647e+00	1.077203219363245346e+01	8.281723294072945052e+00
1.717800313228151410e+01	5.954758301783511065e+00	6.212113128050496869e+00	1.040095479222931374e+01	8.020584761885594105e+00
1.754204196918641045e+01	5.764029190053062912e+00	6.006247978840796975e+00	1.004056475984491037e+01	7.766723746986794019e+00
1.791379557210657580e+01	5.578619068710222173e+00	5.806176422186360320e+00	9.690611018761027040e+00	7.519961940485057283e+00
1.829342743352862044e+01	5.398431846286625202e+00	5.611795260009920128e+00	9.350905224053235543e+00	7.280167479455967872e+00
1.868110451069663469e+01	5.223392554340613891e+00	5.423029146640460318e+00	9.021312606938359124e+00	7.047246110614581838e+00
1.907699729903783492e+01	5.053424565504760935e+00	5.239794651587796892e+00	8.701677360305092535e+00	6.821096714672203909e+00
1.948127990714428748e+01	4.888298269017303355e+00	5.061841395964437496e+00	8.391549008997857939e+00	6.601403432600233323e+00
1.989413013334363711e+01	4.727917417058015381e+00	4.889067448040974817e+00	8.090744449175204522e+00	6.388035009861373403e+00
2.031572954389253738e+01	4.572192442599855688e+00	4.721380435468345738e+00	7.799098446661785644e+00	6.180870811345593019e+00
2.074626355282718393e+01	4.421039605100274272e+00	4.558689335696538336e+00	7.516442129178003917e+00	5.979800219236800274e+00
2.118592150350598402e+01	4.274417823571867281e+00	4.400950037683062810e+00	7.242688775384353406e+00	5.784767969576001256e+00
2.163489675188052530e+01	4.132092003170782846e+00	4.247906300809260571e+00	6.977380004964305549e+00	5.595448734564178572e+00
2.209338675153079734e+01	3.993986115849498475e+00	4.099478692024176141e+00	6.720371351720396902e+00	5.411740414337971927e+00
2.256159314050291798e+01	3.860014961528134947e+00	3.955576200505973805e+00	6.471496700607208830e+00	5.233528518248917294e+00
2.303972182998693796e+01	3.730102264120669364e+00	3.816118511492346599e+00	6.230608861776104845e+00	5.060715680388640614e+00
2.352798309487394945e+01	3.604192865879841889e+00	3.681045679323057040e+00	5.997595384004476671e+00	4.893224681606762161e+00
2.402659166623228870e+01	3.482119211245315871e+00	3.550175566033610064e+00	5.772128009084845246e+00	4.730826228116256971e+00
2.453576682574353285e+01	3.363785080119370718e+00	3.423404470826708845e+00	5.554017454285172128e+00	4.573387494882743098e+00
2.505573250213976877e+01	3.249109366880246874e+00	3.300645767749612158e+00	5.343105378473524958e+00	4.420800715550754489e+00
2.558671736968459953e+01	3.138014022803014669e+00	3.181815882792214278e+00	5.139237802903937613e+00	4.272963536065892853e+00
2.612895494874115698e+01	3.030421080306744841e+00	3.066829734541162367e+00	4.942257178078568458e+00	4.129769907833432008e+00
2.668268370847132687e+01	2.926291479416817776e+00	2.955642607289725721e+00	4.752075293126014621e+00	3.991161381520403229e+00
2.724814717171165412e+01	2.825456334213713561e+00	2.848072382389341239e+00	4.568366896251844445e+00	3.856912019471153030e+00
2.782559402207125743e+01	2.727847181320036452e+00	2.744044117993737597e+00	4.390991837733842829e+00	3.726929439436327041e+00
2.841527821329990999e+01	2.633389144515078772e+00	2.643477221966409552e+00	4.219801658601909367e+00	3.601116152911203905e+00
2.901745908097360527e+01	2.542008901135537347e+00	2.546292668351708421e+00	4.054650683220421215e+00	3.479375923957378269e+00
2.963240145654703639e+01	2.453635892413542852e+00	2.452412191772391115e+00	3.895393280896600086e+00	3.361610558524494863e+00
3.026037578382308624e+01	2.368210385479837754e+00	2.361768168809156077e+00	3.741900952237797284e+00	3.247736407209345977e+00
3.090165823789054755e+01	2.285647201522595040e+00	2.274267934971780925e+00	3.594003996794780775e+00	3.137640227207380672e+00
3.155653084658241525e+01	2.205849960375804386e+00	2.189805514112721507e+00	3.451508588588996673e+00	3.031192971789893331e+00
3.222528161450811979e+01	2.128750218027775531e+00	2.108304848113823571e+00	3.314272472553334126e+00	2.928303375371190231e+00
3.290820464971425707e+01	2.054280548361348213e+00	2.029691807063758624e+00	3.182157961486445252e+00	2.828883222848903589e+00
3.360560029302952501e+01	1.982374577010274086e+00	1.953893218182283675e+00	3.055028782056870007e+00	2.732845040671797232e+00
3.431777525015100849e+01	1.912966934164611388e+00	1.880836234306805244e+00	2.932749118499585972e+00	2.640101976342291490e+00
3.504504272652905428e+01	1.845993445096726582e+00	1.810448790999061197e+00	2.815184593159851811e+00	2.550567762449062581e+00
3.578772256511129513e+01	1.781391229582642621e+00	1.742659805012070517e+00	2.702201688701944438e+00	2.464157894208055311e+00
3.654614138700539883e+01	1.719099583158156808e+00	1.677400888259380496e+00	2.593671816376553529e+00	2.380791952732511874e+00
3.732063273512289925e+01	1.659060105950742381e+00	1.614606193148618862e+00	2.489471470642632411e+00	2.300392721032749055e+00
3.811153722086707774e+01	1.601199228756231552e+00	1.554193217964227491e+00	2.389448160397957377e+00	2.222862766377794674e+00
3.891920267392951160e+01	1.545457906727699671e+00	1.496095558582797969e+00	2.293477883189323219e+00	2.148124990866687956e+00
3.974398429526115706e+01	1.491779284448372378e+00	1.440249010771507576e+00	2.201440214459252864e+00	2.076105760499987518e+00
4.058624481328516254e+01	1.440107651145358547e+00	1.386589971091721774e+00	2.113215418200554030e+00	2.006732012193591874e+00
4.144635464342010778e+01	1.390388468732887572e+00	1.335056420087539220e+00	2.028687512297189244e+00	1.939932378345177177e+00
4.232469205098434628e+01	1.342568399765076359e+00	1.285587116846254929e+00	1.947741385686938997e+00	1.875636647937502843e+00
4.322164331755172384e+01	1.296595333119491489e+00	1.238121968255379013e+00	1.870263891772603104e+00	1.813776577004223345e+00
4.413760291083362119e+01	1.252418405083245645e+00	1.192602467003608391e+00	1.796145063142719600e+00	1.754285772927066223e+00
4.507297365816076251e+01	1.209988013089426717e+00	1.148971660136072659e+00	1.725278067118182879e+00	1.697099992890727105e+00
4.602816692364147144e+01	1.169255819982814248e+00	1.107173797225909917e+00	1.657558203393632912e+00	1.642157018500654653e+00
4.700360278907441369e+01	1.130174747116330591e+00	1.067154578825667999e+00	1.592883602380686714e+00	1.589396388005008820e+00
4.799971023869517950e+01	1.092698956224875451e+00	1.028860908005440944e+00	1.531154586816938057e+00	1.538758916193292636e+00
4.901692734783804895e+01	1.056783820658490747e+00	9.922409577901099009e-01	1.472273907044148622e+00	1.490186926363213260e+00
5.005570147559598126e+01	1.022385887564393858e+00	9.572440150099700285e-01	1.416146264333475457e+00	1.443624449013579891e+00
5.111648946156338980e+01	9.894649391324378263e-01	9.238226515693731544e-01	1.362681830419088858e+00	1.399019880189109166e+00
5.219975782674825382e+01	9.579933120842785144e-01	8.919434523340051824e-01	1.311815781026089089e+00	1.356338741687897587e+00
5.330598297874255564e+01	9.279280395503223255e-01	8.615563883035733950e-01	1.263454759718240394e+00	1.315526262703496707e+00
5.443565142123959077e+01	8.992294758349639316e-01	8.326148463670831612e-01	1.217511256816221410e+00	1.276531844165817997e+00
5.558925996799251124e+01	8.718597373997833966e-01	8.050744208344674524e-01	1.173902274012609714e+00	1.239307508354469123e+00
5.676731596130657209e+01	8.457820313803793288e-01	7.788917333988869540e-01	1.132546570562103172e+00	1.203806706487545064e+00
5.797033749516177181e+01	8.209603687698970864e-01	7.540242166355890507e-01	1.093364500089456515e+00	1.169983827656407849e+00
5.919885364306400533e+01	7.973806951868297466e-01	7.304526751709683463e-01	1.056315915540136929e+00	1.137822381171538000e+00
6.045340469072480261e+01	7.750274232569572819e-01	7.081562593275111395e-01	1.021358060068294327e+00	1.107303942366702376e+00
6.173454237367209885e+01	7.538536395306101312e-01	6.870809172197545056e-01	9.883924848931900931e-01	1.078368584197534563e+00
6.304283011989645757e+01	7.338231693334097416e-01	6.671841136599486743e-01	9.573406903376304733e-01	1.050970688014825738e+00
6.437884329763940627e+01	7.149436188577763529e-01	6.484697376400107016e-01	9.282018887063460122e-01	1.025122860364658717e+00
6.574316946843353549e+01	6.971971496536932822e-01	6.309146739117319491e-01	9.009302272566276359e-01	1.000804011232372392e+00
6.713640864550379206e+01	6.805321118474415565e-01	6.144599221902878883e-01	8.754199041858837793e-01	9.779479545987727063e-01
6.855917355764610477e+01	6.649764296087230520e-01	5.991306155052744664e-01	8.517055617262214717e-01	9.565944550546460201e-01
7.001208991869765441e+01	6.505012671564561755e-01	5.848918888184448939e-01	8.297218731493073429e-01	9.367078198805921518e-01
7.149579670271769771e+01	6.370865942125719661e-01	5.717182571513400591e-01	8.094194651218095116e-01	9.182641041725816411e-01
7.301094642500031284e+01	6.247618654120055126e-01	5.596361369739830671e-01	7.908347549902102758e-01	9.013053294825676964e-01
7.455820542904223203e+01	6.134890678688142973e-01	5.486010533542099443e-01	7.738868994812475588e-01	8.857837530692848071e-01
7.613825417959219521e+01	6.033066273452200035e-01	5.386486646262841349e-01	7.586274247977968788e-01	8.717535770937453465e-01
7.775178756191070306e+01	5.942050119526764984e-01	5.297642057576771313e-01	7.450244417703817401e-01	8.592051428665045121e-01
7.939951518737163383e+01	5.861910730941627401e-01	5.219499232229934949e-01	7.330738944696684189e-01	8.481507514922188573e-01
8.108216170554010205e+01	5.793227809766879899e-01	5.152614868180485086e-01	7.228596503817431573e-01	8.386709913155361296e-01
8.280046712286477373e+01	5.735939755955901109e-01	5.096871845816851598e-01	7.143541946836639012e-01	8.307609985075551373e-01
8.455518712812224180e+01	5.690437828631741413e-01	5.052625117315784342e-01	7.076074563204491907e-01	8.244764960444568302e-01
8.634709342475994731e+01	5.657253420439721792e-01	5.020373850602122268e-01	7.026926676736068300e-01	8.198920292977924795e-01
8.817697407028136070e+01	5.636974009322142098e-01	5.000673122914169877e-01	6.996918544088124303e-01	8.170898473470064038e-01
9.004563382282356088e+01	5.630274435859742299e-01	4.994166324975274907e-01	6.987010034428864369e-01	8.161640026916620050e-01
9.195389449507966617e+01	5.637972039862213514e-01	5.001642507375858582e-01	6.998394834732178937e-01	8.172277649869976734e-01
9.390259531572145590e+01	5.661081919568634602e-01	5.024093857116150863e-01	7.032594233764074554e-01	8.204209960312025540e-01
9.589259329848152902e+01	5.700816144268197050e-01	5.062714783515457340e-01	7.091455354417016688e-01	8.259100586504249941e-01
9.792476361905691817e+01	5.758566570120098316e-01	5.118883965619154264e-01	7.177121520265329346e-01	8.338854728212388157e-01
