# Data associated with arXiv:2208.14002
# 
# Scale-free velocity distribution, f(E), of a nfw1-4rhos8e6 dark matter distribution (see Eq. 2.7 and the surrounding discussion)
# 
# Published: 8/25/22, Jack Runburg and Kenny Kiriu, contact: runburg@hawaii.edu
# 
# 
# -----------------------------------------------------------------
# 
# 	 tilde E 		 | 		 tilde f
# 
# -----------------------------------------------------------------
1.041666364817714786e-03	5.125894735308021545e+10
1.052194968543185543e-03	4.931537939970241547e+10
1.062829987674933103e-03	4.740153245166595459e+10
1.073572497776632047e-03	4.552730404742961121e+10
1.084423585281669208e-03	4.372637108309223938e+10
1.095384347602969006e-03	4.196949130275469971e+10
1.106455893243948104e-03	4.028270270883584595e+10
1.117639341910566832e-03	3.866322869506462097e+10
1.128935824624534203e-03	3.710839692675257874e+10
1.140346483837644410e-03	3.561564126040415955e+10
1.151872473547261265e-03	3.418250402980599213e+10
1.163514959412991802e-03	3.280662389312943268e+10
1.175275118874508692e-03	3.148572698887997437e+10
1.187154141270589571e-03	3.021762658411964417e+10
1.199153227959334680e-03	2.900022968298442841e+10
1.211273592439616586e-03	2.783152470049026871e+10
1.223516460473749855e-03	2.670957638792564011e+10
1.235883070211387606e-03	2.563252398475735855e+10
1.248374672314694813e-03	2.459858594103089905e+10
1.260992530084754579e-03	2.360605084223756409e+10
1.273737919589281505e-03	2.265326880266239166e+10
1.286612129791594051e-03	2.173865820065194702e+10
1.299616462680915682e-03	2.086070262212124252e+10
1.312752233403976631e-03	2.001794261232322693e+10
1.326020770397938389e-03	1.920897806430347061e+10
1.339423415524685582e-03	1.843246402103148651e+10
1.352961524206438854e-03	1.768710454399926758e+10
1.366636465562770259e-03	1.697165970813624573e+10
1.380449622548973482e-03	1.628493996795413971e+10
1.394402392095855231e-03	1.562579867536123848e+10
1.408496185250912667e-03	1.499313466551069069e+10
1.422732427320961505e-03	1.438589378634076309e+10
1.437112558016187449e-03	1.380306266796827888e+10
1.451638031595645691e-03	1.324366608814392853e+10
1.466310317014255741e-03	1.270676788313124847e+10
1.481130898071247783e-03	1.219146995897601509e+10
1.496101273560133862e-03	1.169691071987500191e+10
1.511222957420167452e-03	1.122226126653014183e+10
1.526497478889361683e-03	1.076672488909574127e+10
1.541926382659023279e-03	1.032953830896781349e+10
1.557511229029857284e-03	9.909968491153898239e+09
1.573253594069659502e-03	9.507310253080801010e+09
1.589155069772572350e-03	9.120886486794303894e+09
1.605217264219979591e-03	8.750047618296119690e+09
1.621441801742993984e-03	8.394170666788224220e+09
1.637830323086612860e-03	8.052656009970609665e+09
1.654384485575509118e-03	7.724927648257858276e+09
1.671105963281499258e-03	7.410433902078197479e+09
1.687996447192713616e-03	7.108644390540774345e+09
1.705057645384454052e-03	6.819049527979302406e+09
1.722291283191794160e-03	6.541160458400539398e+09
1.739699103383902934e-03	6.274507398813101768e+09
1.757282866340143489e-03	6.018639472039054871e+09
1.775044350227939459e-03	5.773123945325465202e+09
1.792985351182427734e-03	5.537544997022710800e+09
1.811107683487949566e-03	5.311503697089659691e+09
1.829413179761334943e-03	5.094616916499423027e+09
1.847903691137076521e-03	4.886516533810784340e+09
1.866581087454331506e-03	4.686849229213855743e+09
1.885447257445844321e-03	4.495275998873323441e+09
1.904504108928753176e-03	4.311471485572812080e+09
1.923753568997318714e-03	4.135123001087666035e+09
1.943197584217622870e-03	3.965930240699117184e+09
1.962838120824181125e-03	3.803605124869069576e+09
1.982677164918630365e-03	3.647871213885856152e+09
2.002716722670286765e-03	3.498462932612765312e+09
2.022958820518820904e-03	3.355125222233010292e+09
2.043405505378978991e-03	3.217613439582251549e+09
2.064058844847335879e-03	3.085692697086658478e+09
2.084920927411121946e-03	2.959137372368804932e+09
2.105993862659142485e-03	2.837730957922034740e+09
2.127279781494963076e-03	2.721265665155091763e+09
2.148780836351989274e-03	2.609541967199824810e+09
2.170499201410967111e-03	2.502368339550317764e+09
2.192437072819550942e-03	2.399560984499222279e+09
2.214596668914049250e-03	2.300943385447396755e+09
2.236980230443511887e-03	2.206346154571014404e+09
2.259590020796001329e-03	2.115606716137353897e+09
2.282428326227149435e-03	2.028568967123754740e+09
2.305497456091055650e-03	1.945083131381639242e+09
2.328799743073515800e-03	1.865005436919050455e+09
2.352337543427479583e-03	1.788197837446007252e+09
2.376113237211096695e-03	1.714527828899090767e+09
2.400129228527918789e-03	1.643868321230776548e+09
2.424387945769751647e-03	1.576097307958902836e+09
2.448891841861770315e-03	1.511097599177604675e+09
2.473643394510198143e-03	1.448756797554512739e+09
2.498645106452471697e-03	1.388967042597578764e+09
2.523899505709913203e-03	1.331624781442261696e+09
2.549409145842895796e-03	1.276630619359096050e+09
2.575176606208747897e-03	1.223889175352543592e+09
2.601204492221992088e-03	1.173308947369404554e+09
2.627495435617470138e-03	1.124802090521878242e+09
2.654052094715922232e-03	1.078284291149377108e+09
2.680877154692387718e-03	1.033674662356699944e+09
2.707973327847142033e-03	9.908955675454722643e+08
2.735343353879530603e-03	9.498725009231042862e+08
2.762990000164465988e-03	9.105339766907985210e+08
2.790916062031696676e-03	8.728113779252085686e+08
2.819124363047981544e-03	8.366388701693319082e+08
2.847617755301966574e-03	8.019532938450039625e+08
2.876399119692016684e-03	7.686940157253291607e+08
2.905471366216995713e-03	7.368028639492404461e+08
2.934837434269811987e-03	7.062240361512701511e+08
2.964500292934072953e-03	6.769039678135577440e+08
2.994462941283625515e-03	6.487912659229141474e+08
3.024728408685181148e-03	6.218366274046429396e+08
3.055299755103914328e-03	5.959927393394787312e+08
3.086180071412198203e-03	5.712142076665151119e+08
3.117372479701410737e-03	5.474574780634671450e+08
3.148880133596865943e-03	5.246807608300485015e+08
3.180706218575961308e-03	5.028439657214117050e+08
3.212853952289462453e-03	4.819086240134140253e+08
3.245326584886072500e-03	4.618378294028881788e+08
3.278127399340219350e-03	4.425961785486869812e+08
3.311259711783177094e-03	4.241497014594287276e+08
3.344726871837490345e-03	4.064658092469901443e+08
3.378532262954755255e-03	3.895132371153512597e+08
3.412679302756828348e-03	3.732619933922941089e+08
3.447171443380418927e-03	3.576833044195598960e+08
3.482012171825190835e-03	3.427495663824073672e+08
3.517205010305311103e-03	3.284343018874263167e+08
3.552753516604580802e-03	3.147121096070752740e+08
3.588661284435098672e-03	3.015586243306006193e+08
3.624931943799522549e-03	2.889504689391342998e+08
3.661569161357012755e-03	2.768652244181354642e+08
3.698576640792787182e-03	2.652813833265178204e+08
3.735958123191469339e-03	2.541783176928899586e+08
3.773717387414033363e-03	2.435362376097990572e+08
3.811858250478763165e-03	2.333361629110661745e+08
3.850384567945828486e-03	2.235598876521148980e+08
3.889300234305801372e-03	2.141899498148402572e+08
3.928609183372108737e-03	2.052096004429381788e+08
3.968315388677286573e-03	1.966027769411029220e+08
4.008422863873435660e-03	1.883540720512108207e+08
4.048935663136455504e-03	1.804487068534280658e+08
4.089857881574496257e-03	1.728725091058145463e+08
4.131193655640408302e-03	1.656118875742688775e+08
4.172947163548408958e-03	1.586538065341679454e+08
4.215122625694848330e-03	1.519857634717832804e+08
4.257724305083244315e-03	1.455957679122816622e+08
4.300756507753576360e-03	1.394723226936954558e+08
4.344223583215829285e-03	1.336044005713943094e+08
4.388129924887960651e-03	1.279814269188849926e+08
4.432479970538180658e-03	1.225932614069061726e+08
4.477278202731709358e-03	1.174301800246765167e+08
4.522529149281993843e-03	1.124828574404492378e+08
4.568237383706428775e-03	1.077423510823084563e+08
4.614407525686680875e-03	1.032000871969490349e+08
4.661044241533547974e-03	9.884784340356399119e+07
4.708152244656569479e-03	9.467773572826604545e+07
4.755736296038235583e-03	9.068220496428683400e+07
4.803801204713015541e-03	8.685400220653127134e+07
4.852351828251135618e-03	8.318617731810675561e+07
4.901393073247214266e-03	7.967206681845209002e+07
4.950929895813784010e-03	7.630528110188437998e+07
5.000967302079719137e-03	7.307969414752553403e+07
5.051510348693695820e-03	6.998943265376110375e+07
5.102564143332637830e-03	6.702886524677658081e+07
5.154133845215262341e-03	6.419259315116881579e+07
5.206224665620758779e-03	6.147544040807504207e+07
5.258841868412633680e-03	5.887244466288383305e+07
5.311990770567816961e-03	5.637884857878108323e+07
5.365676742710989711e-03	5.399009149771261960e+07
5.419905209654339931e-03	5.170180110357400775e+07
5.474681650942591835e-03	4.950978592600324750e+07
5.530011601403581056e-03	4.741002784235799313e+07
5.585900651704238731e-03	4.539867520440390706e+07
5.642354448912166587e-03	4.347203565591982007e+07
5.699378697062806517e-03	4.162656980808369070e+07
5.756979157732225461e-03	3.985888487159607559e+07
5.815161650615685573e-03	3.816572869200520217e+07
5.873932054111876550e-03	3.654398385863476247e+07
5.933296305913077218e-03	3.499066241160953045e+07
5.993260403601098976e-03	3.350290024673530459e+07
6.053830405249217492e-03	3.207795215005920455e+07
6.115012430030097867e-03	3.071318694335699826e+07
6.176812658829709812e-03	2.940608265660758317e+07
6.239237334867451384e-03	2.815422231082817912e+07
6.302292764322316512e-03	2.695528914898085222e+07
6.365985316965415072e-03	2.580706288231384754e+07
6.430321426798675521e-03	2.470741557106477767e+07
6.495307592699948659e-03	2.365430781640553847e+07
6.560950379074515990e-03	2.264578514646159485e+07
6.627256416513047782e-03	2.167997447935032472e+07
6.694232402456130535e-03	2.075508077658288553e+07
6.761885101865316994e-03	1.986938378175675869e+07
6.830221347900939863e-03	1.902123498249984160e+07
6.899248042606550418e-03	1.820905462175224721e+07
6.968972157600198877e-03	1.743132888927994668e+07
7.039400734772554777e-03	1.668660712889087759e+07
7.110540886991929821e-03	1.597349924682934582e+07
7.182399798816324621e-03	1.529067326292910986e+07
7.254984727212452494e-03	1.463685282936130278e+07
7.328303002281981449e-03	1.401081494253144972e+07
7.402362027994851233e-03	1.341138776780948602e+07
7.477169282929963835e-03	1.283744850063428655e+07
7.552732321023054862e-03	1.228792131070159376e+07
7.629058772322115309e-03	1.176177539677079767e+07
7.706156343750178092e-03	1.125802316395237297e+07
7.784032819875576908e-03	1.077571837247745320e+07
7.862696063689994866e-03	1.031395445199270919e+07
7.942154017394060031e-03	9.871862844611039385e+06
8.022414703190667434e-03	9.448611419389538467e+06
8.103486224086218354e-03	9.043402973257394508e+06
8.185376764699695343e-03	8.655473753013595939e+06
8.268094592079741276e-03	8.284092087959002703e+06
8.351648056529709443e-03	7.928557045428523794e+06
8.436045592440976140e-03	7.588197142542535439e+06
8.521295719134288488e-03	7.262369124495586380e+06
8.607407041709501383e-03	6.950456793725661002e+06
8.694388251903618567e-03	6.651869876550187357e+06
8.782248128957273123e-03	6.366042944653689861e+06
8.870995540489727202e-03	6.092434368174392730e+06
8.960639443382404853e-03	5.830525333014875650e+06
9.051188884671204291e-03	5.579818888745112345e+06
9.142653002447419588e-03	5.339839024477573112e+06
9.235041026767599678e-03	5.110129803561708890e+06
9.328362280572263104e-03	4.890254527391884476e+06
9.422626180613619465e-03	4.679794914967251010e+06
9.517842238392389478e-03	4.478350341442390345e+06
9.614020061103706327e-03	4.285537103993000463e+06
9.711169352592393181e-03	4.100987710863682441e+06
9.809299914317426081e-03	3.924350194674752653e+06
9.908421646325901375e-03	3.755287466529292054e+06
1.000854454823649035e-02	3.593476696696682367e+06
1.010967872023244354e-02	3.438608708352687303e+06
1.021183436406432506e-02	3.290387414376894478e+06
1.031502178406241282e-02	3.148529255782226566e+06
1.041925138815911339e-02	3.012762691217012703e+06
1.052453368892111892e-02	2.882827671974349301e+06
1.063087930459174872e-02	2.758475182132048067e+06
1.073829896014332451e-02	2.639466754374329001e+06
1.084680348833979950e-02	2.525574039443478920e+06
1.095640383080968144e-02	2.416578375406789593e+06
1.106711103912929282e-02	2.312270381418809295e+06
1.117893627591666494e-02	2.212449563588980585e+06
1.129189081593579870e-02	2.116923946907301899e+06
1.140598604721183330e-02	2.025509709808703978e+06
1.152123347215678641e-02	1.938030846857341472e+06
1.163764470870628544e-02	1.854318830039275810e+06
1.175523149146723116e-02	1.774212307698722230e+06
1.187400567287642990e-02	1.697556784991135122e+06
1.199397922437058124e-02	1.624204346980642993e+06
1.211516423756725525e-02	1.554013375029931078e+06
1.223757292545748707e-02	1.486848282981521916e+06
1.236121762360960046e-02	1.422579260697518941e+06
1.248611079138470421e-02	1.361082030925676459e+06
1.261226501316384252e-02	1.302237614186513936e+06
1.273969299958676617e-02	1.245932107078748755e+06
1.286840758880276707e-02	1.192056464054516982e+06
1.299842174773321347e-02	1.140506294677910861e+06
1.312974857334640172e-02	1.091181663515103050e+06
1.326240129394432206e-02	1.043986906752424664e+06
1.339639327046186247e-02	9.988304411517801927e+05
1.353173799777828389e-02	9.556246038157271687e+05
1.366844910604118543e-02	9.142854757763084490e+05
1.380654036200309499e-02	8.747327278177317930e+05
1.394602567037058448e-02	8.368894665929371258e+05
1.408691907516640418e-02	8.006820903682048665e+05
1.422923476110428236e-02	7.660401444417695748e+05
1.437298705497684279e-02	7.328961957558300346e+05
1.451819042705661603e-02	7.011856964800037676e+05
1.466485949251021548e-02	6.708468654109573690e+05
1.481300901282590551e-02	6.418205690986532718e+05
1.496265389725448189e-02	6.140502086389083415e+05
1.511380920426385818e-02	5.874816144166481681e+05
1.526649014300710677e-02	5.620629387993443524e+05
1.542071207480436371e-02	5.377445600874976953e+05
1.557649051463863912e-02	5.144789864869359881e+05
1.573384113266552628e-02	4.922207656102150213e+05
1.589277975573688204e-02	4.709263969974793727e+05
1.605332236893900963e-02	4.505542495614791987e+05
1.621548511714492394e-02	4.310644819094509585e+05
1.637928430658101495e-02	4.124189645949775586e+05
1.654473640640836962e-02	3.945812084793914692e+05
1.671185805031862037e-02	3.775162938016673434e+05
1.688066603814464620e-02	3.611908037988538272e+05
1.705117733748604675e-02	3.455727595518213348e+05
1.722340908534968421e-02	3.306315592547427514e+05
1.739737858980520274e-02	3.163379190194981638e+05
1.757310333165584132e-02	3.026638163085613050e+05
1.775060096612452940e-02	2.895824361148762982e+05
1.792988932455541126e-02	2.770681193833542638e+05
1.811098641613088575e-02	2.650963134081584285e+05
1.829391042960431396e-02	2.536435238924914447e+05
1.847867973504854072e-02	2.426872704371007567e+05
1.866531288562015695e-02	2.322060424970775784e+05
1.885382861933991572e-02	2.221792579310002038e+05
1.904424586088909743e-02	2.125872233057176636e+05
1.923658372342221257e-02	2.034110954640040873e+05
1.943086151035408257e-02	1.946328450963554496e+05
1.962709871736311937e-02	1.862352219570515153e+05
1.982531503402870307e-02	1.782017212600292696e+05
2.002553034585231526e-02	1.705165516782410850e+05
2.022776473611881745e-02	1.631646046118817758e+05
2.043203848780871662e-02	1.561314248273672711e+05
2.063837208552737543e-02	1.494031824346542417e+05
2.084678621745131646e-02	1.429666459151481395e+05
2.105730177729175229e-02	1.368091563287707104e+05
2.126993986627528574e-02	1.309186028034151241e+05
2.148472179514234956e-02	1.252833986884309998e+05
2.170166908616275037e-02	1.198924592052960506e+05
2.192080347516911845e-02	1.147351796943582594e+05
2.214214691360804829e-02	1.098014149400222668e+05
2.236572157060899221e-02	1.050814593490249244e+05
2.259154983507111539e-02	1.005660277474160976e+05
2.281965431776828215e-02	9.624623848718879162e+04
2.305005785347204530e-02	9.211359354273277859e+04
2.328278350309292283e-02	8.815996439442121482e+04
2.351785455584004536e-02	8.437757493032381171e+04
2.375529453139922295e-02	8.075898634815627884e+04
2.399512718212949702e-02	7.729708261616001255e+04
2.423737649527835797e-02	7.398505664912312932e+04
2.448206669521563184e-02	7.081639672670110303e+04
2.472922224568627897e-02	6.778487392841570545e+04
2.497886785208188604e-02	6.488452967000752687e+04
2.523102846373136837e-02	6.210966434036762803e+04
2.548572927621056000e-02	5.945482578845276294e+04
2.574299573367106950e-02	5.691479873440640949e+04
2.600285353118828718e-02	5.448459448548351793e+04
2.626532861712873104e-02	5.215944122869049897e+04
2.653044719553687009e-02	4.993477437644669408e+04
2.679823572854116501e-02	4.780622794454943505e+04
2.706872093877998181e-02	4.576962559895330924e+04
2.734192981184676435e-02	4.382097272206997877e+04
2.761788959875519089e-02	4.195644828026832693e+04
2.789662781842380465e-02	4.017239749661095266e+04
2.817817226018065960e-02	3.846532451640438376e+04
2.846255098624943594e-02	3.683188557057675644e+04
2.874979233443840723e-02	3.526888235010815697e+04
2.903992492049837018e-02	3.377325565765764622e+04
2.933297764083823284e-02	3.234207948612873224e+04
2.962897967509789399e-02	3.097255509927849562e+04
2.992796048877274101e-02	2.966200556601511562e+04
3.022994983585811785e-02	2.840787045278700680e+04
3.053497776151412740e-02	2.720770080152121955e+04
3.084307460475059146e-02	2.605915420669086961e+04
3.115427100113209516e-02	2.495999026095494264e+04
3.146859788550350479e-02	2.390806607199845894e+04
3.178608649473557007e-02	2.290133204878620745e+04
3.210676837049084020e-02	2.193782781078669359e+04
3.243067536200990031e-02	2.101567834480419333e+04
3.275783962891783141e-02	2.013309028440741895e+04
3.308829364405108109e-02	1.928834828515429399e+04
3.342207019630428350e-02	1.847981177725212910e+04
3.375920239349777807e-02	1.770591156311806481e+04
3.409972366526490412e-02	1.696514678054546312e+04
3.444366776595990387e-02	1.625608192203561157e+04
3.479106877758567778e-02	1.557734397857432123e+04
3.514196111274182910e-02	1.492761972418504774e+04
3.549637951759283816e-02	1.430565309555347994e+04
3.585435907485609586e-02	1.371024273542643641e+04
3.621593520681001821e-02	1.314023957076915394e+04
3.658114367832209640e-02	1.259454455871089522e+04
3.695002059989667409e-02	1.207210649648931758e+04
3.732260243074253525e-02	1.157191993258482580e+04
3.769892598186013605e-02	1.109302319131810327e+04
3.807902841914841130e-02	1.063449643770749026e+04
3.846294726653086415e-02	1.019545987359114042e+04
3.885072040910124425e-02	9.775071984643043834e+03
3.924238609628816210e-02	9.372527866853393789e+03
3.963798294503900754e-02	8.987057641735365905e+03
4.003754994302256148e-02	8.617924901674048670e+03
4.044112645185047455e-02	8.264425298604326599e+03
4.084875221031734893e-02	7.925885093499831783e+03
4.126046733765927066e-02	7.601659862874720602e+03
4.167631233683033454e-02	7.291133157258291249e+03
4.209632809779750851e-02	6.993715387543142242e+03
4.252055590081477848e-02	6.708842541960507333e+03
4.294903741989837542e-02	6.435975158234567971e+03
4.338181472596715216e-02	6.174597164759406041e+03
4.381893029033889081e-02	5.924214942408759271e+03
4.426042698808028975e-02	5.684356301186421661e+03
4.470634810140469706e-02	5.454569552053284497e+03
4.515673732308641414e-02	5.234422622309473809e+03
4.561163875989093786e-02	5.023502181859644224e+03
4.607109693602066264e-02	4.821412843220972718e+03
4.653515679657605625e-02	4.627776367960904281e+03
4.700386371103163624e-02	4.442230923832050394e+03
4.747726347672679564e-02	4.264430375132988047e+03
4.795540232237047867e-02	4.094043572819259225e+03
4.843832691155986608e-02	3.930753731655776392e+03
4.892608434631250808e-02	3.774257786776318426e+03
4.941872217061108602e-02	3.624265793444922565e+03
4.991628837396109436e-02	3.480500371062219529e+03
5.041883139496008276e-02	3.342696134801440621e+03
5.092640012487884699e-02	3.210599187726859327e+03
5.143904391125313919e-02	3.083966610709728229e+03
5.195681256148621668e-02	2.962565988747006941e+03
5.247975634646124404e-02	2.846174952741314883e+03
5.300792600416272954e-02	2.734580740124679323e+03
5.354137274330710711e-02	2.627579776247461268e+03
5.408014824698104822e-02	2.524977275308685421e+03
5.462430467628735103e-02	2.426586856911944324e+03
5.517389467399775455e-02	2.332230180460763677e+03
5.572897136821145653e-02	2.241736591986169515e+03
5.628958837660472808e-02	2.154942787551038691e+03
5.685579981231188990e-02	2.071692504680144793e+03
5.742766027716391525e-02	1.991836219833094901e+03
5.800522487394778326e-02	1.915230827071122803e+03
5.858854922126650183e-02	1.841739365440959091e+03
5.917768943226242584e-02	1.771230792368000493e+03
5.977270212838115687e-02	1.703579680877807732e+03
6.037364446519690592e-02	1.638665980583027704e+03
6.098057409041609395e-02	1.576374806952468361e+03
6.159354920190133337e-02	1.516596200633728586e+03
6.221262849357881569e-02	1.459224922425570867e+03
6.283787121135507581e-02	1.404160224128834670e+03
6.346933713593387594e-02	1.351305682415573301e+03
6.410708655813855683e-02	1.300569010767424061e+03
6.475118034461468941e-02	1.251861858134404429e+03
6.540167987000689021e-02	1.205099657803669970e+03
6.605864708344195979e-02	1.160201437519579258e+03
6.672214448662699970e-02	1.117089693719271963e+03
6.739223510668373995e-02	1.075690245148608938e+03
6.806898255793915331e-02	1.035932037355878720e+03
6.875245101782993806e-02	9.977470648310240904e+02
6.944270519874330694e-02	9.610702262858712857e+02
7.013981041208869338e-02	9.258391625568747259e+02
7.084383254274183306e-02	8.919941789290325005e+02
7.155483802071375965e-02	8.594781283368337199e+02
7.227289388587369856e-02	8.282362644206424420e+02
7.299806776171251232e-02	7.982161736681196089e+02
7.373042782760703961e-02	7.693676748201195323e+02
7.447004288264312544e-02	7.416426910088714521e+02
7.521698231942978985e-02	7.149951854623964209e+02
7.597131609771340388e-02	6.893810767959050736e+02
7.673311480578563770e-02	6.647581337784145035e+02
7.750244963508050311e-02	6.410859082444826527e+02
7.827939235579113586e-02	6.183256671775794757e+02
7.906401537450366557e-02	5.964402942243630150e+02
7.985639171024906668e-02	5.753942404204724426e+02
8.065659497262030186e-02	5.551534566368832202e+02
8.146469942158708621e-02	5.356853167744797020e+02
8.228077991022335336e-02	5.169585656718921882e+02
8.310491194182996477e-02	4.989432572689865424e+02
8.393717162820239774e-02	4.816107004387090456e+02
8.477763571961689781e-02	4.649334037042905834e+02
8.562638160444556445e-02	4.488850227379560351e+02
8.648348729577891303e-02	4.334403175684910252e+02
8.734903144559152954e-02	4.185750960060952934e+02
8.822309336538840252e-02	4.042661712614487328e+02
8.910575299082881817e-02	3.904913289876883482e+02
8.999709089948994267e-02	3.772292735949252460e+02
9.089718834677769366e-02	3.644595912714592600e+02
9.180612719898539886e-02	3.521627179367032454e+02
9.272399001782301309e-02	3.403198996935335572e+02
9.365085997505695481e-02	3.289131579889955219e+02
9.458682093362394405e-02	3.179252547899044430e+02
9.553195741797343432e-02	3.073396648554152080e+02
9.648635457312963737e-02	2.971405474478710858e+02
9.745009826010213316e-02	2.873127104718325313e+02
9.842327494967584300e-02	2.778415883570194183e+02
9.940597181878409183e-02	2.687132099206604039e+02
1.003982767133650700e-01	2.599141798275178417e+02
1.014002781032766198e-01	2.514316554824623609e+02
1.024120651712407404e-01	2.432533115302964006e+02
1.034337277721312509e-01	2.353673302359151762e+02
1.044653563861476092e-01	2.277623800721534622e+02
1.055070422107811240e-01	2.204275836233965435e+02
1.065588771176413513e-01	2.133525097605161704e+02
1.076209536051062621e-01	2.065271549326893137e+02
1.086933648908359890e-01	1.999419147001417798e+02
1.097762048672944607e-01	1.935875771560296243e+02
1.108695680550059598e-01	1.874553066903808087e+02
1.119735496932677266e-01	1.815366197436229641e+02
1.130882456803718045e-01	1.758233745744908560e+02
1.142137526039455481e-01	1.703077618988426991e+02
1.153501676768316081e-01	1.649822857177647109e+02
1.164975888439771928e-01	1.598397498329323412e+02
1.176561146646947220e-01	1.548732481660142355e+02
1.188258444082209847e-01	1.500761494482512148e+02
1.200068780116941014e-01	1.454420889952739913e+02
1.211993160411640319e-01	1.409649580208149757e+02
1.224032597748457712e-01	1.366388894646450751e+02
1.236188111108275506e-01	1.324582515203857156e+02
1.248460726459642844e-01	1.284176339367020603e+02
1.260851476018166606e-01	1.245118447495392786e+02
1.273361398862442040e-01	1.207358956016922065e+02
1.285991540367020514e-01	1.170849970862310414e+02
1.298742952461997835e-01	1.135545493514900670e+02
1.311616693487578922e-01	1.101401330529661067e+02
1.324613828417946781e-01	1.068375032773895157e+02
1.337735428382234582e-01	1.036425837392838645e+02
1.350982570799772742e-01	1.005514576497200352e+02
1.364356339723234723e-01	9.756036138651096223e+01
1.377857824988504287e-01	9.466567964757636844e+01
1.391488123116826625e-01	9.186393863736105914e+01
1.405248336247654772e-01	8.915180075398596671e+01
1.419139572996699628e-01	8.652605708526407113e+01
1.433162948029389483e-01	8.398362516698135494e+01
1.447319581502239383e-01	8.152154331705838786e+01
1.461610599914983932e-01	7.913696262206649124e+01
1.476037135611210360e-01	7.682714615205621556e+01
1.490600326163840084e-01	7.458946316254218800e+01
1.505301315487689306e-01	7.242138424870951496e+01
1.520141252403600929e-01	7.032047814193364843e+01
1.535121291730573434e-01	6.828440607428304077e+01
1.550242593713511696e-01	6.631092020671555076e+01
1.565506323378403897e-01	6.439786018543651380e+01
1.580913651487552141e-01	6.254314682239714784e+01
1.596465753747793037e-01	6.074478037213798842e+01
1.612163811070880248e-01	5.900083893962160886e+01
1.628009008689113857e-01	5.730947446114675614e+01
1.644002537180937196e-01	5.566890682308175542e+01
1.660145591798015685e-01	5.407742543633244736e+01
1.676439371762505071e-01	5.253338518551120728e+01
1.692885081261652769e-01	5.103520144248953727e+01
1.709483928764104765e-01	4.958135052269195597e+01
1.726237126330244787e-01	4.817036696852224509e+01
1.743145890547212196e-01	4.680083903435948400e+01
1.760211441847411018e-01	4.547140861926276045e+01
1.777435003843385319e-01	4.418076917263209680e+01
1.794817804325811450e-01	4.292766224108911643e+01
1.812361073854994176e-01	4.171087686102903547e+01
1.830066046610986652e-01	4.052924640016889413e+01
1.847933959785583447e-01	3.938164784375825178e+01
1.865966053119220425e-01	3.826700041424739140e+01
1.884163569104436720e-01	3.718426256240130101e+01
1.902527752912727133e-01	3.613243084326948207e+01
1.921059851696465537e-01	3.511053909846315690e+01
1.939761114814337051e-01	3.411765630643404279e+01
1.958632793428742302e-01	3.315288527807999230e+01
1.977676140309680142e-01	3.221536161964950651e+01
1.996892409510084565e-01	3.130425192005963808e+01
2.016282856568793191e-01	3.041875265017850793e+01
2.035848737640791883e-01	2.955808960409059694e+01
2.055591309520308496e-01	2.872151601086049766e+01
2.075511829691739085e-01	2.790831109641899488e+01
2.095611555843060192e-01	2.711778003223945532e+01
2.115891745107844335e-01	2.634925261312081446e+01
2.136353654863771545e-01	2.560208173212188143e+01
2.156998541202529152e-01	2.487564303860953174e+01
2.177827659756761125e-01	2.416933340034022137e+01
2.198842264953556058e-01	2.348257066877529198e+01
2.220043609142684782e-01	2.281479292906051981e+01
2.241432943356118090e-01	2.216545665352376915e+01
2.263011516486357344e-01	2.153403698982290848e+01
2.284780574355735339e-01	2.092002708986026960e+01
2.306741360528048179e-01	2.032293594972422568e+01
2.328895115421437956e-01	1.974228958308442827e+01
2.351243075336488242e-01	1.917762950197224825e+01
2.373786473287119170e-01	1.862851162147218176e+01
2.396526538062747069e-01	1.809450643448858287e+01
2.419464493230859270e-01	1.757519842410470190e+01
2.442601557954880709e-01	1.707018477363025255e+01
2.465938946020579114e-01	1.657907544689647850e+01
2.489477864827823461e-01	1.610149294536970643e+01
2.513219516164875156e-01	1.563707078009763762e+01
2.537165095213186339e-01	1.518545401805502060e+01
2.561315789542829013e-01	1.474629862758465570e+01
2.585672779813664168e-01	1.431927052762403463e+01
2.610237238772778467e-01	1.390404566759617921e+01
2.635010330266157053e-01	1.350030978870847065e+01
2.659993209840534334e-01	1.310775740910745668e+01
2.685187023746639090e-01	1.272609200730897960e+01
2.710592907976837607e-01	1.235502569491689506e+01
2.736211988883851531e-01	1.199427845397885584e+01
2.762045381514297016e-01	1.164357831074576488e+01
2.788094190158870722e-01	1.130266072164807767e+01
2.814359506973629355e-01	1.097126847255076854e+01
2.840842412014193963e-01	1.064915134681795728e+01
2.867543972462943680e-01	1.033606584264874328e+01
2.894465242200091049e-01	1.003177497838796484e+01
2.921607261175478421e-01	9.736048102991112785e+00
2.948971054774967016e-01	9.448660572337448826e+00
2.976557633697816674e-01	9.169393587003664692e+00
3.004367992614063732e-01	8.898034040571340952e+00
3.032403110518040457e-01	8.634374279192645218e+00
3.060663949125714267e-01	8.378211939988338131e+00
3.089151453371107858e-01	8.129349802014051107e+00
3.117866549644143226e-01	7.887595482967289406e+00
3.146810146397135965e-01	7.652761595204383482e+00
3.175983132261475661e-01	7.424665303367222080e+00
3.205386376550274918e-01	7.203128228540228939e+00
3.235020728168824800e-01	6.987976448868478130e+00
3.264887014398695220e-01	6.779040373470149206e+00
3.294986041333821669e-01	6.576154369404456190e+00
3.325318592717434463e-01	6.379156937373946512e+00
3.355885428670144499e-01	6.187890562319476651e+00
3.386687286182974432e-01	6.002201354945206013e+00
3.417724877893522084e-01	5.821939250438343372e+00
3.448998890778636195e-01	5.646957852056169180e+00
3.480509986674202860e-01	5.477114152234492828e+00
3.512258801008269482e-01	5.312268622727119194e+00
3.544245941477580097e-01	5.152285208312378018e+00
3.576471988564364213e-01	4.997030946567425858e+00
3.608937494245118560e-01	4.846376159031287045e+00
3.641642980669095309e-01	4.700194346203707241e+00
3.674588940644810675e-01	4.558361955562431511e+00
3.707775836342381837e-01	4.420758442860726944e+00
3.741204097992202326e-01	4.287266281622216013e+00
3.774874124315230617e-01	4.157770666758739075e+00
3.808786281237002136e-01	4.032159636682413506e+00
3.842940900623305622e-01	3.910324018788136957e+00
3.877338280631721923e-01	3.792157223636928531e+00
3.911978684454808786e-01	3.677555324830240391e+00
3.946862339106784190e-01	3.566417000862301734e+00
3.981989435818150125e-01	3.458643380667567602e+00
4.017360128129406904e-01	3.354138076415999148e+00
4.052974532236219285e-01	3.252807120547438924e+00
4.088832725395044054e-01	3.154558911917170416e+00
4.124934745736374420e-01	3.059304102993543939e+00
4.161280591471573365e-01	2.966955691603581524e+00
4.197870219958216853e-01	2.877428881255967408e+00
4.234703547148591096e-01	2.790641018739075552e+00
4.271780447148981752e-01	2.706511551894938084e+00
4.309100750996871509e-01	2.624962106716650201e+00
4.346664246188058911e-01	2.545916292851010621e+00
4.384470676463407268e-01	2.469299715346142232e+00
4.422519740170861025e-01	2.395039966731691727e+00
4.460811090747597851e-01	2.323066542038074278e+00
4.499344334845714610e-01	2.253310824450133421e+00
4.538119032786450679e-01	2.185706025388646445e+00
4.577134697484255832e-01	2.120187149678114391e+00
4.616390793226343159e-01	2.056690991261622248e+00
4.655886736361036227e-01	1.995156054088354836e+00
4.695621893198623775e-01	1.935522503890800383e+00
4.735595580739850874e-01	1.877732191685580920e+00
4.775807065566710641e-01	1.821728549367199967e+00
4.816255562640371357e-01	1.767456621358673763e+00
4.856940235977502129e-01	1.714862950766040006e+00
4.897860197559442130e-01	1.663895596329046933e+00
4.939014506219924772e-01	1.614504155193058565e+00
4.980402167320963080e-01	1.566639581552029759e+00
5.022022134589132492e-01	1.520254189747003659e+00
5.063873306411184050e-01	1.475301813930478545e+00
5.105954525008069567e-01	1.431737536363504093e+00
5.148264581871478951e-01	1.389517713195423054e+00
5.190802209999804129e-01	1.348600262781164405e+00
5.233566080593096137e-01	1.308943725917886658e+00
5.276554836056166486e-01	1.270507930624915627e+00
5.319767026105995944e-01	1.233255023710891907e+00
5.363201155844666834e-01	1.197147427576281009e+00
5.406855689572603874e-01	1.162148171280744213e+00
5.450729015162990576e-01	1.128222117699787752e+00
5.494819476352064136e-01	1.095335045875712732e+00
5.539125351061811031e-01	1.063453902911076332e+00
5.583644856835849879e-01	1.032546503514974123e+00
5.628376166179196449e-01	1.002581377032069287e+00
5.673317384774378969e-01	9.735285449021177095e-01
5.718466552281753490e-01	9.453587863433864369e-01
5.763821670414178699e-01	9.180433857425196464e-01
5.809380669040360434e-01	8.915550689056116473e-01
5.855141414565223634e-01	8.658673099873112067e-01
5.901101733396585391e-01	8.409540290548733754e-01
5.947259380346682223e-01	8.167904271694982343e-01
5.993612050588134066e-01	7.933523918212133097e-01
6.040157394379336298e-01	7.706163269364216806e-01
6.086892993190272660e-01	7.485597229932186014e-01
6.133816371051696859e-01	7.271606681515218051e-01
6.180925005040649456e-01	7.063978178035408284e-01
6.228216305138336573e-01	6.862507836205042899e-01
6.275687625319600338e-01	6.666997052268224255e-01
6.323336272941332270e-01	6.477252691060141343e-01
6.371159489352176131e-01	6.293090444806426209e-01
6.419154460773356385e-01	6.114330712285176439e-01
6.467318328376154835e-01	5.940798603680411683e-01
6.515648170914412063e-01	5.772327879226785141e-01
6.564141006299915038e-01	5.608756799303491469e-01
6.612793818222526543e-01	5.449927312125455448e-01
6.661603519897563164e-01	5.295688488270640093e-01
6.710566984347531294e-01	5.145894575257752290e-01
6.759681022758418090e-01	5.000404368140139999e-01
6.808942404669687809e-01	4.859081327700041086e-01
6.858347844017903538e-01	4.721793743830527412e-01
6.907894008042284595e-01	4.588414723178778631e-01
6.957577513860701002e-01	4.458821544524503300e-01
7.007394931961489215e-01	4.332895484494130312e-01
7.057342789325418142e-01	4.210522320530922791e-01
7.107417558554621762e-01	4.091591948494763264e-01
7.157615678577817775e-01	3.975997877737991737e-01
7.207933532018526712e-01	3.863637373584050683e-01
7.258367473043144669e-01	3.754411337883324373e-01
7.308913798179410559e-01	3.648224275759432422e-01
7.359568779781001657e-01	3.544983761852890658e-01
7.410328636546843484e-01	3.444601139380718546e-01
7.461189556220999552e-01	3.346990632730721948e-01
7.512147689221866376e-01	3.252069604860879370e-01
7.563199141917251733e-01	3.159758194966165168e-01
7.614340002250002959e-01	3.069978975149146305e-01
7.665566308250401084e-01	2.982658618784293503e-01
7.716874067271378701e-01	2.897725414435736169e-01
7.768259270487113399e-01	2.815109529065375482e-01
7.819717863323327744e-01	2.734745243754242439e-01
7.871245763858709665e-01	2.656568212341943735e-01
7.922838878505560345e-01	2.580515731250380695e-01
7.974493071165358327e-01	2.506528764388443187e-01
8.026204184148323373e-01	2.434549483190614760e-01
8.077968050035322367e-01	2.364521514622667520e-01
8.129780465444860216e-01	2.296391821874895489e-01
8.181637206817690133e-01	2.230108090905870699e-01
8.233534052975927109e-01	2.165619557215620050e-01
8.285466739410382031e-01	2.102878861460141802e-01
8.337430990151687427e-01	2.041838316861926961e-01
8.389422550842026149e-01	1.982451678576669651e-01
8.441437102580681140e-01	1.924676697310209461e-01
8.493470341217085329e-01	1.868470425240131016e-01
8.545517966472861993e-01	1.813790743563254149e-01
8.597575646230780633e-01	1.760598741160908920e-01
8.649639049796643553e-01	1.708855734858915620e-01
8.701703853445968972e-01	1.658523859691549418e-01
8.753765712728096560e-01	1.609566924175401537e-01
8.805820300518558685e-01	1.561949656002939169e-01
8.857863270774097852e-01	1.515637942052634468e-01
8.909890294565933067e-01	1.470598481192373075e-01
8.961897036463363220e-01	1.426798929562172469e-01
9.013879171343830432e-01	1.384207868526073359e-01
9.065832378911984346e-01	1.342794634451428548e-01
9.117752347630170284e-01	1.302529534054932547e-01
9.169634773372632441e-01	1.263383673219012626e-01
9.221475363209746812e-01	1.225328730957672696e-01
9.273269842831201037e-01	1.188337203957652854e-01
9.325013939521323847e-01	1.152382315773257254e-01
9.376703413589678737e-01	1.117437881902070829e-01
9.428334021835318435e-01	1.083478370039653721e-01
9.479901562544365001e-01	1.050478747522094886e-01
9.531401834952480945e-01	1.018414937394309661e-01
9.582830663610334421e-01	9.872631885812425956e-02
9.634183907625193388e-01	9.570000528258530703e-02
9.685457436132958176e-01	9.276030151182231009e-02
9.736647151763243579e-01	8.990499188507856954e-02
9.787748984369261107e-01	8.713191799116880298e-02
9.838758880577486154e-01	8.443894625745040905e-02
9.889672845189390049e-01	8.182399698146380906e-02
9.940486880322580987e-01	7.928509513195369784e-02
9.991197028606295660e-01	7.682023267864759863e-02
1.004179939986938441e+00	7.442743380510868922e-02
1.009229008855463627e+00	7.210486574500474255e-02
1.014266525259740703e+00	6.985067558452442982e-02
1.019292108454610490e+00	6.766301979715473591e-02
1.024305381537349735e+00	6.554013480384235368e-02
1.029305971260373820e+00	6.348030889267576582e-02
1.034293507655714262e+00	6.148184550360238226e-02
1.039267626980276304e+00	5.954306920025285998e-02
1.044227968007426233e+00	5.766238185499091007e-02
1.049174173752666528e+00	5.583820544698309823e-02
1.054105893286571893e+00	5.406897516263601405e-02
1.059022778827569899e+00	5.235319874195971251e-02
1.063924486852517282e+00	5.068940490179738717e-02
1.068810680447932260e+00	4.907614147995474629e-02
1.073681025172198211e+00	4.751200050497091792e-02
1.078535194080815440e+00	4.599560225869903790e-02
1.083372862752908672e+00	4.452562251755910055e-02
1.088193712351321008e+00	4.310075255664200938e-02
1.092997430350292509e+00	4.171969644677146066e-02
1.097783708268742275e+00	4.038121357161948699e-02
1.102552243067647986e+00	3.908409270067642050e-02
1.107302737024396189e+00	3.782714263067298022e-02
1.112034897917245635e+00	3.660920319614608537e-02
1.116748438824673784e+00	3.542914964135152750e-02
1.121443077793836229e+00	3.428588270828296369e-02
1.126118539211992342e+00	3.317832508833911537e-02
1.130774552353208229e+00	3.210543387312641411e-02
1.135410852176221397e+00	3.106619225207515531e-02
1.140027179340035612e+00	3.005960434147095239e-02
1.144623280373163077e+00	2.908470815483412894e-02
1.149198906286677424e+00	2.814056403765724176e-02
1.153753815738844279e+00	2.722625130976701058e-02
1.158287771100876773e+00	2.634087961068546160e-02
1.162800542183851427e+00	2.548357969890427052e-02
1.167291903352370319e+00	2.465351184968386442e-02
1.171761634664554075e+00	2.384985380904563676e-02
1.176209523273597846e+00	2.307179920103525142e-02
1.180635360814548562e+00	2.231857915342424364e-02
1.185038944461865640e+00	2.158943740974868936e-02
1.189420078914732004e+00	2.088363068093865293e-02
1.193778573035648938e+00	2.020045247794680435e-02
1.198114241396783575e+00	1.953920840210806448e-02
1.202426905935176205e+00	1.889921558679580685e-02
1.206716392909679358e+00	1.827982640681101445e-02
1.210982533880957668e+00	1.768040371620010348e-02
1.215225168320765992e+00	1.710032012412821337e-02
1.219444139450995834e+00	1.653898213132110051e-02
1.223639296129952481e+00	1.599580577835049700e-02
1.227810494835789745e+00	1.547021689384375787e-02
1.231957595673432992e+00	1.496167262416819507e-02
1.236080464525652678e+00	1.446963715735007788e-02
1.240178974760947517e+00	1.399358514851988151e-02
1.244253003150201708e+00	1.353302090437001094e-02
1.248302432268235007e+00	1.308745476928168186e-02
1.252327151927481230e+00	1.265640606728803998e-02
1.256327055522331371e+00	1.223942090693914443e-02
1.260302041971077092e+00	1.183605334834686267e-02
1.264252017101444192e+00	1.144586653270413326e-02
1.268176890097897358e+00	1.106844185250843195e-02
1.272076577320100155e+00	1.070337232615785686e-02
1.275950998441873319e+00	1.035026399812422580e-02
1.279800079943599123e+00	1.000873275204503844e-02
1.283623752502387472e+00	9.678406909997777294e-03
1.287421952266598391e+00	9.358927704826094582e-03
1.291194620175641239e+00	9.049946026045696534e-03
1.294941702281971363e+00	8.751122504025240015e-03
1.298663149973112940e+00	8.462130051724928159e-03
1.302358918265904553e+00	8.182652106768363576e-03
1.306028968629310061e+00	7.912379696635531146e-03
1.309673265704416334e+00	7.651014589015125988e-03
1.313291780370131612e+00	7.398268469146751340e-03
1.316884486347512651e+00	7.153861250457001567e-03
1.320451364000976957e+00	6.917520727512431293e-03
1.323992396337599242e+00	6.688985532467407562e-03
1.327507571817958087e+00	6.468001031647257863e-03
1.330996883266256869e+00	6.254320838015626355e-03
1.334460326938744501e+00	6.047706482883044229e-03
1.337897904922642489e+00	5.847925310027200438e-03
1.341309622146227509e+00	5.654756206244099422e-03
1.344695487407777224e+00	5.467981979442025978e-03
1.348055515599758225e+00	5.287390190409591191e-03
1.351389723426153822e+00	5.112781432691122785e-03
1.354698131737142042e+00	4.943958461342982946e-03
1.357980767264028721e+00	4.780728104929466739e-03
1.361237658142516960e+00	4.622909723221336684e-03
1.364468836753375047e+00	4.470324581177143215e-03
1.367674340645488984e+00	4.322797824061042245e-03
1.370854209171150861e+00	4.180165812311112915e-03
1.374008485000402180e+00	4.042265496367924808e-03
1.377137217309922557e+00	3.908937907893845522e-03
1.380240454632128522e+00	3.780035785870012027e-03
1.383318250843617703e+00	3.655412754098993564e-03
1.386370662992460367e+00	3.534925025098551235e-03
1.389397751340186726e+00	3.418437304291651203e-03
1.392399577891548335e+00	3.305815997109167945e-03
1.395376211005716405e+00	3.196931321441452960e-03
1.398327718076934234e+00	3.091662754577098951e-03
1.401254170943397659e+00	2.989889889609905621e-03
1.404155645601187885e+00	2.891494802336402707e-03
1.407032218398654999e+00	2.796366016747966077e-03
1.409883971056854257e+00	2.704394791979885908e-03
1.412710985161605759e+00	2.615476920646355851e-03
1.415513346960578289e+00	2.529510599738460288e-03
1.418291144068750231e+00	2.446397602599111130e-03
1.421044466854712418e+00	2.366043110137569169e-03
1.423773408296015619e+00	2.288354484739994494e-03
1.426478063717303790e+00	2.213243725668824664e-03
1.429158529563412605e+00	2.140625695142385227e-03
1.431814905834686513e+00	2.070416144018590726e-03
1.434447294454649358e+00	2.002534878209207871e-03
1.437055798266659190e+00	1.936905053291698145e-03
1.439640523683897833e+00	1.873451545143089677e-03
1.442201577199479612e+00	1.812101272916339907e-03
1.444739069819270805e+00	1.752783615004896997e-03
1.447253111558444605e+00	1.695432199914865884e-03
1.449743815252847678e+00	1.639981244576786332e-03
1.452211296384862793e+00	1.586366362868274569e-03
1.454655670592243766e+00	1.534527047351277786e-03
1.457077055930056098e+00	1.484403879122857435e-03
1.459475572017437495e+00	1.435939506570682546e-03
1.461851339220004098e+00	1.389078981361593738e-03
1.464204480055981694e+00	1.343768376055613474e-03
1.466535118285316353e+00	1.299956048487205902e-03
1.468843378379242948e+00	1.257592373811020200e-03
1.471129386718478482e+00	1.216628612741913829e-03
1.473393270833336599e+00	1.177018121355897064e-03
1.475635158773775046e+00	1.138716134670965472e-03
1.477855180303977001e+00	1.101678584146657943e-03
1.480053466299205533e+00	1.065863165700594098e-03
1.482230148160094574e+00	1.031229817127710374e-03
1.484385357830867003e+00	9.977388817825757431e-04
1.486519229843189960e+00	9.653516126691665195e-04
1.488631897969743267e+00	9.340319535623977602e-04
1.490723496827707883e+00	9.037442990574465033e-04
1.492794163262649354e+00	8.744535805465076476e-04
1.494844033368846192e+00	8.461272490405566350e-04
1.496873243846087442e+00	8.187332705552319550e-04
1.498881933586067916e+00	7.922403832219209298e-04
1.500870239600574196e+00	7.666182391032448510e-04
1.502838303334910419e+00	7.418374615676644798e-04
1.504786262292119536e+00	7.178712599384004739e-04
1.506714256531004104e+00	6.946924175705831549e-04
1.508622427133078592e+00	6.722738606688805985e-04
1.510510914647668956e+00	6.505907194275992438e-04
1.512379860027360357e+00	6.296186821118438708e-04
1.514229404935082623e+00	6.093339136997685031e-04
1.516059691012620503e+00	5.897136539491068443e-04
1.517870860147646495e+00	5.707359393922689997e-04
1.519663054414705616e+00	5.523792962035279372e-04
1.521436416481085629e+00	5.346230087010132382e-04
1.523191088592475761e+00	5.174473156148691813e-04
1.524927213305015794e+00	5.008329735948718149e-04
1.526644933285425054e+00	4.847612187208041119e-04
1.528344391473592356e+00	4.692142035282601334e-04
1.530025729860985617e+00	4.541745677922252433e-04
1.531689092041913502e+00	4.396253811892039199e-04
1.533334619761814288e+00	4.255504199062478646e-04
1.534962456465572389e+00	4.119338403852287065e-04
1.536572744271887725e+00	3.987608131052792441e-04
1.538165624710595925e+00	3.860166521411722120e-04
1.539741241259012794e+00	3.736867212583993864e-04
1.541299735276339788e+00	3.617577504313080087e-04
1.542841248055146774e+00	3.502165062980532148e-04
1.544365922157260096e+00	3.390498159387646997e-04
1.545873898338551378e+00	3.282456890940208438e-04
1.547365317163827303e+00	3.177921191910773190e-04
1.548840320326337006e+00	3.076772122498024932e-04
1.550299047784207129e+00	2.978902082455193350e-04
1.551741638810035351e+00	2.884202667757018506e-04
1.553168234449470608e+00	2.792565585813876032e-04
1.554578973334192371e+00	2.703894178204336359e-04
1.555973993672576050e+00	2.618090424330532734e-04
1.557353435400689934e+00	2.535056303814907743e-04
1.558717435634999315e+00	2.454704932679994912e-04
1.560066131576020254e+00	2.376947846049822129e-04
1.561399661293035646e+00	2.301696670391563436e-04
1.562718160919420507e+00	2.228872449407062631e-04
1.564021765879868964e+00	2.158395054678941894e-04
1.565310613070961310e+00	2.090184684907928417e-04
1.566584836699240979e+00	2.024170229694932611e-04
1.567844570874428634e+00	1.960279773190085843e-04
1.569089950403189881e+00	1.898441970795734118e-04
1.570321107645655800e+00	1.838590305088027893e-04
1.571538176343509896e+00	1.780659801753587215e-04
1.572741287565415425e+00	1.724588419021915245e-04
1.573930573464075833e+00	1.670314805274966663e-04
1.575106164587102064e+00	1.617779920128167739e-04
1.576268191301507526e+00	1.566927674225380843e-04
1.577416782955493701e+00	1.517703303475273469e-04
1.578552068399807329e+00	1.470052943420939852e-04
1.579674176375571504e+00	1.423925514304258183e-04
1.580783233457181636e+00	1.379272136570443231e-04
1.581879367413817405e+00	1.336044482691808389e-04
1.582962703297665641e+00	1.294196225371743736e-04
1.584033367595222952e+00	1.253682426481759354e-04
1.585091483877470564e+00	1.214459667332316476e-04
1.586137177220126038e+00	1.176485663463737111e-04
1.587170569978065382e+00	1.139720664051698955e-04
1.588191784842764243e+00	1.104125280501355992e-04
1.589200943758628970e+00	1.069661584720576391e-04
1.590198166953628700e+00	1.036292927524625781e-04
1.591183575650944260e+00	1.003982818224391071e-04
1.592157288688377248e+00	9.726986258479119909e-05
1.593119424217100732e+00	9.424070423193740571e-05
1.594070101079003710e+00	9.130743953038275064e-05
1.595009435884615634e+00	8.846713003344355852e-05
1.595937544384782081e+00	8.571676676333330456e-05
1.596854543094532675e+00	8.305331035085595506e-05
1.597760546177958707e+00	8.047412196171907376e-05
1.598655666935332009e+00	7.797645024686394876e-05
1.599540019808234348e+00	7.555752004228413299e-05
1.600413716196023683e+00	7.321496192265533338e-05
1.601276867467130716e+00	7.094634744088775457e-05
1.602129584553740882e+00	6.874917516533788427e-05
1.602971977483111266e+00	6.662118527531368437e-05
1.603804154876244059e+00	6.456021312918554288e-05
1.604626225123890748e+00	6.256405285931229741e-05
1.605438295869038079e+00	6.063062464694400638e-05
1.606240473268910396e+00	5.875796550378673650e-05
1.607032863258405442e+00	5.694408559729400530e-05
1.607815571037662705e+00	5.518713411309828388e-05
1.608588699872924188e+00	5.348528590578506336e-05
1.609352354301439636e+00	5.183671405657358419e-05
1.610106635824609000e+00	5.023980192994790037e-05
1.610851646340512922e+00	4.869290998771449519e-05
1.611587486575435824e+00	4.719436756251520340e-05
1.612314256942202428e+00	4.574264798660110029e-05
1.613032056135773828e+00	4.433631567725095150e-05
1.613740982557780868e+00	4.297389964042409063e-05
1.614441133949828355e+00	4.165393615494978642e-05
1.615132607307123935e+00	4.037513331312799170e-05
1.615815497673532386e+00	3.913624326658425096e-05
1.616489900514374023e+00	3.793590772334544522e-05
1.617155910616558057e+00	3.677290065616308661e-05
1.617813620480461845e+00	3.564609073657635109e-05
1.618463123626477262e+00	3.455429171230574764e-05
1.619104511281092895e+00	3.349641322193432351e-05
1.619737874623605300e+00	3.247136976848038976e-05
1.620363304184212705e+00	3.147813775091054447e-05
1.620980888434791378e+00	3.051571954563906346e-05
1.621590717174314911e+00	2.958308768924272603e-05
1.622192877429298186e+00	2.867934464170175795e-05
1.622787456396256545e+00	2.780357258967619197e-05
1.623374540562629642e+00	2.695487395278100716e-05
1.623954214883420288e+00	2.613242648124812698e-05
1.624526564259185291e+00	2.533537050456125279e-05
1.625091672722351666e+00	2.456290912217872879e-05
1.625649622951305107e+00	2.381429882768814574e-05
1.626200497442118476e+00	2.308875264426039537e-05
1.626744377951073739e+00	2.238552897690300095e-05
1.627281345185550343e+00	2.170399690370273109e-05
1.627811478161598879e+00	2.104345888680055236e-05
1.628334857550111092e+00	2.040317938162839110e-05
1.628851561164139872e+00	1.978259210814698211e-05
1.629361666251955665e+00	1.918108420097317427e-05
1.629865250743351979e+00	1.859799053128108717e-05
1.630362390477366308e+00	1.803280910928196061e-05
1.630853160042679884e+00	1.748497717035084811e-05
1.631337635588072654e+00	1.695387679086772541e-05
1.631815890420429849e+00	1.643904883315323257e-05
1.632287997367942944e+00	1.593999084575535645e-05
1.632754029902096171e+00	1.545616294825782517e-05
1.633214059154153963e+00	1.498712283081564875e-05
1.633668156411269390e+00	1.453240382663710524e-05
1.634116392276133478e+00	1.409155548759002441e-05
1.634558835840215885e+00	1.366414896136320117e-05
1.634995556902936409e+00	1.324975717188567579e-05
1.635426622808995534e+00	1.284799934265535448e-05
1.635852101715766338e+00	1.245847764881076770e-05
1.636272059968440828e+00	1.208077140109275385e-05
1.636686565050945008e+00	1.171451746579396418e-05
1.637095681089665966e+00	1.135941724409126813e-05
1.637499473226822211e+00	1.101509472739341190e-05
1.637898006195355194e+00	1.068119547566367075e-05
1.638291342613505952e+00	1.035742854228181434e-05
1.638679545931029491e+00	1.004345783261531860e-05
1.639062678098875736e+00	9.738970795673591405e-06
1.639440800871886372e+00	9.443696743131696302e-06
1.639813974482154046e+00	9.157360902083536540e-06
1.640182259577174007e+00	8.879670707520317537e-06
1.640545715553821893e+00	8.610334949655516258e-06
1.640904402021871267e+00	8.349096773636720885e-06
1.641258376793060858e+00	8.095751321193098501e-06
1.641607696876159705e+00	7.850042799721897537e-06
1.641952420596770601e+00	7.611693177155747791e-06
1.642292603725806321e+00	7.380517224271186609e-06
1.642628301704263771e+00	7.156289997989718633e-06
1.642959570720853302e+00	6.938760840189549661e-06
1.643286464994218266e+00	6.727767747242676830e-06
1.643609037706194709e+00	6.523105632647850987e-06
1.643927343717594969e+00	6.324535302997342032e-06
1.644241435245985761e+00	6.131912561573363206e-06
1.644551363862045035e+00	5.945054525532367987e-06
1.644857182586024980e+00	5.763742527294362771e-06
1.645158941874194536e+00	5.587844075113244916e-06
1.645456691768947710e+00	5.417191396953787169e-06
1.645750483302029110e+00	5.251580950320299127e-06
1.646040365390551985e+00	5.090905002158433250e-06
1.646326386414373344e+00	4.935117850962752615e-06
1.646608591672241051e+00	4.783938431724865618e-06
1.646887036727443743e+00	4.636997539739160228e-06
1.647161767985562131e+00	4.494394501158772906e-06
1.647432825262467926e+00	4.356195587245266950e-06
1.647700258288201214e+00	4.222085784730628474e-06
1.647964112318004881e+00	4.091872326422139555e-06
1.648224433360935492e+00	3.965481652510071721e-06
1.648481265219863712e+00	3.842806062109704365e-06
1.648734652695095004e+00	3.723732648497779958e-06
1.648984638715192519e+00	3.608149539242507698e-06
1.649231267005722756e+00	3.495941965303585856e-06
1.649474579963472909e+00	3.387009372465314629e-06
1.649714619652459469e+00	3.281257760871093251e-06
1.649951427798336923e+00	3.178586846770557602e-06
1.650185045328039113e+00	3.078889719236622409e-06
1.650415513855574057e+00	2.982077258854059177e-06
1.650642872291091079e+00	2.888074002175950195e-06
1.650867161459049548e+00	2.796787261233034337e-06
1.651088419625217796e+00	2.708129348772424282e-06
1.651306686678230662e+00	2.622017927945995585e-06
1.651522000008931457e+00	2.538376113656326634e-06
1.651734398364486101e+00	2.457124086670967482e-06
1.651943918685662815e+00	2.378190529730363690e-06
1.652150598118588887e+00	2.301502259072534129e-06
1.652354473521662648e+00	2.226991933620114815e-06
1.652555580261100054e+00	2.154587769592542830e-06
1.652753955336294878e+00	2.084213563849767653e-06
1.652949633237614790e+00	2.015824192407978416e-06
1.653142648444952734e+00	1.949329336961113276e-06
1.653333038007766875e+00	1.884668603197899152e-06
1.653520832392412210e+00	1.821842964524022298e-06
1.653706066242756734e+00	1.760756614621127246e-06
1.653888773939470092e+00	1.701319780322608896e-06
1.654068987673703806e+00	1.643516527291480280e-06
1.654246739198710570e+00	1.587283022506806137e-06
1.654422062420545236e+00	1.532543867220640366e-06
1.654594987635150671e+00	1.479279836561465619e-06
1.654765546213836425e+00	1.427472985676900489e-06
1.654933767036930181e+00	1.377029266108213727e-06
1.655099685427152023e+00	1.327856344438696422e-06
1.655263328848999516e+00	1.279962602748277479e-06
1.655424727253025807e+00	1.233314280157655951e-06
1.655583910355082677e+00	1.187819987823783862e-06
1.655740908873047701e+00	1.143464510785096149e-06
1.655895747547307284e+00	1.100240758161652116e-06
1.656048457127266671e+00	1.058069363794631694e-06
1.656199064923487008e+00	1.016890323744704911e-06
1.656347599512589808e+00	9.766712298161099263e-07
1.656494087628374690e+00	9.373760900477138932e-07
1.656638556410906737e+00	8.989650914538080552e-07
1.656781032298797918e+00	8.613849241989652559e-07
1.656921542481830212e+00	8.245930557083153327e-07
1.657060111890048537e+00	7.885534949730157828e-07
1.657196766878430205e+00	7.532130317952728710e-07
1.657331532696747267e+00	7.185205212614518484e-07
1.657464434464559044e+00	6.844321797298074103e-07
1.657595496671360413e+00	6.508960463523116435e-07
1.657724743745090823e+00	6.178456609156372922e-07
1.657852200698900491e+00	5.852196458823571110e-07
1.657977890057674930e+00	5.524495428160948901e-07
1.658101836493464099e+00	5.204777242639641745e-07
1.658224062521084008e+00	4.886948743991571981e-07
1.658344591281470048e+00	4.569932783244395035e-07
1.658463445737434760e+00	4.252439010602055973e-07
1.658580647445998535e+00	3.932845435564346844e-07
1.658696219609365530e+00	3.608967307180773746e-07
1.658810183592790422e+00	3.278077303294972917e-07
1.658922560147594316e+00	2.936102979021285349e-07
1.659033371827829173e+00	2.576619550223869123e-07
1.659142639845448075e+00	2.189215096721226277e-07
1.659250383125032258e+00	1.753397763847291030e-07
1.659356623362413297e+00	1.214157597818509622e-07
1.659461380368237204e+00	0.000000000000000000e+00
