# Data associated with arXiv:2208.14002
# 
# Scale-free J-factor angular distribution, J_S(theta), of a nfw1-4rhos8e6 dark matter distribution (see Eq. 2.4 and the surrounding discussion)
# 
# Published: 8/25/22, Jack Runburg and Kenny Kiriu, contact: runburg@hawaii.edu
# 
# 
# -----------------------------------------------------------------
# 
# 	 tilde theta 		 | 	 tilde J s-wave 		 | 	 tilde J p-wave 		 | 	 tilde J d-wave 		 | 	 tilde J sommerfeld 
# 
# -----------------------------------------------------------------
1.000000000000000021e-03	1.696632020469935417e+09	1.535230568362783268e+07	1.253908755281275604e+06	3.267166644102551651e+10
1.021192151037671062e-03	1.662420007064330101e+09	1.514914862797715329e+07	1.245350323913821019e+06	3.192226975866598129e+10
1.042833409340945643e-03	1.627526242078961611e+09	1.494163179992868751e+07	1.236594856949758949e+06	3.115840382353989029e+10
1.064933292458827233e-03	1.591965097560176134e+09	1.472980583989116922e+07	1.227643041883237427e+06	3.038043619995302963e+10
1.087501519637659123e-03	1.555754987449577570e+09	1.451374190524798073e+07	1.218496295380752767e+06	2.958882850573716354e+10
1.110548016095517111e-03	1.518918992977351427e+09	1.429353497713804618e+07	1.209156889318046626e+06	2.878415080893910217e+10
1.134082917387199208e-03	1.481485618387623072e+09	1.406930788469938934e+07	1.199628106096999487e+06	2.796709899443537521e+10
1.158116573861711456e-03	1.443489720270292997e+09	1.384121629895071499e+07	1.189914434353172081e+06	2.713851606936749649e+10
1.182659555214217667e-03	1.404973675805377007e+09	1.360945508497163467e+07	1.180021822594426805e+06	2.629941885879420090e+10
1.207722655134462354e-03	1.365988893371701241e+09	1.337426664299529046e+07	1.169958019970606081e+06	2.545103237063066483e+10
1.233316896053688856e-03	1.326597839557827950e+09	1.313595232817798294e+07	1.159733056013640249e+06	2.459483562458344269e+10
1.259453533992170365e-03	1.286876898506895304e+09	1.289488898663157783e+07	1.149359958994991146e+06	2.373262575185970688e+10
1.286144063509461061e-03	1.246920696735971689e+09	1.265155482258770987e+07	1.138855924804102397e+06	2.286661382365499115e+10
1.313400222759557485e-03	1.206849343386593342e+09	1.240657457137045823e+07	1.128244451368366135e+06	2.199958277547438812e+10
1.341233998653187541e-03	1.166822602490372181e+09	1.216081252066925913e+07	1.117559948890706524e+06	2.113519025362110901e+10
1.369657632129505243e-03	1.127076012910135508e+09	1.191562332570699602e+07	1.106860767255032435e+06	2.027872136218815231e+10
1.398683623539492566e-03	1.088081440190077305e+09	1.167402974409261160e+07	1.096292878237281693e+06	1.944034540168857956e+10
1.428324738143458596e-03	1.049044324589912415e+09	1.142921859388762712e+07	1.085451217160683824e+06	1.860535371540429688e+10
1.458594011725036863e-03	1.010880555255925775e+09	1.118621199251665547e+07	1.074540286922141211e+06	1.779467561744346619e+10
1.489504756324154782e-03	9.733925867002341747e+08	1.094281733788354695e+07	1.063410151247352827e+06	1.700518804984834480e+10
1.521070566091505720e-03	9.375978606550167799e+08	1.070719731873278879e+07	1.052524534098651027e+06	1.625652403371698761e+10
1.553305323267072666e-03	9.032374187771968842e+08	1.047775385706655681e+07	1.041804082270401181e+06	1.554290468925664902e+10
1.586223204285366938e-03	8.697671753087750673e+08	1.025028519036366977e+07	1.031008679028050508e+06	1.485341562724768448e+10
1.619838686010041055e-03	8.375485630138316154e+08	1.002790890269477293e+07	1.020320375991234556e+06	1.419468171699057770e+10
1.654166552100628336e-03	8.065316453974872828e+08	9.810474949041988701e+06	1.009737223474692320e+06	1.356524573774384117e+10
1.689221899514206692e-03	7.766507758200408220e+08	9.597771705034459010e+06	9.992546237546293996e+05	1.296334421904145813e+10
1.725020145144853453e-03	7.478712079122146368e+08	9.389734225260069594e+06	9.888729537314994959e+05	1.238792007995330620e+10
1.761577032603788440e-03	7.201683126223896742e+08	9.186325486024482176e+06	9.785939205766431987e+05	1.183819141236455154e+10
1.798908639143220224e-03	6.934980116975477934e+08	8.987441309687312692e+06	9.684162288515444379e+05	1.131291411867204857e+10
1.837031382726912916e-03	6.678046555162667036e+08	8.792868747364668176e+06	9.583351045246669091e+05	1.081063235489854622e+10
1.875962029250603357e-03	6.430583886143774986e+08	8.602549826191542670e+06	9.483509314690085594e+05	1.033045780048927498e+10
1.915717699915417882e-03	6.192382955800727606e+08	8.416477475698426366e+06	9.384659551663076272e+05	9.871750252418724060e+09
1.956315878757565116e-03	5.963054959272327423e+08	8.234509446049408056e+06	9.286778032296327874e+05	9.433446361077154160e+09
1.997774420337589726e-03	5.742128141825262308e+08	8.056497109517557546e+06	9.189829765846487135e+05	9.014336552421806335e+09
2.040111557592579582e-03	5.529346171784044504e+08	7.882360764142453671e+06	9.093812103175752563e+05	8.613705156734025955e+09
2.083345909854779961e-03	5.324531170541287661e+08	7.712096144007664174e+06	8.998747318162245210e+05	8.230977790371919632e+09
2.127496491040134757e-03	5.127340614609537125e+08	7.545594525541934185e+06	8.904616432501305826e+05	7.865295577439054489e+09
2.172582718010372237e-03	4.937374607207258940e+08	7.382682677773118950e+06	8.811377469822104322e+05	7.515626265214352608e+09
2.218624419112281976e-03	4.754413075558626056e+08	7.223330155779584311e+06	8.719038282851797994e+05	7.181380742145462990e+09
2.265641842897974604e-03	4.578304671789206862e+08	7.067506966897566803e+06	8.627614077336910414e+05	6.862111141224575043e+09
2.313655667029933423e-03	4.408747950496445894e+08	6.915112292692870833e+06	8.537085700237241108e+05	6.557027173726360321e+09
2.362687007374795686e-03	4.245403942927110791e+08	6.766011173325983807e+06	8.447418850351438159e+05	6.265344719508745193e+09
2.412757427289825233e-03	4.088083717129350901e+08	6.620143010085510090e+06	8.358613021435908740e+05	5.986516686160204887e+09
2.463888947106213784e-03	3.936658430497815013e+08	6.477515587225396186e+06	8.270691901901711244e+05	5.720191874840918541e+09
2.516104053813336943e-03	3.790863050132000446e+08	6.338012963435678743e+06	8.183629995637589600e+05	5.465725858284989357e+09
2.569425710948245768e-03	3.650410262652982473e+08	6.201512620931715705e+06	8.097395347069186391e+05	5.222406461128117561e+09
2.623877368694733318e-03	3.515137875353200436e+08	6.067984046434091404e+06	8.011993748172234045e+05	4.989866365573509216e+09
2.679482974196439188e-03	3.384936160964633822e+08	5.937397916694184765e+06	7.927438401609968860e+05	4.767729183664508820e+09
2.736266982088478034e-03	3.259572299671772122e+08	5.809676190805668943e+06	7.843711779239252210e+05	4.555491641555727005e+09
2.794254365252289707e-03	3.138802778602209091e+08	5.684698910429826938e+06	7.760781235123744700e+05	4.352575664667619705e+09
2.853470625798387814e-03	3.022488362256305218e+08	5.562423167518431321e+06	7.678647880464615300e+05	4.158613142172777176e+09
2.913941806281861776e-03	2.910535555715209842e+08	5.442857918282721192e+06	7.597334664142148104e+05	3.973387718532463551e+09
2.975694501155571117e-03	2.802740016580148935e+08	5.325892187193101272e+06	7.516812717509806389e+05	3.796380230016357899e+09
3.038755868466027146e-03	2.698895361548081040e+08	5.211439749289019965e+06	7.437057642081454396e+05	3.627166790216151237e+09
3.103153641797168783e-03	2.598882072054567933e+08	5.099464635708221234e+06	7.358072377657723846e+05	3.465437853126273632e+09
3.168916142467233243e-03	2.502620435264478624e+08	4.989951430204271339e+06	7.279871234544370091e+05	3.310968790559730530e+09
3.236072291984112663e-03	2.409931255846829414e+08	4.882828972056405619e+06	7.202435680430924986e+05	3.163389015614563465e+09
3.304651624764658874e-03	2.320639624286478758e+08	4.777997143861281686e+06	7.125735938575008186e+05	3.022288506266522884e+09
3.374684301123556836e-03	2.234642951363059282e+08	4.675425240073310211e+06	7.049775050363342743e+05	2.887441259345431328e+09
3.446201120537424525e-03	2.151873237917689383e+08	4.575119539645759389e+06	6.974574228555640439e+05	2.758662243383854389e+09
3.519233535190044709e-03	2.072173463637920022e+08	4.476982347746598534e+06	6.900103512494432507e+05	2.635609419021258831e+09
3.593813663804625805e-03	1.995395398949663937e+08	4.380947698222415522e+06	6.826343671603130642e+05	2.517978175408173561e+09
3.669974305769219299e-03	1.921450990444001257e+08	4.286982587213250808e+06	6.753295851084014867e+05	2.405555662699426174e+09
3.747748955561452412e-03	1.850282196365292668e+08	4.195078082874040119e+06	6.680974882919302909e+05	2.298197743329106808e+09
3.827171817478984984e-03	1.781751532942804396e+08	4.105169026882565580e+06	6.609360485365807544e+05	2.195618583193823338e+09
3.908277820682117681e-03	1.715733384216824174e+08	4.017175438557371031e+06	6.538427025957874721e+05	2.097559186930685520e+09
3.991102634555192957e-03	1.652152179846574962e+08	3.931072559575280175e+06	6.468177695511844940e+05	2.003845452006741285e+09
4.075682684393532908e-03	1.590958339841476381e+08	3.846866031741820276e+06	6.398632426613584394e+05	1.914360517015983105e+09
4.162055167422817371e-03	1.532031580855368376e+08	3.764471143074495718e+06	6.329761407665511360e+05	1.828856764340140343e+09
4.250258069157961290e-03	1.475265451665683985e+08	3.683833728620722890e+06	6.261547986229512608e+05	1.747121278381785631e+09
4.340330180108637088e-03	1.420595096259613633e+08	3.604930802611862775e+06	6.193994898277674802e+05	1.669018613183749914e+09
4.432311112838861061e-03	1.367978142143055797e+08	3.527751741112357005e+06	6.127114844326134771e+05	1.594433754112123251e+09
4.526241319388085715e-03	1.317309422370023578e+08	3.452239548526174389e+06	6.060887463472333038e+05	1.523174030576467991e+09
4.622162109061505458e-03	1.268498730719290674e+08	3.378332346971521620e+06	5.995291413999627111e+05	1.455056765243206263e+09
4.720115666597336779e-03	1.221490410119263977e+08	3.306006192198400851e+06	5.930328247789096786e+05	1.389963810625037670e+09
4.820145070719144588e-03	1.176248221337661743e+08	3.235268392208488658e+06	5.866017507001407212e+05	1.327813986302404881e+09
4.922294313081310678e-03	1.132680279436942637e+08	3.166046820149221923e+06	5.802330105787107022e+05	1.268428993735667229e+09
5.026608317615998724e-03	1.090710144618277699e+08	3.098293580004222225e+06	5.739249932219209149e+05	1.211665745153815031e+09
5.133132960290130720e-03	1.050290058422160745e+08	3.031996765687195119e+06	5.676783104533241130e+05	1.157428320528056383e+09
5.241915089281041530e-03	1.011389000849289447e+08	2.967143237395141274e+06	5.614939177424649242e+05	1.105641523559587479e+09
5.353002545579732367e-03	9.739267493487370014e+07	2.903681105310226791e+06	5.553696754677426070e+05	1.056159386552660346e+09
5.466444184030696055e-03	9.378385287475043535e+07	2.841566768192316405e+06	5.493040603201583726e+05	1.008867349591046691e+09
5.582289894817666839e-03	9.030833600523129106e+07	2.780775535615908913e+06	5.432969784002579981e+05	9.636761647628529072e+08
5.700590625404708227e-03	8.696346745851276815e+07	2.721314506291890517e+06	5.373503110101666534e+05	9.205304590146805048e+08
5.821398402942216249e-03	8.374224736655251682e+07	2.663126300404664129e+06	5.314614603764455533e+05	8.793096384669173956e+08
5.944766357147824969e-03	8.063918681514503062e+07	2.606165225807177369e+06	5.256286587726292200e+05	8.399067223850414753e+08
6.070748743672167193e-03	7.765076988812500238e+07	2.550423960606730077e+06	5.198526251170451869e+05	8.022635251750916243e+08
6.199400967959818945e-03	7.477471912210008502e+07	2.495897309179023374e+06	5.141345634422154399e+05	7.663225529932057858e+08
6.330779609615908021e-03	7.200493071623235941e+07	2.442530589441397227e+06	5.084718115905070445e+05	7.319819789697420597e+08
6.464942447289089879e-03	6.933675343592703342e+07	2.390296660700683948e+06	5.028635305465721176e+05	6.991633288138277531e+08
6.601948484081890736e-03	6.676717097660419345e+07	2.339173478040399496e+06	4.973095534926345572e+05	6.678053642859886885e+08
6.741857973499477616e-03	6.429422929751071334e+07	2.289162257809348404e+06	4.918113385795376380e+05	6.378695516217257977e+08
6.884732445948405985e-03	6.191260951365739107e+07	2.240219437358384021e+06	4.863667204872876173e+05	6.092682419509572983e+08
7.030634735796891313e-03	5.961837008602849394e+07	2.192306913114750292e+06	4.809741051649904111e+05	5.819329355747791529e+08
7.179629009008595825e-03	5.740892348864848167e+07	2.145413820284068584e+06	4.756338589619398117e+05	5.558161965009187460e+08
7.331780791361950343e-03	5.528259195185022056e+07	2.099544047193076462e+06	4.703475694931577309e+05	5.308863517473801970e+08
7.487156997267587974e-03	5.323474319411119819e+07	2.054645324661504710e+06	4.651123616320968722e+05	5.070654718975164294e+08
7.645825959196438613e-03	5.126203708302135020e+07	2.010693155622948427e+06	4.599273616776648560e+05	4.843014973031069040e+08
7.807857457731475631e-03	4.936225407754252851e+07	1.967679303738908842e+06	4.547930724063615198e+05	4.625547136115555763e+08
7.973322752256328111e-03	4.753395244130553305e+07	1.925596232265719213e+06	4.497103085350504261e+05	4.417936393630705476e+08
8.142294612294233985e-03	4.577310021659195423e+07	1.884406196410231059e+06	4.446769198486857349e+05	4.219592691716067195e+08
8.314847349511189298e-03	4.407686684610328078e+07	1.844085277055972721e+06	4.396919932452986250e+05	4.030039853724375367e+08
8.491056850397209546e-03	4.244334860573571175e+07	1.804618255865656305e+06	4.347554678378828103e+05	3.848961820687698722e+08
8.671000609640279119e-03	4.087130550691980869e+07	1.766008551407829626e+06	4.298687865953219007e+05	3.676106097224879265e+08
8.854757764207504128e-03	3.935723015563442558e+07	1.728217622333948733e+06	4.250296441401603515e+05	3.510967345114173889e+08
9.042409128148579806e-03	3.789872375516238809e+07	1.691218702796366531e+06	4.202368224998329533e+05	3.353149449468542933e+08
9.234037228136720080e-03	3.649415366589044034e+07	1.655005554221678060e+06	4.154908224019529880e+05	3.202389112719722986e+08
9.429726339762870002e-03	3.514245222213681042e+07	1.619580007015890209e+06	4.107929924009395763e+05	3.058495089882934093e+08
9.629562524599030379e-03	3.384057035610479116e+07	1.584899783823177218e+06	4.061405455626023468e+05	2.921008563456012011e+08
9.833633668047030499e-03	3.258647498176941276e+07	1.550948995947620831e+06	4.015329523040335043e+05	2.789634598533008695e+08
1.004202951798940403e-02	3.137876600378517807e+07	1.517720113128336146e+06	3.969705645846351981e+05	2.664141485891572535e+08
1.025484172425938229e-02	3.021652354708726704e+07	1.485208171422162093e+06	3.924541410848191590e+05	2.544361945358119011e+08
1.047216387894729824e-02	2.909709820241017640e+07	1.453382683685844531e+06	3.879816415858014370e+05	2.429918476538098156e+08
1.069409155756119272e-02	2.801876683567134291e+07	1.422226722125890898e+06	3.835524176350517082e+05	2.320572621390146911e+08
1.092072236105970547e-02	2.698032892661920190e+07	1.391728546990239061e+06	3.791664029444095213e+05	2.216115877953467071e+08
1.115215595877575537e-02	2.598099108050748706e+07	1.361891252191588515e+06	3.748249371956837131e+05	2.116419581074416339e+08
1.138849413224978825e-02	2.501845256222916022e+07	1.332683725049636560e+06	3.705257857436854974e+05	2.021177138105849326e+08
1.162984081999205582e-02	2.409125279505690560e+07	1.304086535517562879e+06	3.662679782317375066e+05	1.930164407604982555e+08
1.187630216319339981e-02	2.319836253081565723e+07	1.276095081091685686e+06	3.620519829486017115e+05	1.843236118178604245e+08
1.212798655240480798e-02	2.233909673552981764e+07	1.248711234798867954e+06	3.578790173856610782e+05	1.760272810689730048e+08
1.238500467520621366e-02	2.151145863169687986e+07	1.221900686511678388e+06	3.537463933631792315e+05	1.681009351243481636e+08
1.264746956488544717e-02	2.071421009352363646e+07	1.195652083545840112e+06	3.496537763743281248e+05	1.605271462177311778e+08
1.291549665014883955e-02	1.994646875747276843e+07	1.169961307990947040e+06	3.456016506894556805e+05	1.532941731357462108e+08
1.318920380588532899e-02	1.920764262726297975e+07	1.144823387096331455e+06	3.415905219486472197e+05	1.463903158894359469e+08
1.346871140500627631e-02	1.849599966214442998e+07	1.120213244022423634e+06	3.376184174077411881e+05	1.397947909206094742e+08
1.375414237138396570e-02	1.781049020066069439e+07	1.096120779239344643e+06	3.336850716843990958e+05	1.334935754981117845e+08
1.404562223391196511e-02	1.715035792400596663e+07	1.072535904345084215e+06	3.297902898607467068e+05	1.274748533521368057e+08
1.434327918171109106e-02	1.651509069377896190e+07	1.049460273344142828e+06	3.259352164791391115e+05	1.217311467702388912e+08
1.464724412050539583e-02	1.590318694822316803e+07	1.026870526310962508e+06	3.221179209180552280e+05	1.162439626987921745e+08
1.495765073019278586e-02	1.531375670850107074e+07	1.004752351969834883e+06	3.183375680270030280e+05	1.110013926585465968e+08
1.527463552363575450e-02	1.474615178218064830e+07	9.831010366367744282e+05	3.145944832414781558e+05	1.059941193049443960e+08
1.559833790669801906e-02	1.419992864139133506e+07	9.619190762207566295e+05	3.108898723535721656e+05	1.012162242917170227e+08
1.592890023955338338e-02	1.367378628213822283e+07	9.411801727105681784e+05	3.072213335074524512e+05	9.665123507707472146e+07
1.626646789929399317e-02	1.316697001415885426e+07	9.208742696223611711e+05	3.035884333259690902e+05	9.229003962812100351e+07
1.661118934386526108e-02	1.267892434416310303e+07	9.009990190700620878e+05	2.999916638817837229e+05	8.812516418195825815e+07
1.696321617735579643e-02	1.220926489177062176e+07	8.815525646881000139e+05	2.964317059981159982e+05	8.415067398921306431e+07
1.732270321667098503e-02	1.175686492668767273e+07	8.625119148136130534e+05	2.929063792717200122e+05	8.035356392786288261e+07
1.768980855961942850e-02	1.132108442633218132e+07	8.438707802089181496e+05	2.894156365779814078e+05	7.672614051323877275e+07
1.806469365444235767e-02	1.090144751316487230e+07	8.256240207701473264e+05	2.859596294537414215e+05	7.326207795461718738e+07
1.844752337081655841e-02	1.049762043806109205e+07	8.077696599955712445e+05	2.825389347389251925e+05	6.995626086214573681e+07
1.883846607236187159e-02	1.010862821177012660e+07	7.902895209965012036e+05	2.791518129052377190e+05	6.679832064449916780e+07
1.923769369068539445e-02	9.733927892505099997e+06	7.731757156586004421e+05	2.757979598748883000e+05	6.378142393011378497e+07
1.964538180099485026e-02	9.373111787898516282e+06	7.564224158330118516e+05	2.724773527567285346e+05	6.090051637766399235e+07
2.006170969931423895e-02	9.025890014255629852e+06	7.400310510478214128e+05	2.691910041463772068e+05	5.815140690121856332e+07
2.048686048133601528e-02	8.691419168803941458e+06	7.239832781867039157e+05	2.659370075816009776e+05	5.552528791450405866e+07
2.092102112294418406e-02	8.369238643209696747e+06	7.082700960872460855e+05	2.627147834049004596e+05	5.301641568239250034e+07
2.136438256244391209e-02	8.058999226767105982e+06	6.928890323175166268e+05	2.595247439126349054e+05	5.062075511248920858e+07
2.181713978453380873e-02	7.760448849762970582e+06	6.778410114660038380e+05	2.563678063715394819e+05	4.833486449484376609e+07
2.227949190605761978e-02	7.472858365311295725e+06	6.631067526351708220e+05	2.532417901954820554e+05	4.615111552399362624e+07
2.275164226357336353e-02	7.195836935040851124e+06	6.486802193609316600e+05	2.501464697120186465e+05	4.406504937388297170e+07
2.323379850277806913e-02	6.929085546069333330e+06	6.345598578633273719e+05	2.470823445289049705e+05	4.207313947737876326e+07
2.372617266982774559e-02	6.672384606587101705e+06	6.207440337578800973e+05	2.440499112285420706e+05	4.017258726517734677e+07
2.422898130459259780e-02	6.425104282365703955e+06	6.072160417556458851e+05	2.410472273201914213e+05	3.835686746001908928e+07
2.474244553588843265e-02	6.186912805681400932e+06	5.939720824029181385e+05	2.380743871807241230e+05	3.662255592876905203e+07
2.526679117872631872e-02	5.957554179037575610e+06	5.810086361702997237e+05	2.351314992718591238e+05	3.496651573284923285e+07
2.580224883362318075e-02	5.736836955804277211e+06	5.683239948665166739e+05	2.322189937779933971e+05	3.338642641980221495e+07
2.634905398801689475e-02	5.524217347569162957e+06	5.559048933459805558e+05	2.293353567002247437e+05	3.187694648805836216e+07
2.690744711983068457e-02	5.319413694522151724e+06	5.437464623195620952e+05	2.264804249427326140e+05	3.043520450552779809e+07
2.747767380323228384e-02	5.122206833886814304e+06	5.318445699881644687e+05	2.236541632727003889e+05	2.905850951603013277e+07
2.805998481663422514e-02	4.932429707866912708e+06	5.201998109451166820e+05	2.208573855601394607e+05	2.774500122518472001e+07
2.865463625298309350e-02	4.749613095542277209e+06	5.087992457613696461e+05	2.180885049921868776e+05	2.649026054807003587e+07
2.926188963238583740e-02	4.573517789098659530e+06	4.976369349488631706e+05	2.153470850754528365e+05	2.529176246227097884e+07
2.988201201712300387e-02	4.403956275647506118e+06	4.867109738757608575e+05	2.126334511207760079e+05	2.414744113616125658e+07
3.051527612909937445e-02	4.240782526620519347e+06	4.760219410064754193e+05	2.099483695856753038e+05	2.305566802220829949e+07
3.116196046978347151e-02	4.083591963126584888e+06	4.655561192263586563e+05	2.072899564449386962e+05	2.201274491046607122e+07
3.182234944268905880e-02	3.932181371254985221e+06	4.553091671083558467e+05	2.046580037707674492e+05	2.101653972270603105e+07
3.249673347845206950e-02	3.786390325152790174e+06	4.452802725504498812e+05	2.020530010724512686e+05	2.006548730485980213e+07
3.318540916255835471e-02	3.646091073518206365e+06	4.354685512076300220e+05	1.994754278717715933e+05	1.915807839771141112e+07
3.388867936577820428e-02	3.510934982172861230e+06	4.258612254161346937e+05	1.969234381305896386e+05	1.829125844167720526e+07
3.460685337736497946e-02	3.380749360575235449e+06	4.164559644966151682e+05	1.943971772590217588e+05	1.746332007106854022e+07
3.534024704107661952e-02	3.255397002007014584e+06	4.072512586665117997e+05	1.918969592318389914e+05	1.667295932971002348e+07
3.608918289407971741e-02	3.134765992048128974e+06	3.982448587833032943e+05	1.894229038494675187e+05	1.591881392080444284e+07
3.685399030879719234e-02	3.018556133530103136e+06	3.894270290347601403e+05	1.869736530218130210e+05	1.519843811724432185e+07
3.763500563776207147e-02	2.906620610630841926e+06	3.807953095595306368e+05	1.845492891246639483e+05	1.451042439946387336e+07
3.843257236154112161e-02	2.798842119546693750e+06	3.723466921307012090e+05	1.821497677202464256e+05	1.385359392660103366e+07
3.924704123979310538e-02	2.695122486554969568e+06	3.640808876850126544e+05	1.797756195093699207e+05	1.322690712148641050e+07
4.007877046552850431e-02	2.595203421516838018e+06	3.559889812341196230e+05	1.774255536551317782e+05	1.262830633859523386e+07
4.092812582263813392e-02	2.498960050909857731e+06	3.480671705820536008e+05	1.750992949828200217e+05	1.205658126202464849e+07
4.179548084676026898e-02	2.406292125214287080e+06	3.403138740006400039e+05	1.727970518453799305e+05	1.151076435986983404e+07
4.268121698955689575e-02	2.317113404590942431e+06	3.327292277847765363e+05	1.705194254839572823e+05	1.099004990386849456e+07
4.358572378647117967e-02	2.231201841260452755e+06	3.253037093071193085e+05	1.682648494634798844e+05	1.049264645384071581e+07
4.450939902804028347e-02	2.148451172021693550e+06	3.180343074236468528e+05	1.660331748157689290e+05	1.001758981550671905e+07
4.545264893483848267e-02	2.068775751993066166e+06	3.109204679310315987e+05	1.638248407986552920e+05	9.564079733828790486e+06
4.641588833612779463e-02	1.992099726540195523e+06	3.039615659393547103e+05	1.616402659475536784e+05	9.131443000498654321e+06
4.739954085229469011e-02	1.918232367897187127e+06	2.971482662437912659e+05	1.594777762175304524e+05	8.718138112370204180e+06
4.840403908115278181e-02	1.847083202144354582e+06	2.904790173669104697e+05	1.573375360141882556e+05	8.323430872663491406e+06
4.942982478819387543e-02	1.778579091204863507e+06	2.839531141914081527e+05	1.552199141489367757e+05	7.946652613588429056e+06
5.047734910087089966e-02	1.712653219607457053e+06	2.775686194120761938e+05	1.531249345486616949e+05	7.587190380210037343e+06
5.154707270699779992e-02	1.649141919277046574e+06	2.713184106378583238e+05	1.510513896355431934e+05	7.243800314882795326e+06
5.263946605735428386e-02	1.587968103863801574e+06	2.652011588231419446e+05	1.489994786889615643e+05	6.915888164583942853e+06
5.375500957258409762e-02	1.529069363907649182e+06	2.592148202413258841e+05	1.469691322595974198e+05	6.602853885992716067e+06
5.489419385447772554e-02	1.472386749046958517e+06	2.533586504174915608e+05	1.449606627879947773e+05	6.304200097238920629e+06
5.605751990173300781e-02	1.417779951263625408e+06	2.476264522001196165e+05	1.429730444152289710e+05	6.018927584058375098e+06
5.724549933028778848e-02	1.365183251769016962e+06	2.420157778824521520e+05	1.410060969431909616e+05	5.746500095426945947e+06
5.845865459832211286e-02	1.314543433505850378e+06	2.365255640001643042e+05	1.390600130535222997e+05	5.486443891475835815e+06
5.969751923602879817e-02	1.265808370281821117e+06	2.311555702966687968e+05	1.371352535705584742e+05	5.238339217612635344e+06
6.096263808025296355e-02	1.218857953935597325e+06	2.258990637260387302e+05	1.352304717886940925e+05	5.001349076084727421e+06
6.225456751410456124e-02	1.173636098885018378e+06	2.207540901548803668e+05	1.333455881011412130e+05	4.775015982791678049e+06
6.357387571164835327e-02	1.130097468310719589e+06	2.157204267780313676e+05	1.314810371165541583e+05	4.558986721995699219e+06
6.492114288777969811e-02	1.088195869372743880e+06	2.107970899581699341e+05	1.296370243386023503e+05	4.352879801511674188e+06
6.629696155339574737e-02	1.047828638172414387e+06	2.059776719337466347e+05	1.278121780068906664e+05	4.156000852847960312e+06
6.770193677597398374e-02	1.008947860577235464e+06	2.012612974027945311e+05	1.260067225586966088e+05	3.967981495074608829e+06
6.913668644567325106e-02	9.715120797236998333e+05	1.966469056671588332e+05	1.242207256616422237e+05	3.788519427876806818e+06
7.060184154707406512e-02	9.354888859976565000e+05	1.921341066491221136e+05	1.224546943948266417e+05	3.617305485924423207e+06
7.209804643667737378e-02	9.007820540496160975e+05	1.877169411245090014e+05	1.207071632799201179e+05	3.453757333894492593e+06
7.362595912628441819e-02	8.673534754036322702e+05	1.833945455638573330e+05	1.189783573469608818e+05	3.297571924134053290e+06
7.518625157238204015e-02	8.351703970898825210e+05	1.791657628190398682e+05	1.172683154054720362e+05	3.148499371309104841e+06
7.677960997166025092e-02	8.041961549942565616e+05	1.750300037815044343e+05	1.155773478339600842e+05	3.006262735110922251e+06
7.840673506279315086e-02	7.743562678944416111e+05	1.709826129215308465e+05	1.139044775370718999e+05	2.870403967572611757e+06
8.006834243461452560e-02	7.456155923966920236e+05	1.670219235434954171e+05	1.122495462525655166e+05	2.740654596674415749e+06
8.176516284082480102e-02	7.179463665093505988e+05	1.631477104250127741e+05	1.106129269629478513e+05	2.616822218633085955e+06
8.349794252136732986e-02	6.913157475494722603e+05	1.593590826819342619e+05	1.089947810598788637e+05	2.498669711795349605e+06
8.526744353061486981e-02	6.656605572854314232e+05	1.556512551274132566e+05	1.073939454696469329e+05	2.385805508806013968e+06
8.707444407251174745e-02	6.409506116776998388e+05	1.520234366981144703e+05	1.058105847714042029e+05	2.278025000214369968e+06
8.891973884281766105e-02	6.171623752866295399e+05	1.484753819931866310e+05	1.042450221123287920e+05	2.175161215164354537e+06
9.080413937860487561e-02	5.942664903474026360e+05	1.450053741599011992e+05	1.026970302674256964e+05	2.077004586257182062e+06
9.272847441516200717e-02	5.722093703596034320e+05	1.416099661708001513e+05	1.011659041228290444e+05	1.983246000084986910e+06
9.469359025046093781e-02	5.509650935564450920e+05	1.382882966003926413e+05	9.965174322250524710e+04	1.893716587480480783e+06
9.670035111734798239e-02	5.305136971378459129e+05	1.350394420590833761e+05	9.815454230188803922e+04	1.808259995662140660e+06
9.874963956362264872e-02	5.108289960012740339e+05	1.318626760041030066e+05	9.667449640943677514e+04	1.726720762422559084e+06
1.008423568401705106e-01	4.918655402706513414e+05	1.287545602706029604e+05	9.521079017168807331e+04	1.648833705175164854e+06
1.029794232973221257e-01	4.736010666565291467e+05	1.257138185523128050e+05	9.376329971067972656e+04	1.574452603763566120e+06
1.051617787896111378e-01	4.560186462862275657e+05	1.227404342222077248e+05	9.233243221694315434e+04	1.503461651313384529e+06
1.073903830891107247e-01	4.390949579546207679e+05	1.198333086048775149e+05	9.091815848066641774e+04	1.435724201549603837e+06
1.096662163075285135e-01	4.227914581226315931e+05	1.169889094856552838e+05	8.951948857698905340e+04	1.371013175593737280e+06
1.119902793272475605e-01	4.070890270635396009e+05	1.142067639564973215e+05	8.813664908997835300e+04	1.309220912240612553e+06
1.143635942415015677e-01	3.919733025010941783e+05	1.114865395979677996e+05	8.676987593786003708e+04	1.250246076793435728e+06
1.167872048038782751e-01	3.774235515179642243e+05	1.088268101975919271e+05	8.541894858147270861e+04	1.193964485961972270e+06
1.192621768873494831e-01	3.634070887678557774e+05	1.062251561865281110e+05	8.408334896463951736e+04	1.140203217614397174e+06
1.217895989530276418e-01	3.499074950829447480e+05	1.036805909278980544e+05	8.276301875429283245e+04	1.088863975510595832e+06
1.243705825288575900e-01	3.369125812956877053e+05	1.011927951434452698e+05	8.145815289204803412e+04	1.039864285791798029e+06
1.270062626984522769e-01	3.244039452017006697e+05	9.876089838374624378e+04	8.016879293624083220e+04	9.931031169167477638e+05
1.296977986002878502e-01	3.123538707659596694e+05	9.638213258708527428e+04	7.889411939289065776e+04	9.484341951899706619e+05
1.324463739374786009e-01	3.007482577933587600e+05	9.405579267975456605e+04	7.763416538559255423e+04	9.057749583314050687e+05
1.352531974983535168e-01	2.895767600364166428e+05	9.178188519377126067e+04	7.638930163208338490e+04	8.650639715616474859e+05
1.381195036880665805e-01	2.788230660070062731e+05	8.955899851559729723e+04	7.515924288428667933e+04	8.262062904993370175e+05
1.410465530714722360e-01	2.684636755112339742e+05	8.738507076899247477e+04	7.394348850703060452e+04	7.890888334079518681e+05
1.440356329275057634e-01	2.584864804824152961e+05	8.525944955443074286e+04	7.274208415159802826e+04	7.536404472416813951e+05
1.470880578153118678e-01	2.488826953516229696e+05	8.318178908348649566e+04	7.155517552333658386e+04	7.198091676440851297e+05
1.502051701523716420e-01	2.396378823674651212e+05	8.115120945943365223e+04	7.038271828079690749e+04	6.875188369602239691e+05
1.533883408048797858e-01	2.307321168666944723e+05	7.916552098047034815e+04	6.922404638977500144e+04	6.566727954857920995e+05
1.566389696906345663e-01	2.221550019524793606e+05	7.722408333135269640e+04	6.807916592527735338e+04	6.272116327847702196e+05
1.599584863947036695e-01	2.138990743732480332e+05	7.532696546142092848e+04	6.694844715434215323e+04	5.990972576772962930e+05
1.633483507981373095e-01	2.059515716020103719e+05	7.347282956546680361e+04	6.583155926375060517e+04	5.722586291821349878e+05
1.668100537200059019e-01	1.982956013696278678e+05	7.166003266337374225e+04	6.472808834408017719e+04	5.466207395907060709e+05
1.703451175730422984e-01	1.909222364307312237e+05	6.988800741031073267e+04	6.363806086107527517e+04	5.221352436819277355e+05
1.739550970331800450e-01	1.838251344963017327e+05	6.815645094769382558e+04	6.256157812725051917e+04	4.987644463823152473e+05
1.776415797232799298e-01	1.769930274901225348e+05	6.646456140667178261e+04	6.149861014242190868e+04	4.764567137450573500e+05
1.814061869113461622e-01	1.704115966166667349e+05	6.481052712258489191e+04	6.044855266704023961e+04	4.551444107121077250e+05
1.852505742235391883e-01	1.640731713516550371e+05	6.319389038169312698e+04	5.941147942084100941e+04	4.347893961387749878e+05
1.891764323722997243e-01	1.579723655488183722e+05	6.161464296835288405e+04	5.838769608069318929e+04	4.153617808103011921e+05
1.931854878999012814e-01	1.520992398515420791e+05	6.007158010702108731e+04	5.737683190515219758e+04	3.968150864815224195e+05
1.972795039377621684e-01	1.464416560608426225e+05	5.856342410314112203e+04	5.637856148675864824e+04	3.790958910432898556e+05
2.014602809818480389e-01	1.409930285904017219e+05	5.708952642918460333e+04	5.539278507851339236e+04	3.621720575196680729e+05
2.057296576845067948e-01	1.357487764117086772e+05	5.564990333618401928e+04	5.441982372929691337e+04	3.460182962215372245e+05
2.100895116630852322e-01	1.307001436578024441e+05	5.424361081233672303e+04	5.345946891136562772e+04	3.305964835733997752e+05
2.145417603256798977e-01	1.258368411024708039e+05	5.286922648630308686e+04	5.251123229138712486e+04	3.158611485318148625e+05
2.190883617143895290e-01	1.211532147390159516e+05	5.152645932880528562e+04	5.157523367575724842e+04	3.017879275472325389e+05
2.237313153664367560e-01	1.166453666836316115e+05	5.021504046179675788e+04	5.065153980257746298e+04	2.883538566857448313e+05
2.284726631935388719e-01	1.123055915462397243e+05	4.893418916590695881e+04	4.974002348954443733e+04	2.755273897922277683e+05
2.333144903799153069e-01	1.081251678059596597e+05	4.768267284463682881e+04	4.884027319017846457e+04	2.632722398741014185e+05
2.382589262993237145e-01	1.040992414540017489e+05	4.646006486254675838e+04	4.795229463090623176e+04	2.515651731433925161e+05
2.433081454515323150e-01	1.002244943629834306e+05	4.526638191209665820e+04	4.707635651354632137e+04	2.403915215277237003e+05
2.484643684186368384e-01	9.649415217537170975e+04	4.410059794129068905e+04	4.621209699506004836e+04	2.297207791409208148e+05
2.537298628416438939e-01	9.290082252215662447e+04	4.296179764588866965e+04	4.535929301517123531e+04	2.195253630181294866e+05
2.591069444177515613e-01	8.944033843268432247e+04	4.184949803777343914e+04	4.451786714259296423e+04	2.097853353937122156e+05
2.645979779187619951e-01	8.610987382962931588e+04	4.076371258381765801e+04	4.368808567544892139e+04	2.004881887134680001e+05
2.702053782310787078e-01	8.290347851913659542e+04	3.970354250149693689e+04	4.286962620353979582e+04	1.916091606203496049e+05
2.759316114177428059e-01	7.981488695014131372e+04	3.866805495619747671e+04	4.206218640483890340e+04	1.831249097173882474e+05
2.817791958029755572e-01	7.684052215890314255e+04	3.765691813158685545e+04	4.126580616234149056e+04	1.750194890736876987e+05
2.877507030797054055e-01	7.397797564182202041e+04	3.667005497094069869e+04	4.048066879315462575e+04	1.672813585056767624e+05
2.938487594405665426e-01	7.122202607902091404e+04	3.570671142402546684e+04	3.970653495594293781e+04	1.598915658591896354e+05
3.000760467328633108e-01	6.856736301353492308e+04	3.476593660715157603e+04	3.894300363224706962e+04	1.528286761397248483e+05
3.064353036380134121e-01	6.601091604041644314e+04	3.384754064870469301e+04	3.819022706051887508e+04	1.460816284258803644e+05
3.129293268759847368e-01	6.355063168838433194e+04	3.295136462825826311e+04	3.744828774396207882e+04	1.396396389158214151e+05
3.195609724352570513e-01	6.118193183854601375e+04	3.207671306206100053e+04	3.671697255891967507e+04	1.334866294698792917e+05
3.263331568288500573e-01	5.890031580716368626e+04	3.122277152870803548e+04	3.599595501048634469e+04	1.276058742794966820e+05
3.332488583769670498e-01	5.670314807070478855e+04	3.038930790022766087e+04	3.528531400617517647e+04	1.219871696946022130e+05
3.403111185168231634e-01	5.458867676837883482e+04	2.957621310686276775e+04	3.458516226085231756e+04	1.166224612158280943e+05
3.475230431402304698e-01	5.255289126783952815e+04	2.878281474240452371e+04	3.389526000096735515e+04	1.114977231194885680e+05
3.548878039595292910e-01	5.059197714094289404e+04	2.800838708666374077e+04	3.321531930980518518e+04	1.065994245852253225e+05
3.624086399024666338e-01	4.870367238757967425e+04	2.725270973384337412e+04	3.254541208768475917e+04	1.019188579515131569e+05
3.700888585366366446e-01	4.688648134441551520e+04	2.651569013084078324e+04	3.188565044925096663e+04	9.744965643030498177e+04
3.779318375241043637e-01	4.513689350837359234e+04	2.579667820500518428e+04	3.123577235519413080e+04	9.317974379388244415e+04
3.859410261068597081e-01	4.345167606597474514e+04	2.509503888864964028e+04	3.059552908581434167e+04	8.909820125113335962e+04
3.941199466237500504e-01	4.182888756157056196e+04	2.441055816739292277e+04	2.996497566292736883e+04	8.519776768646882556e+04
4.024721960595590287e-01	4.026725057244392519e+04	2.374314352475433407e+04	2.934420331671719032e+04	8.147296353930435725e+04
4.110014476269163164e-01	3.876369447266896168e+04	2.309220104377860480e+04	2.873298948277342060e+04	7.791403979286180402e+04
4.197114523817274123e-01	3.731547944877710688e+04	2.245715236121296766e+04	2.813108323946225937e+04	7.451150798899830261e+04
4.286060408728412652e-01	3.592093931009063090e+04	2.183779355009305436e+04	2.753851173051764636e+04	7.125992813001699687e+04
4.376891248266767120e-01	3.457898221471212310e+04	2.123403527545097313e+04	2.695537336434402096e+04	6.815430122216336895e+04
4.469646988675492483e-01	3.328692442248890438e+04	2.064534369690387030e+04	2.638147843351804840e+04	6.518655181376016117e+04
4.564368422744575216e-01	3.204244389466840221e+04	2.007116381797238500e+04	2.581653381091498159e+04	6.234906619413087901e+04
4.661097207750954374e-01	3.084411076385751221e+04	1.951133483605941728e+04	2.526060678655543597e+04	5.963692318716430600e+04
4.759875883778879602e-01	2.969099109437008519e+04	1.896577631014011058e+04	2.471379339232303028e+04	5.704651522350864980e+04
4.860747892428489703e-01	2.858074112546445031e+04	1.843395208543409171e+04	2.417584508027207994e+04	5.457060450780465908e+04
4.963757595920870180e-01	2.751139280461141243e+04	1.791539992726424316e+04	2.364654745798000658e+04	5.220310993224459526e+04
5.068950296608012440e-01	2.648171913945966298e+04	1.740993933833853589e+04	2.312592252041436950e+04	4.993997072531477897e+04
5.176372256896176749e-01	2.549092068858154744e+04	1.691752138575880963e+04	2.261407753363138545e+04	4.777810677404957096e+04
5.286070719591531297e-01	2.453695210364331069e+04	1.643762549714283887e+04	2.211075472115182492e+04	4.571154014036937588e+04
5.398093928676924724e-01	2.361814528138597234e+04	1.596986937189206765e+04	2.161579713087056734e+04	4.373529139886565099e+04
5.512491150528981976e-01	2.273344738470391894e+04	1.551403268027292324e+04	2.112913655345575899e+04	4.184579582946258597e+04
5.629312695584811621e-01	2.188217358887528826e+04	1.507012062696951034e+04	2.065096025140542042e+04	4.004079892248535180e+04
5.748609940467923618e-01	2.106254024932031098e+04	1.463761763878129204e+04	2.018096445323368971e+04	3.831495965934779088e+04
5.870435350582976497e-01	2.027313342023232326e+04	1.421616237141417332e+04	1.971896830993373806e+04	3.666432927411506535e+04
5.994842503189414806e-01	1.951304972316215208e+04	1.380561065321873320e+04	1.926500334290166938e+04	3.508605895542474173e+04
6.121886110964055439e-01	1.878170212202316543e+04	1.340590292841412338e+04	1.881914450258970101e+04	3.357800914392236882e+04
6.251622046063020077e-01	1.807753626050390812e+04	1.301659968074047720e+04	1.838115202601958663e+04	3.213602556726764305e+04
6.384107364693620834e-01	1.739935353989653595e+04	1.263736399164473005e+04	1.795083932623968212e+04	3.075660801789218021e+04
6.519400332206916060e-01	1.674637888003407716e+04	1.226805044536114110e+04	1.752821466391921058e+04	2.943744297935483701e+04
6.657560448722088520e-01	1.611810865503164860e+04	1.190863174556154445e+04	1.711339602038082739e+04	2.817689596810803778e+04
6.798648475293831428e-01	1.551318929665144060e+04	1.155866418094196888e+04	1.670607771456086266e+04	2.697126743068189535e+04
6.942726460634290886e-01	1.493060464837475593e+04	1.121787334414825636e+04	1.630614460430656618e+04	2.581786205527393759e+04
7.089857768401280902e-01	1.436968974599527792e+04	1.088611129363090367e+04	1.591357345057384919e+04	2.471467448750699987e+04
7.240107105064845783e-01	1.383001217943146003e+04	1.056334398897944266e+04	1.552845408002469412e+04	2.366028278797602979e+04
7.393540548364295750e-01	1.331039405689848354e+04	1.024917472319475564e+04	1.515052281226446939e+04	2.265170903720993010e+04
7.550225576368376768e-01	1.280997378616672722e+04	9.943346127110424277e+03	1.477964682320735301e+04	2.168664820226473967e+04
7.710231097151263313e-01	1.232818089554938342e+04	9.645728241352484474e+03	1.441581340114042723e+04	2.076343857255193143e+04
7.873627479097432547e-01	1.186464385580734415e+04	9.356285126861714161e+03	1.405909331297079189e+04	1.988101085118410629e+04
8.040486581848822478e-01	1.141833833462238908e+04	9.074653502755450972e+03	1.370924600623194601e+04	1.903672623257113082e+04
8.210881787907730045e-01	1.098853369309322989e+04	8.800589279881718539e+03	1.336611538940731407e+04	1.822870837142178425e+04
8.384888034909533383e-01	1.057474056789317910e+04	8.533992568822030080e+03	1.302972042892664285e+04	1.745569679540336801e+04
8.562581848579297050e-01	1.017663942730883173e+04	8.274805777893696359e+03	1.270009183948497412e+04	1.671660636417232672e+04
8.744041376386801900e-01	9.793340157620457830e+03	8.022707311497510091e+03	1.237700915046725277e+04	1.600938352880656748e+04
8.929346421914835519e-01	9.424223043317628253e+03	7.777480197969632172e+03	1.206033406795902556e+04	1.533245981821239002e+04
9.118578479955742333e-01	9.068868284043050153e+03	7.539019329099286551e+03	1.175006193386721316e+04	1.468468861684225885e+04
9.311820772351820930e-01	8.727000910000679141e+03	7.307282414335290923e+03	1.144623177706247770e+04	1.406528417664903100e+04
9.509158284595223831e-01	8.397847933262602965e+03	7.081960205851561113e+03	1.114860986069762839e+04	1.347245875220656671e+04
9.710677803203476843e-01	8.080883610830748694e+03	6.862867110835546555e+03	1.085708328441115009e+04	1.290491598444222291e+04
9.916467953887124764e-01	7.775747846088572260e+03	6.649897232508517845e+03	1.057162161181214833e+04	1.236172232286649705e+04
1.012661924052612461e+00	7.482203834287501195e+03	6.443023246373826623e+03	1.029228651325798819e+04	1.184226901087390979e+04
1.034122408497234025e+00	7.199580756194648529e+03	6.241948888368267035e+03	1.001882846801672167e+04	1.134496373190379018e+04
1.056037686769547568e+00	6.927432483598820909e+03	6.046509985388175664e+03	9.751143103698661434e+03	1.086879688302438262e+04
1.078417396929040706e+00	6.665450142588303606e+03	5.856611061602414338e+03	9.489205280513246180e+03	1.041299790004356146e+04
1.101271381286411888e+00	6.413429636956069771e+03	5.672222096907531522e+03	9.233058174869143841e+03	9.977009181625451674e+03
1.124609690732098155e+00	6.170789232406747033e+03	5.493074014246515617e+03	8.982469009279251623e+03	9.559540427336385619e+03
1.148442589156521310e+00	5.937150253910966057e+03	5.319019156825921527e+03	8.737338208934179420e+03	9.159759289395173255e+03
1.172780557964020254e+00	5.712247724653823752e+03	5.149964215026239799e+03	8.497623971518260078e+03	8.776986931423743954e+03
1.197634300682437924e+00	5.495905662365071294e+03	4.985887414280836310e+03	8.263382740994760752e+03	8.410789042598336891e+03
1.223014747670394531e+00	5.287619928002068264e+03	4.826533749741526663e+03	8.034367329056827657e+03	8.060082543472330144e+03
1.248933060924324545e+00	5.087068962543854468e+03	4.671776831819593099e+03	7.810499964523977724e+03	7.724165418161531306e+03
1.275400638987373769e+00	4.894025535327960824e+03	4.521529480981927009e+03	7.591731650466096653e+03	7.402482881050562355e+03
1.302429121962336289e+00	4.708337690216359988e+03	4.375769303108378153e+03	7.378110524978573267e+03	7.094677859152178826e+03
1.330030396630823342e+00	4.529568916601461751e+03	4.234262770865435414e+03	7.169398992513850317e+03	6.799832797911984926e+03
1.358216601680917401e+00	4.357446039782796106e+03	4.096895820982487749e+03	6.965520385322403854e+03	6.517364237419175879e+03
1.387000133045610317e+00	4.191774135211980138e+03	3.963591099476800991e+03	6.766432156886379744e+03	6.246817820381311321e+03
1.416393649354382722e+00	4.032422020606980368e+03	3.834318205160235266e+03	6.572154516770267037e+03	5.987887556600082462e+03
1.446410077500298819e+00	3.879011939924107082e+03	3.708874206231657354e+03	6.382483672245827620e+03	5.739815626366160359e+03
1.477062618325094778e+00	3.731311728713792036e+03	3.587152222740640809e+03	6.197337263530033852e+03	5.502108082662601191e+03
1.508364752424737887e+00	3.589154163498385969e+03	3.469081218521860592e+03	6.016668566198189183e+03	5.274399930434694397e+03
1.540330246078020826e+00	3.452425965124966751e+03	3.354631504132677492e+03	5.840495334371652461e+03	5.056419871026120745e+03
1.572973157300799230e+00	3.320800439350281522e+03	3.243619883352473607e+03	5.668622839618926264e+03	4.847543451407924294e+03
1.606307842028519950e+00	3.194080172729282822e+03	3.135944107899206301e+03	5.500959478334681990e+03	4.647348807391530499e+03
1.640348960429783842e+00	3.072121723380788353e+03	3.031549316036268010e+03	5.337482947401890669e+03	4.455544413889884709e+03
1.675111483353698638e+00	2.954827155577405847e+03	2.930400034943578248e+03	5.178186170406159363e+03	4.271904752531543636e+03
1.710610698913865635e+00	2.841914227659398421e+03	2.832328640258238011e+03	5.022884505774737590e+03	4.095888715902825425e+03
1.746862219211904321e+00	2.733214944826346255e+03	2.737250955482699283e+03	4.871505975112714623e+03	3.927171077961911578e+03
1.783881987203444153e+00	2.628606229170950428e+03	2.645105481967758806e+03	4.724001378384973577e+03	3.765483047357242413e+03
1.821686283709640364e+00	2.528003425808851262e+03	2.555867446694020600e+03	4.580380963336311652e+03	3.610652175700589396e+03
1.860291734577268707e+00	2.431162860647099478e+03	2.469382904076820978e+03	4.440463382393750180e+03	3.462226149600835925e+03
1.899715317990559260e+00	2.337941461454966884e+03	2.385572226560522722e+03	4.304173153971711145e+03	3.319918882327435767e+03
1.939974371937992492e+00	2.248233628063448123e+03	2.304386072294192218e+03	4.171474611197943887e+03	3.183528902846833716e+03
1.981086601837313665e+00	2.161966177426598279e+03	2.225794907164685355e+03	4.042361453820825318e+03	3.052890840452730117e+03
2.023070088322156401e+00	2.078928882298198914e+03	2.149661076269665955e+03	3.916665837871636995e+03	2.927633386045826228e+03
2.065943295193674256e+00	1.998999802398454676e+03	2.075914972181373741e+03	3.794318388524124657e+03	2.807525730655806456e+03
2.109725077540682392e+00	1.922088305027377373e+03	2.004508608742909928e+03	3.675280315079333377e+03	2.692385929517320164e+03
2.154434690031884259e+00	1.848131134146081195e+03	1.935414950618541525e+03	3.559540036169410087e+03	2.582082875452401822e+03
2.200091795383838367e+00	1.776947073545491776e+03	1.868512999199963588e+03	3.446949316840536085e+03	2.476308021453624406e+03
2.246716473008353532e+00	1.708432084592328010e+03	1.803734923084206002e+03	3.337429487900880758e+03	2.374860805953685031e+03
2.294329227843169949e+00	1.642508358498586858e+03	1.741040489551548944e+03	3.230949949374875359e+03	2.277596102508492550e+03
2.342950999369765697e+00	1.579121243501496338e+03	1.680405029686468879e+03	3.127497770895318354e+03	2.184406696575043952e+03
2.392603170822269476e+00	1.518114657829067482e+03	1.621714914387483532e+03	3.026923680278409392e+03	2.095018190162438259e+03
2.443307578591545681e+00	1.459399734575584262e+03	1.564915451468444189e+03	2.929169061224749839e+03	2.009277422301223396e+03
2.495086521828544068e+00	1.402909647779909164e+03	1.509966196277271820e+03	2.834191039123872088e+03	1.927062644082811175e+03
2.547962772251191943e+00	1.348597219456824405e+03	1.456844490256074778e+03	2.741979696608503673e+03	1.848277025413449792e+03
2.601959584159102334e+00	1.296328123638435045e+03	1.405448729864432380e+03	2.652393894171243119e+03	1.772694389915949159e+03
2.657100704660517732e+00	1.246026354316466040e+03	1.355730489773049840e+03	2.565379882099833139e+03	1.700186975996333331e+03
2.713410384115983121e+00	1.197634501763145636e+03	1.307651494702768787e+03	2.480894273987318229e+03	1.630646809770225218e+03
2.770913386803353973e+00	1.151111850980931877e+03	1.261191415077680631e+03	2.398925135338491145e+03	1.563999597414960590e+03
2.829635001808795014e+00	1.106342932927525680e+03	1.216260934294403114e+03	2.319346582396077793e+03	1.500057034845409817e+03
2.889601054148607684e+00	1.063262631246835781e+03	1.172814256889542094e+03	2.242102128013586935e+03	1.438705599054606182e+03
2.950837916126738403e+00	1.021821597564980380e+03	1.130817625712809559e+03	2.167151712223501818e+03	1.379857429065323686e+03
3.013372518932980082e+00	9.819847449096979517e+02	1.090252371826819854e+03	2.094482821858235184e+03	1.323449037643226802e+03
3.077232364486974792e+00	9.436529064689174220e+02	1.051039243474779141e+03	2.023980509514404503e+03	1.269323800977813335e+03
3.142445537533192557e+00	9.067701989910489146e+02	1.013135910815403008e+03	1.955588170388268054e+03	1.217386768118320333e+03
3.209040717992251324e+00	8.712941763352612270e+02	9.765128117669449921e+02	1.889270740099426121e+03	1.167562959301814089e+03
3.277047193573979555e+00	8.371946381735475597e+02	9.411527801631037846e+02	1.825013966203797509e+03	1.119801445120148855e+03
3.346494872657771680e+00	8.043865280464561920e+02	9.069850628774202050e+02	1.762712189188047205e+03	1.073967503362737261e+03
3.417414297445926952e+00	7.728217805455632288e+02	8.739713227828129902e+02	1.702311302470652890e+03	1.029980273736229492e+03
3.489836657395697816e+00	7.424638606517862627e+02	8.420855702291936495e+02	1.643779879642949709e+03	9.877798130084598824e+02
3.563793802936028321e+00	7.132868163490556981e+02	8.113119025656753820e+02	1.587102407586926574e+03	9.473227934944061417e+02
3.639318259474964901e+00	6.852177951860231815e+02	7.815873698967416203e+02	1.532182134867856348e+03	9.084964268937068255e+02
3.716443241703908829e+00	6.582153526236942298e+02	7.528778835645975960e+02	1.478969582473426726e+03	8.712317574347521258e+02
3.795202668205029717e+00	6.322480139835483897e+02	7.251600248267444613e+02	1.427434671812140778e+03	8.354775486974458545e+02
3.875631176368202979e+00	6.072935204401412648e+02	6.984193202376362706e+02	1.377561847132441244e+03	8.011987118942145116e+02
3.957764137624104617e+00	5.832895769637788135e+02	6.726000983397157142e+02	1.329263323425838507e+03	7.682986629207765645e+02
4.041637673000112230e+00	5.602003427579710433e+02	6.476718702539308197e+02	1.282493268844500790e+03	7.367200821575498821e+02
4.127288669005872102e+00	5.379986829906742969e+02	6.236133385768595190e+02	1.237222452672928512e+03	7.064207473826479600e+02
4.214754793855508552e+00	5.166655208914602326e+02	6.004118719972111649e+02	1.193437525399709784e+03	6.773704577765719250e+02
4.304074514033643162e+00	4.961477253065567652e+02	5.780182321376099708e+02	1.151057924443441152e+03	6.494885898786096732e+02
4.395287111212434539e+00	4.764141854179031270e+02	5.564052762416931728e+02	1.110042201577522064e+03	6.227257876333429749e+02
4.488432699527177050e+00	4.574414812448615066e+02	5.355535556978478553e+02	1.070361819098463457e+03	5.970455521481475216e+02
4.583552243217979161e+00	4.392132930160068440e+02	5.154519590765977455e+02	1.032004802389588122e+03	5.724235106073466568e+02
4.680687574645305382e+00	4.216844319165352886e+02	4.960573313960332484e+02	9.948984639163421662e+02	5.487917579790210993e+02
4.779881412687339015e+00	4.048277805178316271e+02	4.773454556238920645e+02	9.590052484438139118e+02	5.261084075636899797e+02
4.881177381527165515e+00	3.886231064781511577e+02	4.592987418082533964e+02	9.242981374854886099e+02	5.043431466797239864e+02
4.984620029838152888e+00	3.730564475212852358e+02	4.419070665307364720e+02	8.907649858596450940e+02	4.834744434347422839e+02
5.090254850375883322e+00	3.580895345053830852e+02	4.251333192962737826e+02	8.583426045111436906e+02	4.634464251281394240e+02
5.198128299985286915e+00	3.436986065089005251e+02	4.089554630509123854e+02	8.269953603574425642e+02	4.442228180584165216e+02
5.308287820031761584e+00	3.298661672484857945e+02	3.933578170453984058e+02	7.966986992925607183e+02	4.257769202310554419e+02
5.420781857265304815e+00	3.165802585617258273e+02	3.783309899342016251e+02	7.674400932428292208e+02	4.080911167689899912e+02
5.535659885126738011e+00	3.038086573920130036e+02	3.638435461582297989e+02	7.391655159168575437e+02	3.911193007688916623e+02
5.652972425505520704e+00	2.915304146472728917e+02	3.498752494637559494e+02	7.118411503263019995e+02	3.748297412768205845e+02
5.772771070958623518e+00	2.797303860418044223e+02	3.364122648032550842e+02	6.854449757369596909e+02	3.592003972604881028e+02
5.895108507400270703e+00	2.683982940068239031e+02	3.234456869113306539e+02	6.599634892192680127e+02	3.442154960464814053e+02
6.020038537272556667e+00	2.575072283420136614e+02	3.109494344189048434e+02	6.353522884370757993e+02	3.298375978486869258e+02
6.147616103207036886e+00	2.470385813528555161e+02	2.989046259471863323e+02	6.115782511323297967e+02	3.160389725356434383e+02
6.277897312187818990e+00	2.369792314999462803e+02	2.872990825790417375e+02	5.886217224075294325e+02	3.028000702087022660e+02
6.410939460226692255e+00	2.273202921552943963e+02	2.761248190133761113e+02	5.664703806735412854e+02	2.901077870677193573e+02
6.546801057561175696e+00	2.180395473132037978e+02	2.653598290139932487e+02	5.450858103346279222e+02	2.779316509530662529e+02
6.685541854386596761e+00	2.091203252008274944e+02	2.549870761750036365e+02	5.244379069731849086e+02	2.662472861647379432e+02
6.827222867133428963e+00	2.005512518457746012e+02	2.449954478754370655e+02	5.045079799905968798e+02	2.550380139569174105e+02
6.971906405301561804e+00	1.923245491004509518e+02	2.353779331414486080e+02	4.852850832420642746e+02	2.442926166384086457e+02
7.119656098863218929e+00	1.844221986925302303e+02	2.261161401337518271e+02	4.667363138907143139e+02	2.339862321934141960e+02
7.270536926246596643e+00	1.768291065132672770e+02	2.171947269916855987e+02	4.488346210207257059e+02	2.240977961063410930e+02
7.424615242912579127e+00	1.695354071981582820e+02	2.086034966514258997e+02	4.315619814085686130e+02	2.146124241023702268e+02
7.581958810536977289e+00	1.625341840930394142e+02	2.003361541121974483e+02	4.149085538796732635e+02	2.055201871774335416e+02
7.742636826811277295e+00	1.558111977945215187e+02	1.923779904037786821e+02	3.988476504462900039e+02	1.968018844390840343e+02
7.906719955874896399e+00	1.493526226489387057e+02	1.847145731339824408e+02	3.833532217082465650e+02	1.884382679897550190e+02
8.074280359392364659e+00	1.431498993370701669e+02	1.773370822436944252e+02	3.684097217858373483e+02	1.804168437636231772e+02
8.245391728289099831e+00	1.371967389729362878e+02	1.702391666018792193e+02	3.540060096335186586e+02	1.727285577772135241e+02
8.420129315159766037e+00	1.314823478437827191e+02	1.634100223957820504e+02	3.401232073962427762e+02	1.653589845270119838e+02
8.598569967363353328e+00	1.259938944975889967e+02	1.568358270579714997e+02	3.267355143348952424e+02	1.582906298654306170e+02
8.780792160819700598e+00	1.207239526651956396e+02	1.505086742382909506e+02	3.138285693025810588e+02	1.515126526908820210e+02
8.966876034522190508e+00	1.156666439762695688e+02	1.444228525508443113e+02	3.013928601481613327e+02	1.450166490493461708e+02
9.156903425781846906e+00	1.108143570259926776e+02	1.385702982491929731e+02	2.894134058189904408e+02	1.387924122771057966e+02
9.350957906218383187e+00	1.061550098196825900e+02	1.329380818262349919e+02	2.778662278726386603e+02	1.328237427775189872e+02
9.549124818513869073e+00	1.016821649510069534e+02	1.275192922477797595e+02	2.667387356853778897e+02	1.271013525274844653e+02
9.751491313945386707e+00	9.739028952160386154e+01	1.223080661164845964e+02	2.560201839252130185e+02	1.216175078215926106e+02
9.958146390713055851e+00	9.327432848069294380e+01	1.172994093465938477e+02	2.457019493960425507e+02	1.163654298840381784e+02
1.016918093308028581e+01	8.932315796678815900e+01	1.124810276716973902e+02	2.357605457683260113e+02	1.113303176654299165e+02
1.038468775134352740e+01	8.553105516643735484e+01	1.078466820685907663e+02	2.261843780587777530e+02	1.065041203799211758e+02
1.060476162264905220e+01	8.189302428211018992e+01	1.033911099389278121e+02	2.169639089361756135e+02	1.018797803790277499e+02
1.082949933267470577e+01	7.840529024762291499e+01	9.911041757356186110e+01	2.080921198408881878e+02	9.745215307202826693e+01
1.105899971819510696e+01	7.505861481030639482e+01	9.499446916692076570e+01	1.995497643746856511e+02	9.320917881688978923e+01
1.129336371054865928e+01	7.184750489479117164e+01	9.103713770182832832e+01	1.913251590707721732e+02	8.914314264967079282e+01
1.153269438002595848e+01	6.876751947242935614e+01	8.723346565042498924e+01	1.834088474815153518e+02	8.524783673771379711e+01
1.177709698119876869e+01	6.581547895049048691e+01	8.358036044024979105e+01	1.757955865344516155e+02	8.151912521488004870e+01
1.202667899920963279e+01	6.298443099584461891e+01	8.007012041267572044e+01	1.684706127566711586e+02	7.794788747321555888e+01
1.228155019704247053e+01	6.026882353184804231e+01	7.669630585159458747e+01	1.614212306633338301e+02	7.452643800344119995e+01
1.254182266379493349e+01	5.766474552032072864e+01	7.345466969833707083e+01	1.546395151402360284e+02	7.124944327652151799e+01
1.280761086397376225e+01	5.516913109537134829e+01	7.034203460739645664e+01	1.481197193217071231e+02	6.811279935845391265e+01
1.307903168783481007e+01	5.277756431686994176e+01	6.735350851780185621e+01	1.418524385775453140e+02	6.511070832214329585e+01
1.335620450278989146e+01	5.048421202429506138e+01	6.448232143719728526e+01	1.358242945912543860e+02	6.223532736695464251e+01
1.363925120590300821e+01	4.828565471583672775e+01	6.172468662120940053e+01	1.300280814484701750e+02	5.948201753984534434e+01
1.392829627749924271e+01	4.617883006646913202e+01	5.907723876925597750e+01	1.244573868447360496e+02	5.684670009077203190e+01
1.422346683590943783e+01	4.416126155058366720e+01	5.653737376365157985e+01	1.191074067887372223e+02	5.432618388529624553e+01
1.452489269337533528e+01	4.222743115347103782e+01	5.409867626481232605e+01	1.139654300104940177e+02	5.191315294641308498e+01
1.483270641313931115e+01	4.037410293524959570e+01	5.175739992972361136e+01	1.090240484284591957e+02	4.960315416417589063e+01
1.514704336774399174e+01	3.859850256082227560e+01	4.951042469986114014e+01	1.042771925401223001e+02	4.739251025008572782e+01
1.546804179856737527e+01	3.689851297274952202e+01	4.735554534721482156e+01	9.972081738120334649e+01	4.527854080542782356e+01
1.579584287661962527e+01	3.527049562451566089e+01	4.528852064353889517e+01	9.534649266126872647e+01	4.325638007887327774e+01
1.613059076462826624e+01	3.371077651879723902e+01	4.330500723058613488e+01	9.114548504554942099e+01	4.132112979908512784e+01
1.647243268043913034e+01	3.221690837218122283e+01	4.140221225448223663e+01	8.711229687873523631e+01	3.946957796518206152e+01
1.682151896176083383e+01	3.078666500522827221e+01	3.957768886349983717e+01	8.324222950235031249e+01	3.769890026643744108e+01
1.717800313228151410e+01	2.941826305742699432e+01	3.782945253895618265e+01	7.953145454332995712e+01	3.600669653711932483e+01
1.754204196918641045e+01	2.810797981387342404e+01	3.615299913854401836e+01	7.597075156535200335e+01	3.438801491404654342e+01
1.791379557210657580e+01	2.685344574010677476e+01	3.454556612646331359e+01	7.255458616174514930e+01	3.283975408884110436e+01
1.829342743352862044e+01	2.565264252656464450e+01	3.300485814934023665e+01	6.927843842827348908e+01	3.135932393210334368e+01
1.868110451069663469e+01	2.450379447822574974e+01	3.152890139765372979e+01	6.613847835203623049e+01	2.994444486397665983e+01
1.907699729903783492e+01	2.340515324104637429e+01	3.011561166734727379e+01	6.313049053788116538e+01	2.859273298956756548e+01
1.948127990714428748e+01	2.235367468240414013e+01	2.876129020987240992e+01	6.024683967283930741e+01	2.730026134087984246e+01
1.989413013334363711e+01	2.134757828878970187e+01	2.746386289208903975e+01	5.748335803707111324e+01	2.606474065051429534e+01
2.031572954389253738e+01	2.038518859901896363e+01	2.622138645446620586e+01	5.483615585101070877e+01	2.488400563354766959e+01
2.074626355282718393e+01	1.946496193393362617e+01	2.503207871589527045e+01	5.230166929021553557e+01	2.375606991737044282e+01
2.118592150350598402e+01	1.858558899756402738e+01	2.389436268882763059e+01	4.987665891126816575e+01	2.267914570452479239e+01
2.163489675188052530e+01	1.774445070494174459e+01	2.280503103721662228e+01	4.755446923548491611e+01	2.164990139428701710e+01
2.209338675153079734e+01	1.694014384712982846e+01	2.176241362528380918e+01	4.533168515418602595e+01	2.066652637701297479e+01
2.256159314050291798e+01	1.617126696568536559e+01	2.076484303870267567e+01	4.320488674507937787e+01	1.972722166098343877e+01
2.303972182998693796e+01	1.543652492185138492e+01	1.981079190563027126e+01	4.117096713611130099e+01	1.883033547668405561e+01
2.352798309487394945e+01	1.473481622990478357e+01	1.889893979345134056e+01	3.922721500012556106e+01	1.797444711640713422e+01
2.402659166623228870e+01	1.406422674171288278e+01	1.802690671220018004e+01	3.736862681560675270e+01	1.715710372523037819e+01
2.453576682574353285e+01	1.342343586517495524e+01	1.719308260236253005e+01	3.559185503036078302e+01	1.637661240378331229e+01
2.505573250213976877e+01	1.281127173467064928e+01	1.639603699997667974e+01	3.389391683850472958e+01	1.563147167532140003e+01
2.558671736968459953e+01	1.222661696907939444e+01	1.563441408138882238e+01	3.227198590898122177e+01	1.492026347602268643e+01
2.612895494874115698e+01	1.166840810819067364e+01	1.490692017896281207e+01	3.072336057185712122e+01	1.424165495427992134e+01
2.668268370847132687e+01	1.113578991061014634e+01	1.421249667219826662e+01	2.924580857621276664e+01	1.359452661286434605e+01
2.724814717171165412e+01	1.062717610293288217e+01	1.354914993928439060e+01	2.783511556176991064e+01	1.297688358258939090e+01
2.782559402207125743e+01	1.014162538007334113e+01	1.291571628700404517e+01	2.648882506429127304e+01	1.238753542845073774e+01
2.841527821329990999e+01	9.678201121748507774e+00	1.231102908186250922e+01	2.520446162052484596e+01	1.182530381745449155e+01
2.901745908097360527e+01	9.236003563425160934e+00	1.173396858546585975e+01	2.397965015314079906e+01	1.128906788310783504e+01
2.963240145654703639e+01	8.814175766498445697e+00	1.118346535663923191e+01	2.281211844626137975e+01	1.077775060175997268e+01
3.026037578382308624e+01	8.411953217788113335e+00	1.065856127576967971e+01	2.169982636853439217e+01	1.029038311861394561e+01
3.090165823789054755e+01	8.028433035781340266e+00	1.015809894562731763e+01	2.064027586698366790e+01	9.825822608665371050e+00
3.155653084658241525e+01	7.662673102221976507e+00	9.680878610967145192e+00	1.963089589516216193e+01	9.382894709347315398e+00
3.222528161450811979e+01	7.313929778705509754e+00	9.225955854085485797e+00	1.866965846460487199e+01	8.960675282757335935e+00
3.290820464971425707e+01	6.981486938781441332e+00	8.792418926867028972e+00	1.775459846055474245e+01	8.558275571585758357e+00
3.360560029302952501e+01	6.664655129310924409e+00	8.379386626831548668e+00	1.688381590377349539e+01	8.174837682475754264e+00
3.431777525015100849e+01	6.362770541370510458e+00	7.986007818859410357e+00	1.605547249954480193e+01	7.809536953621223354e+00
3.504504272652905428e+01	6.075195161113165376e+00	7.611460878754830794e+00	1.526778417232451446e+01	7.461587094895503647e+00
3.578772256511129513e+01	5.801316547715326344e+00	7.254959394958651053e+00	1.451904825527260812e+01	7.130237729130360691e+00
3.654614138700539883e+01	5.540551848014747982e+00	6.915743898926014488e+00	1.380760748550808970e+01	6.814765777904020716e+00
3.732063273512289925e+01	5.292347436194817512e+00	6.593090726243987731e+00	1.313187573148318066e+01	6.514486842166409275e+00
3.811153722086707774e+01	5.056083481265061685e+00	6.286195087985396057e+00	1.249010868989251755e+01	6.228639307465455133e+00
3.891920267392951160e+01	4.831236844051826296e+00	5.994372894283378272e+00	1.188081157120109665e+01	5.956579234232502351e+00
3.974398429526115706e+01	4.617310984258531370e+00	5.716972920864983543e+00	1.130255669118391815e+01	5.697699216122776633e+00
4.058624481328516254e+01	4.413829067269267270e+00	5.453367032420299410e+00	1.075396465635185272e+01	5.451416371908971215e+00
4.144635464342010778e+01	4.220333841179360057e+00	5.202952087857664054e+00	1.023370999283359062e+01	5.217172733266750129e+00
4.232469205098434628e+01	4.036387005497560132e+00	4.965151235978423117e+00	9.740528332069537498e+00	4.994436481326362198e+00
4.322164331755172384e+01	3.861568682677555042e+00	4.739409642833499525e+00	9.273200594775785177e+00	4.782697685027339496e+00
4.413760291083362119e+01	3.695476877491555623e+00	4.525193249180339272e+00	8.830549559242907520e+00	4.581467947392720674e+00
4.507297365816076251e+01	3.537726913539643636e+00	4.321988788009892168e+00	8.411441810301402811e+00	4.390280237898966043e+00
4.602816692364147144e+01	3.387950839677332127e+00	4.129305469524832795e+00	8.014795221866169328e+00	4.208689406367712493e+00
4.700360278907441369e+01	3.245796803068699443e+00	3.946673596832128705e+00	7.639573828089724294e+00	4.036271002676368624e+00
4.799971023869517950e+01	3.110928391976638174e+00	3.773642447061799743e+00	7.284781050250679790e+00	3.872619818499913436e+00
4.901692734783804895e+01	2.983024019935766713e+00	3.609780306752284229e+00	6.949463081288490329e+00	3.717349082352200629e+00
5.005570147559598126e+01	2.861775973885528845e+00	3.454673422184270315e+00	6.632704842889391550e+00	3.570088462378669281e+00
5.111648946156338980e+01	2.746899475831775739e+00	3.307937708807225707e+00	6.333655457403112088e+00	3.430495815735924214e+00
5.219975782674825382e+01	2.638172962621347928e+00	3.169273975738547300e+00	6.051649040802661972e+00	3.298306803793801922e+00
5.330598297874255564e+01	2.535312250937330258e+00	3.038297256861206108e+00	5.785832707825472987e+00	3.173180473966334070e+00
5.443565142123959077e+01	2.438055446615631450e+00	2.914653685887447221e+00	5.535424759504087966e+00	3.054804349156958754e+00
5.558925996799251124e+01	2.346155193403449246e+00	2.798008081518651213e+00	5.299683570427537127e+00	2.942883488501131239e+00
5.676731596130657209e+01	2.259375224830852513e+00	2.688040409108086948e+00	5.077902333899180221e+00	2.837136344670087240e+00
5.797033749516177181e+01	2.177488892898459483e+00	2.584441493311358862e+00	4.869395660279279170e+00	2.737292512504933661e+00
5.919885364306400533e+01	2.100366507400114990e+00	2.487029661529688962e+00	4.673748907166501709e+00	2.643198628573178333e+00
6.045340469072480261e+01	2.027873764169389581e+00	2.395618697678499220e+00	4.490541096267123500e+00	2.554696692848029027e+00
6.173454237367209885e+01	1.959750706652459984e+00	2.309856637278481006e+00	4.319001396284980032e+00	2.471477278514182085e+00
6.304283011989645757e+01	1.895788551353947415e+00	2.229458854576729099e+00	4.158502470736255674e+00	2.393292788366787160e+00
6.437884329763940627e+01	1.835959570913697769e+00	2.154378179714964592e+00	4.008917466340512270e+00	2.320113596345104945e+00
6.574316946843353549e+01	1.780132674484092625e+00	2.084432195873992200e+00	3.869836030688202477e+00	2.251785735385878784e+00
6.713640864550379206e+01	1.728046487171464918e+00	2.019268527326565810e+00	3.740493379699531218e+00	2.187998962194673602e+00
6.855917355764610477e+01	1.679758981861916300e+00	1.958952051135898431e+00	3.620999033835055059e+00	2.128827269119599297e+00
7.001208991869765441e+01	1.635102249623798354e+00	1.903251478119004636e+00	3.510841211858867883e+00	2.074072657277222120e+00
7.149579670271769771e+01	1.593948070426352226e+00	1.851987953951058641e+00	3.409620074369042353e+00	2.023584998021636494e+00
7.301094642500031284e+01	1.556359114462811055e+00	1.805231583984788557e+00	3.317454590062683728e+00	1.977444202488237268e+00
7.455820542904223203e+01	1.522138896066668856e+00	1.762714633606861980e+00	3.233760215487899714e+00	1.935418272394972661e+00
7.613825417959219521e+01	1.491384111819656244e+00	1.724551141487473682e+00	3.158747480360352800e+00	1.897628436835282706e+00
7.775178756191070306e+01	1.464008339895332522e+00	1.690616486888274705e+00	3.092129936365575649e+00	1.863975609348777596e+00
7.939951518737163383e+01	1.439986080119983081e+00	1.660864922065060201e+00	3.033784327165170769e+00	1.834434256959991183e+00
8.108216170554010205e+01	1.419484783322769728e+00	1.635501395933523172e+00	2.984107652626764917e+00	1.809211419601342685e+00
8.280046712286477373e+01	1.402427507392281170e+00	1.614412622904655148e+00	2.942835238725650893e+00	1.788219901660511812e+00
8.455518712812224180e+01	1.388905957414938053e+00	1.597703949221739750e+00	2.910154767999665548e+00	1.771575938304916775e+00
8.634709342475994731e+01	1.379061556570970293e+00	1.585544694750440353e+00	2.886385121233754347e+00	1.759455921460960859e+00
8.817697407028136070e+01	1.373053631851088197e+00	1.578126695441336436e+00	2.871890042412218680e+00	1.752058101663112710e+00
9.004563382282356088e+01	1.371070386736991331e+00	1.575678483690724274e+00	2.867107324770841181e+00	1.749615834220540345e+00
9.195389449507966617e+01	1.373349142306048876e+00	1.578491510177626900e+00	2.872602784252586083e+00	1.752421998606757070e+00
9.390259531572145590e+01	1.380196506893438979e+00	1.586946259372599144e+00	2.889124384214278862e+00	1.760853335410013765e+00
9.589259329848152902e+01	1.391987803552745762e+00	1.601511471480721926e+00	2.917600221101239732e+00	1.775369750020720838e+00
9.792476361905691817e+01	1.409160347016043868e+00	1.622735391409439343e+00	2.959120432766576325e+00	1.796506249077682416e+00
