# Data associated with arXiv:2208.14002
# 
# Scale-free gravitational potential, Phi(r), of a nfw1-4rhos8e6 dark matter distribution (see Eq. 2.8 and the surrounding discussion)
# 
# Published: 8/25/22, Jack Runburg and Kenny Kiriu, contact: runburg@hawaii.edu
# 
# 
# -----------------------------------------------------------------
# 
# 	 tilde r 		 | 		 tilde Phi
# 
# -----------------------------------------------------------------
1.000000000000000082e-05	1.041666364817714786e-03
1.016902569856036418e-05	1.052194968543185543e-03
1.034090836579813217e-05	1.062829987674933103e-03
1.051569629182590727e-05	1.073572497776632047e-03
1.069343858298338107e-05	1.084423585281669208e-03
1.087418517563349352e-05	1.095384347602969006e-03
1.105798685019213608e-05	1.106455893243948104e-03
1.124489524539464294e-05	1.117639341910566832e-03
1.143496287280373749e-05	1.128935824624534203e-03
1.162824313156251011e-05	1.140346483837644410e-03
1.182479032339672186e-05	1.151872473547261265e-03
1.202465966787094358e-05	1.163514959412991802e-03
1.222790731790219642e-05	1.175275118874508692e-03
1.243459037553620304e-05	1.187154141270589571e-03
1.264476690798990365e-05	1.199153227959334680e-03
1.285849596396550032e-05	1.211273592439616586e-03
1.307583759024001738e-05	1.223516460473749855e-03
1.329685284853523648e-05	1.235883070211387606e-03
1.352160383267306994e-05	1.248374672314694813e-03
1.375015368602047702e-05	1.260992530084754579e-03
1.398256661922970337e-05	1.273737919589281505e-03
1.421890792827791775e-05	1.286612129791594051e-03
1.445924401281218556e-05	1.299616462680915682e-03
1.470364239480425140e-05	1.312752233403976631e-03
1.495217173752060936e-05	1.326020770397938389e-03
1.520490186481353606e-05	1.339423415524685582e-03
1.546190378073772831e-05	1.352961524206438854e-03
1.572324968949899453e-05	1.366636465562770259e-03
1.598901301573965207e-05	1.380449622548973482e-03
1.625926842516730133e-05	1.394402392095855231e-03
1.653409184553174079e-05	1.408496185250912667e-03
1.681356048795696318e-05	1.422732427320961505e-03
1.709775286863338809e-05	1.437112558016187449e-03
1.738674883087671066e-05	1.451638031595645691e-03
1.768062956756000055e-05	1.466310317014255741e-03
1.797947764392438726e-05	1.481130898071247783e-03
1.828337702077590442e-05	1.496101273560133862e-03
1.859241307807381921e-05	1.511222957420167452e-03
1.890667263891824960e-05	1.526497478889361683e-03
1.922624399394281931e-05	1.541926382659023279e-03
1.955121692611963820e-05	1.557511229029857284e-03
1.988168273598394005e-05	1.573253594069659502e-03
2.021773426728446277e-05	1.589155069772572350e-03
2.055946593306806188e-05	1.605217264219979591e-03
2.090697374220454717e-05	1.621441801742993984e-03
2.126035532636048084e-05	1.637830323086612860e-03
2.161970996742848953e-05	1.654384485575509118e-03
2.198513862542019826e-05	1.671105963281499258e-03
2.235674396683105304e-05	1.687996447192713616e-03
2.273463039348393747e-05	1.705057645384454052e-03
2.311890407186101566e-05	1.722291283191794160e-03
2.350967296293065580e-05	1.739699103383902934e-03
2.390704685247916156e-05	1.757282866340143489e-03
2.431113738195477895e-05	1.775044350227939459e-03
2.472205807983296721e-05	1.792985351182427734e-03
2.513992439351238667e-05	1.811107683487949566e-03
2.556485372174920653e-05	1.829413179761334943e-03
2.599696544764047972e-05	1.847903691137076521e-03
2.643638097216418787e-05	1.866581087454331506e-03
2.688322374828698802e-05	1.885447257445844321e-03
2.733761931564792142e-05	1.904504108928753176e-03
2.779969533582839453e-05	1.923753568997318714e-03
2.826958162821882354e-05	1.943197584217622870e-03
2.874741020649071774e-05	1.962838120824181125e-03
2.923331531568612113e-05	1.982677164918630365e-03
2.972743346993304866e-05	2.002716722670286765e-03
3.022990349079926684e-05	2.022958820518820904e-03
3.074086654629380722e-05	2.043405505378978991e-03
3.126046619052763072e-05	2.064058844847335879e-03
3.178884840404535552e-05	2.084920927411121946e-03
3.232616163483768439e-05	2.105993862659142485e-03
3.287255684004812447e-05	2.127279781494963076e-03
3.342818752838356790e-05	2.148780836351989274e-03
3.399320980324275641e-05	2.170499201410967111e-03
3.456778240657304527e-05	2.192437072819550942e-03
3.515206676346841592e-05	2.214596668914049250e-03
3.574622702752206616e-05	2.236980230443511887e-03
3.635043012694450139e-05	2.259590020796001329e-03
3.696484581146223093e-05	2.282428326227149435e-03
3.758964670000808795e-05	2.305497456091055650e-03
3.822500832921870388e-05	2.328799743073515800e-03
3.887110920275097572e-05	2.352337543427479583e-03
3.952813084143210176e-05	2.376113237211096695e-03
4.019625783425803943e-05	2.400129228527918789e-03
4.087567789025284005e-05	2.424387945769751647e-03
4.156658189120576708e-05	2.448891841861770315e-03
4.226916394529853092e-05	2.473643394510198143e-03
4.298362144164019741e-05	2.498645106452471697e-03
4.371015510572303796e-05	2.523899505709913203e-03
4.444896905581571312e-05	2.549409145842895796e-03
4.520027086031053377e-05	2.575176606208747897e-03
4.596427159603870473e-05	2.601204492221992088e-03
4.674118590757267352e-05	2.627495435617470138e-03
4.753123206752940771e-05	2.654052094715922232e-03
4.833463203789430644e-05	2.680877154692387718e-03
4.915161153238073493e-05	2.707973327847142033e-03
4.998240007984356624e-05	2.735343353879530603e-03
5.082723108876559525e-05	2.762990000164465988e-03
5.168634191283236288e-05	2.790916062031696676e-03
5.255997391761710167e-05	2.819124363047981544e-03
5.344837254839108326e-05	2.847617755301966574e-03
5.435178739908172257e-05	2.876399119692016684e-03
5.527047228239525742e-05	2.905471366216995713e-03
5.620468530112457639e-05	2.934837434269811987e-03
5.715468892066349253e-05	2.964500292934072953e-03
5.812075004274504757e-05	2.994462941283625515e-03
5.910314008042789533e-05	3.024728408685181148e-03
6.010213503434844385e-05	3.055299755103914328e-03
6.111801557026345553e-05	3.086180071412198203e-03
6.215106709790228898e-05	3.117372479701410737e-03
6.320157985115178797e-05	3.148880133596865943e-03
6.426984896959787321e-05	3.180706218575961308e-03
6.535617458144342038e-05	3.212853952289462453e-03
6.646086188782971240e-05	3.245326584886072500e-03
6.758422124858115099e-05	3.278127399340219350e-03
6.872656826940111863e-05	3.311259711783177094e-03
6.988822389054047174e-05	3.344726871837490345e-03
7.106951447696465861e-05	3.378532262954755255e-03
7.227077191004629639e-05	3.412679302756828348e-03
7.349233368080552791e-05	3.447171443380418927e-03
7.473454298472863809e-05	3.482012171825190835e-03
7.599774881818697982e-05	3.517205010305311103e-03
7.728230607648789517e-05	3.552753516604580802e-03
7.858857565358148443e-05	3.588661284435098672e-03
7.991692454345255051e-05	3.624931943799522549e-03
8.126772594322802224e-05	3.661569161357012755e-03
8.264135935802465773e-05	3.698576640792787182e-03
8.403821070757165439e-05	3.735958123191469339e-03
8.545867243463269578e-05	3.773717387414033363e-03
8.690314361526321394e-05	3.811858250478763165e-03
8.837203007092955202e-05	3.850384567945828486e-03
8.986574448252320402e-05	3.889300234305801372e-03
9.138470650630395851e-05	3.928609183372108737e-03
9.292934289180014931e-05	3.968315388677286573e-03
9.450008760170456993e-05	4.008422863873435660e-03
9.609738193379394305e-05	4.048935663136455504e-03
9.772167464491231779e-05	4.089857881574496257e-03
9.937342207704681467e-05	4.131193655640408302e-03
1.010530882855375953e-04	4.172947163548408958e-03
1.027611451694522251e-04	4.215122625694848330e-03
1.044980726041651943e-04	4.257724305083244315e-03
1.062643585761784858e-04	4.300756507753576360e-03
1.080604993202192510e-04	4.344223583215829285e-03
1.098869994586575572e-04	4.388129924887960651e-03
1.117443721432778697e-04	4.432479970538180658e-03
1.136331391994486811e-04	4.477278202731709358e-03
1.155538312727281931e-04	4.522529149281993843e-03
1.175069879779481330e-04	4.568237383706428775e-03
1.194931580508180820e-04	4.614407525686680875e-03
1.215128995020904455e-04	4.661044241533547974e-03
1.235667797743341897e-04	4.708152244656569479e-03
1.256553759013554958e-04	4.755736296038235583e-03
1.277792746703147969e-04	4.803801204713015541e-03
1.299390727865835948e-04	4.852351828251135618e-03
1.321353770413874452e-04	4.901393073247214266e-03
1.343688044822834680e-04	4.950929895813784010e-03
1.366399825865173903e-04	5.000967302079719137e-03
1.389495494373137348e-04	5.051510348693695820e-03
1.412981539031428761e-04	5.102564143332637830e-03
1.436864558200198782e-04	5.154133845215262341e-03
1.461151261768842277e-04	5.206224665620758779e-03
1.485848473041125864e-04	5.258841868412633680e-03
1.510963130652191798e-04	5.311990770567816961e-03
1.536502290517936125e-04	5.365676742710989711e-03
1.562473127817378576e-04	5.419905209654339931e-03
1.588882939008491742e-04	5.474681650942591835e-03
1.615739143878149021e-04	5.530011601403581056e-03
1.643049287626683534e-04	5.585900651704238731e-03
1.670821042987704773e-04	5.642354448912166587e-03
1.699062212383743503e-04	5.699378697062806517e-03
1.727780730118311508e-04	5.756979157732225461e-03
1.756984664605053779e-04	5.815161650615685573e-03
1.786682220634525510e-04	5.873932054111876550e-03
1.816881741679340619e-04	5.933296305913077218e-03
1.847591712238235014e-04	5.993260403601098976e-03
1.878820760219775598e-04	6.053830405249217492e-03
1.910577659366365815e-04	6.115012430030097867e-03
1.942871331719188508e-04	6.176812658829709812e-03
1.975710850124866975e-04	6.239237334867451384e-03
2.009105440784431595e-04	6.302292764322316512e-03
2.043064485845435532e-04	6.365985316965415072e-03
2.077597526037827484e-04	6.430321426798675521e-03
2.112714263354412516e-04	6.495307592699948659e-03
2.148424563776607336e-04	6.560950379074515990e-03
2.184738460046266035e-04	6.627256416513047782e-03
2.221666154484372088e-04	6.694232402456130535e-03
2.259218021857336319e-04	6.761885101865316994e-03
2.297404612291798821e-04	6.830221347900939863e-03
2.336236654238643619e-04	6.899248042606550418e-03
2.375725057487147664e-04	6.968972157600198877e-03
2.415880916230062926e-04	7.039400734772554777e-03
2.456715512180506823e-04	7.110540886991929821e-03
2.498240317741551374e-04	7.182399798816324621e-03
2.540466999229345113e-04	7.254984727212452494e-03
2.583407420150777146e-04	7.328303002281981449e-03
2.627073644536481322e-04	7.402362027994851233e-03
2.671477940330213769e-04	7.477169282929963835e-03
2.716632782835508839e-04	7.552732321023054862e-03
2.762550858220584886e-04	7.629058772322115309e-03
2.809245067082517420e-04	7.706156343750178092e-03
2.856728528071605542e-04	7.784032819875576908e-03
2.905014581577071149e-04	7.862696063689994866e-03
2.954116793474984839e-04	7.942154017394060031e-03
3.004048958939589458e-04	8.022414703190667434e-03
3.054825106319022541e-04	8.103486224086218354e-03
3.106459501076553839e-04	8.185376764699695343e-03
3.158966649798455200e-04	8.268094592079741276e-03
3.212361304269563162e-04	8.351648056529709443e-03
3.266658465617811426e-04	8.436045592440976140e-03
3.321873388528732334e-04	8.521295719134288488e-03
3.378021585531251671e-04	8.607407041709501383e-03
3.435118831355896260e-04	8.694388251903618567e-03
3.493181167366675791e-04	8.782248128957273123e-03
3.552224906067888996e-04	8.870995540489727202e-03
3.612266635687054364e-04	8.960639443382404853e-03
3.673323224835388411e-04	9.051188884671204291e-03
3.735411827246973185e-04	9.142653002447419588e-03
3.798549886598084251e-04	9.235041026767599678e-03
3.862755141407951480e-04	9.328362280572263104e-03
3.928045630022363724e-04	9.422626180613619465e-03
3.994439695681523583e-04	9.517842238392389478e-03
4.061955991673505371e-04	9.614020061103706327e-03
4.130613486574917070e-04	9.711169352592393181e-03
4.200431469580040238e-04	9.809299914317426081e-03
4.271429555920115370e-04	9.908421646325901375e-03
4.343627692374198417e-04	1.000854454823649035e-02
4.417046162873167637e-04	1.010967872023244354e-02
4.491705594198478857e-04	1.021183436406432506e-02
4.567626961777168084e-04	1.031502178406241282e-02
4.644831595574927248e-04	1.041925138815911339e-02
4.723341186088662533e-04	1.052453368892111892e-02
4.803177790440425624e-04	1.063087930459174872e-02
4.884363838574312710e-04	1.073829896014332451e-02
4.966922139558113680e-04	1.084680348833979950e-02
5.050875887991499369e-04	1.095640383080968144e-02
5.136248670522445235e-04	1.106711103912929282e-02
5.223064472473935762e-04	1.117893627591666494e-02
5.311347684582509721e-04	1.129189081593579870e-02
5.401123109850867847e-04	1.140598604721183330e-02
5.492415970516181150e-04	1.152123347215678641e-02
5.585251915136241153e-04	1.163764470870628544e-02
5.679657025795404723e-04	1.175523149146723116e-02
5.775657825432239500e-04	1.187400567287642990e-02
5.873281285291183634e-04	1.199397922437058124e-02
5.972554832499969713e-04	1.211516423756725525e-02
6.073506357775315233e-04	1.223757292545748707e-02
6.176164223258701069e-04	1.236121762360960046e-02
6.280557270484683893e-04	1.248611079138470421e-02
6.386714828483902292e-04	1.261226501316384252e-02
6.494666722022935214e-04	1.273969299958676617e-02
6.604443279983617009e-04	1.286840758880276707e-02
6.716075343883770371e-04	1.299842174773321347e-02
6.829594276542177208e-04	1.312974857334640172e-02
6.945031970889825731e-04	1.326240129394432206e-02
7.062420858930204982e-04	1.339639327046186247e-02
7.181793920851009278e-04	1.353173799777828389e-02
7.303184694289851413e-04	1.366844910604118543e-02
7.426627283756636558e-04	1.380654036200309499e-02
7.552156370215079703e-04	1.394602567037058448e-02
7.679807220826359018e-04	1.408691907516640418e-02
7.809615698857278474e-04	1.422923476110428236e-02
7.941618273756021005e-04	1.437298705497684279e-02
8.075852031398165869e-04	1.451819042705661603e-02
8.212354684505887787e-04	1.466485949251021548e-02
8.351164583243314002e-04	1.481300901282590551e-02
8.492320725990840828e-04	1.496265389725448189e-02
8.635862770301777234e-04	1.511380920426385818e-02
8.781831044043956558e-04	1.526649014300710677e-02
8.930266556729828109e-04	1.542071207480436371e-02
9.081211011037989590e-04	1.557649051463863912e-02
9.234706814529467173e-04	1.573384113266552628e-02
9.390797091562086895e-04	1.589277975573688204e-02
9.549525695406079406e-04	1.605332236893900963e-02
9.710937220564705170e-04	1.621548511714492394e-02
9.875077015302894702e-04	1.637928430658101495e-02
1.004199119438780371e-03	1.654473640640836962e-02
1.021172665204465608e-03	1.671185805031862037e-02
1.038433107513160114e-03	1.688066603814464620e-02
1.055985295653722377e-03	1.705117733748604675e-02
1.073834160880457900e-03	1.722340908534968421e-02
1.091984717798539194e-03	1.739737858980520274e-02
1.110442065772854507e-03	1.757310333165584132e-02
1.129211390360662605e-03	1.775060096612452940e-02
1.148297964768467102e-03	1.792988932455541126e-02
1.167707151333511727e-03	1.811098641613088575e-02
1.187444403030319794e-03	1.829391042960431396e-02
1.207515265002700490e-03	1.847867973504854072e-02
1.227925376121640280e-03	1.866531288562015695e-02
1.248680470569537605e-03	1.885382861933991572e-02
1.269786379451208914e-03	1.904424586088909743e-02
1.291249032432127903e-03	1.923658372342221257e-02
1.313074459404352896e-03	1.943086151035408257e-02
1.335268792180613557e-03	1.962709871736311937e-02
1.357838266217031810e-03	1.982531503402870307e-02
1.380789222364966172e-03	2.002553034585231526e-02
1.404128108652453718e-03	2.022776473611881745e-02
1.427861482095777682e-03	2.043203848780871662e-02
1.451996010541646868e-03	2.063837208552737543e-02
1.476538474540514635e-03	2.084678621745131646e-02
1.501495769251562883e-03	2.105730177729175229e-02
1.526874906379880551e-03	2.126993986627528574e-02
1.552683016146397385e-03	2.148472179514234956e-02
1.578927349291094897e-03	2.170166908616275037e-02
1.605615279110095620e-03	2.192080347516911845e-02
1.632754303527175332e-03	2.214214691360804829e-02
1.660352047200289172e-03	2.236572157060899221e-02
1.688416263663707062e-03	2.259154983507111539e-02
1.716954837506350865e-03	2.281965431776828215e-02
1.745975786586963620e-03	2.305005785347204530e-02
1.775487264286699802e-03	2.328278350309292283e-02
1.805497561799810540e-03	2.351785455584004536e-02
1.836015110463037458e-03	2.375529453139922295e-02
1.867048484124379315e-03	2.399512718212949702e-02
1.898606401551900620e-03	2.423737649527835797e-02
1.930697728883249645e-03	2.448206669521563184e-02
1.963331482116591892e-03	2.472922224568627897e-02
1.996516829643624896e-03	2.497886785208188604e-02
2.030263094825430960e-03	2.523102846373136837e-02
2.064579758611852570e-03	2.548572927621056000e-02
2.099476462205150749e-03	2.574299573367106950e-02
2.134963009768679927e-03	2.600285353118828718e-02
2.171049371181348660e-03	2.626532861712873104e-02
2.207745684838647703e-03	2.653044719553687009e-02
2.245062260500998302e-03	2.679823572854116501e-02
2.283009582190270292e-03	2.706872093877998181e-02
2.321598311135244109e-03	2.734192981184676435e-02
2.360839288766866315e-03	2.761788959875519089e-02
2.400743539764126078e-03	2.789662781842380465e-02
2.441322275151419988e-03	2.817817226018065960e-02
2.482586895448264750e-03	2.846255098624943594e-02
2.524548993872262424e-03	2.874979233443840723e-02
2.567220359596177753e-03	2.903992492049837018e-02
2.610612981060093842e-03	2.933297764083823284e-02
2.654739049339540410e-03	2.962897967509789399e-02
2.699610961570552640e-03	2.992796048877274101e-02
2.745241324432623389e-03	3.022994983585811785e-02
2.791642957690524101e-03	3.053497776151412740e-02
2.838828897796003177e-03	3.084307460475059146e-02
2.886812401550338004e-03	3.115427100113209516e-02
2.935606949828818354e-03	3.146859788550350479e-02
2.985226251368169013e-03	3.178608649473557007e-02
3.035684246617996723e-03	3.210676837049084020e-02
3.086995111657330013e-03	3.243067536200990031e-02
3.139173262177360861e-03	3.275783962891783141e-02
3.192233357531519197e-03	3.308829364405108109e-02
3.246190304853968818e-03	3.342207019630428350e-02
3.301059263247754609e-03	3.375920239349777807e-02
3.356855648043719550e-03	3.409972366526490412e-02
3.413595135131412741e-03	3.444366776595990387e-02
3.471293665363201029e-03	3.479106877758567778e-02
3.529967449032819348e-03	3.514196111274182910e-02
3.589632970429635240e-03	3.549637951759283816e-02
3.650306992469857896e-03	3.585435907485609586e-02
3.712006561406061729e-03	3.621593520681001821e-02
3.774749011616297320e-03	3.658114367832209640e-02
3.838551970474150202e-03	3.695002059989667409e-02
3.903433363301120080e-03	3.732260243074253525e-02
3.969411418402700453e-03	3.769892598186013605e-02
4.036504672189604979e-03	3.807902841914841130e-02
4.104731974385511864e-03	3.846294726653086415e-02
4.174112493322873658e-03	3.885072040910124425e-02
4.244665721328222743e-03	3.924238609628816210e-02
4.316411480198500787e-03	3.963798294503900754e-02
4.389369926769958255e-03	4.003754994302256148e-02
4.463561558581177410e-03	4.044112645185047455e-02
4.539007219631814756e-03	4.084875221031734893e-02
4.615728106238700494e-03	4.126046733765927066e-02
4.693745772990876204e-03	4.167631233683033454e-02
4.773082138805334954e-03	4.209632809779750851e-02
4.853759493085097083e-03	4.252055590081477848e-02
4.935800501981372872e-03	4.294903741989837542e-02
5.019228214761578891e-03	4.338181472596715216e-02
5.104066070284974874e-03	4.381893029033889081e-02
5.190337903587798063e-03	4.426042698808028975e-02
5.278067952579629761e-03	4.470634810140469706e-02
5.367280864853020243e-03	4.515673732308641414e-02
5.458001704608171807e-03	4.561163875989093786e-02
5.550255959694683563e-03	4.607109693602066264e-02
5.644069548772311269e-03	4.653515679657605625e-02
5.739468828592763153e-03	4.700386371103163624e-02
5.836480601404602127e-03	4.747726347672679564e-02
5.935132122483251921e-03	4.795540232237047867e-02
6.035451107788337120e-03	4.843832691155986608e-02
6.137465741750428375e-03	4.892608434631250808e-02
6.241204685189401941e-03	4.941872217061108602e-02
6.346697083366644419e-03	4.991628837396109436e-02
6.453972574173352621e-03	5.041883139496008276e-02
6.563061296457267831e-03	5.092640012487884699e-02
6.673993898490092683e-03	5.143904391125313919e-02
6.786801546578089504e-03	5.195681256148621668e-02
6.901515933818189001e-03	5.247975634646124404e-02
7.018169289002107285e-03	5.300792600416272954e-02
7.136794385670962304e-03	5.354137274330710711e-02
7.257424551322942327e-03	5.408014824698104822e-02
7.380093676776592997e-03	5.462430467628735103e-02
7.504836225692410046e-03	5.517389467399775455e-02
7.631687244255296390e-03	5.572897136821145653e-02
7.760682371020751966e-03	5.628958837660472808e-02
7.891857846927448697e-03	5.685579981231188990e-02
8.025250525479058969e-03	5.742766027716391525e-02
8.160897883098169533e-03	5.800522487394778326e-02
8.298838029655216872e-03	5.858854922126650183e-02
8.439109719175405186e-03	5.917768943226242584e-02
8.581752360726531761e-03	5.977270212838115687e-02
8.726806029490927208e-03	6.037364446519690592e-02
8.874311478024487360e-03	6.098057409041609395e-02
9.024310147706032098e-03	6.159354920190133337e-02
9.176844180380181251e-03	6.221262849357881569e-02
9.331956430197019259e-03	6.283787121135507581e-02
9.489690475651922641e-03	6.346933713593387594e-02
9.650090631828802876e-03	6.410708655813855683e-02
9.813201962850383320e-03	6.475118034461468941e-02
9.979070294538865127e-03	6.540167987000689021e-02
1.014774222729061814e-02	6.605864708344195979e-02
1.031926514916845991e-02	6.672214448662699970e-02
1.049368724921524200e-02	6.739223510668373995e-02
1.067105753099251327e-02	6.806898255793915331e-02
1.085142582634790812e-02	6.875245101782993806e-02
1.103484280941536416e-02	6.944270519874330694e-02
1.122136001085190064e-02	7.013981041208869338e-02
1.141102983231507065e-02	7.084383254274183306e-02
1.160390556118510476e-02	7.155483802071375965e-02
1.180004138553588516e-02	7.227289388587369856e-02
1.199949240935904021e-02	7.299806776171251232e-02
1.220231466804522213e-02	7.373042782760703961e-02
1.240856514412720830e-02	7.447004288264312544e-02
1.261830178328901021e-02	7.521698231942978985e-02
1.283158351064561664e-02	7.597131609771340388e-02
1.304847024729788307e-02	7.673311480578563770e-02
1.326902292716726148e-02	7.750244963508050311e-02
1.349330351411505598e-02	7.827939235579113586e-02
1.372137501935110325e-02	7.906401537450366557e-02
1.395330151913657356e-02	7.985639171024906668e-02
1.418914817278613301e-02	8.065659497262030186e-02
1.442898124097431733e-02	8.146469942158708621e-02
1.467286810435134044e-02	8.228077991022335336e-02
1.492087728247356443e-02	8.310491194182996477e-02
1.517307845305392207e-02	8.393717162820239774e-02
1.542954247153780281e-02	8.477763571961689781e-02
1.569034139100966910e-02	8.562638160444556445e-02
1.595554848243628532e-02	8.648348729577891303e-02
1.622523825525205854e-02	8.734903144559152954e-02
1.649948647829230924e-02	8.822309336538840252e-02
1.677837020108039270e-02	8.910575299082881817e-02
1.706196777547459506e-02	8.999709089948994267e-02
1.735035887768101442e-02	9.089718834677769366e-02
1.764362453063833894e-02	9.180612719898539886e-02
1.794184712678114843e-02	9.272399001782301309e-02
1.824511045118791530e-02	9.365085997505695481e-02
1.855349970512023758e-02	9.458682093362394405e-02
1.886710152996000367e-02	9.553195741797343432e-02
1.918600403155108769e-02	9.648635457312963737e-02
1.951029680495259405e-02	9.745009826010213316e-02
1.984007095961033348e-02	9.842327494967584300e-02
2.017541914495388916e-02	9.940597181878409183e-02
2.051643557642630553e-02	1.003982767133650700e-01
2.086321606195374462e-02	1.014002781032766198e-01
2.121585802886252412e-02	1.024120651712407404e-01
2.157446055125112477e-02	1.034337277721312509e-01
2.193912437782497352e-02	1.044653563861476092e-01
2.230995196020145455e-02	1.055070422107811240e-01
2.268704748169360005e-02	1.065588771176413513e-01
2.307051688658016617e-02	1.076209536051062621e-01
2.346046790987047978e-02	1.086933648908359890e-01
2.385701010757239338e-02	1.097762048672944607e-01
2.426025488747183059e-02	1.108695680550059598e-01
2.467031554043257191e-02	1.119735496932677266e-01
2.508730727222522119e-02	1.130882456803718045e-01
2.551134723589388795e-02	1.142137526039455481e-01
2.594255456467021298e-02	1.153501676768316081e-01
2.638105040544361582e-02	1.164975888439771928e-01
2.682695795279727360e-02	1.176561146646947220e-01
2.728040248361941061e-02	1.188258444082209847e-01
2.774151139229957819e-02	1.200068780116941014e-01
2.821041422651998296e-02	1.211993160411640319e-01
2.868724272365149111e-02	1.224032597748457712e-01
2.917213084776511603e-02	1.236188111108275506e-01
2.966521482726893269e-02	1.248460726459642844e-01
3.016663319318120540e-02	1.260851476018166606e-01
3.067652681805041123e-02	1.273361398862442040e-01
3.119503895553308453e-02	1.285991540367020514e-01
3.172231528064078931e-02	1.298742952461997835e-01
3.225850393066707206e-02	1.311616693487578922e-01
3.280375554680643041e-02	1.324613828417946781e-01
3.335822331647670530e-02	1.337735428382234582e-01
3.392206301635675159e-02	1.350982570799772742e-01
3.449543305615163091e-02	1.364356339723234723e-01
3.507849452309746291e-02	1.377857824988504287e-01
3.567141122721874391e-02	1.391488123116826625e-01
3.627434974735024853e-02	1.405248336247654772e-01
3.688747947793717674e-02	1.419139572996699628e-01
3.751097267662616142e-02	1.433162948029389483e-01
3.814500451266075037e-02	1.447319581502239383e-01
3.878975311609485915e-02	1.461610599914983932e-01
3.944539962783806530e-02	1.476037135611210360e-01
4.011212825054691344e-02	1.490600326163840084e-01
4.079012630037611581e-02	1.505301315487689306e-01
4.147958425960481671e-02	1.520141252403600929e-01
4.218069583015218033e-02	1.535121291730573434e-01
4.289365798799760210e-02	1.550242593713511696e-01
4.361867103852071215e-02	1.565506323378403897e-01
4.435593867277683178e-02	1.580913651487552141e-01
4.510566802472350950e-02	1.596465753747793037e-01
4.586806972941463723e-02	1.612163811070880248e-01
4.664335798217766893e-02	1.628009008689113857e-01
4.743175059879158745e-02	1.644002537180937196e-01
4.823346907668181471e-02	1.660145591798015685e-01
4.904873865714945436e-02	1.676439371762505071e-01
4.987778838865244979e-02	1.692885081261652769e-01
5.072085119115625484e-02	1.709483928764104765e-01
5.157816392157245355e-02	1.726237126330244787e-01
5.244996744030298863e-02	1.743145890547212196e-01
5.333650667890960095e-02	1.760211441847411018e-01
5.423803070892688205e-02	1.777435003843385319e-01
5.515479281183843091e-02	1.794817804325811450e-01
5.608705055023580077e-02	1.812361073854994176e-01
5.703506584018021297e-02	1.830066046610986652e-01
5.799910502478755614e-02	1.847933959785583447e-01
5.897943894905668949e-02	1.865966053119220425e-01
5.997634303596301869e-02	1.884163569104436720e-01
6.099009736383805003e-02	1.902527752912727133e-01
6.202098674505685666e-02	1.921059851696465537e-01
6.306930080605555045e-02	1.939761114814337051e-01
6.413533406870128295e-02	1.958632793428742302e-01
6.521938603303781279e-02	1.977676140309680142e-01
6.632176126142910744e-02	1.996892409510084565e-01
6.744276946412586238e-02	2.016282856568793191e-01
6.858272558627788451e-02	2.035848737640791883e-01
6.974194989641739617e-02	2.055591309520308496e-01
7.092076807643786507e-02	2.075511829691739085e-01
7.211951131309368712e-02	2.095611555843060192e-01
7.333851639104646547e-02	2.115891745107844335e-01
7.457812578748428123e-02	2.136353654863771545e-01
7.583868776833958825e-02	2.156998541202529152e-01
7.712055648613416747e-02	2.177827659756761125e-01
7.842409207947753647e-02	2.198842264953556058e-01
7.974966077424722188e-02	2.220043609142684782e-01
8.109763498647923341e-02	2.241432943356118090e-01
8.246839342699753550e-02	2.263011516486357344e-01
8.386232120781254851e-02	2.284780574355735339e-01
8.527980995031705924e-02	2.306741360528048179e-01
8.672125789531190398e-02	2.328895115421437956e-01
8.818707001489085873e-02	2.351243075336488242e-01
8.967765812621682209e-02	2.373786473287119170e-01
9.119344100722104329e-02	2.396526538062747069e-01
9.273484451425793862e-02	2.419464493230859270e-01
9.430230170174896953e-02	2.442601557954880709e-01
9.589625294384790388e-02	2.465938946020579114e-01
9.751714605816352854e-02	2.489477864827823461e-01
9.916543643157306465e-02	2.513219516164875156e-01
1.008415871481621734e-01	2.537165095213186339e-01
1.025460691193275653e-01	2.561315789542829013e-01
1.042793612160791694e-01	2.585672779813664168e-01
1.060419504035768068e-01	2.610237238772778467e-01
1.078343318779438342e-01	2.635010330266157053e-01
1.096570092053898021e-01	2.659993209840534334e-01
1.115104944636879369e-01	2.685187023746639090e-01
1.133953083860418237e-01	2.710592907976837607e-01
1.153119805073836990e-01	2.736211988883851531e-01
1.172610493131479026e-01	2.762045381514297016e-01
1.192430623905555293e-01	2.788094190158870722e-01
1.212585765824598510e-01	2.814359506973629355e-01
1.233081581437884267e-01	2.840842412014193963e-01
1.253923829006330093e-01	2.867543972462943680e-01
1.275118364120260972e-01	2.894465242200091049e-01
1.296671141344518663e-01	2.921607261175478421e-01
1.318588215891403626e-01	2.948971054774967016e-01
1.340875745321854495e-01	2.976557633697816674e-01
1.363539991275424801e-01	3.004367992614063732e-01
1.386587321229457159e-01	3.032403110518040457e-01
1.410024210288032542e-01	3.060663949125714267e-01
1.433857243001131487e-01	3.089151453371107858e-01
1.458093115214542101e-01	3.117866549644143226e-01
1.482738635951064698e-01	3.146810146397135965e-01
1.507800729323471867e-01	3.175983132261475661e-01
1.533286436479847636e-01	3.205386376550274918e-01
1.559202917581761494e-01	3.235020728168824800e-01
1.585557453815923112e-01	3.264887014398695220e-01
1.612357449439809631e-01	3.294986041333821669e-01
1.639610433861866667e-01	3.325318592717434463e-01
1.667324063756906449e-01	3.355885428670144499e-01
1.695506125217208226e-01	3.386687286182974432e-01
1.724164535940033438e-01	3.417724877893522084e-01
1.753307347452060516e-01	3.448998890778636195e-01
1.782942747371474568e-01	3.480509986674202860e-01
1.813079061708234574e-01	3.512258801008269482e-01
1.843724757203275000e-01	3.544245941477580097e-01
1.874888443707211083e-01	3.576471988564364213e-01
1.906578876599247796e-01	3.608937494245118560e-01
1.938804959247014126e-01	3.641642980669095309e-01
1.971575745507916644e-01	3.674588940644810675e-01
2.004900442272835592e-01	3.707775836342381837e-01
2.038788412052750798e-01	3.741204097992202326e-01
2.073249175609150063e-01	3.774874124315230617e-01
2.108292414628857858e-01	3.808786281237002136e-01
2.143927974444073958e-01	3.842940900623305622e-01
2.180165866798430274e-01	3.877338280631721923e-01
2.217016272659736997e-01	3.911978684454808786e-01
2.254489545080342605e-01	3.946862339106784190e-01
2.292596212105766917e-01	3.981989435818150125e-01
2.331346979732569213e-01	4.017360128129406904e-01
2.370752734916163618e-01	4.052974532236219285e-01
2.410824548629473540e-01	4.088832725395044054e-01
2.451573678973335835e-01	4.124934745736374420e-01
2.493011574339402958e-01	4.161280591471573365e-01
2.535149876626587306e-01	4.197870219958216853e-01
2.578000424511790456e-01	4.234703547148591096e-01
2.621575256775992568e-01	4.271780447148981752e-01
2.665886615686511307e-01	4.309100750996871509e-01
2.710946950436425307e-01	4.346664246188058911e-01
2.756768920642191367e-01	4.384470676463407268e-01
2.803365399900296095e-01	4.422519740170861025e-01
2.850749479404112718e-01	4.460811090747597851e-01
2.898934471621800180e-01	4.499344334845714610e-01
2.947933914036459657e-01	4.538119032786450679e-01
2.997761572949446118e-01	4.577134697484255832e-01
3.048431447347966228e-01	4.616390793226343159e-01
3.099957772838110026e-01	4.655886736361036227e-01
3.152355025644269504e-01	4.695621893198623775e-01
3.205637926676255800e-01	4.735595580739850874e-01
3.259821445665060935e-01	4.775807065566710641e-01
3.314920805368620771e-01	4.816255562640371357e-01
3.370951485848599494e-01	4.856940235977502129e-01
3.427929228819465157e-01	4.897860197559442130e-01
3.485870042071142483e-01	4.939014506219924772e-01
3.544790203966314834e-01	4.980402167320963080e-01
3.604706268013856407e-01	5.022022134589132492e-01
3.665635067519453227e-01	5.063873306411184050e-01
3.727593720314937853e-01	5.105954525008069567e-01
3.790599633567491855e-01	5.148264581871478951e-01
3.854670508670132723e-01	5.190802209999804129e-01
3.919824346214941246e-01	5.233566080593096137e-01
3.986079451050231759e-01	5.276554836056166486e-01
4.053454437423328338e-01	5.319767026105995944e-01
4.121968234210137139e-01	5.363201155844666834e-01
4.191640090233237359e-01	5.406855689572603874e-01
4.262489579669776485e-01	5.450729015162990576e-01
4.334536607550772414e-01	5.494819476352064136e-01
4.407801415353455599e-01	5.539125351061811031e-01
4.482304586688004022e-01	5.583644856835849879e-01
4.558067053080540054e-01	5.628376166179196449e-01
4.635110099853732013e-01	5.673317384774378969e-01
4.713455372106929997e-01	5.718466552281753490e-01
4.793124880797287601e-01	5.763821670414178699e-01
4.874141008923670304e-01	5.809380669040360434e-01
4.956526517815184607e-01	5.855141414565223634e-01
5.040304553525852826e-01	5.901101733396585391e-01
5.125498653337533517e-01	5.947259380346682223e-01
5.212132752372591327e-01	5.993612050588134066e-01
5.300231190318516195e-01	6.040157394379336298e-01
5.389818718266018438e-01	6.086892993190272660e-01
5.480920505662881803e-01	6.133816371051696859e-01
5.573562147385243692e-01	6.180925005040649456e-01
5.667769670928383130e-01	6.228216305138336573e-01
5.763569543719186949e-01	6.275687625319600338e-01
5.860988680552025043e-01	6.323336272941332270e-01
5.960054451150506027e-01	6.371159489352176131e-01
6.060794687856858598e-01	6.419154460773356385e-01
6.163237693451454335e-01	6.467318328376154835e-01
6.267412249104387101e-01	6.515648170914412063e-01
6.373347622461452699e-01	6.564141006299915038e-01
6.481073575866924674e-01	6.612793818222526543e-01
6.590620374725127961e-01	6.661603519897563164e-01
6.702018796003550438e-01	6.710566984347531294e-01
6.815300136879469672e-01	6.759681022758418090e-01
6.930496223532930378e-01	6.808942404669687809e-01
7.047639420088206430e-01	6.858347844017903538e-01
7.166762637706404204e-01	6.907894008042284595e-01
7.287899343831883980e-01	6.957577513860701002e-01
7.411083571594764274e-01	7.007394931961489215e-01
7.536349929372584411e-01	7.057342789325418142e-01
7.663733610513340233e-01	7.107417558554621762e-01
7.793270403223097054e-01	7.157615678577817775e-01
7.924996700620573487e-01	7.207933532018526712e-01
8.058949510961670448e-01	7.258367473043144669e-01
8.195166468036988450e-01	7.308913798179410559e-01
8.333685841744831180e-01	7.359568779781001657e-01
8.474546548843202576e-01	7.410328636546843484e-01
8.617788163883257635e-01	7.461189556220999552e-01
8.763450930327818522e-01	7.512147689221866376e-01
8.911575771857650485e-01	7.563199141917251733e-01
9.062204303868837130e-01	7.614340002250002959e-01
9.215378845164673427e-01	7.665566308250401084e-01
9.371142429844909749e-01	7.716874067271378701e-01
9.529538819396250471e-01	7.768259270487113399e-01
9.690612514986907122e-01	7.819717863323327744e-01
9.854408769969253967e-01	7.871245763858709665e-01
1.002097360259361913e+00	7.922838878505560345e-01
1.019035380893695386e+00	7.974493071165358327e-01
1.036259697605026009e+00	8.026204184148323373e-01
1.053775149532790278e+00	8.077968050035322367e-01
1.071586657610325677e+00	8.129780465444860216e-01
1.089699225947380778e+00	8.181637206817690133e-01
1.108117943236025305e+00	8.233534052975927109e-01
1.126847984180302076e+00	8.285466739410382031e-01
1.145894610950043413e+00	8.337430990151687427e-01
1.165263174659284751e+00	8.389422550842026149e-01
1.184959116869630069e+00	8.441437102580681140e-01
1.204987971119068746e+00	8.493470341217085329e-01
1.225355364476592435e+00	8.545517966472861993e-01
1.246067019123127118e+00	8.597575646230780633e-01
1.267128753959161580e+00	8.649639049796643553e-01
1.288546486239548816e+00	8.701703853445968972e-01
1.310326233235965754e+00	8.753765712728096560e-01
1.332474113927433867e+00	8.805820300518558685e-01
1.354996350719455345e+00	8.857863270774097852e-01
1.377899271192165376e+00	8.909890294565933067e-01
1.401189309878072775e+00	8.961897036463363220e-01
1.424873010069821255e+00	9.013879171343830432e-01
1.448957025658507369e+00	9.065832378911984346e-01
1.473448123003098242e+00	9.117752347630170284e-01
1.498353182831403840e+00	9.169634773372632441e-01
1.523679202173229497e+00	9.221475363209746812e-01
1.549433296326152343e+00	9.273269842831201037e-01
1.575622700854574010e+00	9.325013939521323847e-01
1.602254773622528550e+00	9.376703413589678737e-01
1.629336996860851317e+00	9.428334021835318435e-01
1.656876979269319872e+00	9.479901562544365001e-01
1.684882458154278284e+00	9.531401834952480945e-01
1.713361301602444930e+00	9.582830663610334421e-01
1.742321510691409836e+00	9.634183907625193388e-01
1.771771221737550084e+00	9.685457436132958176e-01
1.801718708581883988e+00	9.736647151763243579e-01
1.832172384914617203e+00	9.787748984369261107e-01
1.863140806638941216e+00	9.838758880577486154e-01
1.894632674274788098e+00	9.889672845189390049e-01
1.926656835403250945e+00	9.940486880322580987e-01
1.959222287152264430e+00	9.991197028606295660e-01
1.992338178724363251e+00	1.004179939986938441e+00
2.026013813967100230e+00	1.009229008855463627e+00
2.060258653986974053e+00	1.014266525259740703e+00
2.095082319807497040e+00	1.019292108454610490e+00
2.130494595072189856e+00	1.024305381537349735e+00
2.166505428793310539e+00	1.029305971260373820e+00
2.203124938146971523e+00	1.034293507655714262e+00
2.240363411315581477e+00	1.039267626980276304e+00
2.278231310378250996e+00	1.044227968007426233e+00
2.316739274250128933e+00	1.049174173752666528e+00
2.355898121671370138e+00	1.054105893286571893e+00
2.395718854246625451e+00	1.059022778827569899e+00
2.436212659535957670e+00	1.063924486852517282e+00
2.477390914197924676e+00	1.068810680447932260e+00
2.519265187185870225e+00	1.073681025172198211e+00
2.561847242998160024e+00	1.078535194080815440e+00
2.605149044983431139e+00	1.083372862752908672e+00
2.649182758701655427e+00	1.088193712351321008e+00
2.693960755342017954e+00	1.092997430350292509e+00
2.739495615198612732e+00	1.097783708268742275e+00
2.785800131204812846e+00	1.102552243067647986e+00
2.832887312527463397e+00	1.107302737024396189e+00
2.880770388221738365e+00	1.112034897917245635e+00
2.929462810947857765e+00	1.116748438824673784e+00
2.978978260750571039e+00	1.121443077793836229e+00
3.029330648902521350e+00	1.126118539211992342e+00
3.080534121812634751e+00	1.130774552353208229e+00
3.132603065000477027e+00	1.135410852176221397e+00
3.185552107137887834e+00	1.140027179340035612e+00
3.239396124158830492e+00	1.144623280373163077e+00
3.294150243438799031e+00	1.149198906286677424e+00
3.349829848044809655e+00	1.153753815738844279e+00
3.406450581057223204e+00	1.158287771100876773e+00
3.464028349964686004e+00	1.162800542183851427e+00
3.522579331133254943e+00	1.167291903352370319e+00
3.582119974351172242e+00	1.171761634664554075e+00
3.642667007450346439e+00	1.176209523273597846e+00
3.704237441006055231e+00	1.180635360814548562e+00
3.766848573116013732e+00	1.185038944461865640e+00
3.830517994260218551e+00	1.189420078914732004e+00
3.895263592243014550e+00	1.193778573035648938e+00
3.961103557218577542e+00	1.198114241396783575e+00
4.028056386801467603e+00	1.202426905935176205e+00
4.096140891263432948e+00	1.206716392909679358e+00
4.165376198818180775e+00	1.210982533880957668e+00
4.235781760995385170e+00	1.215225168320765992e+00
4.307377358105535237e+00	1.219444139450995834e+00
4.380183104797232829e+00	1.223639296129952481e+00
4.454219455708298803e+00	1.227810494835789745e+00
4.529507211212534301e+00	1.231957595673432992e+00
4.606067523263474683e+00	1.236080464525652678e+00
4.683921901337057214e+00	1.240178974760947517e+00
4.763092218474635153e+00	1.244253003150201708e+00
4.843600717428146574e+00	1.248302432268235007e+00
4.925470016909234694e+00	1.252327151927481230e+00
5.008723117943856273e+00	1.256327055522331371e+00
5.093383410334457295e+00	1.260302041971077092e+00
5.179474679231212519e+00	1.264252017101444192e+00
5.267021111814501388e+00	1.268176890097897358e+00
5.356047304090164829e+00	1.272076577320100155e+00
5.446578267799784712e+00	1.275950998441873319e+00
5.538639437447652192e+00	1.279800079943599123e+00
5.632256677446509485e+00	1.283623752502387472e+00
5.727456289384188715e+00	1.287421952266598391e+00
5.824265019412900202e+00	1.291194620175641239e+00
5.922710065763608256e+00	1.294941702281971363e+00
6.022819086387228182e+00	1.298663149973112940e+00
6.124620206725158056e+00	1.302358918265904553e+00
6.228142027611035303e+00	1.306028968629310061e+00
6.333413633306047785e+00	1.309673265704416334e+00
6.440464599670190360e+00	1.313291780370131612e+00
6.549325002471445778e+00	1.316884486347512651e+00
6.660025425835619295e+00	1.320451364000976957e+00
6.772596970838784536e+00	1.323992396337599242e+00
6.887071264245168578e+00	1.327507571817958087e+00
7.003480467392588338e+00	1.330996883266256869e+00
7.121857285228077927e+00	1.334460326938744501e+00
7.242234975496383065e+00	1.337897904922642489e+00
7.364647358083541206e+00	1.341309622146227509e+00
7.489128824518638261e+00	1.344695487407777224e+00
7.615714347635920589e+00	1.348055515599758225e+00
7.744439491400456177e+00	1.351389723426153822e+00
7.875340420899716420e+00	1.354698131737142042e+00
8.008453912504041483e+00	1.357980767264028721e+00
8.143817364199005482e+00	1.361237658142516960e+00
8.281468806092183499e+00	1.364468836753375047e+00
8.421446911097760335e+00	1.367674340645488984e+00
8.563791005801492773e+00	1.370854209171150861e+00
8.708541081509549642e+00	1.374008485000402180e+00
8.855737805483945735e+00	1.377137217309922557e+00
9.005422532367880706e+00	1.380240454632128522e+00
9.157637315804374012e+00	1.383318250843617703e+00
9.312424920251002547e+00	1.386370662992460367e+00
9.469828832994659606e+00	1.389397751340186726e+00
9.629893276369060118e+00	1.392399577891548335e+00
9.792663220179065320e+00	1.395376211005716405e+00
9.958184394334800515e+00	1.398327718076934234e+00
1.012650330169933710e+01	1.401254170943397659e+00
1.029766723115371541e+01	1.404155645601187885e+00
1.047172427088250757e+01	1.407032218398654999e+00
1.064872332188427428e+01	1.409883971056854257e+00
1.082871411171002762e+01	1.412710985161605759e+00
1.101174720843425447e+01	1.415513346960578289e+00
1.119787403486185262e+01	1.418291144068750231e+00
1.138714688297520183e+01	1.421044466854712418e+00
1.157961892862566167e+01	1.423773408296015619e+00
1.177534424647303979e+01	1.426478063717303790e+00
1.197437782517795135e+01	1.429158529563412605e+00
1.217677558285059547e+01	1.431814905834686513e+00
1.238259438276100788e+01	1.434447294454649358e+00
1.259189204931461603e+01	1.437055798266659190e+00
1.280472738429782709e+01	1.439640523683897833e+00
1.302116018339845027e+01	1.442201577199479612e+00
1.324125125300498418e+01	1.444739069819270805e+00
1.346506242729025793e+01	1.447253111558444605e+00
1.369265658558342480e+01	1.449743815252847678e+00
1.392409767003596599e+01	1.452211296384862793e+00
1.415945070358605307e+01	1.454655670592243766e+00
1.439878180822651998e+01	1.457077055930056098e+00
1.464215822358192653e+01	1.459475572017437495e+00
1.488964832579915942e+01	1.461851339220004098e+00
1.514132164675782732e+01	1.464204480055981694e+00
1.539724889360486770e+01	1.466535118285316353e+00
1.565750196861980470e+01	1.468843378379242948e+00
1.592215398941546312e+01	1.471129386718478482e+00
1.619127930948012661e+01	1.473393270833336599e+00
1.646495353906724546e+01	1.475635158773775046e+00
1.674325356643772622e+01	1.477855180303977001e+00
1.702625757946180585e+01	1.480053466299205533e+00
1.731404508758553007e+01	1.482230148160094574e+00
1.760669694416904463e+01	1.484385357830867003e+00
1.790429536920192888e+01	1.486519229843189960e+00
1.820692397240297211e+01	1.488631897969743267e+00
1.851466777671009822e+01	1.490723496827707883e+00
1.882761324216724574e+01	1.492794163262649354e+00
1.914584829021545431e+01	1.494844033368846192e+00
1.946946232839389879e+01	1.496873243846087442e+00
1.979854627545908841e+01	1.498881933586067916e+00
2.013319258692800773e+01	1.500870239600574196e+00
2.047349528105359084e+01	1.502838303334910419e+00
2.081954996523887758e+01	1.504786262292119536e+00
2.117145386289756814e+01	1.506714256531004104e+00
2.152930584076909071e+01	1.508622427133078592e+00
2.189320643669466548e+01	1.510510914647668956e+00
2.226325788786357052e+01	1.512379860027360357e+00
2.263956415953613899e+01	1.514229404935082623e+00
2.302223097425292053e+01	1.516059691012620503e+00
2.341136584153708355e+01	1.517870860147646495e+00
2.380707808809889059e+01	1.519663054414705616e+00
2.420947888855114627e+01	1.521436416481085629e+00
2.461868129664312121e+01	1.523191088592475761e+00
2.503480027702318367e+01	1.524927213305015794e+00
2.545795273753748944e+01	1.526644933285425054e+00
2.588825756207539186e+01	1.528344391473592356e+00
2.632583564396948717e+01	1.530025729860985617e+00
2.677080991996021808e+01	1.531689092041913502e+00
2.722330540473507554e+01	1.533334619761814288e+00
2.768344922605082559e+01	1.534962456465572389e+00
2.815137066045024739e+01	1.536572744271887725e+00
2.862720116958168148e+01	1.538165624710595925e+00
2.911107443713334675e+01	1.539741241259012794e+00
2.960312640639132908e+01	1.541299735276339788e+00
3.010349531843243653e+01	1.542841248055146774e+00
3.061232175096317221e+01	1.544365922157260096e+00
3.112974865781429301e+01	1.545873898338551378e+00
3.165592140910392160e+01	1.547365317163827303e+00
3.219098783207849834e+01	1.548840320326337006e+00
3.273509825264502382e+01	1.550299047784207129e+00
3.328840553760464616e+01	1.551741638810035351e+00
3.385106513760008085e+01	1.553168234449470608e+00
3.442323513078967778e+01	1.554578973334192371e+00
3.500507626725861599e+01	1.555973993672576050e+00
3.559675201418191648e+01	1.557353435400689934e+00
3.619842860174963306e+01	1.558717435634999315e+00
3.681027506986945497e+01	1.560066131576020254e+00
3.743246331565791252e+01	1.561399661293035646e+00
3.806516814173434682e+01	1.562718160919420507e+00
3.870856730533186152e+01	1.564021765879868964e+00
3.936284156823732872e+01	1.565310613070961310e+00
4.002817474757663518e+01	1.566584836699240979e+00
4.070475376745718421e+01	1.567844570874428634e+00
4.139276871148439341e+01	1.569089950403189881e+00
4.209241287616510618e+01	1.570321107645655800e+00
4.280388282521361276e+01	1.571538176343509896e+00
4.352737844477648110e+01	1.572741287565415425e+00
4.426310299958944938e+01	1.573930573464075833e+00
4.501126319008503884e+01	1.575106164587102064e+00
4.577206921046389709e+01	1.576268191301507526e+00
4.654573480774909910e+01	1.577416782955493701e+00
4.733247734183772337e+01	1.578552068399807329e+00
4.813251784656739574e+01	1.579674176375571504e+00
4.894608109181602629e+01	1.580783233457181636e+00
4.977339564664967497e+01	1.581879367413817405e+00
5.061469394353941453e+01	1.582962703297665641e+00
5.147021234366199849e+01	1.584033367595222952e+00
5.234019120330587782e+01	1.585091483877470564e+00
5.322487494139806330e+01	1.586137177220126038e+00
5.412451210817385316e+01	1.587170569978065382e+00
5.503935545500626603e+01	1.588191784842764243e+00
5.596966200541572789e+01	1.589200943758628970e+00
5.691569312728113772e+01	1.590198166953628700e+00
5.787771460626974118e+01	1.591183575650944260e+00
5.885599672051007758e+01	1.592157288688377248e+00
5.985081431652515249e+01	1.593119424217100732e+00
6.086244688645088985e+01	1.594070101079003710e+00
6.189117864655855783e+01	1.595009435884615634e+00
6.293729861710444595e+01	1.595937544384782081e+00
6.400110070353041181e+01	1.596854543094532675e+00
6.508288377903505761e+01	1.597760546177958707e+00
6.618295176854263673e+01	1.598655666935332009e+00
6.730161373408913050e+01	1.599540019808234348e+00
6.843918396165355489e+01	1.600413716196023683e+00
6.959598204945567090e+01	1.601276867467130716e+00
7.077233299774606223e+01	1.602129584553740882e+00
7.196856730011528214e+01	1.602971977483111266e+00
7.318502103634435230e+01	1.603804154876244059e+00
7.442203596682681166e+01	1.604626225123890748e+00
7.567995962858455528e+01	1.605438295869038079e+00
7.695914543290872700e+01	1.606240473268910396e+00
7.825995276464949768e+01	1.607032863258405442e+00
7.958274708318410262e+01	1.607815571037662705e+00
8.092790002509306646e+01	1.608588699872924188e+00
8.229578950856954123e+01	1.609352354301439636e+00
8.368679983959597735e+01	1.610106635824609000e+00
8.510132181991289713e+01	1.610851646340512922e+00
8.653975285681501362e+01	1.611587486575435824e+00
8.800249707480163863e+01	1.612314256942202428e+00
8.948996542911412178e+01	1.613032056135773828e+00
9.100257582119419908e+01	1.613740982557780868e+00
9.254075321609118987e+01	1.614441133949828355e+00
9.410492976185659586e+01	1.615132607307123935e+00
9.569554491095378523e+01	1.615815497673532386e+00
9.731304554372266580e+01	1.616489900514374023e+00
9.895788609392928947e+01	1.617155910616558057e+00
1.006305286764376348e+02	1.617813620480461845e+00
1.023314432170412118e+02	1.618463123626477262e+00
1.040611075844862796e+02	1.619104511281092895e+00
1.058200077247298054e+02	1.619737874623605300e+00
1.076086377974633734e+02	1.620363304184212705e+00
1.094275003149479204e+02	1.620980888434791378e+00
1.112771062831930067e+02	1.621590717174314911e+00
1.131579753455222743e+02	1.622192877429298186e+00
1.150706359285678531e+02	1.622787456396256545e+00
1.170156253907290136e+02	1.623374540562629642e+00
1.189934901731438543e+02	1.623954214883420288e+00
1.210047859532090087e+02	1.624526564259185291e+00
1.230500778006978635e+02	1.625091672722351666e+00
1.251299403365151335e+02	1.625649622951305107e+00
1.272449578941347568e+02	1.626200497442118476e+00
1.293957246837690604e+02	1.626744377951073739e+00
1.315828449593089147e+02	1.627281345185550343e+00
1.338069331880899426e+02	1.627811478161598879e+00
1.360686142235236389e+02	1.628334857550111092e+00
1.383685234806508220e+02	1.628851561164139872e+00
1.407073071146594430e+02	1.629361666251955665e+00
1.430856222024197280e+02	1.629865250743351979e+00
1.455041369270908831e+02	1.630362390477366308e+00
1.479635307658433305e+02	1.630853160042679884e+00
1.504644946807591168e+02	1.631337635588072654e+00
1.530077313129538652e+02	1.631815890420429849e+00
1.555939551799847322e+02	1.632287997367942944e+00
1.582238928765917478e+02	1.632754029902096171e+00
1.608982832788323662e+02	1.633214059154153963e+00
1.636178777516695106e+02	1.633668156411269390e+00
1.663834403600635596e+02	1.634116392276133478e+00
1.691957480836375396e+02	1.634558835840215885e+00
1.720555910349655733e+02	1.634995556902936409e+00
1.749637726815560939e+02	1.635426622808995534e+00
1.779211100715817793e+02	1.635852101715766338e+00
1.809284340634302453e+02	1.636272059968440828e+00
1.839865895591310334e+02	1.636686565050945008e+00
1.870964357417281576e+02	1.637095681089665966e+00
1.902588463166685528e+02	1.637499473226822211e+00
1.934747097572649466e+02	1.637898006195355194e+00
1.967449295543138987e+02	1.638291342613505952e+00
2.000704244699266781e+02	1.638679545931029491e+00
2.034521287956564777e+02	1.639062678098875736e+00
2.068909926149848104e+02	1.639440800871886372e+00
2.103879820702443340e+02	1.639813974482154046e+00
2.139440796340576298e+02	1.640182259577174007e+00
2.175602843853577042e+02	1.640545715553821893e+00
2.212376122900808468e+02	1.640904402021871267e+00
2.249770964865966505e+02	1.641258376793060858e+00
2.287797875759696069e+02	1.641607696876159705e+00
2.326467539171220835e+02	1.641952420596770601e+00
2.365790819269863619e+02	1.642292603725806321e+00
2.405778763857347258e+02	1.642628301704263771e+00
2.446442607471615247e+02	1.642959570720853302e+00
2.487793774543193308e+02	1.643286464994218266e+00
2.529843882604822340e+02	1.643609037706194709e+00
2.572604745555416912e+02	1.643927343717594969e+00
2.616088376979143391e+02	1.644241435245985761e+00
2.660306993520598553e+02	1.644551363862045035e+00
2.705273018317088258e+02	1.644857182586024980e+00
2.750999084488843778e+02	1.645158941874194536e+00
2.797498038688314637e+02	1.645456691768947710e+00
2.844782944709368735e+02	1.645750483302029110e+00
2.892867087157579817e+02	1.646040365390551985e+00
2.941763975182495869e+02	1.646326386414373344e+00
2.991487346272989498e+02	1.646608591672241051e+00
3.042051170116823755e+02	1.646887036727443743e+00
3.093469652525361084e+02	1.647161767985562131e+00
3.145757239424706313e+02	1.647432825262467926e+00
3.198928620914214775e+02	1.647700258288201214e+00
3.252998735393691732e+02	1.647964112318004881e+00
3.307982773760288637e+02	1.648224433360935492e+00
3.363896183676337728e+02	1.648481265219863712e+00
3.420754673909387975e+02	1.648734652695095004e+00
3.478574218745504822e+02	1.648984638715192519e+00
3.537371062477265582e+02	1.649231267005722756e+00
3.597161723967509488e+02	1.649474579963472909e+00
3.657963001290331135e+02	1.649714619652459469e+00
3.719791976450445077e+02	1.649951427798336923e+00
3.782666020182322768e+02	1.650185045328039113e+00
3.846602796830517832e+02	1.650415513855574057e+00
3.911620269312371079e+02	1.650642872291091079e+00
3.977736704164719868e+02	1.650867161459049548e+00
4.044970676675784489e+02	1.651088419625217796e+00
4.113341076103915839e+02	1.651306686678230662e+00
4.182867110984475403e+02	1.651522000008931457e+00
4.253568314526407903e+02	1.651734398364486101e+00
4.325464550100122665e+02	1.651943918685662815e+00
4.398576016817999061e+02	1.652150598118588887e+00
4.472923255209361173e+02	1.652354473521662648e+00
4.548527152991227354e+02	1.652555580261100054e+00
4.625408950936740666e+02	1.652753955336294878e+00
4.703590248842695019e+02	1.652949633237614790e+00
4.783093011597930513e+02	1.653142648444952734e+00
4.863939575354394265e+02	1.653333038007766875e+00
4.946152653802362238e+02	1.653520832392412210e+00
5.029755344551887219e+02	1.653706066242756734e+00
5.114771135621948588e+02	1.653888773939470092e+00
5.201223912039447441e+02	1.654068987673703806e+00
5.289137962549582426e+02	1.654246739198710570e+00
5.378537986439790757e+02	1.654422062420545236e+00
5.469449100478946093e+02	1.654594987635150671e+00
5.561896845973827794e+02	1.654765546213836425e+00
5.655907195944980685e+02	1.654933767036930181e+00
5.751506562423700188e+02	1.655099685427152023e+00
5.848721803872531382e+02	1.655263328848999516e+00
5.947580232731010028e+02	1.655424727253025807e+00
6.048109623089127354e+02	1.655583910355082677e+00
6.150338218490370537e+02	1.655740908873047701e+00
6.254294739866654709e+02	1.655895747547307284e+00
6.360008393607505468e+02	1.656048457127266671e+00
6.467508879765434813e+02	1.656199064923487008e+00
6.576826400400219654e+02	1.656347599512589808e+00
6.687991668064009900e+02	1.656494087628374690e+00
6.801035914430051434e+02	1.656638556410906737e+00
6.915990899067132887e+02	1.656781032298797918e+00
7.032888918362326649e+02	1.656921542481830212e+00
7.151762814594706015e+02	1.657060111890048537e+00
7.272645985162197348e+02	1.657196766878430205e+00
7.395572391964639110e+02	1.657331532696747267e+00
7.520576570945196409e+02	1.657464434464559044e+00
7.647693641793268853e+02	1.657595496671360413e+00
7.776959317811260917e+02	1.657724743745090823e+00
7.908409915948119533e+02	1.657852200698900491e+00
8.042082367002620913e+02	1.657977890057674930e+00
8.178014225998882694e+02	1.658101836493464099e+00
8.316243682737505196e+02	1.658224062521084008e+00
8.456809572524798568e+02	1.658344591281470048e+00
8.599751387083596228e+02	1.658463445737434760e+00
8.745109285648341029e+02	1.658580647445998535e+00
8.892924106247685359e+02	1.658696219609365530e+00
9.043237377177986218e+02	1.658810183592790422e+00
9.196091328670457870e+02	1.658922560147594316e+00
9.351528904755820122e+02	1.659033371827829173e+00
9.509593775329200298e+02	1.659142639845448075e+00
9.670330348419231541e+02	1.659250383125032258e+00
9.833783782664356750e+02	1.659356623362413297e+00
1.000000000000000000e+03	1.659461380368237204e+00
