# Data associated with arXiv:2208.14002
# 
# Scale-free velocity distribution, f(E), of a nfw1-7rhos4e4_truncated dark matter distribution (see Eq. 2.7 and the surrounding discussion)
# 
# Published: 8/25/22, Jack Runburg and Kenny Kiriu, contact: runburg@hawaii.edu
# 
# 
# -----------------------------------------------------------------
# 
# 	 tilde E 		 | 		 tilde f
# 
# -----------------------------------------------------------------
8.108585280692699737e-02	3.028825107751025677e+09
8.149460876069498927e-02	2.898627885639877319e+09
8.190542501462778902e-02	2.770699079095752716e+09
8.231831195717938254e-02	2.645756359347305298e+09
8.273328002908959811e-02	2.526067519409645081e+09
8.315033972364767323e-02	2.410030379311451435e+09
8.356950158695972131e-02	2.299212481877470493e+09
8.399077621820841277e-02	2.193384779445429802e+09
8.441417426992926798e-02	2.092327238748466015e+09
8.483970644828128793e-02	1.995829664668972731e+09
8.526738351330155619e-02	1.903691549972787142e+09
8.569721627919969775e-02	1.815720978373424768e+09
8.612921561461475695e-02	1.731733612252614737e+09
8.656339244289036616e-02	1.651552674214269876e+09
8.699975774236447246e-02	1.575009992617830276e+09
8.743832254663277959e-02	1.501944460501844883e+09
8.787909794482876014e-02	1.432201595139289379e+09
8.832209508191003755e-02	1.365633336115668535e+09
8.876732515894010522e-02	1.302098745320324421e+09
8.921479943336292628e-02	1.241462974011253119e+09
8.966452921929538022e-02	1.183596289476167440e+09
9.011652588780295903e-02	1.128374970759318829e+09
9.057080086720321888e-02	1.075681010857982159e+09
9.102736564333797908e-02	1.025401190383175731e+09
9.148623175987120881e-02	9.774274176925134659e+08
9.194741081858051612e-02	9.316563088433318138e+08
9.241091447964168426e-02	8.879885126938294172e+08
9.287675446193917328e-02	8.463295841106470823e+08
9.334494254334531338e-02	8.065893647721925974e+08
9.381549056102758688e-02	7.686811831488621235e+08
9.428841041173709192e-02	7.325221890471285582e+08
9.476371405212487276e-02	6.980335586720846891e+08
9.524141349902917608e-02	6.651398363655486107e+08
9.572152082977798682e-02	6.337686750090576410e+08
9.620404818251013235e-02	6.038509735577969551e+08
9.668900775645841716e-02	5.753207907224756479e+08
9.717641181227355818e-02	5.481152009862091541e+08
9.766627267233282672e-02	5.221739160610019565e+08
9.815860272103500705e-02	4.974392509426783323e+08
9.865341440513465676e-02	4.738562753052989244e+08
9.915072023403810608e-02	4.513724988979200125e+08
9.965053278012699078e-02	4.299376474663382173e+08
1.001528646790728755e-01	4.095036878181493878e+08
1.006577286301576779e-01	3.900248108964779377e+08
1.011651373965850725e-01	3.714573256215065122e+08
1.016751038058198719e-01	3.537593644306314588e+08
1.021876407498870792e-01	3.368909145532303452e+08
1.027027611857200401e-01	3.208138981723909378e+08
1.032204781354697093e-01	3.054918876233908534e+08
1.037408046868415201e-01	2.908900675405875444e+08
1.042637539934157115e-01	2.769752297056721449e+08
1.047893392749938007e-01	2.637156317160866559e+08
1.053175738179159132e-01	2.510809826922759116e+08
1.058484709754026892e-01	2.390423787499950528e+08
1.063820441678896139e-01	2.275721956229687035e+08
1.069183068833650802e-01	2.166440883400832713e+08
1.074572726777090065e-01	2.062329002935549617e+08
1.079989551750360766e-01	1.963145931777514219e+08
1.085433680680313040e-01	1.868662338468227088e+08
1.090905251183028751e-01	1.778659519786823988e+08
1.096404401567278725e-01	1.692928844712285697e+08
1.101931270837918780e-01	1.611270934007214904e+08
1.107485998699450774e-01	1.533495435864014626e+08
1.113068725559513000e-01	1.459420900073876977e+08
1.118679592532430267e-01	1.388874290264975131e+08
1.124318741442674324e-01	1.321690361950691789e+08
1.129986314828589494e-01	1.257711369109033495e+08
1.135682455945829228e-01	1.196786988854508698e+08
1.141407308770951562e-01	1.138773788250543177e+08
1.147161018005181804e-01	1.083534848029015511e+08
1.152943729077882812e-01	1.030939606949065775e+08
1.158755588150289367e-01	9.808635835302521288e+07
1.164596742119171358e-01	9.331880013910798728e+07
1.170467338620447412e-01	8.877995790259061754e+07
1.176367526033045424e-01	8.445903248973338306e+07
1.182297453482464428e-01	8.034571845936991274e+07
1.188257270844599450e-01	7.643019270986372232e+07
1.194247128749480052e-01	7.270308968402260542e+07
1.200267178585053413e-01	6.915547548625050485e+07
1.206317572500973517e-01	6.577883670307854563e+07
1.212398463412437677e-01	6.256505581737423688e+07
1.218510005003937274e-01	5.950639075035718083e+07
1.224652351733266503e-01	5.659546052734789252e+07
1.230825658835237452e-01	5.382523544318643212e+07
1.237030082325645403e-01	5.118901281673430651e+07
1.243265779005164468e-01	4.868039792075806856e+07
1.249532906463269449e-01	4.629330103940219432e+07
1.255831623082204473e-01	4.402191915020070225e+07
1.262162088040878205e-01	4.186071969563221186e+07
1.268524461318930874e-01	3.980442945073909312e+07
1.274918903700754391e-01	3.784802402609001100e+07
1.281345576779369944e-01	3.598671810392992198e+07
1.287804642960616863e-01	3.421594995564424247e+07
1.294296265467209384e-01	3.253137271563677862e+07
1.300820608342681817e-01	3.092884628789035231e+07
1.307377836455644593e-01	2.940442571989204735e+07
1.313968115503823808e-01	2.795435257430120930e+07
1.320591612018227334e-01	2.657504723159423470e+07
1.327248493367292614e-01	2.526309879480073974e+07
1.333938927761079418e-01	2.401525874670328200e+07
1.340663084255462600e-01	2.282843388115116209e+07
1.347421132756358719e-01	2.169967645974569023e+07
1.354213244023965423e-01	2.062617956568477303e+07
1.361039589677021933e-01	1.960527089441101253e+07
1.367900342197093944e-01	1.863440446558638290e+07
1.374795674932874079e-01	1.771115592093853652e+07
1.381725762104507316e-01	1.683321717834435403e+07
1.388690778807933068e-01	1.599839011666028574e+07
1.395690901019251695e-01	1.520458185398210026e+07
1.402726305599110435e-01	1.444979970179322921e+07
1.409797170297105440e-01	1.373214637675038725e+07
1.416903673756216564e-01	1.304981581774317473e+07
1.424045995517249363e-01	1.240108839389000833e+07
1.431224316023310406e-01	1.178432713777105510e+07
1.438438816624291461e-01	1.119797397180952318e+07
1.445689679581389220e-01	1.064054558890149184e+07
1.452977088071636114e-01	1.011063012721309252e+07
1.460301226192450563e-01	9.606883735244309530e+06
1.467662278966223866e-01	9.128027493835419416e+06
1.475060432344907080e-01	8.672844089843077585e+06
1.482495873214641768e-01	8.240174989239053801e+06
1.489968789400392957e-01	7.828917783393581398e+06
1.497479369670618177e-01	7.438023312336559407e+06
1.505027803741953718e-01	7.066493200768371113e+06
1.512614282283915312e-01	6.713377482496126555e+06
1.520238996923637675e-01	6.377772135158757679e+06
1.527902140250616825e-01	6.058817105569287203e+06
1.535603905821494031e-01	5.755694143286633305e+06
1.543344488164840878e-01	5.467624622653044760e+06
1.551124082785989844e-01	5.193867811895058490e+06
1.558942886171868769e-01	4.933719045171196572e+06
1.566801095795862520e-01	4.686507943386540748e+06
1.574698910122707962e-01	4.451596785894043744e+06
1.582636528613393934e-01	4.228379015481414273e+06
1.590614151730101733e-01	4.016277614627282135e+06
1.598631980941151165e-01	3.814743656015901361e+06
1.606690218725986552e-01	3.623255116367677692e+06
1.614789068580169407e-01	3.441315524291732814e+06
1.622928735020409963e-01	3.268452651441897266e+06
1.631109423589608698e-01	3.104217365668863058e+06
1.639331340861926167e-01	2.948182527284832206e+06
1.647594694447881702e-01	2.799941970270650461e+06
1.655899692999460993e-01	2.659109438782895450e+06
1.664246546215266409e-01	2.525317610276095569e+06
1.672635464845670661e-01	2.398217220479436219e+06
1.681066660698011528e-01	2.277476171464737505e+06
1.689540346641796587e-01	2.162778661401757970e+06
1.698056736613940132e-01	2.053824429410340963e+06
1.706616045624022859e-01	1.950328021301276749e+06
1.715218489759567089e-01	1.852018018392223865e+06
1.723864286191349182e-01	1.758636378203876317e+06
1.732553653178724729e-01	1.669937802512557711e+06
1.741286810074983149e-01	1.585689064728086581e+06
1.750063977332724507e-01	1.505668463681634516e+06
1.758885376509259635e-01	1.429665262510964181e+06
1.767751230272039675e-01	1.357479118458933663e+06
1.776661762404098954e-01	1.288919599576495821e+06
1.785617197809535595e-01	1.223805704723192612e+06
1.794617762519004900e-01	1.161965377399964025e+06
1.803663683695242714e-01	1.103235092136249645e+06
1.812755189638613762e-01	1.047459426652434166e+06
1.821892509792679971e-01	9.944906590402597794e+05
1.831075874749799881e-01	9.441883976651245030e+05
1.840305516256743046e-01	8.964192194720985135e+05
1.849581667220341619e-01	8.510563215202118736e+05
1.858904561713151382e-01	8.079792035712219076e+05
1.868274434979154408e-01	7.670733542718985118e+05
1.877691523439470045e-01	7.282299548639118439e+05
1.887156064698101432e-01	6.913456024823405314e+05
1.896668297547705329e-01	6.563220405738909030e+05
1.906228461975378596e-01	6.230659050495075062e+05
1.915836799168482429e-01	5.914884840858653188e+05
1.925493551520478241e-01	5.615054854628798785e+05
1.935198962636801301e-01	5.330368216876441147e+05
1.944953277340747688e-01	5.060064021597516839e+05
1.954756741679378462e-01	4.803419316238255706e+05
1.964609602929519305e-01	4.559747264851540676e+05
1.974512109603637489e-01	4.328395339906527661e+05
1.984464511455899249e-01	4.108743618221455254e+05
1.994467059488161109e-01	3.900203183832779760e+05
2.004520005956020590e-01	3.702214572926004766e+05
2.014623604374878030e-01	3.514246307335842866e+05
2.024778109526027825e-01	3.335793528634872055e+05
2.034983777462777421e-01	3.166376652818943840e+05
2.045240865516586848e-01	3.005540139766630018e+05
2.055549632303237118e-01	2.852851268082779716e+05
2.065910337729017499e-01	2.707899013980723685e+05
2.076323242996947205e-01	2.570292974172095419e+05
2.086788610613013184e-01	2.439662333950012107e+05
2.097306704392437882e-01	2.315654901163795148e+05
2.107877789465969209e-01	2.197936161076837452e+05
2.118502132286197159e-01	2.086188403003759449e+05
2.129180000633898173e-01	1.980109892665056395e+05
2.139911663624393390e-01	1.879414056918231072e+05
2.150697391713947415e-01	1.783828734950479702e+05
2.161537456706179305e-01	1.693095459016449749e+05
2.172432131758502971e-01	1.606968774050996872e+05
2.183381691388593671e-01	1.525215575744342641e+05
2.194386411480876709e-01	1.447614498869728704e+05
2.205446569293043335e-01	1.373955333900695841e+05
2.216562443462584964e-01	1.304038463194330106e+05
2.227734314013362915e-01	1.237674331658722513e+05
2.238962462362190931e-01	1.174682941816038510e+05
2.250247171325449880e-01	1.114893376785131404e+05
2.261588725125724120e-01	1.058143343879325839e+05
2.272987409398459502e-01	1.004278741019685694e+05
2.284443511198654686e-01	9.531532472900643188e+04
2.295957319007560227e-01	9.046279317795815587e+04
2.307529122739421512e-01	8.585708815824353951e+04
2.319159213748228920e-01	8.148568493375049729e+04
2.330847884834500172e-01	7.733669192654157814e+04
2.342595430252085997e-01	7.339881889962953574e+04
2.354402145714994676e-01	6.966134653451638587e+04
2.366268328404249888e-01	6.611409783240416436e+04
2.378194276974753552e-01	6.274741075871392968e+04
2.390180291562198078e-01	5.955211234821662219e+04
2.402226673789976397e-01	5.651949406094596634e+04
2.414333726776128619e-01	5.364128843506637349e+04
2.426501755140310912e-01	5.090964678830513003e+04
2.438731065010781573e-01	4.831711806546713342e+04
2.451021964031417644e-01	4.585662885766913678e+04
2.463374761368738730e-01	4.352146435524559638e+04
2.475789767718976908e-01	4.130525023361920466e+04
2.488267295315142735e-01	3.920193540896999184e+04
2.500807657934130401e-01	3.720577577954499429e+04
2.513411170903841474e-01	3.531131870009010163e+04
2.526078151110321968e-01	3.351338822471461754e+04
2.538808917004908294e-01	3.180707120157699683e+04
2.551603788611494505e-01	3.018770390045260137e+04
2.564463087533616625e-01	2.865085942604978118e+04
2.577387136961754588e-01	2.719233574827980920e+04
2.590376261680564229e-01	2.580814431148225776e+04
2.603430788076139812e-01	2.449449924134807588e+04
2.616551044143300420e-01	2.324780706196259416e+04
2.629737359492899107e-01	2.206465697672038368e+04
2.642990065359139273e-01	2.094181160518537945e+04
2.656309494606928223e-01	1.987619818291618867e+04
2.669695981739227952e-01	1.886490022283293729e+04
2.683149862904445904e-01	1.790514961762590610e+04
2.696671475903825721e-01	1.699431906666521536e+04
2.710261160198865205e-01	1.612991499621835464e+04
2.723919256918752030e-01	1.530957072487669575e+04
2.737646108867807238e-01	1.453104003886979444e+04
2.751442060532959810e-01	1.379219108465022873e+04
2.765307458091220694e-01	1.309100055454263929e+04
2.779242649417189570e-01	1.242554818871707539e+04
2.793247984090562186e-01	1.179401152004891992e+04
2.807323813403660995e-01	1.119466092158815991e+04
2.821470490368982453e-01	1.062585489561777649e+04
2.835688369726745428e-01	1.008603556094448868e+04
2.849977807952474018e-01	9.573724444683617548e+03
2.864339163264568722e-01	9.087518414890486383e+03
2.878772795631915904e-01	8.626085867668041828e+03
2.893279066781488940e-01	8.188163076022480709e+03
2.907858340205970449e-01	7.772550743861820592e+03
2.922510981171386746e-01	7.378110730138012514e+03
2.937237356724747839e-01	7.003762923096002851e+03
2.952037835701704638e-01	6.648482304952650338e+03
2.966912788734202278e-01	6.311296131351003169e+03
2.981862588258164526e-01	5.991281281472553019e+03
2.996887608521160984e-01	5.687561722932698103e+03
3.011988225590100932e-01	5.399306117214061487e+03
3.027164817358926618e-01	5.125725543514003220e+03
3.042417763556313215e-01	4.866071333856074489e+03
3.057747445753380422e-01	4.619633023220118048e+03
3.073154247371390757e-01	4.385736409706531049e+03
3.088638553689483923e-01	4.163741694703729991e+03
3.104200751852381757e-01	3.953041733950786238e+03
3.119841230877976046e-01	3.753060375011522865e+03
3.135560381665577490e-01	3.563250866386751113e+03
3.151358597002901774e-01	3.383094400796526315e+03
3.167236271574263573e-01	3.212098604550498749e+03
3.183193801968185466e-01	3.049796271714177237e+03
3.199231586685130080e-01	2.895744046621410689e+03
3.215350026145220030e-01	2.749521202757595802e+03
3.231549522695956189e-01	2.610728498297670285e+03
3.247830480619935956e-01	2.478987072443455872e+03
3.264193306142560980e-01	2.353937413402906714e+03
3.280638407439744886e-01	2.235238360047845163e+03
3.297166194645613224e-01	2.122566176822038415e+03
3.313777079860187880e-01	2.015613653817303430e+03
3.330471477157073701e-01	1.914089270136524192e+03
3.347249802591127366e-01	1.817716388834456666e+03
3.364112474206117920e-01	1.726232499340514323e+03
3.381059912042377325e-01	1.639388494062848849e+03
3.398092538144428798e-01	1.556947984649718137e+03
3.415210776568615159e-01	1.478686652688697677e+03
3.432415053390696635e-01	1.404391633633204037e+03
3.449705796713438688e-01	1.333860929774528586e+03
3.467083436674183727e-01	1.266902856906754323e+03
3.484548405452396191e-01	1.203335516779305863e+03
3.502101137277192078e-01	1.142986297533311927e+03
3.519742068434846272e-01	1.085691398638960209e+03
3.537471637276265457e-01	1.031295380850613128e+03
3.555290284224459918e-01	9.796507393706472158e+02
3.573198451781957052e-01	9.306174981873529077e+02
3.591196584538210446e-01	8.840628251588564126e+02
3.609285129176966200e-01	8.398606672731154958e+02
3.627464534483608172e-01	7.978914036186025669e+02
3.645735251352461015e-01	7.580415178664328550e+02
3.664097732794056039e-01	7.202032855182309277e+02
3.682552433942378189e-01	6.842744775307307918e+02
3.701099812062053074e-01	6.501580804197768657e+02
3.719740326555502352e-01	6.177620291266749746e+02
3.738474438970062486e-01	5.869989540892687501e+02
3.757302613006276437e-01	5.577859419088640607e+02
3.776225314520413323e-01	5.300443067743490246e+02
3.795243011537764444e-01	5.036993755868037965e+02
3.814356174255633114e-01	4.786802812497512605e+02
3.833565275051111221e-01	4.549197697668342926e+02
3.852870788488091947e-01	4.323540149346741259e+02
3.872273191324085984e-01	4.109224430483585593e+02
3.891772962517451862e-01	3.905675670770648935e+02
3.911370583237108733e-01	3.712348288805587799e+02
3.931066536911219100e-01	3.528724493330669247e+02
3.950861308817044670e-01	3.354312867142555774e+02
3.970755387282281501e-01	3.188647014874945853e+02
3.990749262076465631e-01	3.031284291104146860e+02
4.010843425530236650e-01	2.881804584226750308e+02
4.031038372187926155e-01	2.739809163465146185e+02
4.051334598841991874e-01	2.604919589939756293e+02
4.071732604541529188e-01	2.476776678917599384e+02
4.092232890598752615e-01	2.355039519286349616e+02
4.112835960595038198e-01	2.239384535904620179e+02
4.133542320398770897e-01	2.129504607648292733e+02
4.154352478122839698e-01	2.025108227598759925e+02
4.175266944203194774e-01	1.925918705608242476e+02
4.196286231355307872e-01	1.831673412070196889e+02
4.217410854592003600e-01	1.742123058268660714e+02
4.238641331228759079e-01	1.657031019533780523e+02
4.259978180888922550e-01	1.576172685196393104e+02
4.281421925508788195e-01	1.499334850001894210e+02
4.302973089342576052e-01	1.426315128733779432e+02
4.324632198967289787e-01	1.356921405615087224e+02
4.346399783287442919e-01	1.290971310706338784e+02
4.368276373539661805e-01	1.228291723089177339e+02
4.390262503297161500e-01	1.168718299073941012e+02
4.412358708474083957e-01	1.112095025166475182e+02
4.434565527329690782e-01	1.058273793209575331e+02
4.456883500472427206e-01	1.007113997893416268e+02
4.479313170863826188e-01	9.584821542431730279e+01
4.501855083822266512e-01	9.122515348242713173e+01
4.524509787026573804e-01	8.683018262554001865e+01
4.547277830519452224e-01	8.265188018971433337e+01
4.570159766712286742e-01	7.867940122218941212e+01
4.593156150382824987e-01	7.490244909166347043e+01
4.616267538685658867e-01	7.131124756452302904e+01
4.639494491150386035e-01	6.789651435457918183e+01
4.662837569686493211e-01	6.464943595877026894e+01
4.686297338592292361e-01	6.156164393141138902e+01
4.709874364416805625e-01	5.862519199339873666e+01
4.733569216489995624e-01	5.583253484929937116e+01
4.757382466045461666e-01	5.317650773601081227e+01
4.781314686948894832e-01	5.065030698575547774e+01
4.805366455451273722e-01	4.824747178156616201e+01
4.829538350154052861e-01	4.596186673600495709e+01
4.853830952042306190e-01	4.378766532405190759e+01
4.878244844550530535e-01	4.171933425149108388e+01
4.902780613428471268e-01	3.975161856382131020e+01
4.927438846901871505e-01	3.787952751629290304e+01
4.952220135501850251e-01	3.609832118158430347e+01
4.977125072218147595e-01	3.440349773984551973e+01
5.002154252439309223e-01	3.279078140963060406e+01
5.027308273864097288e-01	3.125611096560218627e+01
5.052587736692134568e-01	2.979562894273105300e+01
5.077993243391020206e-01	2.840567122025528946e+01
5.103525398907643451e-01	2.708275733194056656e+01
5.129184810574377584e-01	2.582358110377347415e+01
5.154972088017318876e-01	2.462500185992136181e+01
5.180887843327707243e-01	2.348403606889707618e+01
5.206932690978055556e-01	2.239784938700891814e+01
5.233107247721451305e-01	2.136374910215639034e+01
5.259412132770481252e-01	2.037917700778334407e+01
5.285847967706335249e-01	1.944170262499121193e+01
5.312415376378001319e-01	1.854901669130617492e+01
5.339114985081797604e-01	1.769892512097616333e+01
5.365947422467524097e-01	1.688934309197309602e+01
5.392913319438632502e-01	1.611828970699550467e+01
5.420013309328090001e-01	1.538388258957240673e+01
5.447248027803778259e-01	1.468433300113928297e+01
5.474618112771753031e-01	1.401794110827671602e+01
5.502124204543544783e-01	1.338309152301586380e+01
5.529766945744195583e-01	1.277824903745640839e+01
5.557546981218393078e-01	1.220195460099155405e+01
5.585464958188007811e-01	1.165282148757388114e+01
5.613521526170655029e-01	1.112953166816057404e+01
5.641717336747534839e-01	1.063083235917045499e+01
5.670053044308245305e-01	1.015553274480730117e+01
5.698529304805665108e-01	9.702500872384810293e+00
5.727146776891095525e-01	9.270660706458176747e+00
5.755906121306495482e-01	8.858989313681995270e+00
5.784808001047317960e-01	8.466514199504636906e+00
5.813853081303502757e-01	8.092310812858576341e+00
5.843042029471942067e-01	7.735500129543320114e+00
5.872375515128270829e-01	7.395246353971628217e+00
5.901854209982981825e-01	7.070754792862294025e+00
5.931478787982874534e-01	6.761269789667753827e+00
5.961249925108048631e-01	6.466072769122754416e+00
5.991168299573862432e-01	6.184480399777846138e+00
6.021234591576107853e-01	5.915842822642022547e+00
6.051449483530408902e-01	5.659541996004713305e+00
6.081813659786238224e-01	5.414990106302215445e+00
6.112327806884684245e-01	5.181628063043655530e+00
6.142992613250745082e-01	4.958924059619591596e+00
6.173808769429743881e-01	4.746372235913342230e+00
6.204776967969097834e-01	4.543491412827704856e+00
6.235897903252990426e-01	4.349823773584215125e+00
6.267172271737599942e-01	4.164933810793706392e+00
6.298600771809778065e-01	3.988407165633323093e+00
6.330184103614421298e-01	3.819849593090427042e+00
6.361922969306001985e-01	3.658885963124127283e+00
6.393818072893849846e-01	3.505159318929604861e+00
6.425870120062536772e-01	3.358329975362077224e+00
6.458079818431959884e-01	3.218074666476749446e+00
6.490447877393522580e-01	3.084085739332725229e+00
6.522975007927305224e-01	2.956070375416586682e+00
6.555661922862280333e-01	2.833749869701833735e+00
6.588509336707483177e-01	2.716858928868515211e+00
6.621517965469573275e-01	2.605145011399836452e+00
6.654688526905728763e-01	2.498367705407711803e+00
6.688021740352509958e-01	2.396298129760338735e+00
6.721518326547761824e-01	2.298718368178820359e+00
6.755179007869044350e-01	2.205420930730414231e+00
6.789004508163936080e-01	2.116208244446769804e+00
6.822995552577713063e-01	2.030892172521183703e+00
6.857152867808585794e-01	1.949293541015798992e+00
6.891477181760039539e-01	1.871241706026001816e+00
6.925969223742176606e-01	1.796574148956499029e+00
6.960629724332638713e-01	1.725136063245508167e+00
6.995459415230992350e-01	1.656779986261811777e+00
7.030459029433604456e-01	1.591365441565662620e+00
7.065629300979899829e-01	1.528758598122065937e+00
7.100970965015862557e-01	1.468831948785433106e+00
7.136484757733293494e-01	1.411464001755680764e+00
7.172171416297317137e-01	1.356538989427497732e+00
7.208031678799355912e-01	1.303946591772051189e+00
7.244066284173047432e-01	1.253581670153183225e+00
7.280275972266044837e-01	1.205344022414064797e+00
7.316661483604364191e-01	1.159138136883229864e+00
7.353223559410219101e-01	1.114872971958434711e+00
7.389962941624719228e-01	1.072461740357620652e+00
7.426880372790384266e-01	1.031821699298429929e+00
7.463976595844002970e-01	9.928739619440124509e-01
7.501252354357806906e-01	9.555433085671292126e-01
7.538708392122065449e-01	9.197580135933558498e-01
7.576345453388980689e-01	8.854496736199539697e-01
7.614164282681898932e-01	8.525530536952641292e-01
7.652165624559886803e-01	8.210059318785309923e-01
7.690350223848728684e-01	7.907489569997705470e-01
7.728718825427610684e-01	7.617255127739401832e-01
7.767272173977725069e-01	7.338815840895313025e-01
7.806011014231033496e-01	7.071656376440829117e-01
7.844936090738546808e-01	6.815284962908870758e-01
7.884048147608506696e-01	6.569232507829564360e-01
7.923347928761782510e-01	6.333051084244891715e-01
7.962836177686795081e-01	6.106313355659678255e-01
8.002513637171990712e-01	5.888611394888587647e-01
8.042381049557637551e-01	5.679555809012415413e-01
8.082439156481929787e-01	5.478774868654372465e-01
8.122688698612013924e-01	5.285913667653703296e-01
8.163130415883005364e-01	5.100633338365900826e-01
8.203765047239262032e-01	4.922610301363007923e-01
8.244593330367467887e-01	4.751535543798883210e-01
8.285616001915019346e-01	4.587113938281762171e-01
8.326833797230035472e-01	4.429063428294121585e-01
8.368247450098775797e-01	4.277115090232282979e-01
8.409857692936886231e-01	4.131011511617022625e-01
8.451665256533048565e-01	3.990506928345698978e-01
8.493670869788546574e-01	3.855366515376502656e-01
8.535875259920726599e-01	3.725365879663344315e-01
8.578279152007564079e-01	3.600290576794178965e-01
8.620883269166139673e-01	3.479935651567547250e-01
8.663688332180943252e-01	3.364105199665450852e-01
8.706695059535445314e-01	3.252611950649247907e-01
8.749904167211083328e-01	3.145276870706549266e-01
8.793316368586848730e-01	3.041928784809296293e-01
8.836932374280167535e-01	2.942404015678485862e-01
8.880752891983214603e-01	2.846546041334586663e-01
8.924778626455364128e-01	2.754205168146149352e-01
8.969010279146752973e-01	2.665238218750958787e-01
9.013448548331108867e-01	2.579508236253010844e-01
9.058094128651824617e-01	2.496884201349169607e-01
9.102947711294581135e-01	2.417240762822688571e-01
9.148009983486288244e-01	2.340457981009916311e-01
9.193281628696873264e-01	2.266421083310916906e-01
9.238763326103965889e-01	2.195020231729982452e-01
9.284455750756691605e-01	2.126150299472323313e-01
9.330359573277356988e-01	2.059710660889913780e-01
9.376475459514816979e-01	1.995604988719895667e-01
9.422804070690117273e-01	1.933741061887411516e-01
9.469346063069025154e-01	1.874030582351706997e-01
9.516102087595325054e-01	1.816389000530886921e-01
9.563072790049326199e-01	1.760735348231452224e-01
9.610258810697640541e-01	1.706992079796322836e-01
9.657660783910430036e-01	1.655084920829504869e-01
9.705279338321444182e-01	1.604942723686347272e-01
9.753115096460640565e-01	1.556497329280251973e-01
9.801168674359330701e-01	1.509683436078103069e-01
9.849440681703195422e-01	1.464438474137763624e-01
9.897931721448899323e-01	1.420702486127457254e-01
9.946642389425882635e-01	1.378418012652280200e-01
9.995573274468493308e-01	1.337529983851370174e-01
1.004472495802477994e+00	1.297985614743063787e-01
1.009409801375442894e+00	1.259734306859021380e-01
1.014369300763547921e+00	1.222727552922082683e-01
1.019351049756673566e+00	1.186918846949527456e-01
1.024355103296555658e+00	1.152263597552674046e-01
1.029381515484220078e+00	1.118719046052242538e-01
1.034430339539879729e+00	1.086244187307198600e-01
1.039501627762917213e+00	1.054799695165304224e-01
1.044595431539722785e+00	1.024347850157900780e-01
1.049711801282624535e+00	9.948524715677346808e-02
1.054850786435092225e+00	9.662788512042684574e-02
1.060012435419053656e+00	9.385936916777051775e-02
1.065196795624346882e+00	9.117650460913230559e-02
1.070403913373799698e+00	8.857622610082645231e-02
1.075633833898474112e+00	8.605559218602830407e-02
1.080886601306738637e+00	8.361178007658771894e-02
1.086162258552994864e+00	8.124208067354021789e-02
1.091460847421733771e+00	7.894389374302379636e-02
1.096782408474247905e+00	7.671472339399590390e-02
1.102126981046859910e+00	7.455217370206240757e-02
1.107494603189493665e+00	7.245394451371181543e-02
1.112885311667595856e+00	7.041782743369648379e-02
1.118299141895726656e+00	6.844170203111264728e-02
1.123736127942083884e+00	6.652353213964759537e-02
1.129196302458514101e+00	6.466136234634864421e-02
1.134679696680902961e+00	6.285331463673328456e-02
1.140186340382870034e+00	6.109758516416629454e-02
1.145716261824501370e+00	5.939244117937766271e-02
1.151269487750530285e+00	5.773621802829675964e-02
1.156846043340904240e+00	5.612731636972648208e-02
1.162445952157110884e+00	5.456419940096636501e-02
1.168069236141471512e+00	5.304539028413597646e-02
1.173715915565111123e+00	5.156946963526644334e-02
1.179386008972342248e+00	5.013507311742106815e-02
1.185079533180206646e+00	4.874088914898101754e-02
1.190796503224180736e+00	4.738565667121354824e-02
1.196536932301574430e+00	4.606816306104188213e-02
1.202300831769772316e+00	4.478724207666751750e-02
1.208088211090575292e+00	4.354177188623754163e-02
1.213899077773058055e+00	4.233067322294207374e-02
1.219733437369598494e+00	4.115290757631417246e-02
1.225591293419480809e+00	4.000747544827152474e-02
1.231472647391281816e+00	3.889341470555218727e-02
1.237377498676504928e+00	3.780979897381810118e-02
1.243305844532500037e+00	3.675573613568807602e-02
1.249257680024996153e+00	3.573036681581414492e-02
1.255232998018557922e+00	3.473286300178122371e-02
1.261231789119388269e+00	3.376242669240522160e-02
1.267254041618218086e+00	3.281828857024106372e-02
1.273299741481413561e+00	3.189970678243481822e-02
1.279368872273079161e+00	3.100596571524862413e-02
1.285461415143650310e+00	3.013637487785776614e-02
1.291577348760620358e+00	2.929026777075836516e-02
1.297716649280732604e+00	2.846700085360021060e-02
1.303879290303801008e+00	2.766595251232253569e-02
1.310065242821921050e+00	2.688652210902690159e-02
1.316274475179768144e+00	2.612812902945027896e-02
1.322506953037924760e+00	2.539021182238940244e-02
1.328762639312245808e+00	2.467222732769754068e-02
1.335041494135647211e+00	2.397364987147601254e-02
1.341343474826898863e+00	2.329397049102186965e-02
1.347668535816780588e+00	2.263269617988575982e-02
1.354016628636966590e+00	2.198934920399811185e-02
1.360387701838491115e+00	2.136346639407896153e-02
1.366781700978814573e+00	2.075459852788155701e-02
1.373198568563706923e+00	2.016230969976451001e-02
1.379638243983404511e+00	1.958617674758214577e-02
1.386100663506229846e+00	1.902578868941039517e-02
1.392585760188512323e+00	1.848074619587808387e-02
1.399093463867700171e+00	1.795066109889769182e-02
1.405623701101545775e+00	1.743515589530868909e-02
1.412176395104042248e+00	1.693386332102266370e-02
1.418751465735727857e+00	1.644642590134191493e-02
1.425348829439690768e+00	1.597249556289898065e-02
1.431968399179754714e+00	1.551173324209626989e-02
1.438610084435036018e+00	1.506380853099650342e-02
1.445273791128266261e+00	1.462839932776329073e-02
1.451959421576237919e+00	1.420519152462394394e-02
1.458666874466900687e+00	1.379387870180344595e-02
1.465396044808954024e+00	1.339416183840382545e-02
1.472146823884524780e+00	1.300574904955576448e-02
1.478919099189913267e+00	1.262835533330356787e-02
1.485712754434964644e+00	1.226170233613419966e-02
1.492527669467507367e+00	1.190551812382458462e-02
1.499363720231059682e+00	1.155953698048910530e-02
1.506220778745669175e+00	1.122349920994976900e-02
1.513098713059187972e+00	1.089715095121852363e-02
1.519997387190796134e+00	1.058024400880080637e-02
1.526916661123393970e+00	1.027253569494127744e-02
1.533856390720865548e+00	9.973788669399078627e-03
1.540816427750351991e+00	9.683770807039382769e-03
1.547796619788210704e+00	9.402255064930548772e-03
1.554796810218427305e+00	9.129019349655369264e-03
1.561816838178777367e+00	8.863846410271049650e-03
1.568856538551854030e+00	8.606523722581178523e-03
1.575915741893038957e+00	8.356843388024084301e-03
1.582994274444117888e+00	8.114602037878062071e-03
1.590091958063125421e+00	7.879600735230744835e-03
1.597208610208572299e+00	7.651644895682670373e-03
1.604344043927055319e+00	7.430544202961834703e-03
1.611498067797006550e+00	7.216112521615859234e-03
1.618670485917568902e+00	7.008167838408099933e-03
1.625861097889743423e+00	6.806532173382262227e-03
1.633069698778631507e+00	6.611031529494094255e-03
1.640296079096812409e+00	6.421495809393834228e-03
1.647540024791434909e+00	6.237758760553366311e-03
1.654801317213249856e+00	6.059657919559649324e-03
1.662079733085396471e+00	5.887034533170527884e-03
1.669375044537374952e+00	5.719733524428391620e-03
1.676687019044010185e+00	5.557603415656573766e-03
1.684015419401295288e+00	5.400496283450247070e-03
1.691360003781832821e+00	5.248267699783808193e-03
1.698720525663568237e+00	5.100776678379899572e-03
1.706096733821845124e+00	4.957885620005267162e-03
1.713488372380510771e+00	4.819460260596162941e-03
1.720895180758365228e+00	4.685369619657472028e-03
1.728316893657383613e+00	4.555485944950426677e-03
1.735753241117516943e+00	4.429684663666805244e-03
1.743203948482354271e+00	4.307844324013911964e-03
1.750668736376292278e+00	4.189846549911501426e-03
1.758147320784416712e+00	4.075575987569485074e-03
1.765639412999743918e+00	3.964920247020626426e-03
1.773144719648009016e+00	3.857769862259117881e-03
1.780662942719469566e+00	3.754018225153603686e-03
1.788193779571018105e+00	3.653561542863093068e-03
1.795736922925490697e+00	3.556298782659558962e-03
1.803292060933692431e+00	3.462131622118881386e-03
1.810858877167273118e+00	3.370964388058999596e-03
1.818437050638002983e+00	3.282704017753454093e-03
1.826026255851824764e+00	3.197259992830760785e-03
1.833626162821795802e+00	3.114544298674056313e-03
1.841236437095520539e+00	3.034471363267528862e-03
1.848856739809569660e+00	2.956958011401863377e-03
1.856486727704666828e+00	2.881923407850827540e-03
1.864126053176436759e+00	2.809289006330903653e-03
1.871774364339482855e+00	2.738978503659705941e-03
1.879431305023563814e+00	2.670917777113807848e-03
1.887096514853960461e+00	2.605034844813983522e-03
1.894769629331360505e+00	2.541259804554605803e-03
1.902450279805461220e+00	2.479524792586639860e-03
1.910138093613653831e+00	2.419763923600375122e-03
1.917832694099416146e+00	2.361913249542692272e-03
1.925533700648814239e+00	2.305910705855374141e-03
1.933240728835037503e+00	2.251696061329407344e-03
1.940953390399286604e+00	2.199210871556710970e-03
1.948671293361965651e+00	2.148398432605301122e-03
1.956394042105750408e+00	2.099203729441645547e-03
1.964121237428083422e+00	2.051573392278846671e-03
1.971852476611584803e+00	2.005455650245279234e-03
1.979587353531470528e+00	1.960800285150541590e-03
1.987325458746343143e+00	1.917558585238024688e-03
1.995066379527616451e+00	1.875683305040485227e-03
2.002809699994414494e+00	1.835128618593285859e-03
2.010555001227825933e+00	1.795850077915798907e-03
2.018301861281019072e+00	1.757804573117307048e-03
2.026049855345402051e+00	1.720950288202655488e-03
2.033798555857624812e+00	1.685246664137860645e-03
2.041547532519460972e+00	1.650654360289902610e-03
2.049296352481038141e+00	1.617135212020925569e-03
2.057044580434844061e+00	1.584652196477710166e-03
2.064791778665159505e+00	1.553169398010821427e-03
2.072537507236765997e+00	1.522651970539539443e-03
2.080281324064622961e+00	1.493066101377441088e-03
2.088022784998256220e+00	1.464378984201402138e-03
2.095761444029175191e+00	1.436558780400364011e-03
2.103496853316181969e+00	1.409574592814698182e-03
2.111228563346714715e+00	1.383396432283847668e-03
2.118956123077476494e+00	1.357995191422502711e-03
2.126679080019936219e+00	1.333342614668202569e-03
2.134396980372934127e+00	1.309411274161935467e-03
2.142109369186158130e+00	1.286174541975727923e-03
2.149815790453564190e+00	1.263606567324829493e-03
2.157515787227838988e+00	1.241682253231105818e-03
2.165208901821158882e+00	1.220377234033701410e-03
2.172894675861987590e+00	1.199667854469540227e-03
2.180572650473603602e+00	1.179531151803085015e-03
2.188242366391431659e+00	1.159944835234342619e-03
2.195903364117093304e+00	1.140887269635998359e-03
2.203555184025198788e+00	1.122337460620085204e-03
2.211197366552365651e+00	1.104275036692056126e-03
2.218829452268690883e+00	1.086680237440233732e-03
2.226450982065627304e+00	1.069533901386416578e-03
2.234061497308188482e+00	1.052817451151928695e-03
2.241660539909820393e+00	1.036512885214971487e-03
2.249247652532615049e+00	1.020602766851298401e-03
2.256822378727027623e+00	1.005070216674340848e-03
2.264384263034389111e+00	9.898989016761377407e-04
2.271932851136496900e+00	9.750730298945782613e-04
2.279467690058402773e+00	9.605773426424109741e-04
2.286988328222307132e+00	9.463971088031817138e-04
2.294494315621931513e+00	9.325181189361290849e-04
2.301985204007886754e+00	9.189266795216094767e-04
2.309460546946786152e+00	9.056096088092647567e-04
2.316919900011597644e+00	8.925542313095071855e-04
2.324362820940074847e+00	8.797483751041268712e-04
2.331788869697074329e+00	8.671803648077365924e-04
2.339197608675310125e+00	8.548390202596926109e-04
2.346588602836098048e+00	8.427136468824344799e-04
2.353961419776569919e+00	8.307940375790715155e-04
2.361315629929017224e+00	8.190704611777718368e-04
2.368650806680964838e+00	8.075336633315948745e-04
2.375966526489535546e+00	7.961748534749170120e-04
2.383262368981111212e+00	7.849857055149427791e-04
2.390537917173528371e+00	7.739583464476053505e-04
2.397792757500755378e+00	7.630853495509025896e-04
2.405026479987876442e+00	7.523597265372442911e-04
2.412238678369564404e+00	7.417749209644900572e-04
2.419428950206817142e+00	7.313247942005757403e-04
2.426596896989970276e+00	7.210036180278150226e-04
2.433742124277303187e+00	7.108060630526839754e-04
2.440864241802040091e+00	7.007271880981181915e-04
2.447962863569684622e+00	6.907624258878593054e-04
2.455037607996018334e+00	6.809075711107914894e-04
2.462088097964239441e+00	6.711587670604179370e-04
2.469113961003956081e+00	6.615124921067759610e-04
2.476114829315146260e+00	6.519655437863166583e-04
2.483090339922637391e+00	6.425150250684598646e-04
2.490040134727645516e+00	6.331583286302761883e-04
2.496963860662007484e+00	6.238931212023269678e-04
2.503861169702241707e+00	6.147173291141182043e-04
2.510731719029732467e+00	6.056291218491553297e-04
2.517575171071835705e+00	5.966268952258718975e-04
2.524391193576997150e+00	5.877092576248928342e-04
2.531179459740760862e+00	5.788750137676583083e-04
2.537939648249228686e+00	5.701231485879521260e-04
2.544671443327932714e+00	5.614528145566118761e-04
2.551374534872844713e+00	5.528633143072375807e-04
2.558048618475282865e+00	5.443540894885621085e-04
2.564693395478128579e+00	5.359247034034076915e-04
2.571308573081917626e+00	5.275748327217142297e-04
2.577893864353526077e+00	5.193042509610233930e-04
2.584448988283419180e+00	5.111128177819350329e-04
2.590973669900831666e+00	5.030004688855981834e-04
2.597467640243115827e+00	4.949672030234436712e-04
2.603930636409661492e+00	4.870130753129864321e-04
2.610362401677440936e+00	4.791381835114890916e-04
2.616762685455773951e+00	4.713426646853791395e-04
2.623131243331767948e+00	4.636266836555482111e-04
2.629467837168965261e+00	4.559904260065080948e-04
2.635772235068111868e+00	4.484340922746962894e-04
2.642044211386478381e+00	4.409578918912677222e-04
2.648283546834367730e+00	4.335620373366595552e-04
2.654490028431186310e+00	4.262467403054408894e-04
2.660663449505230815e+00	4.190122052803076373e-04
2.666803609788520824e+00	4.118586262391223801e-04
2.672910315354882105e+00	4.047861873621916491e-04
2.678983378640146462e+00	3.977950521789960911e-04
2.685022618470408240e+00	3.908853683762898083e-04
2.691027860050053455e+00	3.840572617064952734e-04
2.696998934936426728e+00	3.773108355378886644e-04
2.702935681081352293e+00	3.706461686349909828e-04
2.708837942790504272e+00	3.640633139727807990e-04
2.714705570708670912e+00	3.575622997145339152e-04
2.720538421835366538e+00	3.511431252871926711e-04
2.726336359488441996e+00	3.448057620236526233e-04
2.732099253281527140e+00	3.385501550346966854e-04
2.737826979124862170e+00	3.323762202168517566e-04
2.743519419175082685e+00	3.262838450128531672e-04
2.749176461821848605e+00	3.202728881342171833e-04
2.754798001681241892e+00	3.143431816432353063e-04
2.760383939513180174e+00	3.084945276415742362e-04
2.765934182221139626e+00	3.027267038538919604e-04
2.771448642847170074e+00	2.970394587170288527e-04
2.776927240459756252e+00	2.914325147748320793e-04
2.782369900155949427e+00	2.859055683038659698e-04
2.787776553063150420e+00	2.804582909118288371e-04
2.793147136184280122e+00	2.750903296682577774e-04
2.798481592474471480e+00	2.698013051903141155e-04
2.803779870699998789e+00	2.645908177008646873e-04
2.809041925427055997e+00	2.594584435386809436e-04
2.814267716981400103e+00	2.544037357888486828e-04
2.819457211380091088e+00	2.494262283022797167e-04
2.824610380250823116e+00	2.445254334719269124e-04
2.829727200821237521e+00	2.397008435865984695e-04
2.834807655858585296e+00	2.349519311853679165e-04
2.839851733555805779e+00	2.302781519490214464e-04
2.844859427517259842e+00	2.256789446317980388e-04
2.849830736719526136e+00	2.211537272738732334e-04
2.854765665364054961e+00	2.167019073937660799e-04
2.859664222883432139e+00	2.123228733445059577e-04
2.864526423882675310e+00	2.080159992020847674e-04
2.869352287992388728e+00	2.037806471380131026e-04
2.874141839879337912e+00	1.996161651649388353e-04
2.878895109167272981e+00	1.955218880473723331e-04
2.883612130306763000e+00	1.914971402136754952e-04
2.888292942583674972e+00	1.875412351168459404e-04
2.892937590005674409e+00	1.836534751606040444e-04
2.897546121198025126e+00	1.798331534841509911e-04
2.902118589423131834e+00	1.760795558075369503e-04
2.906655052412361329e+00	1.723919567788894161e-04
2.911155572332930763e+00	1.687696263043433041e-04
2.915620215732221965e+00	1.652118259176470053e-04
2.920049053422979490e+00	1.617178108505439591e-04
2.924442160414478131e+00	1.582868318613891480e-04
2.928799615873332485e+00	1.549181338108223500e-04
2.933121503010897690e+00	1.516109567091009319e-04
2.937407908990161243e+00	1.483645374012032949e-04
2.941658924925261154e+00	1.451781097396342209e-04
2.945874645696539229e+00	1.420509042059745093e-04
2.950055169979014291e+00	1.389821479939338177e-04
2.954200600084403217e+00	1.359710700525948587e-04
2.958311041936212415e+00	1.330168939021592045e-04
2.962386604950681956e+00	1.301188454443886816e-04
2.966427402012862924e+00	1.272761485309110464e-04
2.970433549332640144e+00	1.244880286802033857e-04
2.974405166414140655e+00	1.217537109954435485e-04
2.978342375990859381e+00	1.190724214576924906e-04
2.982245303886731591e+00	1.164433892720374250e-04
2.986114078994238863e+00	1.138658427872244708e-04
2.989948833200282152e+00	1.113390156545201461e-04
2.993749701270115526e+00	1.088621417574193632e-04
2.997516820779796642e+00	1.064344601846913696e-04
3.001250332104492102e+00	1.040552108979685147e-04
3.004950378255167642e+00	1.017236395694733791e-04
3.008617104837844280e+00	9.943899497872459318e-05
3.012250660019404336e+00	9.720052971225335420e-05
3.015851194404281177e+00	9.500750279408465358e-05
3.019418860950793260e+00	9.285917515028370786e-05
3.022953814980665843e+00	9.075481531106519429e-05
3.026456214001287837e+00	8.869369619282165310e-05
3.029926217704760116e+00	8.667509707966733631e-05
3.033363987902036651e+00	8.469830102502834423e-05
3.036769688386411925e+00	8.276259968898761409e-05
3.040143484929805684e+00	8.086728897857361109e-05
3.043485545201199738e+00	7.901167118767316846e-05
3.046796038685559260e+00	7.719505635805295823e-05
3.050075136584111668e+00	7.541676072273854306e-05
3.053323011844170320e+00	7.367610721731871338e-05
3.056539838992025970e+00	7.197242598455282959e-05
3.059725794118905995e+00	7.030505418329771258e-05
3.062881054813659798e+00	6.867333521376043400e-05
3.066005800097351575e+00	6.707662165870271163e-05
3.069100210335677481e+00	6.551427219104204093e-05
3.072164467220702466e+00	6.398565412199915198e-05
3.075198753681954500e+00	6.249014031462289643e-05
3.078203253822829222e+00	6.102711428804151125e-05
3.081178152888086164e+00	5.959596437362298533e-05
3.084123637155868902e+00	5.819608902807081412e-05
3.087039893954681258e+00	5.682689297095045334e-05
3.089927111529430448e+00	5.548778953411437613e-05
3.092785479036927132e+00	5.417819955432604819e-05
3.095615186464245383e+00	5.289755286360704615e-05
3.098416424599570895e+00	5.164528545787803614e-05
3.101189384945607141e+00	5.042084285370966584e-05
3.103934259682946895e+00	4.922367771532016906e-05
3.106651241654962980e+00	4.805325153721328141e-05
3.109340524233941139e+00	4.690903312611625128e-05
3.112002301355778933e+00	4.579049865678993950e-05
3.114636767431288256e+00	4.469713363307407781e-05
3.117244117269514447e+00	4.362843054850489856e-05
3.119824546113988184e+00	4.258389032747523969e-05
3.122378249509044856e+00	4.156302132947817019e-05
3.124905423292844819e+00	4.056534000981980759e-05
3.127406263575125855e+00	3.959037023511457830e-05
3.129880966649237539e+00	3.863764420902612650e-05
3.132329728953334502e+00	3.770670176960961483e-05
3.134752747092304670e+00	3.679708966497984116e-05
3.137150217713183142e+00	3.590836371358840408e-05
3.139522337486344128e+00	3.504008529773997780e-05
3.141869303127028168e+00	3.419182510375611694e-05
3.144191311280338574e+00	3.336316047469117184e-05
3.146488558502622102e+00	3.255367618724771969e-05
3.148761241245358722e+00	3.176296373268065954e-05
3.151009555837702258e+00	3.099062358335854048e-05
3.153233698362453374e+00	3.023626162572206648e-05
3.155433864736589378e+00	2.949949125873326081e-05
3.157610250599832025e+00	2.877993298167136132e-05
3.159763051280939372e+00	2.807721539984966546e-05
3.161892461831168788e+00	2.739097165037568819e-05
3.163998676929899556e+00	2.672084355064204572e-05
3.166081890864860249e+00	2.606647923035603214e-05
3.168142297527548390e+00	2.542753278698901536e-05
3.170180090373568405e+00	2.480366545059781641e-05
3.172195462357050300e+00	2.419454507027725632e-05
3.174188605977621869e+00	2.359984578256131606e-05
3.176159713192665546e+00	2.301924689326296936e-05
3.178108975400993241e+00	2.245243570712458287e-05
3.180036583443278886e+00	2.189910449588301067e-05
3.181942727557310224e+00	2.135895194978306084e-05
3.183827597349957017e+00	2.083168269501182413e-05
3.185691381795898725e+00	2.031700720559040846e-05
3.187534269188456726e+00	1.981464178627277060e-05
3.189356447131006522e+00	1.932430794839736627e-05
3.191158102537191343e+00	1.884573404271415494e-05
3.192939421559360724e+00	1.837865243370180029e-05
3.194700589601859431e+00	1.792280194405112523e-05
3.196441791331352977e+00	1.747792672913828560e-05
3.198163210585945659e+00	1.704377544566597791e-05
3.199865030397163412e+00	1.662010236934538862e-05
3.201547433017338573e+00	1.620666736845544748e-05
3.203210599793322455e+00	1.580323503861247512e-05
3.204854711270726852e+00	1.540957418644606786e-05
3.206479947086867455e+00	1.502545948821192507e-05
3.208086486003901783e+00	1.465066980930092819e-05
3.209674505858331361e+00	1.428498888270346820e-05
3.211244183618866099e+00	1.392820482336779624e-05
3.212795695285290964e+00	1.358011031520165064e-05
3.214329215908628523e+00	1.324050328139863578e-05
3.215844919625195697e+00	1.290918456250021923e-05
3.217342979563216687e+00	1.258596025932475435e-05
3.218823567882235892e+00	1.227064080788027581e-05
3.220286855786237190e+00	1.196304046935820834e-05
3.221733013430275516e+00	1.166297693376917627e-05
3.223162209981028870e+00	1.137027286191809639e-05
3.224574613614757723e+00	1.108475433833183226e-05
3.225970391429939355e+00	1.080625154048435563e-05
3.227349709516127874e+00	1.053459802369962469e-05
3.228712732936488194e+00	1.026963107212661613e-05
3.230059625661059197e+00	1.001119203513597333e-05
3.231390550637686321e+00	9.759125236329669394e-06
3.232705669744426302e+00	9.513278506738594728e-06
3.234005143753558187e+00	9.273504145431184158e-06
3.235289132408093238e+00	9.039656340992561307e-06
3.236557794335197524e+00	8.811593138625606610e-06
3.237811287097370538e+00	8.589176050175417995e-06
3.239049767144181136e+00	8.372269355806729620e-06
3.240273389844298357e+00	8.160740619564808054e-06
3.241482309444354559e+00	7.954460051653622991e-06
3.242676679114126159e+00	7.753301677679126452e-06
3.243856650906179251e+00	7.557141445411106091e-06
3.245022375736541509e+00	7.365858670148207329e-06
3.246174003458230928e+00	7.179335187963515940e-06
3.247311682751524486e+00	6.997455607828390525e-06
3.248435561227419832e+00	6.820107951820223376e-06
3.249545785343026960e+00	6.647181339104677849e-06
3.250642500463475582e+00	6.478568611126412746e-06
3.251725850797791306e+00	6.314164913618852147e-06
3.252795979472427934e+00	6.153867486503499750e-06
3.253853028453455476e+00	5.997576314870241039e-06
3.254897138597537154e+00	5.845193042184588301e-06
3.255928449651520395e+00	5.696622955674222302e-06
3.256947100214294011e+00	5.551772035319951693e-06
3.257953227768382476e+00	5.410549563819776719e-06
3.258946968693884116e+00	5.272866542666072745e-06
3.259928458227947967e+00	5.138635954482099815e-06
3.260897830472706538e+00	5.007773008512906469e-06
3.261855218460614214e+00	4.880195231188284886e-06
3.262800754067421760e+00	4.755820947866542789e-06
3.263734568048012097e+00	4.634572044685875907e-06
3.264656790077021586e+00	4.516371204935675596e-06
3.265567548702413614e+00	4.401143232268640105e-06
3.266466971333479741e+00	4.288814584662739634e-06
3.267355184331884654e+00	4.179313366895370941e-06
3.268232312903224912e+00	4.072570157901004866e-06
3.269098481169566472e+00	3.968516145030282918e-06
3.269953812172285978e+00	3.867085083638612012e-06
3.270798427847553924e+00	3.768211802356390400e-06
3.271632449014551636e+00	3.671832411403412235e-06
3.272455995446627242e+00	3.577885548422310473e-06
3.273269185821876093e+00	3.486310290804933115e-06
3.274072137702126017e+00	3.397048113323787005e-06
3.274864967633090984e+00	3.310041123744659125e-06
3.275647791047729296e+00	3.225232934710953171e-06
3.276420722320396273e+00	3.142569057903995571e-06
3.277183874768909266e+00	3.061995871446020471e-06
3.277937360656820065e+00	2.983460994998728569e-06
3.278681291172763412e+00	2.906914114042240073e-06
3.279415776479093658e+00	2.832304832824934839e-06
3.280140925688372455e+00	2.759585016854289137e-06
3.280856846865370269e+00	2.688707194451559860e-06
3.281563647058504785e+00	2.619625327268805431e-06
3.282261432258253286e+00	2.552294745000695414e-06
3.282950307464785666e+00	2.486670896078214744e-06
3.283630376640027659e+00	2.422711302730148149e-06
3.284301742740848962e+00	2.360374122896799762e-06
3.284964507709673409e+00	2.299618553096400224e-06
3.285618772502276297e+00	2.240404872029077439e-06
3.286264637063364358e+00	2.182694309673571908e-06
3.286902200341563773e+00	2.126448992009601472e-06
3.287531560338167402e+00	2.071632068793164259e-06
3.288152814026905624e+00	2.018207546551431217e-06
3.288766057444590718e+00	1.966140259391008344e-06
3.289371385657586799e+00	1.915396154874018713e-06
3.289968892739763007e+00	1.865941534767249747e-06
3.290558671860798423e+00	1.817744050992569616e-06
3.291140815206492043e+00	1.770771951559370662e-06
3.291715414022097885e+00	1.724994432007725073e-06
3.292282558641791645e+00	1.680380734203048229e-06
3.292842338450346684e+00	1.636901921814080646e-06
3.293394841893610092e+00	1.594529120049326020e-06
3.293940156548559539e+00	1.553234216852094432e-06
3.294478369046637045e+00	1.512989950902215795e-06
3.295009565101627569e+00	1.473769847926914899e-06
3.295533829575579166e+00	1.435547775556945804e-06
3.296051246412241564e+00	1.398298422422562517e-06
3.296561898659079226e+00	1.361997107468563414e-06
3.297065868496725560e+00	1.326619837727159780e-06
3.297563237263261282e+00	1.292142945327645173e-06
3.298054085379607869e+00	1.258543794248331787e-06
3.298538492435934000e+00	1.225799823156794346e-06
3.299016537189758402e+00	1.193889382998031751e-06
3.299488297502945144e+00	1.162791299752309252e-06
3.299953850447710391e+00	1.132484745231570120e-06
3.300413272243691853e+00	1.102949711914031636e-06
3.300866638275314902e+00	1.074166393473254865e-06
3.301314023123293584e+00	1.046115653918226868e-06
3.301755500560569878e+00	1.018778905364230222e-06
3.302191143521990835e+00	9.921379499273671536e-07
3.302621024184646981e+00	9.661747859902086951e-07
3.303045213914163281e+00	9.408721074772287389e-07
3.303463783280578436e+00	9.162133561394916830e-07
3.303876802090757625e+00	8.921818224594095254e-07
3.304284339374765178e+00	8.682435061254766653e-07
3.304686463388446960e+00	8.454316085751061258e-07
3.305083241641492364e+00	8.231996809704454525e-07
3.305474740878132422e+00	8.015328672725990008e-07
3.305861027095937210e+00	7.804166708055542601e-07
3.306242165574227787e+00	7.598369608074841752e-07
3.306618220829598442e+00	7.397799833084468514e-07
3.306989256655404219e+00	7.202323058321672889e-07
3.307355336157538073e+00	7.011808285514362052e-07
3.307716521688902400e+00	6.826128136248760402e-07
3.308072874896092586e+00	6.645158176640939914e-07
3.308424456769545774e+00	6.468776993116203481e-07
3.308771327550278141e+00	6.296866578330977388e-07
3.309113546811965456e+00	6.127899462453180389e-07
3.309451173464186713e+00	5.964624651469139773e-07
3.309784265718591190e+00	5.805482542364556130e-07
3.310112881103512539e+00	5.650366375671751798e-07
3.310437076532797285e+00	5.499171881966399764e-07
3.310756908224442796e+00	5.351797755185457184e-07
3.311072431740058164e+00	5.208145103488914594e-07
3.311383702036693855e+00	5.068117352539952871e-07
3.311690773392237830e+00	4.931620611528904152e-07
3.311993699461916574e+00	4.798563141484599740e-07
3.312292533306981035e+00	4.668855458649229778e-07
3.312587327320461128e+00	4.542410590160114636e-07
3.312878133301297101e+00	4.419143455080460239e-07
3.313165002468029474e+00	4.297528276522143946e-07
3.313447985386954286e+00	4.180407723878617842e-07
3.313727132054689495e+00	4.066221459937856104e-07
3.314002491894820768e+00	3.954892573200901057e-07
3.314274113712246894e+00	3.846346308708512861e-07
3.314542045739510723e+00	3.740509521778747518e-07
3.314806335675932747e+00	3.637310860302113994e-07
3.315067030590189923e+00	3.536680927744481831e-07
3.315324177044457699e+00	3.438551852856396404e-07
3.315577821012310800e+00	3.342857426191474383e-07
3.315828007940751387e+00	3.249533109077282026e-07
3.316074782711783797e+00	3.158515917652952872e-07
3.316318189684789974e+00	3.069744420105702516e-07
3.316558272664923201e+00	2.981692633117652488e-07
3.316795074957365141e+00	2.897271940329186913e-07
3.317028639335628526e+00	2.814920182001836667e-07
3.317259008031624656e+00	2.734581587143877499e-07
3.317486222814122421e+00	2.656201603310209690e-07
3.317710324892396923e+00	2.579727043099198675e-07
3.317931355021243256e+00	2.505105874599291988e-07
3.318149353426938397e+00	2.432287247126692938e-07
3.318364359874036218e+00	2.361221506649316797e-07
3.318576413608597342e+00	2.291860060855525977e-07
3.318785553437366254e+00	2.224155357363705861e-07
3.318991817655739140e+00	2.158060957984874980e-07
3.319195244103958942e+00	2.093531312830543043e-07
3.319395870172137109e+00	2.030521789358831775e-07
3.319593732766435323e+00	1.967542855783096976e-07
3.319788868348020117e+00	1.907480954796005457e-07
3.319981312939882745e+00	1.848809643129531321e-07
3.320171102111726391e+00	1.791487772247575158e-07
3.320358270970916070e+00	1.735474811495978604e-07
3.320542854240946085e+00	1.680730782096566594e-07
3.320724886176175339e+00	1.627216532935393785e-07
3.320904400600402262e+00	1.574893404202570685e-07
3.321081430949863744e+00	1.523723068914512833e-07
3.321256010229804545e+00	1.473667848404269201e-07
3.321428171004294772e+00	1.424690395725991024e-07
3.321597945482578584e+00	1.376753466796406333e-07
3.321765365446255558e+00	1.329820230124838065e-07
3.321930462255362926e+00	1.282392970891565768e-07
3.322093266921583687e+00	1.237394554984590933e-07
3.322253810049062395e+00	1.193288400875795254e-07
3.322412121832005738e+00	1.150037471102599702e-07
3.322568232125194587e+00	1.107604156782832753e-07
3.322722170396264829e+00	1.065950442068879397e-07
3.322873965704820520e+00	1.025037526012841017e-07
3.323023646802040876e+00	9.848254178622344455e-08
3.323171242035008799e+00	9.452729327512184744e-08
3.323316779400391940e+00	9.063371849506742349e-08
3.323460286545883324e+00	8.679730556613761900e-08
3.323601790772386710e+00	8.301328235402772449e-08
3.323741319010602879e+00	7.927653870428535073e-08
3.323878897879603223e+00	7.558153247600364226e-08
3.324014553642562042e+00	7.192219288261597625e-08
3.324148312219225243e+00	6.829176386211385360e-08
3.324280199220940979e+00	6.468260215983580182e-08
3.324410239916217424e+00	6.108592389492031935e-08
3.324538459252141198e+00	5.749142788133989479e-08
3.324664881858143684e+00	5.388676260712821749e-08
3.324789532049836627e+00	5.025675227963434688e-08
3.324912433820895075e+00	4.658220165931132937e-08
3.325033610881344970e+00	4.283800211709145581e-08
3.325153086605917796e+00	3.898994139399215238e-08
3.325270884072398569e+00	3.498890802606676426e-08
3.325387026095010246e+00	3.075945004731896176e-08
3.325501535144836041e+00	2.617391877896921805e-08
3.325614433437682038e+00	2.098147827092932600e-08
3.325725742898090420e+00	1.452761122780416050e-08
3.325835485135142822e+00	0.000000000000000000e+00
