# Data associated with arXiv:2208.14002
# 
# Scale-free J-factor angular distribution, J_S(theta), of a nfw1-7rhos4e4_truncated dark matter distribution (see Eq. 2.4 and the surrounding discussion)
# 
# Published: 8/25/22, Jack Runburg and Kenny Kiriu, contact: runburg@hawaii.edu
# 
# 
# -----------------------------------------------------------------
# 
# 	 tilde theta 		 | 	 tilde J s-wave 		 | 	 tilde J p-wave 		 | 	 tilde J d-wave 		 | 	 tilde J sommerfeld 
# 
# -----------------------------------------------------------------
1.000000000000000021e-03	1.641077215203499756e+12	8.146880669986602783e+11	3.232669080420056641e+12	4.078678217309501953e+12
1.021192151037671062e-03	1.600322548594729248e+12	7.998469754476866455e+11	3.197649872698186523e+12	3.967118605726962891e+12
1.042833409340945643e-03	1.558784629590862305e+12	7.846980851777402344e+11	3.161839998349355469e+12	3.853479407990473145e+12
1.064933292458827233e-03	1.516484620122260010e+12	7.692465043446304932e+11	3.125244237356047852e+12	3.737826083156782227e+12
1.087501519637659123e-03	1.473448859948958008e+12	7.534989243184281006e+11	3.087870377030851074e+12	3.620239106401572754e+12
1.110548016095517111e-03	1.429709625617463379e+12	7.374638885204215088e+11	3.049729664281131348e+12	3.500816168779683105e+12
1.134082917387199208e-03	1.385306030684616699e+12	7.211520497449604492e+11	3.010837339748447754e+12	3.379674789943380859e+12
1.158116573861711456e-03	1.340285112372523193e+12	7.045765107015144043e+11	2.971213275941059570e+12	3.256955475335608887e+12
1.182659555214217667e-03	1.294703154078077637e+12	6.877532308055164795e+11	2.930882750231025391e+12	3.132825564865609375e+12
1.207722655134462354e-03	1.248627334199209961e+12	6.707015307030364990e+11	2.889877397341311035e+12	3.007484038473499023e+12
1.233316896053688856e-03	1.202137819160826904e+12	6.534447297305303955e+11	2.848236408050979004e+12	2.881167627620030762e+12
1.259453533992170365e-03	1.155330502561731445e+12	6.360109761643541260e+11	2.806008078736358398e+12	2.754158827735080566e+12
1.286144063509461061e-03	1.108320717086676758e+12	6.184343559249035645e+11	2.763251885132833984e+12	2.626796779667359863e+12
1.313400222759557485e-03	1.061248512442224854e+12	6.007565009868957520e+11	2.720041386850609375e+12	2.499492775495804199e+12
1.341233998653187541e-03	1.014286657213009766e+12	5.830289234250997314e+11	2.676468581679561035e+12	2.372753825799224609e+12
1.369657632129505243e-03	9.676541615700451660e+11	5.653169935841685791e+11	2.632651054983363770e+12	2.247222550632103027e+12
1.398683623539492566e-03	9.216425751126933594e+11	5.477076508914343872e+11	2.588745827596461426e+12	2.123755024551816406e+12
1.428324738143458596e-03	8.766902629128781738e+11	5.303306827002703247e+11	2.544987127679782715e+12	2.003640824144572021e+12
1.458594011725036863e-03	8.336422534793992920e+11	5.134330984683654175e+11	2.501817641199988770e+12	1.889374221312532959e+12
1.489504756324154782e-03	7.927251515673182373e+11	4.970931910556439819e+11	2.459389820886457520e+12	1.781625168267825195e+12
1.521070566091505720e-03	7.538305500939562988e+11	4.812895963297637329e+11	2.417687644992924805e+12	1.680017187064079346e+12
1.553305323267072666e-03	7.168247320361700439e+11	4.659958447056313477e+11	2.376681512793919434e+12	1.584114053326212891e+12
1.586223204285366938e-03	6.816264826948188477e+11	4.511963100721725464e+11	2.336363029939393555e+12	1.493630258200288086e+12
1.619838686010041055e-03	6.481712899117520752e+11	4.368831868289364014e+11	2.296736019885236328e+12	1.408326610986118408e+12
1.654166552100628336e-03	6.163687346284982910e+11	4.230380637667406616e+11	2.257784809129848633e+12	1.327896571754113037e+12
1.689221899514206692e-03	5.861106985114105225e+11	4.096369070355454712e+11	2.219481101384775879e+12	1.251992378869091309e+12
1.725020145144853453e-03	5.573308319833912354e+11	3.966677552973992310e+11	2.181819319882982666e+12	1.180382012874516113e+12
1.761577032603788440e-03	5.299767415165690918e+11	3.841224751197009888e+11	2.144801049769745850e+12	1.112877901689375732e+12
1.798908639143220224e-03	5.039730743762646484e+11	3.719861303200477905e+11	2.108412785850314209e+12	1.049240927063571655e+12
1.837031382726912916e-03	4.792324104718491821e+11	3.602366855600037231e+11	2.072627337448988525e+12	9.891800940057860107e+11
1.875962029250603357e-03	4.557005465082615356e+11	3.488653626202977295e+11	2.037441275251851318e+12	9.325323682434425049e+11
1.915717699915417882e-03	4.333349194775491943e+11	3.378636265605244141e+11	2.002854459294187988e+12	8.791333069176618652e+11
1.956315878757565116e-03	4.120727747498083496e+11	3.272190495533355103e+11	1.968854893502251709e+12	8.287950188491557617e+11
1.997774420337589726e-03	3.918434290547407837e+11	3.169123382293411865e+11	1.935417145361922119e+12	7.812942613918679199e+11
2.040111557592579582e-03	3.726026025284576416e+11	3.069361017922441406e+11	1.902538402797322510e+12	7.364928665826870117e+11
2.083345909854779961e-03	3.543157093242310181e+11	2.972830018692550659e+11	1.870218871508751465e+12	6.942672638320526123e+11
2.127496491040134757e-03	3.369305201037412720e+11	2.879418015120940552e+11	1.838446481207981201e+12	6.544654600050917969e+11
2.172582718010372237e-03	3.203898846120993042e+11	2.788963535381196899e+11	1.807198455211292725e+12	6.169092714244492188e+11
2.218624419112281976e-03	3.046576307095395508e+11	2.701389496554060059e+11	1.776470523057676514e+12	5.814898973865621338e+11
2.265641842897974604e-03	2.897056465971486816e+11	2.616655164054107971e+11	1.746266479913757324e+12	5.481137128645390015e+11
2.313655667029933423e-03	2.754904900929422607e+11	2.534636212716509094e+11	1.716570769411520752e+12	5.166503309718327637e+11
2.362687007374795686e-03	2.619659530284371033e+11	2.455210323097259521e+11	1.687365169990567139e+12	4.869690515064328003e+11
2.412757427289825233e-03	2.491024879327126465e+11	2.378301147796344604e+11	1.658644424791069092e+12	4.589747554826240234e+11
2.463888947106213784e-03	2.368772370036737976e+11	2.303879377948949585e+11	1.630413075072788086e+12	4.326010276232888794e+11
2.516104053813336943e-03	2.252540899673580322e+11	2.231832419853829041e+11	1.602655549918926270e+12	4.077393824498714600e+11
2.569425710948245768e-03	2.141956854655696716e+11	2.162054518169963989e+11	1.575355252318557373e+12	3.842864210376618042e+11
2.623877368694733318e-03	2.036778875326710815e+11	2.094483610902210693e+11	1.548508117287173340e+12	3.621717463083814087e+11
2.679482974196439188e-03	1.936821059899902039e+11	2.029084594324331360e+11	1.522116795231677734e+12	3.413355019238300171e+11
2.736266982088478034e-03	1.841783412667127075e+11	1.965771708386311035e+11	1.496168720842009033e+12	3.216975241735337524e+11
2.794254365252289707e-03	1.751363856070530396e+11	1.904438503242356567e+11	1.470646156702450195e+12	3.031726876601228027e+11
2.853470625798387814e-03	1.665365241730546875e+11	1.845046308785765991e+11	1.445548189636681152e+12	2.857063979940313110e+11
2.913941806281861776e-03	1.583636317816080017e+11	1.787553460434848328e+11	1.420875227762398926e+12	2.692525649585437317e+11
2.975694501155571117e-03	1.505928007991806030e+11	1.731886980877789307e+11	1.396615743756217773e+12	2.537440963253159790e+11
3.038755868466027146e-03	1.431996067223096008e+11	1.677959669890181580e+11	1.372754396024155273e+12	2.391174064047975159e+11
3.103153641797168783e-03	1.361679461548552094e+11	1.625725581753132935e+11	1.349287876238259766e+12	2.253261786503669739e+11
3.168916142467233243e-03	1.294855104053720551e+11	1.575167500020450745e+11	1.326220490572973877e+12	2.123368072062519531e+11
3.236072291984112663e-03	1.231316293042455902e+11	1.526201137541564941e+11	1.303537259206033447e+12	2.000937368523081665e+11
3.304651624764658874e-03	1.170865547732294159e+11	1.478765529187804260e+11	1.281227186558124756e+12	1.885477958098297424e+11
3.374684301123556836e-03	1.113371339047071533e+11	1.432813796865828552e+11	1.259285692857909668e+12	1.776624075606674500e+11
3.446201120537424525e-03	1.058733460382344360e+11	1.388328211689750366e+11	1.237716312111773682e+12	1.674101911418007507e+11
3.519233535190044709e-03	1.006780473163763885e+11	1.345245544806192017e+11	1.216507141336848389e+12	1.577481443632313843e+11
3.593813663804625805e-03	9.573527030288705444e+10	1.303497703452210083e+11	1.195644717225735596e+12	1.486360754638957214e+11
3.669974305769219299e-03	9.103427240656871033e+10	1.263060085727503815e+11	1.175128536497634277e+12	1.400470013830485229e+11
3.747748955561452412e-03	8.656689266045310974e+10	1.223904537190375061e+11	1.154958946250292236e+12	1.319574303706978607e+11
3.827171817478984984e-03	8.231891939652719116e+10	1.185980254054692230e+11	1.135125880692613770e+12	1.243343036188832092e+11
3.908277820682117681e-03	7.827744184183831787e+10	1.149231008000888672e+11	1.115617763562251953e+12	1.171455617020242004e+11
3.991102634555192957e-03	7.443368636836477661e+10	1.113625892703819427e+11	1.096431663377234619e+12	1.103695806625506134e+11
4.075682684393532908e-03	7.078100402991390991e+10	1.079154365196622314e+11	1.077571422221695190e+12	1.039889460862966461e+11
4.162055167422817371e-03	6.730761986987081146e+10	1.045757379925614624e+11	1.059023767618019409e+12	9.797564732373747253e+10
4.250258069157961290e-03	6.400309441983941650e+10	1.013395570209410095e+11	1.040780762124675293e+12	9.230602104075144958e+10
4.340330180108637088e-03	6.086026231868918610e+10	9.820397409318295288e+10	1.022839114274070801e+12	8.696191615766687012e+10
4.432311112838861061e-03	5.787370462856848907e+10	9.516757598357762146e+10	1.005200978831376099e+12	8.193011498387110901e+10
4.526241319388085715e-03	5.503366994548388672e+10	9.222605737619848633e+10	9.878563171507857666e+11	7.718832634206469727e+10
4.622162109061505458e-03	5.233171693348590851e+10	8.937504484844512939e+10	9.707951103808079834e+11	7.271757911131953430e+10
4.720115666597336779e-03	4.976199391152697754e+10	8.661273062285932922e+10	9.540165843585802002e+11	6.850412942815087128e+10
4.820145070719144588e-03	4.732008264567852020e+10	8.393768988434277344e+10	9.375221815652325439e+11	6.453700307360218811e+10
4.922294313081310678e-03	4.499791146516155243e+10	8.134566536493528748e+10	9.213008838399881592e+11	6.079871569920021820e+10
5.026608317615998724e-03	4.278865452196683502e+10	7.883362487445295715e+10	9.053459425046459961e+11	5.727434834044304657e+10
5.133132960290130720e-03	4.068753322337744904e+10	7.639923296548487854e+10	8.896543482768244629e+11	5.395308331172901917e+10
5.241915089281041530e-03	3.869094357647291565e+10	7.404173494602543640e+10	8.742290146330572510e+11	5.082610800092920685e+10
5.353002545579732367e-03	3.679220768321822357e+10	7.175737163933728027e+10	8.590593463721928711e+11	4.787978606715910339e+10
5.466444184030696055e-03	3.498580573698710632e+10	6.954298206468400574e+10	8.441374671360372314e+11	4.510203928180361176e+10
5.582289894817666839e-03	3.326783557682405090e+10	6.739733269960583496e+10	8.294632762753438721e+11	4.248463626961613464e+10
5.700590625404708227e-03	3.163535633433437729e+10	6.531904226017569733e+10	8.150372054937551270e+11	4.002063159779115295e+10
5.821398402942216249e-03	3.008284558698389435e+10	6.330509190215445709e+10	8.008502951901838379e+11	3.769875936456185150e+10
5.944766357147824969e-03	2.860583957875322342e+10	6.135291920681484985e+10	7.868958615869498291e+11	3.551023288279892731e+10
6.070748743672167193e-03	2.720115198532632446e+10	5.946086480809902191e+10	7.731717833741319580e+11	3.344782310808836746e+10
6.199400967959818945e-03	2.586638197080877304e+10	5.762847446300371552e+10	7.596812199248443604e+11	3.150657929180764771e+10
6.330779609615908021e-03	2.459696478049039078e+10	5.585252085653073120e+10	7.464136794688002930e+11	2.967745555094516754e+10
6.464942447289089879e-03	2.338929050957902908e+10	5.413088175367611694e+10	7.333634178989113770e+11	2.795318037707190704e+10
6.601948484081890736e-03	2.224075749085739517e+10	5.246248358574196625e+10	7.205299031989644775e+11	2.632881719350564575e+10
6.741857973499477616e-03	2.114940478754465485e+10	5.084625375906519318e+10	7.079133906165170898e+11	2.479961864197844315e+10
6.884732445948405985e-03	2.011146104956224442e+10	4.927991263678028107e+10	6.955063709787670898e+11	2.335890450129193497e+10
7.030634735796891313e-03	1.912400670023994827e+10	4.776141808136895752e+10	6.833027635082062988e+11	2.200095856112262726e+10
7.179629009008595825e-03	1.818491754640745926e+10	4.628955436349729156e+10	6.713008843505512695e+11	2.072144562713931274e+10
7.331780791361950343e-03	1.729259093165018082e+10	4.486399068898274231e+10	6.595036102032352295e+11	1.951734131034608459e+10
7.487156997267587974e-03	1.644391334589505196e+10	4.348210986665976715e+10	6.479011112873692627e+11	1.838269851648518372e+10
7.645825959196438613e-03	1.563652240273434258e+10	4.214241107426905823e+10	6.364891731399160156e+11	1.731334554629820251e+10
7.807857457731475631e-03	1.486868417390400314e+10	4.084400138653599548e+10	6.252669758896809082e+11	1.630595398782640266e+10
7.973322752256328111e-03	1.413908850046105576e+10	3.958609726489245605e+10	6.142349585469600830e+11	1.535775781873031425e+10
8.142294612294233985e-03	1.344516522817189598e+10	3.836689026526102448e+10	6.033862045805063477e+11	1.446447244359874725e+10
8.314847349511189298e-03	1.278500352663304520e+10	3.718480708463981628e+10	5.927155873179006348e+11	1.362254268216783714e+10
8.491056850397209546e-03	1.215718782970488358e+10	3.603896868269308472e+10	5.822219077023614502e+11	1.282941919216435051e+10
8.671000609640279119e-03	1.156064657887523079e+10	3.492909066040695953e+10	5.719075001885919189e+11	1.208303279263122559e+10
8.854757764207504128e-03	1.099325906956698799e+10	3.385307964168490219e+10	5.617632947489519043e+11	1.137979064125320244e+10
9.042409128148579806e-03	1.045347961508741570e+10	3.280984705890755463e+10	5.517860645012928467e+11	1.071702668158949852e+10
9.234037228136720080e-03	9.940152640028329849e+09	3.179871497978401947e+10	5.419752557495738525e+11	1.009278439724130821e+10
9.429726339762870002e-03	9.452401227353284836e+09	3.081905701769777679e+10	5.323309910919315186e+11	9.505265155613571167e+09
9.629562524599030379e-03	8.988476358525320053e+09	2.986942585980027008e+10	5.228469696047265015e+11	8.951775864744377136e+09
9.833633668047030499e-03	8.547127591265690804e+09	2.894866788508050919e+10	5.135191345850585327e+11	8.430197790946414948e+09
1.004202951798940403e-02	8.127411628130518913e+09	2.805608434727495575e+10	5.043463703649708252e+11	7.938841995075506210e+09
1.025484172425938229e-02	7.728610538467733383e+09	2.719147183809766388e+10	4.953308253443689575e+11	7.476568445161200523e+09
1.047216387894729824e-02	7.349282394418906212e+09	2.635318107196690369e+10	4.864643427887807617e+11	7.040971070085273743e+09
1.069409155756119272e-02	6.988415543023308754e+09	2.554036261665185547e+10	4.777441230052195435e+11	6.630525376603566170e+09
1.092072236105970547e-02	6.645240025331027985e+09	2.475254631818594742e+10	4.691700836666760254e+11	6.243949871954926491e+09
1.115215595877575537e-02	6.319167740918373108e+09	2.398921943795117188e+10	4.607420661483726196e+11	5.880153682618111610e+09
1.138849413224978825e-02	6.009010467722500801e+09	2.324920997043788528e+10	4.524542494927341309e+11	5.537445873284966469e+09
1.162984081999205582e-02	5.713949661082371712e+09	2.253168952201425934e+10	4.443035089525033569e+11	5.214499584440399170e+09
1.187630216319339981e-02	5.433356889806069374e+09	2.183609948728868103e+10	4.362887929211083984e+11	4.910336963492063522e+09
1.212798655240480798e-02	5.166750135222466469e+09	2.116227128813845062e+10	4.284118436958244629e+11	4.624150828050057411e+09
1.238500467520621366e-02	4.913150676000671387e+09	2.050894364021517181e+10	4.206656039724348755e+11	4.354529810400218010e+09
1.264746956488544717e-02	4.671896141033044815e+09	1.987541962167321777e+10	4.130473841086627808e+11	4.100465736068817139e+09
1.291549665014883955e-02	4.442473652501849174e+09	1.926137169184575272e+10	4.055574199388200073e+11	3.861208336934414387e+09
1.318920380588532899e-02	4.224487918031658649e+09	1.866640974521401215e+10	3.981955836790422974e+11	3.636080940792664528e+09
1.346871140500627631e-02	4.017133124050310612e+09	1.808956005877120590e+10	3.909563004691976318e+11	3.423983580811662674e+09
1.375414237138396570e-02	3.819873217763041019e+09	1.753026494909070969e+10	3.838375692192777710e+11	3.224161589910737514e+09
1.404562223391196511e-02	3.632289659128217220e+09	1.698804187642035103e+10	3.768380063578259888e+11	3.035949889775419712e+09
1.434327918171109106e-02	3.454058094416581154e+09	1.646276341554165459e+10	3.699592512083269043e+11	2.858899118493164062e+09
1.464724412050539583e-02	3.284515356192854881e+09	1.595346734662289619e+10	3.631952312019766235e+11	2.692085165236841202e+09
1.495765073019278586e-02	3.123227569090497971e+09	1.545958889512557983e+10	3.565434478494141235e+11	2.534917595180185795e+09
1.527463552363575450e-02	2.969853207093318462e+09	1.498088079507090187e+10	3.500041396476819458e+11	2.386913907204437733e+09
1.559833790669801906e-02	2.824125963661725521e+09	1.451708344981818771e+10	3.435775211732795410e+11	2.247662539169842243e+09
1.592890023955338338e-02	2.685500310142183304e+09	1.406735767757367325e+10	3.372579947569998169e+11	2.116476302998328686e+09
1.626646789929399317e-02	2.553625024551839352e+09	1.363134031199419975e+10	3.310444551311176147e+11	1.992882626949287415e+09
1.661118934386526108e-02	2.428221447061218262e+09	1.320863653780554390e+10	3.249354431873356323e+11	1.876495088210300207e+09
1.696321617735579643e-02	2.309070799202495098e+09	1.279911340822752953e+10	3.189321121875189819e+11	1.766992593959455013e+09
1.732270321667098503e-02	2.195724521282689571e+09	1.240206212650826073e+10	3.130295779632451172e+11	1.663839790480626345e+09
1.768980855961942850e-02	2.087898256906155586e+09	1.201703605946386337e+10	3.072255127909780884e+11	1.566648783330489874e+09
1.806469365444235767e-02	1.985364667935769320e+09	1.164381708848254395e+10	3.015198679474395752e+11	1.475132802578476429e+09
1.844752337081655841e-02	1.887943900224600077e+09	1.128227028501350594e+10	2.959135846675186768e+11	1.389042229659215689e+09
1.883846607236187159e-02	1.795267298752126694e+09	1.093166701971892929e+10	2.904009431658266602e+11	1.307930082297410965e+09
1.923769369068539445e-02	1.707104606764217138e+09	1.059174290501315117e+10	2.849811354701026611e+11	1.231521729183626175e+09
1.964538180099485026e-02	1.623270366481901646e+09	1.026223551445252037e+10	2.796534000172311401e+11	1.159566776665444613e+09
2.006170969931423895e-02	1.543616642198964834e+09	9.942989460030290604e+09	2.744181459246551514e+11	1.091880549342468262e+09
2.048686048133601528e-02	1.467840577592577934e+09	9.633473177086629868e+09	2.692712938000614624e+11	1.028111621264144182e+09
2.092102112294418406e-02	1.395755693718362808e+09	9.333348643720554352e+09	2.642108931017475891e+11	9.680397579623943567e+08
2.136438256244391209e-02	1.327210716996386051e+09	9.042421333377794266e+09	2.592366797974020386e+11	9.114721464628601074e+08
2.181713978453380873e-02	1.262083880291048527e+09	8.760608284712471008e+09	2.543497570502598572e+11	8.582620703302261829e+08
2.227949190605761978e-02	1.200126502410902262e+09	8.487329289578096390e+09	2.495448696247975769e+11	8.081297320462242365e+08
2.275164226357336353e-02	1.141187530072128773e+09	8.222368074752011299e+09	2.448212821165505066e+11	7.609026605624142885e+08
2.323379850277806913e-02	1.085143586812470436e+09	7.965570678367372513e+09	2.401789665884655151e+11	7.164398328197258711e+08
2.372617266982774559e-02	1.031894377161862493e+09	7.716764984964441299e+09	2.356175788778551941e+11	6.746086320701318979e+08
2.422898130459259780e-02	9.812358024432395697e+08	7.475538547131794930e+09	2.311336159121380615e+11	6.352029922647640705e+08
2.474244553588843265e-02	9.330454800189640522e+08	7.241659509073901176e+09	2.267258099388365479e+11	5.980794705749421120e+08
2.526679117872631872e-02	8.872228000213974714e+08	7.014949746089891434e+09	2.223934840148595276e+11	5.631272718749432564e+08
2.580224883362318075e-02	8.436850924228936434e+08	6.795349727672885895e+09	2.181376741031316223e+11	5.302479592323088646e+08
2.634905398801689475e-02	8.022649326356365681e+08	6.582425550399495125e+09	2.139541121089300232e+11	4.992724698531653881e+08
2.690744711983068457e-02	7.628631447597494125e+08	6.375977507599315643e+09	2.098416312292554626e+11	4.700924638025636077e+08
2.747767380323228384e-02	7.253976955357494354e+08	6.175907294245289803e+09	2.058005669055633545e+11	4.426199378486533165e+08
2.805998481663422514e-02	6.898003945953832865e+08	5.982083495827101707e+09	2.018306750260715637e+11	4.167770055666480064e+08
2.865463625298309350e-02	6.559339704932622910e+08	5.794156771559317589e+09	1.979284099389769287e+11	3.924285200622319579e+08
2.926188963238583740e-02	6.237180350098291636e+08	5.611981966056067467e+09	1.940932226104078674e+11	3.694951378496633172e+08
2.988201201712300387e-02	5.930857115621768236e+08	5.435404759220094681e+09	1.903243060999463196e+11	3.479011876148489118e+08
3.051527612909937445e-02	5.639807100452718735e+08	5.264367783296366692e+09	1.866223758502950134e+11	3.275899528311250210e+08
3.116196046978347151e-02	5.362905427134289742e+08	5.098547921288702011e+09	1.829839646626292725e+11	3.084535317108826637e+08
3.182234944268905880e-02	5.099500325084179640e+08	4.937781959847908974e+09	1.794079451567360229e+11	2.904275091997023821e+08
3.249673347845206950e-02	4.849046672792292833e+08	4.781991284802426338e+09	1.758945256542388000e+11	2.734570706923618317e+08
3.318540916255835471e-02	4.611079470762855411e+08	4.631088975971376419e+09	1.724437571394632263e+11	2.574927236845293045e+08
3.388867936577820428e-02	4.384677413493906260e+08	4.484777630868330956e+09	1.690521282204748535e+11	2.424523876222974360e+08
3.460685337736497946e-02	4.169311920785425901e+08	4.342961061386541367e+09	1.657194527044903564e+11	2.282851641882150471e+08
3.534024704107661952e-02	3.964538742400495410e+08	4.205520576185840130e+09	1.624450405541021118e+11	2.149476439885897934e+08
3.608918289407971741e-02	3.769973422452921271e+08	4.072396028341123581e+09	1.592292231408804016e+11	2.024003573272196054e+08
3.685399030879719234e-02	3.584861843672919273e+08	3.943347681075781345e+09	1.560692207235797424e+11	1.905801709586323500e+08
3.763500563776207147e-02	3.408775192447855473e+08	3.818245346923356533e+09	1.529639236530442810e+11	1.794451561545370817e+08
3.843257236154112161e-02	3.241351505138481855e+08	3.697024247988608360e+09	1.499134733920657959e+11	1.689629710239202976e+08
3.924704123979310538e-02	3.082272638309782743e+08	3.579624824166282654e+09	1.469180728629447021e+11	1.591026443890661299e+08
4.007877046552850431e-02	2.930921708438944817e+08	3.465802354048889160e+09	1.439743949950292358e+11	1.498120476944430470e+08
4.092812582263813392e-02	2.786950720609732866e+08	3.355488377527566910e+09	1.410824561031819763e+11	1.410616525068691075e+08
4.179548084676026898e-02	2.650064825293888152e+08	3.248597254982558250e+09	1.382417887364307556e+11	1.328229665491526872e+08
4.268121698955689575e-02	2.520000509408286214e+08	3.145070526261436462e+09	1.354524361009788666e+11	1.250734191129209250e+08
4.358572378647117967e-02	2.396253489607672691e+08	3.044725376705562592e+09	1.327120254062145081e+11	1.177719614596434981e+08
4.450939902804028347e-02	2.278541253385767043e+08	2.947461776304049492e+09	1.300196402100499573e+11	1.108944691752524078e+08
4.545264893483848267e-02	2.166623674059513211e+08	2.853226761643792152e+09	1.273753910630793762e+11	1.044196215094852746e+08
4.641588833612779463e-02	2.060282289248062074e+08	2.761975295018753052e+09	1.247794851439930420e+11	9.832918697229202092e+07
4.739954085229469011e-02	1.959105151086444557e+08	2.673516103130378246e+09	1.222290082821050568e+11	9.259036396915356815e+07
4.840403908115278181e-02	1.862862812926670909e+08	2.587792733131418705e+09	1.197238374729447327e+11	8.718518532234199345e+07
4.942982478819387543e-02	1.771359778109169900e+08	2.504745169358410835e+09	1.172637545551763611e+11	8.209676074645997584e+07
5.047734910087089966e-02	1.684414736932584345e+08	2.424319309596724510e+09	1.148486041909632721e+11	7.730948206635846198e+07
5.154707270699779992e-02	1.601691437568960190e+08	2.346377341815433979e+09	1.124764769855087280e+11	7.279957615158355236e+07
5.263946605735428386e-02	1.523003444833172262e+08	2.270840768236958504e+09	1.101464881224288177e+11	6.855087675564882159e+07
5.375500957258409762e-02	1.448191653081591129e+08	2.197667484516996384e+09	1.078586660682961731e+11	6.455165917847242951e+07
5.489419385447772554e-02	1.377105413774439096e+08	2.126820449826619387e+09	1.056131963699078522e+11	6.078927448598716408e+07
5.605751990173300781e-02	1.309470501545591205e+08	2.058151178607064486e+09	1.034075446357053680e+11	5.724416032036779821e+07
5.724549933028778848e-02	1.245135351561906040e+08	1.991617339700844765e+09	1.012416870934953918e+11	5.390501461312082410e+07
5.845865459832211286e-02	1.183970528036200255e+08	1.927172163178627729e+09	9.911535863194779968e+10	5.076159495802611113e+07
5.969751923602879817e-02	1.125850696745296121e+08	1.864770101120167732e+09	9.702835008729931641e+10	4.780417357337275147e+07
6.096263808025296355e-02	1.070552440643257797e+08	1.804304298100696802e+09	9.497901351408531189e+10	4.501778117125570029e+07
6.225456751410456124e-02	1.017952468164593726e+08	1.745715607262482882e+09	9.296667817616659546e+10	4.239307033946360648e+07
6.357387571164835327e-02	9.679455428242892027e+07	1.688972628856313705e+09	9.099141664637019348e+10	3.992213520213988423e+07
6.492114288777969811e-02	9.204272136621671915e+07	1.634041848809799194e+09	8.905323629117686462e+10	3.759775622592411935e+07
6.629696155339574737e-02	8.752156903891639411e+07	1.580808385038429976e+09	8.714993644864720154e+10	3.540721800352843851e+07
6.770193677597398374e-02	8.322106032986910641e+07	1.529241645079542160e+09	8.528159847223309326e+10	3.334413483037764952e+07
6.913668644567325106e-02	7.913236597745425999e+07	1.479299193325757265e+09	8.344775017261430359e+10	3.140176975802822411e+07
7.060184154707406512e-02	7.524760174036929011e+07	1.430957176913900137e+09	8.164869103756259155e+10	2.957439617683950067e+07
7.209804643667737378e-02	7.155116054626122117e+07	1.384119400696738482e+09	7.988244204711637878e+10	2.785260250897075981e+07
7.362595912628441819e-02	6.803514319138750434e+07	1.338744616203274727e+09	7.814861567782128906e+10	2.623051278100538999e+07
7.518625157238204015e-02	6.469261411735802144e+07	1.294811202765313625e+09	7.644735659084619141e+10	2.470370573866067082e+07
7.677960997166025092e-02	6.151625880971068144e+07	1.252286129069213152e+09	7.477845402274804688e+10	2.326704811715902388e+07
7.840673506279315086e-02	5.849411478145776689e+07	1.211085008606264591e+09	7.314017636028541565e+10	2.191325572368412092e+07
8.006834243461452560e-02	5.561950570061837137e+07	1.171183576736546278e+09	7.153255196403067017e+10	2.063806703085425869e+07
8.176516284082480102e-02	5.288680979100921005e+07	1.132549120460661173e+09	6.995520019425665283e+10	1.943763354935789853e+07
8.349794252136732986e-02	5.028988358052230626e+07	1.095157068742341757e+09	6.840815343426101685e+10	1.830801373705225810e+07
8.526744353061486981e-02	4.781905325229182839e+07	1.058937694694238544e+09	6.688993690456367493e+10	1.724362579299715906e+07
8.707444407251174745e-02	4.546886378150910139e+07	1.023858325001693726e+09	6.540012173904001617e+10	1.624091816566025279e+07
8.891973884281766105e-02	4.323475741471049935e+07	9.899046026195622683e+08	6.393894724009223938e+10	1.529703933291333355e+07
9.080413937860487561e-02	4.111157978244259208e+07	9.570418217506660223e+08	6.250588945179850006e+10	1.440882334874810465e+07
9.272847441516200717e-02	3.909150806965261698e+07	9.252137129257807732e+08	6.109980237016892242e+10	1.357176993585690856e+07
9.469359025046093781e-02	3.717008526426656544e+07	8.943939830810581446e+08	5.972040455652930450e+10	1.278330989371963963e+07
9.670035111734798239e-02	3.534361547497116029e+07	8.645632701716837883e+08	5.836764202711153412e+10	1.204102247782624140e+07
9.874963956362264872e-02	3.360777862071532756e+07	8.356987481345113516e+08	5.704138088926191711e+10	1.134248041010690667e+07
1.008423568401705106e-01	3.195624883170728758e+07	8.077439612960866690e+08	5.574020984101045227e+10	1.068417628462539241e+07
1.029794232973221257e-01	3.038538457390335575e+07	7.806801324559651613e+08	5.446410768072910309e+10	1.006402336666656658e+07
1.051617787896111378e-01	2.889218836801782250e+07	7.544902798425902128e+08	5.321298677368077087e+10	9.480269658442243934e+06
1.073903830891107247e-01	2.747304269872759655e+07	7.291481625153437853e+08	5.198642067760372162e+10	8.930782162599954754e+06
1.096662163075285135e-01	2.612283236046270654e+07	7.046117069629074335e+08	5.078349815023648834e+10	8.413003887265492231e+06
1.119902793272475605e-01	2.483858209386613965e+07	6.808575628395725489e+08	4.960382942368326569e+10	7.925156261786495335e+06
1.143635942415015677e-01	2.361786056349435076e+07	6.578755502605401278e+08	4.844760357346121979e+10	7.465961129348676652e+06
1.167872048038782751e-01	2.245764107683881745e+07	6.356412875609550476e+08	4.731440405651689911e+10	7.033698609027884901e+06
1.192621768873494831e-01	2.135378757276951894e+07	6.141156951056811810e+08	4.620323807089101410e+10	6.626337742262989283e+06
1.217895989530276418e-01	2.030386926728431880e+07	5.932821885696263313e+08	4.511396424298400116e+10	6.242568321287623607e+06
1.243705825288575900e-01	1.930591346412090585e+07	5.731268160594366789e+08	4.404646694517019653e+10	5.881247121452741325e+06
1.270062626984522769e-01	1.835739014054289833e+07	5.536315105520491600e+08	4.300052240554689789e+10	5.541170882140219212e+06
1.296977986002878502e-01	1.745495497162328660e+07	5.347592538778557181e+08	4.197508725495687866e+10	5.220609248223198578e+06
1.324463739374786009e-01	1.659662203186628968e+07	5.164972154424608350e+08	4.097012174729566956e+10	4.918635690662104636e+06
1.352531974983535168e-01	1.578079047555485554e+07	4.988334375912513733e+08	3.998556459210735321e+10	4.634322770289001986e+06
1.381195036880665805e-01	1.500534709560406022e+07	4.817497768914722800e+08	3.902111091139981842e+10	4.366664239357073791e+06
1.410465530714722360e-01	1.426758804053384438e+07	4.652165856931338906e+08	3.807592893714944458e+10	4.114402574371065479e+06
1.440356329275057634e-01	1.356589025300880149e+07	4.492191128809353709e+08	3.714976043145355225e+10	3.876701213207673747e+06
1.470880578153118678e-01	1.289895493794614263e+07	4.337501979525275826e+08	3.624271218311515045e+10	3.652950706903517246e+06
1.502051701523716420e-01	1.226501825336951762e+07	4.187899838198950291e+08	3.535429302622503662e+10	3.442248626065835357e+06
1.533883408048797858e-01	1.166189401257991605e+07	4.043153142386167645e+08	3.448392134196538544e+10	3.243674537541550118e+06
1.566389696906345663e-01	1.108825627482347935e+07	3.903123223421068192e+08	3.363132519343284607e+10	3.056555885233990848e+06
1.599584863947036695e-01	1.054305055265065841e+07	3.767742250377739668e+08	3.279658789811230469e+10	2.880387932230014354e+06
1.633483507981373095e-01	1.002480587385249883e+07	3.636849973615241647e+08	3.197932300145302582e+10	2.714511878065964207e+06
1.668100537200059019e-01	9.531754653314227238e+06	3.510215669627158046e+08	3.117878243249971008e+10	2.558144019964884967e+06
1.703451175730422984e-01	9.062813707070305943e+06	3.387738410160784721e+08	3.039485389241213226e+10	2.410809605268126354e+06
1.739550970331800450e-01	8.617126664595292881e+06	3.269345928257113099e+08	2.962754364008211517e+10	2.272079808706182521e+06
1.776415797232799298e-01	8.193467707377444021e+06	3.154904822434417605e+08	2.887657920816464615e+10	2.141443301605908200e+06
1.814061869113461622e-01	7.790407704430336133e+06	3.044206947147244811e+08	2.814122661491983414e+10	2.018288485363290412e+06
1.852505742235391883e-01	7.407061802299675532e+06	2.937173769092566967e+08	2.742142764803897095e+10	1.902240925710785436e+06
1.891764323722997243e-01	7.042734366380751133e+06	2.833726230745988488e+08	2.671705949264930344e+10	1.792969367561229737e+06
1.931854878999012814e-01	6.696404560442148708e+06	2.733748704585266113e+08	2.602789167438664246e+10	1.690053421027505072e+06
1.972795039377621684e-01	6.366916919469463639e+06	2.637064710924972594e+08	2.535330634280240250e+10	1.593031343626846327e+06
2.014602809818480389e-01	6.053548634924827144e+06	2.543601826650960147e+08	2.469324236526100922e+10	1.501598026625645580e+06
2.057296576845067948e-01	5.755734477609768510e+06	2.453292796274863482e+08	2.404757342561341858e+10	1.415498086765371729e+06
2.100895116630852322e-01	5.472624889157215133e+06	2.366029171280557215e+08	2.341603486469158554e+10	1.334401579621689394e+06
2.145417603256798700e-01	5.203285670688002370e+06	2.281660828380346000e+08	2.279808471868457413e+10	1.257938545546484413e+06
2.190883617143895290e-01	4.947126407042755745e+06	2.200119758363907933e+08	2.219364728610676575e+10	1.185879227305104723e+06
2.237313153664367560e-01	4.703687685608868487e+06	2.121353834272736013e+08	2.160266241301241684e+10	1.118016314874034608e+06
2.284726631935388719e-01	4.472262956651146524e+06	2.045257806577887535e+08	2.102480404987371063e+10	1.054088094709632685e+06
2.333144903799153069e-01	4.252096920717171393e+06	1.971705260015143752e+08	2.045960160055274582e+10	9.938114471370866522e+05
2.382589262993237145e-01	4.042707319180116523e+06	1.900632460046153367e+08	1.990694688986770248e+10	9.369942038696779637e+05
2.433081454515323150e-01	3.843720623693651985e+06	1.831999705036209226e+08	1.936685460549018860e+10	8.834902983374720206e+05
2.484643684186368384e-01	3.654549606793241110e+06	1.765707430131708384e+08	1.883895316455047989e+10	8.330772269268860109e+05
2.537298628416438939e-01	3.474583600112038199e+06	1.701646627652968466e+08	1.832282124663422012e+10	7.855413965209553717e+05
2.591069444177515613e-01	3.303428703121760394e+06	1.639763256924710870e+08	1.781837498561611176e+10	7.407313254499902250e+05
2.645979779187619951e-01	3.140781131222101860e+06	1.580019020636968613e+08	1.732559176557326508e+10	6.985263964607757516e+05
2.702053782310787078e-01	2.986153113811334595e+06	1.522327402716712654e+08	1.684414864069972610e+10	6.587588363399275113e+05
2.759316114177428059e-01	2.839050920585208572e+06	1.466592163993179500e+08	1.637364125484396553e+10	6.212523245407851646e+05
2.817791958029755572e-01	2.699152818645664025e+06	1.412766744740028679e+08	1.591399682992429543e+10	5.858974763471911428e+05
2.877507030797054055e-01	2.566211702771544456e+06	1.360815600893511176e+08	1.546517299363892555e+10	5.525932617133483291e+05
2.938487594405665426e-01	2.439822619592999574e+06	1.310662736756398976e+08	1.502687598078829002e+10	5.212071743512959802e+05
3.000760467328633108e-01	2.319586391443674918e+06	1.262223978834363222e+08	1.459872990048738480e+10	4.916050438707941794e+05
3.064353036380134121e-01	2.205240251384350937e+06	1.215459454622898847e+08	1.418066868986206055e+10	4.636959495431324467e+05
3.129293268759847368e-01	2.096583105833274778e+06	1.170335243519384861e+08	1.377261966235766983e+10	4.374040162045886391e+05
3.195609724352570513e-01	1.993278977722691605e+06	1.126785494708582610e+08	1.337433200448374557e+10	4.126233613781834720e+05
3.263331568288500573e-01	1.895005123929957394e+06	1.084736688342255503e+08	1.298545748390489006e+10	3.892467886810724158e+05
3.332488583769670498e-01	1.801546939345739083e+06	1.044151714150770456e+08	1.260590727364858246e+10	3.672059948884714395e+05
3.403111185168231634e-01	1.712740724050135817e+06	1.005004497810245752e+08	1.223566303146855354e+10	3.464394781085699215e+05
3.475230431402304698e-01	1.628307885249664541e+06	9.672340042002993822e+07	1.187445592576879120e+10	3.268634790495054331e+05
3.548878039595292910e-01	1.547987472304546507e+06	9.307770849011626840e+07	1.152197040910093689e+10	3.083963658790958580e+05
3.624086399024666338e-01	1.471604221747575095e+06	8.955980621068124473e+07	1.117809320128785896e+10	2.909793146099403384e+05
3.700888585366366446e-01	1.399024830162100028e+06	8.616795981086686254e+07	1.084286803830721474e+10	2.745703692042124458e+05
3.779318375241043637e-01	1.330018411638131598e+06	8.289606766337977350e+07	1.051595656152024078e+10	2.590975467329059611e+05
3.859410261068597081e-01	1.264373973715785192e+06	7.973910794682382047e+07	1.019713119722139168e+10	2.444991203978599224e+05
3.941199466237500504e-01	1.201948390467517311e+06	7.669392558385263383e+07	9.886281134592115402e+09	2.307303810989021149e+05
4.024721960595590287e-01	1.142633065893341554e+06	7.375874880312681198e+07	9.583405203347261429e+09	2.177557205466914747e+05
4.110014476269163164e-01	1.086236761607863940e+06	7.092843904083248973e+07	9.288235177844972610e+09	2.055200227059072058e+05
4.197114523817274123e-01	1.032588871092643938e+06	6.819833694561296701e+07	9.000510227353900909e+09	1.939740860798786744e+05
4.286060408728412652e-01	9.815725167476678034e+05	6.556599321806423366e+07	8.720170663237419128e+09	1.830827710694395937e+05
4.376891248266767120e-01	9.330992023163133999e+05	6.302953264982561022e+07	8.447179392790287018e+09	1.728181596047364874e+05
4.469646988675492483e-01	8.870106087775873020e+05	6.058450426431205124e+07	8.181282637251084328e+09	1.631364104430139705e+05
4.564368422744575216e-01	8.431687819050212856e+05	5.822700438683891296e+07	7.922273568573381424e+09	1.539989897857369215e+05
4.661097207750954374e-01	8.014782829914398026e+05	5.595454835982045531e+07	7.670036209862478256e+09	1.453783498006690352e+05
4.759875883778879602e-01	7.618669651801622240e+05	5.376582377972213924e+07	7.424573600656698227e+09	1.372527181753462355e+05
4.860747892428489703e-01	7.242038353118753294e+05	5.165670893069032580e+07	7.185633292985913277e+09	1.295868028198740940e+05
4.963757595920870180e-01	6.883773349504037760e+05	4.962372094996193051e+07	6.952998174120635986e+09	1.223509165519518720e+05
5.068950296608012440e-01	6.543095354561130516e+05	4.766498587299361825e+07	6.726617704436471939e+09	1.155234140486740944e+05
5.176372256896176749e-01	6.219415958003352862e+05	4.577901746291523427e+07	6.506442852895158768e+09	1.090863686436256976e+05
5.286070719591531297e-01	5.911651892880063970e+05	4.396236229047961533e+07	6.292265184704480171e+09	1.030129340439574298e+05
5.398093928676924724e-01	5.618900973135357490e+05	4.221203866626182944e+07	6.083893276930893898e+09	9.727900884263686021e+04
5.512491150528981976e-01	5.340526917434609495e+05	4.052614384286770225e+07	5.881236835765707016e+09	9.186729100289447524e+04
5.629312695584811621e-01	5.076049641320348019e+05	3.890375905863019824e+07	5.684311076247685432e+09	8.676515970115979144e+04
5.748609940467923618e-01	4.824573791051307926e+05	3.734150345532919466e+07	5.492864963716890335e+09	8.194949123200340546e+04
5.870435350582976497e-01	4.585369705617260188e+05	3.583690421151494980e+07	5.306744689841821671e+09	7.740241368243297620e+04
5.994842503189414806e-01	4.357917882803110988e+05	3.438840352992876619e+07	5.125877512668828964e+09	7.311057123745697027e+04
6.121886110964055439e-01	4.141826475101218093e+05	3.299495128281556070e+07	4.950239506362342834e+09	6.906284324504849792e+04
6.251622046063020077e-01	3.936355820628901129e+05	3.165373354347454384e+07	4.779621193288818359e+09	6.524191160638557631e+04
6.384107364693620834e-01	3.740915742739518755e+05	3.036254988389528543e+07	4.613867770556279182e+09	6.163340204020040983e+04
6.519400332206916060e-01	3.555082108029726660e+05	2.912002307322159410e+07	4.452903254302801132e+09	5.822659333134973713e+04
6.657560448722088520e-01	3.378534949640245177e+05	2.792524046930813044e+07	4.296704016196495056e+09	5.501311430531449878e+04
6.798648475293831428e-01	3.210663548351312056e+05	2.677569820403864607e+07	4.145070799160263062e+09	5.197905069278800511e+04
6.942726460634290886e-01	3.050990496946749045e+05	2.566954496935569867e+07	3.997873132535622120e+09	4.911303999604292767e+04
7.089857768401280902e-01	2.899169540106245549e+05	2.460551610379993543e+07	3.855036590928540707e+09	4.640659399618797033e+04
7.240107105064845783e-01	2.754939294776099850e+05	2.358288101556157693e+07	3.716546437377984047e+09	4.385348175721922598e+04
7.393540548364295750e-01	2.617795769013589015e+05	2.259939031307995319e+07	3.582213192753942966e+09	4.144210923589392041e+04
7.550225576368376768e-01	2.487352732223328494e+05	2.165345582476584613e+07	3.451917133698378086e+09	3.916384370146723813e+04
7.710231097151263313e-01	2.363327516506095999e+05	2.074399380232717469e+07	3.325592458451236248e+09	3.701211605908750062e+04
7.873627479097432547e-01	2.245506513319940132e+05	1.987035297933435068e+07	3.203221411836472988e+09	3.498183211450952513e+04
8.040486581848822478e-01	2.133474017789913632e+05	1.903053265060584620e+07	3.084623002687164307e+09	3.306370559891829180e+04
8.210881787907730045e-01	2.026917519942444342e+05	1.822317959759179503e+07	2.969687115583438873e+09	3.125123256247681275e+04
8.384888034909533383e-01	1.925606276036359486e+05	1.744727933108709753e+07	2.858331960665917873e+09	2.953895496624562657e+04
8.562581848579297050e-01	1.829365595952950534e+05	1.670231841931957379e+07	2.750552229119308949e+09	2.792292463363955903e+04
8.744041376386801900e-01	1.737852898813167994e+05	1.598649579199854843e+07	2.646169951834270477e+09	2.639581849187400439e+04
8.929346421914835519e-01	1.650815170061292592e+05	1.529867011410061270e+07	2.545093264549202919e+09	2.495250327247866517e+04
9.118578479955742333e-01	1.568064087783077266e+05	1.463800289555754513e+07	2.447261516982774734e+09	2.358862406673010628e+04
9.311820772351820930e-01	1.489456771265855059e+05	1.400398835424230993e+07	2.352655256478484154e+09	2.230111907186418830e+04
9.509158284595223831e-01	1.414710948866511462e+05	1.339509241502634436e+07	2.261120314936474323e+09	2.108420012517633950e+04
9.710677803203476843e-01	1.343621823934028216e+05	1.281032691147830896e+07	2.172572122770405293e+09	1.993374095639496591e+04
9.916467953887124764e-01	1.276035674583193322e+05	1.224894655241515115e+07	2.086948420882776499e+09	1.884636861380223854e+04
1.012661924052612461e+00	1.211835586596534267e+05	1.171048254329826124e+07	2.004223393936785221e+09	1.781956283702913788e+04
1.034122408497234025e+00	1.150789101715289144e+05	1.119361466647600941e+07	1.924251644218981028e+09	1.684888286381505532e+04
1.056037686769547568e+00	1.092730415255122789e+05	1.069744304438693821e+07	1.846946084880729437e+09	1.593088859019371739e+04
1.078417396929040706e+00	1.037534049590148643e+05	1.022136833706815355e+07	1.772258847713083744e+09	1.506309693838644853e+04
1.101271381286411888e+00	9.851042962459419505e+04	9.764959343247214332e+06	1.700164445001420975e+09	1.424339896430419140e+04
1.124609690732098155e+00	9.352498224291013321e+04	9.327085446238702163e+06	1.630538499138851404e+09	1.346829098911031360e+04
1.148442589156521310e+00	8.878363545152560982e+04	8.906988698657888919e+06	1.563305999035265446e+09	1.273508726009206111e+04
1.172780557964020254e+00	8.427614668392555905e+04	8.504121788385700434e+06	1.498416876575028896e+09	1.204174879950656032e+04
1.197634300682437924e+00	7.999467792162067781e+04	8.118149283761488274e+06	1.435854184118462324e+09	1.138674253911366577e+04
1.223014747670394531e+00	7.592348896704064100e+04	7.748013799297141843e+06	1.375483396921680927e+09	1.076711071017987706e+04
1.248933060924324545e+00	7.205170231868840347e+04	7.393096225094884634e+06	1.317239542656587362e+09	1.018086208757691384e+04
1.275400638987373769e+00	6.837095688517394592e+04	7.052905089505995624e+06	1.261072361737704277e+09	9.626338331855245997e+03
1.302429121962336289e+00	6.487483061433055991e+04	6.727125668018036522e+06	1.206961352685267925e+09	9.102266776853590272e+03
1.330030396630823342e+00	6.155038153537133621e+04	6.414905429515925236e+06	1.154803496947203636e+09	8.606404783184963890e+03
1.358216601680917401e+00	5.838879419503879035e+04	6.115678400445953943e+06	1.104534994166011095e+09	8.137090057407908716e+03
1.387000133045610317e+00	5.538324236676874716e+04	5.829050457224939018e+06	1.056118319579303622e+09	7.693051338775290787e+03
1.416393649354382722e+00	5.252846197146578925e+04	5.554733067265931517e+06	1.009526527661516666e+09	7.273306935499068459e+03
1.446410077500298819e+00	4.981381687118373520e+04	5.291951800457873382e+06	9.646541493307428360e+08	6.875979883146585962e+03
1.477062618325094778e+00	4.723215903606295615e+04	5.040232662678113207e+06	9.214438399472025633e+08	6.499828060799224659e+03
1.508364752424737887e+00	4.477791424568659568e+04	4.799231576492476277e+06	8.798595355046520233e+08	6.143848231081185077e+03
1.540330246078020826e+00	4.244676518091218168e+04	4.568694002306837589e+06	8.398784535872651339e+08	5.807210932146449522e+03
1.572973157300799230e+00	4.022997455415772856e+04	4.347975961387909018e+06	8.014150041616947651e+08	5.488450371218941655e+03
1.606307842028519950e+00	3.812174238605132996e+04	4.136685643118281849e+06	7.644227838382327557e+08	5.186590516808909342e+03
1.640348960429783842e+00	3.611751499126806448e+04	3.934506629823947791e+06	7.288631772890709639e+08	4.900819343324172223e+03
1.675111483353698638e+00	3.421374938337529602e+04	3.741195553246124182e+06	6.947032057330049276e+08	4.630476198269859196e+03
1.710610698913865635e+00	3.240327019619938801e+04	3.556205482102997135e+06	6.618670793300077915e+08	4.374408236437484447e+03
1.746862219211904321e+00	3.068136688681582746e+04	3.379190948737946339e+06	6.303109213449701071e+08	4.131815134786214003e+03
1.783881987203444153e+00	2.904431699623752502e+04	3.209885412231544964e+06	6.000024460127227306e+08	3.902045665783621644e+03
1.821686283709640364e+00	2.748920977985226637e+04	3.048104048929240089e+06	5.709228716220403910e+08	3.684611046160601290e+03
1.860291734577268707e+00	2.601015358205668963e+04	2.893372485754327383e+06	5.430035914944993258e+08	3.478583723958711289e+03
1.899715317990559260e+00	2.460331717253624083e+04	2.745375975495213643e+06	5.161965050857658982e+08	3.283309842761149412e+03
1.939974371937992492e+00	2.326565366617268592e+04	2.603878356054585427e+06	4.904680497986844778e+08	3.098278745149796578e+03
1.981086601837313665e+00	2.199476800400324282e+04	2.468718999643297400e+06	4.658006415727542639e+08	2.923101777299091282e+03
2.023070088322156401e+00	2.078582091062760810e+04	2.339489478667656425e+06	4.421336306241007447e+08	2.757023265434841505e+03
2.065943295193674256e+00	1.963568936943769586e+04	2.215939207658845000e+06	4.194324857313442230e+08	2.599539088964180792e+03
2.109725077540682392e+00	1.854187357141665052e+04	2.097870665181784425e+06	3.976699378036521673e+08	2.450246006387361831e+03
2.154434690031884259e+00	1.750239656906660457e+04	1.985124062617692398e+06	3.768207152703802586e+08	2.308818407013694923e+03
2.200091795383838367e+00	1.651327902599882145e+04	1.877343124563650694e+06	3.568275729043169022e+08	2.174648902179144443e+03
2.246716473008353532e+00	1.557196508828713559e+04	1.774314769800474634e+06	3.376598897298425436e+08	2.047339868538171686e+03
2.294329227843169949e+00	1.467639415607031879e+04	1.675870099297532579e+06	3.192943157214214206e+08	1.926562093622563680e+03
2.342950999369765697e+00	1.382492461486512912e+04	1.581882236605514074e+06	3.017146189746711850e+08	1.812056784732022606e+03
2.392603170822269476e+00	1.301427318695961549e+04	1.492042970325640403e+06	2.848687594376667738e+08	1.703333741805860654e+03
2.443307578591545681e+00	1.224233316641871897e+04	1.406155241857282585e+06	2.687226413919147849e+08	1.600076529742530056e+03
2.495086521828544068e+00	1.150738894011391130e+04	1.324072333728850586e+06	2.532546341703671813e+08	1.502025382456000216e+03
2.547962772251191943e+00	1.080805851327472192e+04	1.245679533847281942e+06	2.384490055908330679e+08	1.408960981433903726e+03
2.601959584159102334e+00	1.014161308224138338e+04	1.170718559595738538e+06	2.242636548363538086e+08	1.320484240000311502e+03
2.657100704660517732e+00	9.506286887716949423e+03	1.099023018427130766e+06	2.106706534778199494e+08	1.236334509366992279e+03
2.713410384115983121e+00	8.900619791708333651e+03	1.030449538159443066e+06	1.976437849550131857e+08	1.156293412036715381e+03
2.770913386803353973e+00	8.323411207674978868e+03	9.648894240681481315e+05	1.851660714248872995e+08	1.080179368823160758e+03
2.829635001808795014e+00	7.772348512314316395e+03	9.021169565010033548e+05	1.731998178583594859e+08	1.007664779256131283e+03
2.889601054148607684e+00	7.245893568207888165e+03	8.419852842874466442e+05	1.617212084159705341e+08	9.385284153382207251e+02
2.950837916126738403e+00	6.742734147312690766e+03	7.843631437260926468e+05	1.507071935787579715e+08	8.725800168150415175e+02
3.013372518932980082e+00	6.261742161769586346e+03	7.291311532578467159e+05	1.401346405401667356e+08	8.096563005690542241e+02
3.077232364486974792e+00	5.800848524693876243e+03	6.760780011032352922e+05	1.299668079645296335e+08	7.494698522513440366e+02
3.142445537533192557e+00	5.358570459824824866e+03	6.250543289100429974e+05	1.201784182949606031e+08	6.918134885647356214e+02
3.209040717992251324e+00	4.933546581746253651e+03	5.759214824765875237e+05	1.107456201424683332e+08	6.364993099666066882e+02
3.277047193573979555e+00	4.524478858436131304e+03	5.285374435013321927e+05	1.016413178015042543e+08	5.833468225555194522e+02
3.346494872657771680e+00	4.129179733726319682e+03	4.826594435766867828e+05	9.281941888347430527e+07	5.320583977713212107e+02
3.417414297445926952e+00	3.745757286266372830e+03	4.380837923468535300e+05	8.424343284543144703e+07	4.823810224708570331e+02
3.489836657395697816e+00	3.372142759448920060e+03	3.945836267193297972e+05	7.587214682665938139e+07	4.340402588320060318e+02
3.563793802936028321e+00	3.005879094839489881e+03	3.518809006843230454e+05	6.765328039019507170e+07	3.867122989240691595e+02
3.639318259474964901e+00	2.643037185666172263e+03	3.095195905165640870e+05	5.949843487410137802e+07	3.398821160613587722e+02
3.716443241703908829e+00	2.278550902809019590e+03	2.669164587693134090e+05	5.129712870179780573e+07	2.928924901186137504e+02
3.795202668205029717e+00	1.904391536871255084e+03	2.231420398066302005e+05	4.287300320594287664e+07	2.447073428737861036e+02
3.875631176368202979e+00	1.505356944262200614e+03	1.764232815850558400e+05	3.388731901123088598e+07	1.933707703640122872e+02
3.957764137624104617e+00	1.042321984482031667e+03	1.221758058786663751e+05	2.345993083213627338e+07	1.338531242536021466e+02
4.041637673000112230e+00	2.606267249682634315e+02	3.055188528821164800e+04	5.864234713010945357e+06	3.346055116985125011e+01
4.127288669005872102e+00	nan	nan	nan	nan
4.214754793855508552e+00	nan	nan	nan	nan
4.304074514033643162e+00	nan	nan	nan	nan
4.395287111212434539e+00	nan	nan	nan	nan
4.488432699527177050e+00	nan	nan	nan	nan
4.583552243217979161e+00	nan	nan	nan	nan
4.680687574645305382e+00	nan	nan	nan	nan
4.779881412687339015e+00	nan	nan	nan	nan
4.881177381527165515e+00	nan	nan	nan	nan
4.984620029838152888e+00	nan	nan	nan	nan
5.090254850375883322e+00	nan	nan	nan	nan
5.198128299985286915e+00	nan	nan	nan	nan
5.308287820031761584e+00	nan	nan	nan	nan
5.420781857265304815e+00	nan	nan	nan	nan
5.535659885126738011e+00	nan	nan	nan	nan
5.652972425505520704e+00	nan	nan	nan	nan
5.772771070958623518e+00	nan	nan	nan	nan
5.895108507400270703e+00	nan	nan	nan	nan
6.020038537272556667e+00	nan	nan	nan	nan
6.147616103207036886e+00	nan	nan	nan	nan
6.277897312187818990e+00	nan	nan	nan	nan
6.410939460226692255e+00	nan	nan	nan	nan
6.546801057561175696e+00	nan	nan	nan	nan
6.685541854386596761e+00	nan	nan	nan	nan
6.827222867133428963e+00	nan	nan	nan	nan
6.971906405301561804e+00	nan	nan	nan	nan
7.119656098863218929e+00	nan	nan	nan	nan
7.270536926246596643e+00	nan	nan	nan	nan
7.424615242912579127e+00	nan	nan	nan	nan
7.581958810536977289e+00	nan	nan	nan	nan
7.742636826811277295e+00	nan	nan	nan	nan
7.906719955874896399e+00	nan	nan	nan	nan
8.074280359392364659e+00	nan	nan	nan	nan
8.245391728289099831e+00	nan	nan	nan	nan
8.420129315159766037e+00	nan	nan	nan	nan
8.598569967363353328e+00	nan	nan	nan	nan
8.780792160819700598e+00	nan	nan	nan	nan
8.966876034522190508e+00	nan	nan	nan	nan
9.156903425781846906e+00	nan	nan	nan	nan
9.350957906218383187e+00	nan	nan	nan	nan
9.549124818513869073e+00	nan	nan	nan	nan
9.751491313945386707e+00	nan	nan	nan	nan
9.958146390713055851e+00	nan	nan	nan	nan
1.016918093308028581e+01	nan	nan	nan	nan
1.038468775134352740e+01	nan	nan	nan	nan
1.060476162264905220e+01	nan	nan	nan	nan
1.082949933267470577e+01	nan	nan	nan	nan
1.105899971819510696e+01	nan	nan	nan	nan
1.129336371054865928e+01	nan	nan	nan	nan
1.153269438002595848e+01	nan	nan	nan	nan
1.177709698119876869e+01	nan	nan	nan	nan
1.202667899920963279e+01	nan	nan	nan	nan
1.228155019704247053e+01	nan	nan	nan	nan
1.254182266379493349e+01	nan	nan	nan	nan
1.280761086397376225e+01	nan	nan	nan	nan
1.307903168783481007e+01	nan	nan	nan	nan
1.335620450278989146e+01	nan	nan	nan	nan
1.363925120590300821e+01	nan	nan	nan	nan
1.392829627749924271e+01	nan	nan	nan	nan
1.422346683590943783e+01	nan	nan	nan	nan
1.452489269337533528e+01	nan	nan	nan	nan
1.483270641313931115e+01	nan	nan	nan	nan
1.514704336774399174e+01	nan	nan	nan	nan
1.546804179856737527e+01	nan	nan	nan	nan
1.579584287661962527e+01	nan	nan	nan	nan
1.613059076462826624e+01	nan	nan	nan	nan
1.647243268043913034e+01	nan	nan	nan	nan
1.682151896176083383e+01	nan	nan	nan	nan
1.717800313228151410e+01	nan	nan	nan	nan
1.754204196918641045e+01	nan	nan	nan	nan
1.791379557210657580e+01	nan	nan	nan	nan
1.829342743352862044e+01	nan	nan	nan	nan
1.868110451069663469e+01	nan	nan	nan	nan
1.907699729903783492e+01	nan	nan	nan	nan
1.948127990714428748e+01	nan	nan	nan	nan
1.989413013334363711e+01	nan	nan	nan	nan
2.031572954389253738e+01	nan	nan	nan	nan
2.074626355282718393e+01	nan	nan	nan	nan
2.118592150350598402e+01	nan	nan	nan	nan
2.163489675188052530e+01	nan	nan	nan	nan
2.209338675153079734e+01	nan	nan	nan	nan
2.256159314050291798e+01	nan	nan	nan	nan
2.303972182998693796e+01	nan	nan	nan	nan
2.352798309487394945e+01	nan	nan	nan	nan
2.402659166623228870e+01	nan	nan	nan	nan
2.453576682574353285e+01	nan	nan	nan	nan
2.505573250213976877e+01	nan	nan	nan	nan
2.558671736968459953e+01	nan	nan	nan	nan
2.612895494874115698e+01	nan	nan	nan	nan
2.668268370847132687e+01	nan	nan	nan	nan
2.724814717171165412e+01	nan	nan	nan	nan
2.782559402207125743e+01	nan	nan	nan	nan
2.841527821329990999e+01	nan	nan	nan	nan
2.901745908097360527e+01	nan	nan	nan	nan
2.963240145654703639e+01	nan	nan	nan	nan
3.026037578382308624e+01	nan	nan	nan	nan
3.090165823789054755e+01	nan	nan	nan	nan
3.155653084658241525e+01	nan	nan	nan	nan
3.222528161450811979e+01	nan	nan	nan	nan
3.290820464971425707e+01	nan	nan	nan	nan
3.360560029302952501e+01	nan	nan	nan	nan
3.431777525015100849e+01	nan	nan	nan	nan
3.504504272652905428e+01	nan	nan	nan	nan
3.578772256511129513e+01	nan	nan	nan	nan
3.654614138700539883e+01	nan	nan	nan	nan
3.732063273512289925e+01	nan	nan	nan	nan
3.811153722086707774e+01	nan	nan	nan	nan
3.891920267392951160e+01	nan	nan	nan	nan
3.974398429526115706e+01	nan	nan	nan	nan
4.058624481328516254e+01	nan	nan	nan	nan
4.144635464342010778e+01	nan	nan	nan	nan
4.232469205098434628e+01	nan	nan	nan	nan
4.322164331755172384e+01	nan	nan	nan	nan
4.413760291083362119e+01	nan	nan	nan	nan
4.507297365816076251e+01	nan	nan	nan	nan
4.602816692364147144e+01	nan	nan	nan	nan
4.700360278907441369e+01	nan	nan	nan	nan
4.799971023869517950e+01	nan	nan	nan	nan
4.901692734783804895e+01	nan	nan	nan	nan
5.005570147559598126e+01	nan	nan	nan	nan
5.111648946156338980e+01	nan	nan	nan	nan
5.219975782674825382e+01	nan	nan	nan	nan
5.330598297874255564e+01	nan	nan	nan	nan
5.443565142123959077e+01	nan	nan	nan	nan
5.558925996799251124e+01	nan	nan	nan	nan
5.676731596130657209e+01	nan	nan	nan	nan
5.797033749516177181e+01	nan	nan	nan	nan
5.919885364306400533e+01	nan	nan	nan	nan
6.045340469072480261e+01	nan	nan	nan	nan
6.173454237367209174e+01	nan	nan	nan	nan
6.304283011989645757e+01	nan	nan	nan	nan
6.437884329763940627e+01	nan	nan	nan	nan
6.574316946843353549e+01	nan	nan	nan	nan
6.713640864550379206e+01	nan	nan	nan	nan
6.855917355764610477e+01	nan	nan	nan	nan
7.001208991869765441e+01	nan	nan	nan	nan
7.149579670271769771e+01	nan	nan	nan	nan
7.301094642500031284e+01	nan	nan	nan	nan
7.455820542904223203e+01	nan	nan	nan	nan
7.613825417959219521e+01	nan	nan	nan	nan
7.775178756191070306e+01	nan	nan	nan	nan
7.939951518737163383e+01	nan	nan	nan	nan
8.108216170554010205e+01	nan	nan	nan	nan
8.280046712286477373e+01	nan	nan	nan	nan
8.455518712812224180e+01	nan	nan	nan	nan
8.634709342475994731e+01	nan	nan	nan	nan
8.817697407028136070e+01	nan	nan	nan	nan
9.004563382282356088e+01	nan	nan	nan	nan
9.195389449507966617e+01	nan	nan	nan	nan
9.390259531572145590e+01	nan	nan	nan	nan
9.589259329848152902e+01	nan	nan	nan	nan
9.792476361905691817e+01	nan	nan	nan	nan
