# Data associated with arXiv:2208.14002
# 
# Scale-free velocity distribution, f(E), of a nfw0-9rhos4e6 dark matter distribution (see Eq. 2.7 and the surrounding discussion)
# 
# Published: 8/25/22, Jack Runburg and Kenny Kiriu, contact: runburg@hawaii.edu
# 
# 
# -----------------------------------------------------------------
# 
# 	 tilde E 		 | 		 tilde f
# 
# -----------------------------------------------------------------
1.368946620424845740e-06	2.731917092714496851e+08
1.394420332386403939e-06	2.630845801465705633e+08
1.420368064666615536e-06	2.530963060968590975e+08
1.446798637828209431e-06	2.432852971213592887e+08
1.473721036562959315e-06	2.338389772400931716e+08
1.501144412745557630e-06	2.246202498926156759e+08
1.529078088544358883e-06	2.157650521594901681e+08
1.557531559589945890e-06	2.072590709545987844e+08
1.586514498202695032e-06	1.990884145944431424e+08
1.616036756680360787e-06	1.912398450541907847e+08
1.646108370646820065e-06	1.837007264681066275e+08
1.676739562463157315e-06	1.764589328224622309e+08
1.707940744702157469e-06	1.695027011628974080e+08
1.739722523687499067e-06	1.628206701114851236e+08
1.772095703098732830e-06	1.564020939778968096e+08
1.805071287643385487e-06	1.502366211477392018e+08
1.838660486797344185e-06	1.443142487778224945e+08
1.872874718614826782e-06	1.386253242826382518e+08
1.907725613609274629e-06	1.331606984601451308e+08
1.943225018706384183e-06	1.279115809774476886e+08
1.979385001270750868e-06	1.228693975043083876e+08
2.016217853207355073e-06	1.180259770977180749e+08
2.053736095139414941e-06	1.133735292856382132e+08
2.091952480663925638e-06	1.089045079647455066e+08
2.130880000686362318e-06	1.046116982231848389e+08
2.170531887836073145e-06	1.004881665971284509e+08
2.210921620963746836e-06	9.652716512711785734e+07
2.252062929722620849e-06	9.272231006448361278e+07
2.293969799234843914e-06	8.906749779786036909e+07
2.336656474844725929e-06	8.555677821367120743e+07
2.380137466960331700e-06	8.218443751127217710e+07
2.424427555985224397e-06	7.894505684880450368e+07
2.469541797341904138e-06	7.583341170547978580e+07
2.515495526588690826e-06	7.284444215685850382e+07
2.562304364631862190e-06	6.997329639475987852e+07
2.609984223034659366e-06	6.721533291586932540e+07
2.658551309425151806e-06	6.456611140496022254e+07
2.708022133004608157e-06	6.202133711409229785e+07
2.758413510158428423e-06	5.957687022471303493e+07
2.809742570171390358e-06	5.722877046633709967e+07
2.862026761049215436e-06	5.497325186610426754e+07
2.915283855448494467e-06	5.280665364100103080e+07
2.969531956716821527e-06	5.072545849485426396e+07
3.024789505045397763e-06	4.872630298961839825e+07
3.081075283735976599e-06	4.680596981550515443e+07
3.138408425584487734e-06	4.496134191112580150e+07
3.196808419383341045e-06	4.318942037732358277e+07
3.256295116544683822e-06	4.148735203642861545e+07
3.316888737846930531e-06	3.985238411227393895e+07
3.378609880306682663e-06	3.828186593268985301e+07
3.441479524178590382e-06	3.677326005788487941e+07
3.505519040085303601e-06	3.532412161378112435e+07
3.570750196280157357e-06	3.393210587085294724e+07
3.637195166044882290e-06	3.259496402881450579e+07
3.704876535224906726e-06	3.131052978839951381e+07
3.773817309904912170e-06	3.007672791010034829e+07
3.844040924227028301e-06	2.889156338633515313e+07
3.915571248354588462e-06	2.775311449157230556e+07
3.988432596583875779e-06	2.665953757634675875e+07
4.062649735606880860e-06	2.560906570704928786e+07
4.138247892927655361e-06	2.460000374423583224e+07
4.215252765435217149e-06	2.363071742682540044e+07
4.293690528135985652e-06	2.269963487599204853e+07
4.373587843048519729e-06	2.180525071382822096e+07
4.454971868263825069e-06	2.094612079545768350e+07
4.537870267174033115e-06	2.012085484741809964e+07
4.622311217872869269e-06	1.932811546602774784e+07
4.708323422730867390e-06	1.856662168587913364e+07
4.795936118148657720e-06	1.783514274977554381e+07
4.885179084491777356e-06	1.713249380650196970e+07
4.976082656210075467e-06	1.645753819615877792e+07
5.068677732145509640e-06	1.580918500534339435e+07
5.162995786031464007e-06	1.518638523212573864e+07
5.259068877187506669e-06	1.458813131010684185e+07
5.356929661412934736e-06	1.401345635200040042e+07
5.456611402082903402e-06	1.346142999730302766e+07
5.558147981451045546e-06	1.293115942875408567e+07
5.661573912162106385e-06	1.242178736796794459e+07
5.766924348978865601e-06	1.193248943398051150e+07
5.874235100726957845e-06	1.146247462424906716e+07
5.983542642462013134e-06	1.101098326489793509e+07
6.094884127862933868e-06	1.057728455300784484e+07
6.208297401855641893e-06	1.016067644771144539e+07
6.323821013471709484e-06	9.760486173112617806e+06
6.441494228945909534e-06	9.376067013374311849e+06
6.561357045057541820e-06	9.006796155648391694e+06
6.683450202719624826e-06	8.652076707321655005e+06
6.807815200820992125e-06	8.311335543819772080e+06
6.934494310325643679e-06	7.984021560674225911e+06
7.063530588634267380e-06	7.669605161099200137e+06
7.194967894212961384e-06	7.367577780976506881e+06
7.328850901493732881e-06	7.077451555199929513e+06
7.465225116052315465e-06	6.798757294846589677e+06
7.604136890067940040e-06	6.531044147122288123e+06
7.745633438070804720e-06	6.273879451401956379e+06
7.889762852982182736e-06	6.026847409655666910e+06
8.036574122452746940e-06	5.789548550347774290e+06
8.186117145504879180e-06	5.561599366647324525e+06
8.338442749484090797e-06	5.342631170700931922e+06
8.493602707325946809e-06	5.132289953340864740e+06
8.651649755143686919e-06	4.930235951034015045e+06
8.812637610143126516e-06	4.736142314954058267e+06
8.976620988870439921e-06	4.549695239424263127e+06
9.143655625799175247e-06	4.370593566756962799e+06
9.313798292263024726e-06	4.198547682987154461e+06
9.487106815740272943e-06	4.033279432404243853e+06
9.663640099497053317e-06	3.874521785181706306e+06
9.843458142595475871e-06	3.722018113828210160e+06
1.002662206027397687e-05	3.575521944028883241e+06
1.021319410470634469e-05	3.434796512771858834e+06
1.040323768614661664e-05	3.299614364753378555e+06
1.059681739446726500e-05	3.169757084408005700e+06
1.079399902109739953e-05	3.045014786797873676e+06
1.099484958136912121e-05	2.925185880078752059e+06
1.119943733727888824e-05	2.810076781983413734e+06
1.140783182067228506e-05	2.699501479194032028e+06
1.162010385685951603e-05	2.593281298839778174e+06
1.183632558866980288e-05	2.491244604387688916e+06
1.205657050095313064e-05	2.393226557977453806e+06
1.228091344553699261e-05	2.299068794353130739e+06
1.250943066664739585e-05	2.208619173099075910e+06
1.274219982680187228e-05	2.121731599419372156e+06
1.297930003318412970e-05	2.038265708622438833e+06
1.322081186450858437e-05	1.958086668547077803e+06
1.346681739838411946e-05	1.881064979015383404e+06
1.371740023918667152e-05	1.807076198810336646e+06
1.397264554644931339e-05	1.736000836112655234e+06
1.423264006378040286e-05	1.667724127465268597e+06
1.449747214831858421e-05	1.602135781298539136e+06
1.476723180073559135e-05	1.539129867918452714e+06
1.504201069579623604e-05	1.478604647011219757e+06
1.532190221348620632e-05	1.420462373037802754e+06
1.560700147071857137e-05	1.364609156679731328e+06
1.589740535362890489e-05	1.310954837766415672e+06
1.619321255047094632e-05	1.259412785926225595e+06
1.649452358512289147e-05	1.209899754724594764e+06
1.680144085121676573e-05	1.162335813954986399e+06
1.711406864690121865e-05	1.116644196415020386e+06
1.743251321025074697e-05	1.072751146433775080e+06
1.775688275533219827e-05	1.030585802734785946e+06
1.808728750894153856e-05	9.900800954607427120e+05
1.842383974802306755e-05	9.511686554951734142e+05
1.876665383778336357e-05	9.137886856618572492e+05
1.911584627051373091e-05	8.778798540289446246e+05
1.947153570513320109e-05	8.433842150798112852e+05
1.983384300746633864e-05	8.102461123409739230e+05
2.020289129126897362e-05	7.784120671832528897e+05
2.057880596001591812e-05	7.478307098833071068e+05
2.096171474946484619e-05	7.184527099323917646e+05
2.135174777101030651e-05	6.902306693586666370e+05
2.174903755584338860e-05	6.631190584713653661e+05
2.215371909993086645e-05	6.370741512166495668e+05
2.256592990982991630e-05	6.120539307201376650e+05
2.298581004935346234e-05	5.880180421138105448e+05
2.341350218710192512e-05	5.649277273978375597e+05
2.384915164487770719e-05	5.427457449435519520e+05
2.429290644699813668e-05	5.214363252242336166e+05
2.474491737052457528e-05	5.009651100308575551e+05
2.520533799642342507e-05	4.812990907157667098e+05
2.567432476167727263e-05	4.624065622384611634e+05
2.615203701236327685e-05	4.442570694362731301e+05
2.663863705771681207e-05	4.268213545202382957e+05
2.713429022519888247e-05	4.100713145745339571e+05
2.763916491658508526e-05	3.939799540424090228e+05
2.815343266509645831e-05	3.785213381640877342e+05
2.867726819358972211e-05	3.636705566436121590e+05
2.921084947382836277e-05	3.494036800288174418e+05
2.975435778685289279e-05	3.356977204488143325e+05
3.030797778447190245e-05	3.225305972422398045e+05
3.087189755189409843e-05	3.098810994132128544e+05
3.144630867152206849e-05	2.977288511139579350e+05
3.203140628793055050e-05	2.860542796668841620e+05
3.262738917404921967e-05	2.748385821807797183e+05
3.323445979857440533e-05	2.640636972292196006e+05
3.385282439463055068e-05	2.537122758683130087e+05
3.448269302970584041e-05	2.437676507451283978e+05
3.512427967688521178e-05	2.342138123244972376e+05
3.577780228740398498e-05	2.250353815613543557e+05
3.644348286454830965e-05	2.162175843490620027e+05
3.712154753892490461e-05	2.077462295956868911e+05
3.781222664512803606e-05	1.996076848568640125e+05
3.851575479982717999e-05	1.917888536843717156e+05
3.923237098130331435e-05	1.842771563468167733e+05
3.996231861045985480e-05	1.770605085407019651e+05
4.070584563333552904e-05	1.701273018418538850e+05
4.146320460514741951e-05	1.634663848960783216e+05
4.223465277589132701e-05	1.570670453885619063e+05
4.302045217753001612e-05	1.509189927351370570e+05
4.382086971279670505e-05	1.450123419769510801e+05
4.463617724564510622e-05	1.393375976603098679e+05
4.546665169337571119e-05	1.338856375945779728e+05
4.631257512046941610e-05	1.286476988459493296e+05
4.717423483416032269e-05	1.236153640920676262e+05
4.805192348177879066e-05	1.187805471393406624e+05
4.894593914989932081e-05	1.141354798384332971e+05
4.985658546532429735e-05	1.096727002890827425e+05
5.078417169793925285e-05	1.053850405327705521e+05
5.172901286547336111e-05	1.012656143999532796e+05
5.269142984020027233e-05	9.730780691985173326e+04
5.367174945761582169e-05	9.350526366057326959e+04
5.467030462712742066e-05	8.985188055009565142e+04
5.568743444479489450e-05	8.634179335346342123e+04
5.672348430815746701e-05	8.296936892930661270e+04
5.777880603318786851e-05	7.972919587130562286e+04
5.885375797341141281e-05	7.661607581087878498e+04
5.994870514123036830e-05	7.362501484080796945e+04
6.106401933149454534e-05	7.075121574655178119e+04
6.220007924735801875e-05	6.799007013615459437e+04
6.335727062846708830e-05	6.533715098745272553e+04
6.453598638151843386e-05	6.278820526258708560e+04
6.573662671323485165e-05	6.033914763876260258e+04
6.695959926580040151e-05	5.798605341103962564e+04
6.820531925480166039e-05	5.572515235498895345e+04
6.947420960972105217e-05	5.355282258567447570e+04
7.076670111702769558e-05	5.146558468485903722e+04
7.208323256591678177e-05	4.946009620174449083e+04
7.342425089674223205e-05	4.753314613096775429e+04
7.479021135219524681e-05	4.568164989680211875e+04
7.618157763127780552e-05	4.390264425312514504e+04
7.759882204612256348e-05	4.219328248782772425e+04
7.904242568171232519e-05	4.055082985245672899e+04
8.051287855855021472e-05	3.897265923655143706e+04
8.201067979833833084e-05	3.745624687861412531e+04
8.353633779271596644e-05	3.599916824881298817e+04
8.509037037511691509e-05	3.459909417496529204e+04
8.667330499580117237e-05	3.325378710681561643e+04
8.828567890012018892e-05	3.196109749398292115e+04
8.992803931007496742e-05	3.071896033389714648e+04
9.160094360922571316e-05	2.952539181726987590e+04
9.330495953101855099e-05	2.837848613491594369e+04
9.504066535058652745e-05	2.727641242314625197e+04
9.680865008009321645e-05	2.621741181483179753e+04
9.860951366768125651e-05	2.519979458898073790e+04
1.004438672000925928e-04	2.422193745032416336e+04
1.023123331090284173e-04	2.328228093276327127e+04
1.042155453813144411e-04	2.237932687554776203e+04
1.061541497729465546e-04	2.151163597706370638e+04
1.081288040270806511e-04	2.067782557057440499e+04
1.101401780960462241e-04	1.987656727055336887e+04
1.121889543674510243e-04	1.910658492892666618e+04
1.142758278944555183e-04	1.836665254987134904e+04
1.164015066302926489e-04	1.765559232394572246e+04
1.185667116671076666e-04	1.697227270921177842e+04
1.207721774792026279e-04	1.631560662112641330e+04
1.230186521707583359e-04	1.568454969544704727e+04
1.253068977281241749e-04	1.507809861325352540e+04
1.276376902767504705e-04	1.449528945102112630e+04
1.300118203428548972e-04	1.393519614837584049e+04
1.324300931199062672e-04	1.339692903326055421e+04
1.348933287400115285e-04	1.287963337427237639e+04
1.374023625503019105e-04	1.238248800630240112e+04
1.399580453943996420e-04	1.190470401499982108e+04
1.425612438990682927e-04	1.144552346574398143e+04
1.452128407661317151e-04	1.100421817109010590e+04
1.479137350697638245e-04	1.058008858666833476e+04
1.506648425592438162e-04	1.017246255694145293e+04
1.534670959672772153e-04	9.780694362138123324e+03
1.563214453239841328e-04	9.404163621101881290e+03
1.592288582766551513e-04	9.042274299481245180e+03
1.621903204153851328e-04	8.694453757968336504e+03
1.652068356046844486e-04	8.360151825958744666e+03
1.682794263211820167e-04	8.038839930452119916e+03
1.714091339975274818e-04	7.730010237050331853e+03
1.745970193726057015e-04	7.433174830089483294e+03
1.778441628481787625e-04	7.147864938930191784e+03
1.811516648520681758e-04	6.873630185995541069e+03
1.845206462080035590e-04	6.610037854175433495e+03
1.879522485122478274e-04	6.356672202459759319e+03
1.914476345171306764e-04	6.113133788650215138e+03
1.950079885216098627e-04	5.879038839356409881e+03
1.986345167689888434e-04	5.654018626519866302e+03
2.023284478519216903e-04	5.437718878686833705e+03
2.060910331248307211e-04	5.229799214883426430e+03
2.099235471238807492e-04	5.029932588108948949e+03
2.138272879946349870e-04	4.837804781821694633e+03
2.178035779275392953e-04	4.653113889144966379e+03
2.218537636013712805e-04	4.475569830000507864e+03
2.259792166347996572e-04	4.304893890855784775e+03
2.301813340461980216e-04	4.140818282586677014e+03
2.344615387218642276e-04	3.983085700145893497e+03
2.388212798927917058e-04	3.831448924790099227e+03
2.432620336201510726e-04	3.685670409935477892e+03
2.477853032896357968e-04	3.545521916376171703e+03
2.523926201148308959e-04	3.410784145432147852e+03
2.570855436497664222e-04	3.281246376362429601e+03
2.618656623108204053e-04	3.156706140642660102e+03
2.667345939081404113e-04	3.036968896679652516e+03
2.716939861867483552e-04	2.921847713455757003e+03
2.767455173775084103e-04	2.811162976139937655e+03
2.818908967581287730e-04	2.704742096085591129e+03
2.871318652243805172e-04	2.602419238032609428e+03
2.924701958717117775e-04	2.504035052357579389e+03
2.979076945874440719e-04	2.409436420980675393e+03
3.034462006537413654e-04	2.318476214956016065e+03
3.090875873615398753e-04	2.231013056659417089e+03
3.148337626356334496e-04	2.146911095596975429e+03
3.206866696711176980e-04	2.066039791649013296e+03
3.266482875813873812e-04	1.988273705973726464e+03
3.327206320578969599e-04	1.913492301141825465e+03
3.389057560418909528e-04	1.841579750191491712e+03
3.452057504083147640e-04	1.772424749519689158e+03
3.516227446621243377e-04	1.705920341609883963e+03
3.581589076472086624e-04	1.641963749083113498e+03
3.648164482681542161e-04	1.580456205085869442e+03
3.715976162250727460e-04	1.521302798793245984e+03
3.785047027617233196e-04	1.464412323783449438e+03
3.855400414271650008e-04	1.409697132697998541e+03
3.927060088511745580e-04	1.357072999277025701e+03
4.000050255336758576e-04	1.306458981112250058e+03
4.074395566484184943e-04	1.257777293834356897e+03
4.150121128611643467e-04	1.210953187229860760e+03
4.227252511626319680e-04	1.165914823133010941e+03
4.305815757164543575e-04	1.122593166058695033e+03
4.385837387224181282e-04	1.080921869879155793e+03
4.467344412952442795e-04	1.040837174531278151e+03
4.550364343591887790e-04	1.002277802700503003e+03
4.634925195587279363e-04	9.651848660064590604e+02
4.721055501856208651e-04	9.295017665083785232e+02
4.808784321226224740e-04	8.951741124320591325e+02
4.898141248041411799e-04	8.621496278199351764e+02
4.989156421941344077e-04	8.303780715943694304e+02
5.081860537815376978e-04	7.998111574484121320e+02
5.176284855935350121e-04	7.704024776258287375e+02
5.272461212269690962e-04	7.421074296943762647e+02
5.370422028982145589e-04	7.148831433063700160e+02
5.470200325118252131e-04	6.886884177037463814e+02
5.571829727482796374e-04	6.634836514885867018e+02
5.675344481711514129e-04	6.392307821814372346e+02
5.780779463540384024e-04	6.158932265030618964e+02
5.888170190275874996e-04	5.934358210879016724e+02
5.997552832469602762e-04	5.718247684410670217e+02
6.108964225800811573e-04	5.510275825864837316e+02
6.222441883170317690e-04	5.310130383920708255e+02
6.338024007009433877e-04	5.117511219583604998e+02
6.455749501807529767e-04	4.932129837528136136e+02
6.575657986861956680e-04	4.753708925091538049e+02
6.697789809254063283e-04	4.581981920656300531e+02
6.822186057055162943e-04	4.416692594018169302e+02
6.948888572766222542e-04	4.257594637328531917e+02
7.077939966995351519e-04	4.104451290096167781e+02
7.209383632376917305e-04	3.957034950779432734e+02
7.343263757736500329e-04	3.815126829966161495e+02
7.479625342505609106e-04	3.678516606063889185e+02
7.618514212852777346e-04	3.547002091866893352e+02
7.759977030969093109e-04	3.420388920427295716e+02
7.904061318435825004e-04	3.298490236904775088e+02
8.050815466403369713e-04	3.181126407369619074e+02
8.200288752598001735e-04	3.068124739793900062e+02
8.352531357325414111e-04	2.959319209070773127e+02
8.507594379754576360e-04	2.854550200660310111e+02
8.665529854486483897e-04	2.753664260535633161e+02
8.826390768412532535e-04	2.656513854829663046e+02
8.990231077867087998e-04	2.562957138909844730e+02
9.157105726079269210e-04	2.472857736156299779e+02
9.327070660928620449e-04	2.386084526714601282e+02
9.500182853009686785e-04	2.302511440746464189e+02
9.676500314010459550e-04	2.222017263100850073e+02
9.856082115409746380e-04	2.144485447449405626e+02
1.003898840749865590e-03	2.069803926503776950e+02
1.022528043873122128e-03	1.997864949338829206e+02
1.041502057540964754e-03	1.928564903148823930e+02
1.060827232170934902e-03	1.861804159214968593e+02
1.080510034004923681e-03	1.797486916199357552e+02
1.100557047181268929e-03	1.735521050896892348e+02
1.120974975842478714e-03	1.675817975467398639e+02
1.141770646279135527e-03	1.618292503761651346e+02
1.162951009110557753e-03	1.562862712028722569e+02
1.184523141502774601e-03	1.509449819734708456e+02
1.206494249424415596e-03	1.457978064095519528e+02
1.228871669941093356e-03	1.408374583245420695e+02
1.251662873548868614e-03	1.360569305064422281e+02
1.274875466547410047e-03	1.314494838161284349e+02
1.298517193453445004e-03	1.270086367422115359e+02
1.322595939455137792e-03	1.227281556473235753e+02
1.347119732907979452e-03	1.186020449657486324e+02
1.372096747872861896e-03	1.146245380638061988e+02
1.397535306696941161e-03	1.107900883744591880e+02
1.423443882637944434e-03	1.070933609491857652e+02
1.449831102532564853e-03	1.035292241741977364e+02
1.476705749509604152e-03	1.000927420463374062e+02
1.504076765748526678e-03	9.677916639622669948e+01
1.531953255284076824e-03	9.358392988647113953e+01
1.560344486857658756e-03	9.050263893877152555e+01
1.589259896958824907e-03	8.753106690231656728e+01
1.618709092221374494e-03	8.466514782257507932e+01
1.648701853218088442e-03	8.190097001408874178e+01
1.679248136990073303e-03	7.923477042090904376e+01
1.710358080267341532e-03	7.666292857210126499e+01
1.742042002615204130e-03	7.418196128982400239e+01
1.774310409632329872e-03	7.178851729812870985e+01
1.807173996201168241e-03	6.947937220268664760e+01
1.840643649791465089e-03	6.725142362217103198e+01
1.874730453817615231e-03	6.510168643325469873e+01
1.909445691050580757e-03	6.302728830109038682e+01
1.944800847085116462e-03	6.102546539937930703e+01
1.980807613863068244e-03	5.909355796279257333e+01
2.017477893253461808e-03	5.722900686257234071e+01
2.054823800690173344e-03	5.542934910421139705e+01
2.092857668867924206e-03	5.369221458253299062e+01
2.131592051497362226e-03	5.201532223618658435e+01
2.171039727120003138e-03	5.039647688876839027e+01
2.211213702983799278e-03	4.883356574269730999e+01
2.252127218980118795e-03	4.732455537812867163e+01
2.293793751642876546e-03	4.586748861029604285e+01
2.336227018210644980e-03	4.446048157833890713e+01
2.379440980752485762e-03	4.310172106449179097e+01
2.423449850358299230e-03	4.178946161580902441e+01
2.468268091394468407e-03	4.052202310183511713e+01
2.513910425825581236e-03	3.929778815608784015e+01
2.560391837603027704e-03	3.811519965471069327e+01
2.607727577121212153e-03	3.697275878110446001e+01
2.655933165742222542e-03	3.586902240563097877e+01
2.705024400389687434e-03	3.480260116688416616e+01
2.755017358212628192e-03	3.377215739522684856e+01
2.805928401320065789e-03	3.277640311780290006e+01
2.857774181587164567e-03	3.181409820062368610e+01
2.910571645533696194e-03	3.088404848834052885e+01
2.964338039275543710e-03	2.998510411591060887e+01
3.019090913550072711e-03	2.911615774379906085e+01
3.074848128816065271e-03	2.827614304949773327e+01
3.131627860429013737e-03	2.746403305971970710e+01
3.189448603892479969e-03	2.667883872308629023e+01
3.248329180186275943e-03	2.591960748990192798e+01
3.308288741172203846e-03	2.518542185928315291e+01
3.369346775225194861e-03	2.447539810885059097e+01
3.431523112227840861e-03	2.378868500728290414e+01
3.494837930037885884e-03	2.312446257877323674e+01
3.559311759678379997e-03	2.248194091251069082e+01
3.624965491270914966e-03	2.186035903688807380e+01
3.691820379921294248e-03	2.125898384891750936e+01
3.759898051687528189e-03	2.067710901275231450e+01
3.829220509630785856e-03	2.011405398846028092e+01
3.899810139949873387e-03	1.956916307990733017e+01
3.971689718199894123e-03	1.904180441468367491e+01
4.044882415595607052e-03	1.853136915070920310e+01
4.119411805400057316e-03	1.803727055188612027e+01
4.195301869399003548e-03	1.755894316983539838e+01
4.272577004461639884e-03	1.709584204378044703e+01
4.351262029188115305e-03	1.664744192097517939e+01
4.431382190644242783e-03	1.621323651352695450e+01
4.512963171183914310e-03	1.579273787602749479e+01
4.596031095359527988e-03	1.538547557593838278e+01
4.680612536920849588e-03	1.499099613473645931e+01
4.766734525902611291e-03	1.460886235741090822e+01
4.854424555801150308e-03	1.423865273717246360e+01
4.943710590840365814e-03	1.387996088054022792e+01
5.034621073327162459e-03	1.353239490607544049e+01
5.127184931096625924e-03	1.319557696088023668e+01
5.221431585047047602e-03	1.286914261711426555e+01
5.317390956764844398e-03	1.255274045498506830e+01
5.415093476239529746e-03	1.224603152565965658e+01
5.514570089668598823e-03	1.194868891527858601e+01
5.615852267352424224e-03	1.166039727515351210e+01
5.718972011678905357e-03	1.138085241334478859e+01
5.823961865197860299e-03	1.110976086785324668e+01
5.930854918784834832e-03	1.084683950954974030e+01
6.039684819894101421e-03	1.059181517321555788e+01
6.150485780900501187e-03	1.034442426022148354e+01
6.263292587529702138e-03	1.010441242171756571e+01
6.378140607376471191e-03	9.871534187943563410e+00
6.495065798510263506e-03	9.645552651153417756e+00
6.614104718167700646e-03	9.426239126919575995e+00
6.735294531531095356e-03	9.213372960777400422e+00
6.858673020592318675e-03	9.006741026329200039e+00
6.984278593101113375e-03	8.806137628423716279e+00
7.112150291743048365e-03	8.611364168907073235e+00
7.242327802689383504e-03	8.422228875516843516e+00
7.374851465611963024e-03	8.238546564454848564e+00
7.509762282429725995e-03	8.060138393046299754e+00
7.647101926791711850e-03	7.886831640649855757e+00
7.786912753508999120e-03	7.718459462634519319e+00
7.929237808062485418e-03	7.554860698707567934e+00
8.074120836184837252e-03	7.395879647991544736e+00
8.221606293514845468e-03	7.241365880718340087e+00
8.371739355322363116e-03	7.091174044765309326e+00
8.524565926301644336e-03	6.945163671823705975e+00
8.680132650431188202e-03	6.803199032556481285e+00
8.838486920897619878e-03	6.665148901118879365e+00
8.999676890081310596e-03	6.530886467482861057e+00
9.163751479601151689e-03	6.400289128042809139e+00
9.330760390415776540e-03	6.273238348239809525e+00
9.500754112978491289e-03	6.149619527095570248e+00
9.673783937442712033e-03	6.029321834194155016e+00
9.849901963914980269e-03	5.912238098204713133e+00
1.002916111275210971e-02	5.798264672356684635e+00
1.021161513489896207e-02	5.687301252102606952e+00
1.039731862226328865e-02	5.579250889262678648e+00
1.058632701812364622e-02	5.474019734603865928e+00
1.077869662756655161e-02	5.371517003372428434e+00
1.097448462794841165e-02	5.271654845721655214e+00
1.117374907937803905e-02	5.174348253732032887e+00
1.137654893521502023e-02	5.079514964125581677e+00
1.158294405257913676e-02	4.987075324016702282e+00
1.179299520286578896e-02	4.896952305955402096e+00
1.200676408226220189e-02	4.809071231714507455e+00
1.222431332225895097e-02	4.723359938167029703e+00
1.244570650015097701e-02	4.639748492651443179e+00
1.267100814952235553e-02	4.558169150425150917e+00
1.290028377070847471e-02	4.478556410916644026e+00
1.313359984122925220e-02	4.400846782251783829e+00
1.337102382618673285e-02	4.324978807622567700e+00
1.361262418862008508e-02	4.250892971680027443e+00
1.385847039981080893e-02	4.178531641285543330e+00
1.410863294953079196e-02	4.107839014818015499e+00
1.436318335622515513e-02	4.038761040782604894e+00
1.462219417712230969e-02	3.971245389808614856e+00
1.488573901840482480e-02	3.905241383697650281e+00
1.515389254459828527e-02	3.840699956224291167e+00
1.542673048920906349e-02	3.777573592189225948e+00
1.570432966394046462e-02	3.715816295214490417e+00
1.598676796843197592e-02	3.655383531827615773e+00
1.627412439974583805e-02	3.596232194957849071e+00
1.656647906171614462e-02	3.538320559257897902e+00
1.686391317414982771e-02	3.481608254301729488e+00
1.716650908186866109e-02	3.426056198668872455e+00
1.747435026358126059e-02	3.371626602919262972e+00
1.778752134057348319e-02	3.318282906636787821e+00
1.810610808520539405e-02	3.265989754989996552e+00
1.843019742920257512e-02	3.214712953049599253e+00
1.875987747172931652e-02	3.164419476104276541e+00
1.909523748723065961e-02	3.115077400891481663e+00
1.943636793303005553e-02	3.066655887894479182e+00
1.978336045666903228e-02	3.019125162036102150e+00
2.013630790297471843e-02	2.972456477619159099e+00
2.049530432060257812e-02	2.926622105157160370e+00
2.086044496920173505e-02	2.881595297117249377e+00
2.123182632486961610e-02	2.837350276489511103e+00
2.160954608630239956e-02	2.793862185011162236e+00
2.199370318088680887e-02	2.751107097234645416e+00
2.238439776728999575e-02	2.709061994638203075e+00
2.278173124455840082e-02	2.667704726417110983e+00
2.318580625127278708e-02	2.627013997356771213e+00
2.359672667505894467e-02	2.586969352655878573e+00
2.401459765007268182e-02	2.547551148236090857e+00
2.443952556649517729e-02	2.508740554084857965e+00
2.487161806712565038e-02	2.470519517030377532e+00
2.531098405213800390e-02	2.432870732740517017e+00
2.575773368329827354e-02	2.395777661707298556e+00
2.621197837855164178e-02	2.359224487906883549e+00
2.667383082034662650e-02	2.323196086602854038e+00
2.714340494831544298e-02	2.287678054632176661e+00
2.762081596184637333e-02	2.252656643479313381e+00
2.810618032202962316e-02	2.218118770786031924e+00
2.859961574313465288e-02	2.184051976046779142e+00
2.910124119346010549e-02	2.150444450395511797e+00
2.961117689544644216e-02	2.117284968133155587e+00
3.012954431483790343e-02	2.084562897490534361e+00
3.065646616019461132e-02	2.052268176101234243e+00
3.119206637860889170e-02	2.020391292315042886e+00
3.173647014579290132e-02	1.988923270459938220e+00
3.228980386063934338e-02	1.957855651715459500e+00
3.285219514140434033e-02	1.927180459107331600e+00
3.342377280993634459e-02	1.896890230561078861e+00
3.400466688706049040e-02	1.866977936436298613e+00
3.459500857996397616e-02	1.837436989017431577e+00
3.519493027503865779e-02	1.808261252163849253e+00
3.580456551828351680e-02	1.779444979941872784e+00
3.642404901064579675e-02	1.750982818990486134e+00
3.705351658631085565e-02	1.722869778682276865e+00
3.769310520100414841e-02	1.695101228727221576e+00
3.834295291826922414e-02	1.667672876388073266e+00
3.900319888585902089e-02	1.640580752150376131e+00
3.967398332425715185e-02	1.613821158228131880e+00
4.035544750087324828e-02	1.587390704237880978e+00
4.104773371146495931e-02	1.561286247282729578e+00
4.175098527097177020e-02	1.535504894205455662e+00
4.246534645935243907e-02	1.510043991927790152e+00
4.319096253071216807e-02	1.484901067761318583e+00
4.392797967079708349e-02	1.460073880959160242e+00
4.467654497151973131e-02	1.435560347265053993e+00
4.543680640698949391e-02	1.411358545826076227e+00
4.620891280274224550e-02	1.387466698287606715e+00
4.699301380120670529e-02	1.363883174638439000e+00
4.778925983751192152e-02	1.340606444223850335e+00
4.859780209685499175e-02	1.317635085459362587e+00
4.941879248968913951e-02	1.294967761549912444e+00
5.025238360632459239e-02	1.272603209421769188e+00
5.109872868341287094e-02	1.250540234292770947e+00
5.195798156896012238e-02	1.228777688844447047e+00
5.283029665396022506e-02	1.207314458391762324e+00
5.371582890978102154e-02	1.186149437146466701e+00
5.461473373947287047e-02	1.165281569079645196e+00
5.552716699310391441e-02	1.144709789704720704e+00
5.645328491654320879e-02	1.124433024605753895e+00
5.739324409149605677e-02	1.104450190711503854e+00
5.834720139265590216e-02	1.084760186221617184e+00
5.931531393302659494e-02	1.065361863801481013e+00
6.029773901726791230e-02	1.046254073632068460e+00
6.129463407797733354e-02	1.027435586744763985e+00
6.230615662232935614e-02	1.008905149476089891e+00
6.333246418231651409e-02	9.906614436393510470e-01
6.437371424321383651e-02	9.727030955589985872e-01
6.543006418826256831e-02	9.550286700439050147e-01
6.650167124081061976e-02	9.376366603398935684e-01
6.758869238989514971e-02	9.205254977866990096e-01
6.869128432963168829e-02	9.036935348212447039e-01
6.980960339628798639e-02	8.871390528414647703e-01
7.094380548927176067e-02	8.708602529021250982e-01
7.209404600560381793e-02	8.548552650438183687e-01
7.326047977172248094e-02	8.391221386469993604e-01
7.444326095906018959e-02	8.236588361936750813e-01
7.564254302027845211e-02	8.084632550319795774e-01
7.685847860199999937e-02	7.935332084823104593e-01
7.809121947092938221e-02	7.788664253915545954e-01
7.934091643659406390e-02	7.644605689834755857e-01
8.060771926214334304e-02	7.503132229702917932e-01
8.189177658479691868e-02	7.364218924459888793e-01
8.319323584551639728e-02	7.227840134319418741e-01
8.451224316728039865e-02	7.093969558571644463e-01
8.584894330461925738e-02	6.962580168199430375e-01
8.720347953671996055e-02	6.833644291762599465e-01
8.857599358207983442e-02	6.707133628583614726e-01
8.996662550299000527e-02	6.583019268026235604e-01
9.137551362047170722e-02	6.461271740284735277e-01
9.280279441189684397e-02	6.341861010420984934e-01
9.424860242571787838e-02	6.224756538256058791e-01
9.571307017552817265e-02	6.109927293044358221e-01
9.719632805421053734e-02	5.997341784053261682e-01
9.869850422447487559e-02	5.886968105648172633e-01
1.002197245328674963e-01	5.778773972453470353e-01
1.017601123800382229e-01	5.672726711647029241e-01
1.033197886980864455e-01	5.568793269138416768e-01
1.048988717495818457e-01	5.466940379813527429e-01
1.064974770837354978e-01	5.367134514250502253e-01
1.081157174233075835e-01	5.269341848279656126e-01
1.097537025676328104e-01	5.173528366113401278e-01
1.114115392786196590e-01	5.079659887754982561e-01
1.130893311834847009e-01	4.987702075336299390e-01
1.147871786771693797e-01	4.897620466511247717e-01
1.165051788072740818e-01	4.809380518690178907e-01
1.182434251773914619e-01	4.722947617884954430e-01
1.200020078472298080e-01	4.638287103487767071e-01
1.217810132209678070e-01	4.555364317549491782e-01
1.235805239484671775e-01	4.474144603222287020e-01
1.254006188292231538e-01	4.394593335385178490e-01
1.272413726982754012e-01	4.316675961704886655e-01
1.291028563312752175e-01	4.240358005664421337e-01
1.309851363494475840e-01	4.165605087553545527e-01
1.328882751079515090e-01	4.092382965850767107e-01
1.348123306033057189e-01	4.020657539417452075e-01
1.367573563806054049e-01	3.950394868722976183e-01
1.387234014258942605e-01	3.881561208553335196e-01
1.407105100746416093e-01	3.814123017065953469e-01
1.427187219298634568e-01	3.748046964051330865e-01
1.447480717473142164e-01	3.683299974946598887e-01
1.467985893637739903e-01	3.619849228124013552e-01
1.488702995953137265e-01	3.557662177077527965e-01
1.509632221588412815e-01	3.496706573485580116e-01
1.530773715810943847e-01	3.436950470411365699e-01
1.552127571178857079e-01	3.378362254282693544e-01
1.573693826719187727e-01	3.320910645283315366e-01
1.595472467149225970e-01	3.264564740160353362e-01
1.617463422122958072e-01	3.209293994229636682e-01
1.639666565446693813e-01	3.155068245531351123e-01
1.662081714450499015e-01	3.101857774993010408e-01
1.684708629208800101e-01	3.049633252582810150e-01
1.707547011991748798e-01	2.998365807124281912e-01
1.730596506529618328e-01	2.948027016370290410e-01
1.753856697541864018e-01	2.898588931925819012e-01
1.777327110065573534e-01	2.850024109564323060e-01
1.801007208979339691e-01	2.802305588604634412e-01
1.824896398560932331e-01	2.755406955888584086e-01
1.848994021909687591e-01	2.709302318701793388e-01
1.873299360672910918e-01	2.663966361048336617e-01
1.897811634526875013e-01	2.619374334069728416e-01
1.922530000892375412e-01	2.575502082895052558e-01
1.947453554688892419e-01	2.532326063767360580e-01
1.972581327944009366e-01	2.489823368171995288e-01
1.997912289631325333e-01	2.447971716230853134e-01
2.023445345548390006e-01	2.406749500467360303e-01
2.049179338044227194e-01	2.366135786444407418e-01
2.075113045991717475e-01	2.326110340994349268e-01
2.101245184771368124e-01	2.286653625570051196e-01
2.127574406157703435e-01	2.247746835042302438e-01
2.154099298396953410e-01	2.209371890318710674e-01
2.180818386351352500e-01	2.171511466344623054e-01
2.207730131484235692e-01	2.134148989219213088e-01
2.234832932115913551e-01	2.097268671037723631e-01
2.262125123591405551e-01	2.060855477621695020e-01
2.289604978613433983e-01	2.024895174439752810e-01
2.317270707405107433e-01	1.989374308970215943e-01
2.345120458216988502e-01	1.954280222877116113e-01
2.373152317578378356e-01	1.919601052449911305e-01
2.401364310801321900e-01	1.885325733396021330e-01
2.429754402489784915e-01	1.851443971115881160e-01
2.458320497036118879e-01	1.817946268055475323e-01
2.487060439201051742e-01	1.784823909885157045e-01
2.515972014695659342e-01	1.752068934090211250e-01
2.545052950930706270e-01	1.719674142583695609e-01
2.574300917633461916e-01	1.687633078191358438e-01
2.603713527675502459e-01	1.655940002226241603e-01
2.633288337825379077e-01	1.624589866132769012e-01
2.663022849604060882e-01	1.593578330501454754e-01
2.692914510132554673e-01	1.562901684605029762e-01
2.722960713105103125e-01	1.532556869591397142e-01
2.753158799731763584e-01	1.502541398645294290e-01
2.783506059689193624e-01	1.472853389525815015e-01
2.813999732261497355e-01	1.443491485404341801e-01
2.844637007298114750e-01	1.414454819328551938e-01
2.875415026457261991e-01	1.385743018175665253e-01
2.906330884237119383e-01	1.357356134513365009e-01
2.937381629214168566e-01	1.329294599879145833e-01
2.968564265315030704e-01	1.301559232010627010e-01
2.999875752958468533e-01	1.274151149206330658e-01
3.031313010394002805e-01	1.247071755512907526e-01
3.062872915069995150e-01	1.220322702440417573e-01
3.094552304838726897e-01	1.193905839882985487e-01
3.126347979489437212e-01	1.167823180353452783e-01
3.158256701990544979e-01	1.142076874761430438e-01
3.190275199998570121e-01	1.116669160116042364e-01
3.222400167257599701e-01	1.091602327827716767e-01
3.254628265145125821e-01	1.066878688211068404e-01
3.286956124036201632e-01	1.042500558353681717e-01
3.319380344849823250e-01	1.018470197108022196e-01
3.351897500664117180e-01	9.947898039488982380e-02
3.384504138101976922e-01	9.714614702454893447e-02
3.417196778954564307e-01	9.484871692329109594e-02
3.449971921807259978e-01	9.258687327854653315e-02
3.482826043483274181e-01	9.036078188628018926e-02
3.515755600697034189e-01	8.817059082803031800e-02
3.548757031706625265e-01	8.601642653147777151e-02
3.581826757785382953e-01	8.389839421625355786e-02
3.614961184894016077e-01	8.181657628073166211e-02
3.648156705342535111e-01	7.977103114907252435e-02
3.681409699264227564e-01	7.776179202700340964e-02
3.714716536357111076e-01	7.578886631809141072e-02
3.748073577443201687e-01	7.385223549981312363e-02
3.781477176016918018e-01	7.195185492466665833e-02
3.814923679962481384e-01	7.008765384916680607e-02
3.848409433033910809e-01	6.825953412790713992e-02
3.881930776540369887e-01	6.646737279958431222e-02
3.915484050866523402e-01	6.471101973162304843e-02
3.949065597071729772e-01	6.299030044994083366e-02
3.982671758438005027e-01	6.130501531441941848e-02
4.016298882027638517e-01	5.965494049724684444e-02
4.049943320228140409e-01	5.803982910955288177e-02
4.083601432218763039e-01	5.645941162192556068e-02
4.117269585565704326e-01	5.491339492392167260e-02
4.150944157599200657e-01	5.340147135147790824e-02
4.184621536998714419e-01	5.192330770703645210e-02
4.218298125114569586e-01	5.047855415184321348e-02
4.251970337531082444e-01	4.906684363144902389e-02
4.285634605326479329e-01	4.768779254331396295e-02
4.319287376611893881e-01	4.634100203081833319e-02
4.352925117746410111e-01	4.502605932668528321e-02
4.386544314735623673e-01	4.374253850897569240e-02
4.420141474605532306e-01	4.249000165805998097e-02
4.453713126553096036e-01	4.126800023294398961e-02
4.487255823269805655e-01	4.007607579507374562e-02
4.520766142237713781e-01	3.891376119378670007e-02
4.554240686789715609e-01	3.778058164553802639e-02
4.587676087351560406e-01	3.667605569840741431e-02
4.621069002653279134e-01	3.559969604035758545e-02
4.654416120694347958e-01	3.455101061484529973e-02
4.687714159904580735e-01	3.352950350101974869e-02
4.720959870240936107e-01	3.253467556129934629e-02
4.754150034089823507e-01	3.156602559776972711e-02
4.787281467306829796e-01	3.062305074687753093e-02
4.820351020247048424e-01	2.970524751562155646e-02
4.853355578534418457e-01	2.881211236690998240e-02
4.886292064027419890e-01	2.794314245339307376e-02
4.919157435742425033e-01	2.709783604059985695e-02
4.951948690527985253e-01	2.627569344153998787e-02
4.984662863929729681e-01	2.547621727297367036e-02
5.017297031007090791e-01	2.469891303133515612e-02
5.049848306918313101e-01	2.394328977118043503e-02
5.082313847659984951e-01	2.320886027546514851e-02
5.114690850852124937e-01	2.249514163025609359e-02
5.146976556110030021e-01	2.180165565834027777e-02
5.179168245850515051e-01	2.112792913884178198e-02
5.211263245694308655e-01	2.047349423767989493e-02
5.243258925096173639e-01	1.983788871379226632e-02
5.275152697762806042e-01	1.922065628302566456e-02
5.306942022137702830e-01	1.862134678489638095e-02
5.338624401810810882e-01	1.803951648822843187e-02
5.370197385919169841e-01	1.747472817895520322e-02
5.401658569516143427e-01	1.692655142409072236e-02
5.433005593844366654e-01	1.639456267053370636e-02
5.464236146726678678e-01	1.587834543083925520e-02
5.495347962719854262e-01	1.537749028879505098e-02
5.526338823471501627e-01	1.489159516844728269e-02
5.557206557795946189e-01	1.442026521242394631e-02
5.587949041990866172e-01	1.396311298794678663e-02
5.618564199855967667e-01	1.351975851368508036e-02
5.649050002870108500e-01	1.308982919929303941e-02
5.679404470341152811e-01	1.267295996169274554e-02
5.709625669329968511e-01	1.226879318417002651e-02
5.739711714857959057e-01	1.187697873555208089e-02
5.769660769761967289e-01	1.149717393537394439e-02
5.799471044749696658e-01	1.112904353380170935e-02
5.829140798430634263e-01	1.077225963831767580e-02
5.858668337109134150e-01	1.042650177645712550e-02
5.888052014770278619e-01	1.009145671830453950e-02
5.917290233041903047e-01	9.766818453608367909e-03
5.946381440911556737e-01	9.452288180281867222e-03
5.975324134653735575e-01	9.147574183253246241e-03
6.004116857704354659e-01	8.852391714670318837e-03
6.032758200342490662e-01	8.566463018813835761e-03
6.061246799554912412e-01	8.289517161283701391e-03
6.089581338754266326e-01	8.021289940280972031e-03
6.117760547615207489e-01	7.761523778246237626e-03
6.145783201656638273e-01	7.509967723447879065e-03
6.173648122023814855e-01	7.266377222770671780e-03
6.201354175244014888e-01	7.030514055846727277e-03
6.228900272761371815e-01	6.802146277013836582e-03
6.256285370668536183e-01	6.581048045893889316e-03
6.283508469408563002e-01	6.366999517698251378e-03
6.310568613255275183e-01	6.159786786323956896e-03
6.337464890071100587e-01	5.959201718182633931e-03
6.364196430833070073e-01	5.765041834879912862e-03
6.390762409246116826e-01	5.577110246986114427e-03
6.417162041262004513e-01	5.395215514659377695e-03
6.443394584743987741e-01	5.219171505739637548e-03
6.469459338913549074e-01	5.048797326508862315e-03
6.495355643979988658e-01	4.883917176834274426e-03
6.521082880622267597e-01	4.724360238947504509e-03
6.546640469532715167e-01	4.569960585543745082e-03
6.572027870894489032e-01	4.420557053034341981e-03
6.597244583945616192e-01	4.275993119660293461e-03
6.622290146455549475e-01	4.136116807471174571e-03
6.647164134159671001e-01	4.000780587320098593e-03
6.671866160356042519e-01	3.869841239708893526e-03
6.696395875249325780e-01	3.743159773092860371e-03
6.720752965566687553e-01	3.620601295184067928e-03
6.744937153891833459e-01	3.502034945279969540e-03
6.768948198186001131e-01	3.387333754168482189e-03
6.792785891305748169e-01	3.276374554649875807e-03
6.816450060334506844e-01	3.169037903417169615e-03
6.839940566095784602e-01	3.065207955456912287e-03
6.863257302663724468e-01	2.964772371510566735e-03
6.886400196678934549e-01	2.867622259766296807e-03
6.909369206857550738e-01	2.773652035730817325e-03
6.932164323498425373e-01	2.682759338383315564e-03
6.954785567786929690e-01	2.594844983912348961e-03
6.977232991303463638e-01	2.509812838990597202e-03
6.999506675530300370e-01	2.427569728925309082e-03
7.021606731147476133e-01	2.348025392530417137e-03
7.043533297550196304e-01	2.271092374931696529e-03
7.065286542332545050e-01	2.196685938445361221e-03
7.086866660616588653e-01	2.124724017375020403e-03
7.108273874544538407e-01	2.055127108514448638e-03
7.129508432796065609e-01	1.987818207586875777e-03
7.150570609884077111e-01	1.922722755208503128e-03
7.171460705676286906e-01	1.859768541720652636e-03
7.192179044909648988e-01	1.798885630778171950e-03
7.212725976496560110e-01	1.740006331497722389e-03
7.233101873052530939e-01	1.683065099356025876e-03
7.253307130412171011e-01	1.627998467426697900e-03
7.273342166954687160e-01	1.574745017626616754e-03
7.293207423115458665e-01	1.523245285638775764e-03
7.312903360983614709e-01	1.473441713033141025e-03
7.332430463521485420e-01	1.425278597072610412e-03
7.351789234255560190e-01	1.378702032380812103e-03
7.370980196604169921e-01	1.333659839637401550e-03
7.390003893465131313e-01	1.290101536273351342e-03
7.408860886632567810e-01	1.247978267754957160e-03
7.427551756315510234e-01	1.207242760056769122e-03
7.446077100619340472e-01	1.167849278393290943e-03
7.464437535054276873e-01	1.129753568496590132e-03
7.482633692050018048e-01	1.092912820022054737e-03
7.500666220411292828e-01	1.057285614554806605e-03
7.518535784924484933e-01	1.022831889070197542e-03
7.536243065765704241e-01	9.895128817626447880e-04
7.553788758144460713e-01	9.572911048194260135e-04
7.571173571717101369e-01	9.261302908205758981e-04
7.588398230236037545e-01	8.959953649963092346e-04
7.605463470977863460e-01	8.668524043880813847e-04
7.622370044413395718e-01	8.386685915516171397e-04
7.639118713644019731e-01	8.114121984383608661e-04
7.655710254009112647e-01	7.850525349128056234e-04
7.672145452730942949e-01	7.595599166671479323e-04
7.688425108332995750e-01	7.349056444762720438e-04
7.704550030307375508e-01	7.110619631885881607e-04
7.720521038747049092e-01	6.880020310169856958e-04
7.736338963814716196e-01	6.656998950848091795e-04
7.752004645387583492e-01	6.441304603922943031e-04
7.767518932762572659e-01	6.232694559653269902e-04
7.782882684077447877e-01	6.030934203180290465e-04
7.798096766049926742e-01	5.835796680313149213e-04
7.813162053609187252e-01	5.647062580291771234e-04
7.828079429439955828e-01	5.464519863542249573e-04
7.842849783643333073e-01	5.287963448016444815e-04
7.857474013465004514e-01	5.117195061366546123e-04
7.871953022808427791e-01	4.952023026418604992e-04
7.886287721930907990e-01	4.792262048877371700e-04
7.900479027191312786e-01	4.637732916321113700e-04
7.914527860579114726e-01	4.488262435355587325e-04
7.928435149432836448e-01	4.343683171638612812e-04
7.942201826197130554e-01	4.203833183008109779e-04
7.955828827983070228e-01	4.068555990537468412e-04
7.969317096278279999e-01	3.937700289475598906e-04
7.982667576791485642e-01	3.811119770078558069e-04
7.995881218919216327e-01	3.688673055541309784e-04
8.008958975639889344e-01	3.570223432098651212e-04
8.021901803093741679e-01	3.455638758764707557e-04
8.034710660424506656e-01	3.344791257977801726e-04
8.047386509404912402e-01	3.237557450437561339e-04
8.059930314207028879e-01	3.133817923722107056e-04
8.072343041150230603e-01	3.033457283491241261e-04
8.084625658412923910e-01	2.936363934865131808e-04
8.096779135808834793e-01	2.842430030138524012e-04
8.108804444501217512e-01	2.751551314418564944e-04
8.120702556823334861e-01	2.663626979447096445e-04
8.132474445950718112e-01	2.578559591840524738e-04
8.144121085794894244e-01	2.496254947687021465e-04
8.155643450626349766e-01	2.416622008328636769e-04
8.167042515024147686e-01	2.339572720520493145e-04
8.178319253503298913e-01	2.265022008294272332e-04
8.189474640382122805e-01	2.192887615061734860e-04
8.200509649630548514e-01	2.123089996265004455e-04
8.211425254525333006e-01	2.055552277492949612e-04
8.222222427627460251e-01	1.990200142845363379e-04
8.232902140454159134e-01	1.926961741207049281e-04
8.243465363330297890e-01	1.865767618621300887e-04
8.253913065308048358e-01	1.806550618388456193e-04
8.264246213834688382e-01	1.749245828327396658e-04
8.274465774656099004e-01	1.693790505202555331e-04
8.284572711742271833e-01	1.640123956795306725e-04
8.294567986943197635e-01	1.588187530543861521e-04
8.304452559951579493e-01	1.537924532602139016e-04
8.314227388180004397e-01	1.489280125378461355e-04
8.323893426491834058e-01	1.442201309763901592e-04
8.333451627160400887e-01	1.396636857680704164e-04
8.342902939674865515e-01	1.352537199855748226e-04
8.352248310691791078e-01	1.309854446128194010e-04
8.361488683764445318e-01	1.268542292346351011e-04
8.370624999300251279e-01	1.228555966492587016e-04
8.379658194508063929e-01	1.189852153479805096e-04
8.388589203113147041e-01	1.152389021723996084e-04
8.397418955340655300e-01	1.116126087594220776e-04
8.406148377881629274e-01	1.081024223524223798e-04
8.414778393575068627e-01	1.047045588046269530e-04
8.423309921512677212e-01	1.014153607103565125e-04
8.431743876861260700e-01	9.823128975766014194e-05
8.440081170685576062e-01	9.514892601284437117e-05
8.448322709997483360e-01	9.216496141281895166e-05
8.456469397590231640e-01	8.927619811980504346e-05
8.464522131914125058e-01	8.647954365266988924e-05
8.472481807084770722e-01	8.377200766776426110e-05
8.480349312742159196e-01	8.115069768555947924e-05
8.488125534002923800e-01	7.861281781926348071e-05
8.495811351340922801e-01	7.615566324467693102e-05
8.503407640586009286e-01	7.377661889274131531e-05
8.510915272812948906e-01	7.147315588323456851e-05
8.518335114245561002e-01	6.924282827833931966e-05
8.525668026306859604e-01	6.708327043938065520e-05
8.532914865413289141e-01	6.499219481164318006e-05
8.540076483015852649e-01	6.296738926706013650e-05
8.547153725554561543e-01	6.100671392362191919e-05
8.554147434318253307e-01	5.910809947152672261e-05
8.561058445510982828e-01	5.726954387544173648e-05
8.567887590108783646e-01	5.548911164348770499e-05
8.574635693841826667e-01	5.376493070671615896e-05
8.581303577239661751e-01	5.209518919635369461e-05
8.587892055440318195e-01	5.047813636813888141e-05
8.594401938245783690e-01	4.891207707615604033e-05
8.600834030152921805e-01	4.739537250795834722e-05
8.607189130142892663e-01	4.592643767183590079e-05
8.613468031789652812e-01	4.450373885887136036e-05
8.619671523229335275e-01	4.312579259568575705e-05
8.625800387066432373e-01	4.179116385355377897e-05
8.631855400363750430e-01	4.049846466295799023e-05
8.637837334695586122e-01	3.924635188766762849e-05
8.643746956036509888e-01	3.803352674356844749e-05
8.649585024757431295e-01	3.685873228499842547e-05
8.655352295716743916e-01	3.572075234440169286e-05
8.661049518075030207e-01	3.461841083413488634e-05
8.666677435383851602e-01	3.355057040196888536e-05
8.672236785609771514e-01	3.251612867995172263e-05
8.677728301028366786e-01	3.151402123317509314e-05
8.683152708254081587e-01	3.054321738385369075e-05
8.688510728296130470e-01	2.960271918848409126e-05
8.693803076456920742e-01	2.869156238413007949e-05
8.699030462333341429e-01	2.780881340491639516e-05
8.704193589984066115e-01	2.695356818926041633e-05
8.709293157663872131e-01	2.612495299813920026e-05
8.714329858047360489e-01	2.532212197492964033e-05
8.719304378070915629e-01	2.454425645386468607e-05
8.724217399068199263e-01	2.379056457307242623e-05
8.729069596695436806e-01	2.306027954121136892e-05
8.733861640936297910e-01	2.235265959975251166e-05
8.738594196163356198e-01	2.166698726345004416e-05
8.743267921092094941e-01	2.100256732059897969e-05
8.747883468820565334e-01	2.035872788564237521e-05
8.752441486805719872e-01	1.973481784654547574e-05
8.756942616958005576e-01	1.913020794111371431e-05
8.761387495505796874e-01	1.854428840655949251e-05
8.765776753192806581e-01	1.797646940652162316e-05
8.770111015113686292e-01	1.742617970635442398e-05
8.774390900889521561e-01	1.689286716005985724e-05
8.778617024534461910e-01	1.637599637636625194e-05
8.782789994628354968e-01	1.587504961958166022e-05
8.786910414177169226e-01	1.538952611342840466e-05
8.790978880700008880e-01	1.491894042419513490e-05
8.794995986390805598e-01	1.446282267966654679e-05
8.798962317820392398e-01	1.402071892281527948e-05
8.802878456225350368e-01	1.359218851954130957e-05
8.806744977497922289e-01	1.317680542561763808e-05
8.810562452056320826e-01	1.277415760703320844e-05
8.814331444990803899e-01	1.238384543567420994e-05
8.818052516141683395e-01	1.200548224622205376e-05
8.821726219938049729e-01	1.163869413786229422e-05
8.825353105564147649e-01	1.128311845024597522e-05
8.828933716999282089e-01	1.093840441911617078e-05
8.832468592925786233e-01	1.060421245726687618e-05
8.835958266824186502e-01	1.028021363463001418e-05
8.839403267067657000e-01	9.966089308943189753e-06
8.842804116813639537e-01	9.661531233541434323e-06
8.846161334098547879e-01	9.366240896136276921e-06
8.849475431924369584e-01	9.079928951057589530e-06
8.852746918170488755e-01	8.802315551884015005e-06
8.855976295672133292e-01	8.533129552087520667e-06
8.859164062331957856e-01	8.272108238526854906e-06
8.862310710995398022e-01	8.018997426745343664e-06
8.865416729561421683e-01	7.773550884474699835e-06
8.868482601112037678e-01	7.535529921031669408e-06
8.871508803712829794e-01	7.304703621059797167e-06
8.874495810679309260e-01	7.080848184731572527e-06
8.877444090407571320e-01	6.863747100308657321e-06
8.880354106580370388e-01	6.653190129564686557e-06
8.883226318071342220e-01	6.448974318300792215e-06
8.886061179034947521e-01	6.250902504073470289e-06
8.888859138933025150e-01	6.058783937736868671e-06
8.891620642574982192e-01	5.872433815058307463e-06
8.894346130078819579e-01	5.691673191742053291e-06
8.897036037032794997e-01	5.516328546132775826e-06
8.899690794436521113e-01	5.346231774940028707e-06
8.902310828702666434e-01	5.181220203389112707e-06
8.904896561822436274e-01	5.021136048269936257e-06
8.907448411249671016e-01	4.865826468279243835e-06
8.909966790053798213e-01	4.715143422734791063e-06
8.912452106854147349e-01	4.568943375212324799e-06
8.914904765922239127e-01	4.427087230048966111e-06
8.917325167215118809e-01	4.289440272460225546e-06
8.919713706325979041e-01	4.155871907683722605e-06
8.922070774672310467e-01	4.026255433661097680e-06
8.924396759350180508e-01	3.900468324063408934e-06
8.926692043254774722e-01	3.778391576715509106e-06
8.928957005212553311e-01	3.659909856112395834e-06
8.931192019795556325e-01	3.544911611295406146e-06
8.933397457505262151e-01	3.433288272337168703e-06
8.935573684869558830e-01	3.324934705554110031e-06
8.937721064244840141e-01	3.219749342317267530e-06
8.939839954050339266e-01	3.117633215251950282e-06
8.941930708790308824e-01	3.018490394584138139e-06
8.943993678930594049e-01	2.922228168599647506e-06
8.946029211108161849e-01	2.828756283012939113e-06
8.948037648066831107e-01	2.737987214158666503e-06
8.950019328750692393e-01	2.649836091766149107e-06
8.951974588270124045e-01	2.564220594685015349e-06
8.953903757948573627e-01	2.481060770705703009e-06
8.955807165462803532e-01	2.400278928318672350e-06
8.957685134704252983e-01	2.321799724672833637e-06
8.959537985906866897e-01	2.245549929168862471e-06
8.961366035745528258e-01	2.171458416043000278e-06
8.963169597188249682e-01	2.099456095372466278e-06
8.964948979703725174e-01	2.029475687029153826e-06
8.966704489239004650e-01	1.961451888382208527e-06
8.968436428163421015e-01	1.895321145833530426e-06
8.970145095440057448e-01	1.831021530996074626e-06
8.971830786589535256e-01	1.768492736819089120e-06
8.973493793671122321e-01	1.707676178042010672e-06
8.975134405443639940e-01	1.648514566557255011e-06
8.976752907253968683e-01	1.590952066631137026e-06
8.978349581189085660e-01	1.534934065062444880e-06
8.979924706041834126e-01	1.480407305855132671e-06
8.981478557348582248e-01	1.427319614067329036e-06
8.983011407454140063e-01	1.375619954353713306e-06
8.984523525458874005e-01	1.325258143767439733e-06
8.986015177394734987e-01	1.276184843729667561e-06
8.987486626102418885e-01	1.228351704750346782e-06
8.988938131337482762e-01	1.181710792939739247e-06
8.990369949831481522e-01	1.136214769453135862e-06
8.991782335247923141e-01	1.091816756343246844e-06
8.993175538266424685e-01	1.048469996843627031e-06
8.994549806588076901e-01	1.006127930328488779e-06
8.995905384954078210e-01	9.647437066659751997e-07
8.997242515244328054e-01	9.242702084970136456e-07
8.998561436396206314e-01	8.846595737077844049e-07
8.999862384502440582e-01	8.458629883093839901e-07
9.001145592916391935e-01	8.078302048877340454e-07
9.002411292059974146e-01	7.705092673254258464e-07
9.003659709661708810e-01	7.338454654682748960e-07
9.004891070746481319e-01	6.977809571681049871e-07
9.006105597557870768e-01	6.622536952780423245e-07
9.007303509657643703e-01	6.271959464195899625e-07
9.008485024058616730e-01	5.925327352465754145e-07
9.009650355007398081e-01	5.581795489763274850e-07
9.010799714214428047e-01	5.235267078121988721e-07
9.011933310853683654e-01	4.894985496829306500e-07
9.013051351505008135e-01	4.554283562578399670e-07
9.014154040213288033e-01	4.211421449732668692e-07
9.015241578620349916e-01	3.864145197551867412e-07
9.016314165814677262e-01	3.509407757823572139e-07
9.017371998472201167e-01	3.142860122864000274e-07
9.018415270892589097e-01	2.757844011566210789e-07
9.019444174943015424e-01	2.343099658849741376e-07
9.020458900130964297e-01	1.876564959589957130e-07
9.021459633701763847e-01	1.300936542900274319e-07
9.022446560494590262e-01	0.000000000000000000e+00
