# Data associated with arXiv:2208.14002
# 
# Scale-free J-factor angular distribution, J_S(theta), of a nfw0-9rhos4e6 dark matter distribution (see Eq. 2.4 and the surrounding discussion)
# 
# Published: 8/25/22, Jack Runburg and Kenny Kiriu, contact: runburg@hawaii.edu
# 
# 
# -----------------------------------------------------------------
# 
# 	 tilde theta 		 | 	 tilde J s-wave 		 | 	 tilde J p-wave 		 | 	 tilde J d-wave 		 | 	 tilde J sommerfeld 
# 
# -----------------------------------------------------------------
1.000000000000000021e-03	2.292802162093784500e+04	1.757561912930830658e+03	2.435135196917490248e+03	3.521298544576100539e+05
1.021192151037671062e-03	2.268701417470560045e+04	1.753611977723323889e+03	2.432582270004121256e+03	3.465988510508182808e+05
1.042833409340945643e-03	2.244067672516076345e+04	1.749565166048414767e+03	2.429966003083108262e+03	3.409520171501369914e+05
1.064933292458827233e-03	2.218905205585728618e+04	1.745421178710732420e+03	2.427286133175706709e+03	3.351910463613801403e+05
1.087501519637659123e-03	2.193220562261010855e+04	1.741180002142646117e+03	2.424542578082889122e+03	3.293182215166375972e+05
1.110548016095517111e-03	2.167022929864970138e+04	1.736841963510318692e+03	2.421735472448687233e+03	3.233365080409829388e+05
1.134082917387199208e-03	2.140324595220019182e+04	1.732407799977638433e+03	2.418865213386949108e+03	3.172496672323615057e+05
1.158116573861711456e-03	2.113141515778221947e+04	1.727878748001968461e+03	2.415932519735539245e+03	3.110623963010959560e+05
1.182659555214217667e-03	2.085494051017563834e+04	1.723256662156855782e+03	2.412938511544223275e+03	3.047805056407543016e+05
1.207722655134462354e-03	2.057407931004963393e+04	1.718544179668004517e+03	2.409884821118786476e+03	2.984111501778812963e+05
1.233316896053688856e-03	2.028915596544681466e+04	1.713744960079566454e+03	2.406773756304005474e+03	2.919631436465855222e+05
1.259453533992170365e-03	2.000058165269837264e+04	1.708864057886853743e+03	2.403608556861009674e+03	2.854474091911523137e+05
1.286144063509461061e-03	1.970888556298728508e+04	1.703908553756675019e+03	2.400393833055012237e+03	2.788776756309612538e+05
1.313400222759557485e-03	1.941477049178830202e+04	1.698888755558824869e+03	2.397136408050034333e+03	2.722716754658661666e+05
1.341233998653187541e-03	1.911922969034977723e+04	1.693820897119800520e+03	2.393847226818297713e+03	2.656535701660393388e+05
1.369657632129505243e-03	1.882386860791591243e+04	1.688735034331759152e+03	2.390546980021676518e+03	2.590603729732328793e+05
1.398683623539492566e-03	1.853244412599968200e+04	1.683714691306382292e+03	2.387294480231158104e+03	2.525716132800307823e+05
1.428324738143458596e-03	1.823563211135723759e+04	1.678493508405531657e+03	2.383897400933095923e+03	2.460229672393046203e+05
1.458594011725036863e-03	1.793924641756367782e+04	1.673170356209929423e+03	2.380422530792862290e+03	2.395538069785910193e+05
1.489504756324154782e-03	1.764010980281556476e+04	1.667636747609759368e+03	2.376789879183428184e+03	2.331149479301318061e+05
1.521070566091505720e-03	1.734915469397810375e+04	1.662189193555937663e+03	2.373212584816400067e+03	2.269081026702912932e+05
1.553305323267072666e-03	1.706437379367160611e+04	1.656779962625314965e+03	2.369656606733241460e+03	2.208907052836889052e+05
1.586223204285366938e-03	1.678017064693521752e+04	1.651251417125338321e+03	2.366007544269576101e+03	2.149596588368150115e+05
1.619838686010041055e-03	1.650075870104364731e+04	1.645721647809746173e+03	2.362350530957221963e+03	2.091896429854493472e+05
1.654166552100628336e-03	1.622604036226894095e+04	1.640190535783596943e+03	2.358685418674067478e+03	2.035760514873792708e+05
1.689221899514206692e-03	1.595582037348144149e+04	1.634656785048460506e+03	2.355011334890623402e+03	1.981115269947115448e+05
1.725020145144853453e-03	1.569006373050472575e+04	1.629120921925959919e+03	2.351328528814550737e+03	1.927930745038733876e+05
1.761577032603788440e-03	1.542879000265629838e+04	1.623583962909400952e+03	2.347637662397239183e+03	1.876194531234893657e+05
1.798908639143220224e-03	1.517190117532851036e+04	1.618045550959182037e+03	2.343938524152755690e+03	1.825856360881022410e+05
1.837031382726912916e-03	1.491921930209017955e+04	1.612504439996870133e+03	2.340230267495676799e+03	1.776853855156859208e+05
1.875962029250603357e-03	1.467071194586888669e+04	1.606961180674776642e+03	2.336513146167818377e+03	1.729161069709711883e+05
1.915717699915417882e-03	1.442639899410589896e+04	1.601417009376870055e+03	2.332787851288615002e+03	1.682763779704872868e+05
1.956315878757565116e-03	1.418618258393636643e+04	1.595871662367311956e+03	2.329054129082982854e+03	1.637622015241006739e+05
1.997774420337589726e-03	1.394990061124985914e+04	1.590323959647960237e+03	2.325311160866171576e+03	1.593678470735613955e+05
2.040111557592579582e-03	1.371752302887434053e+04	1.584774445213188756e+03	2.321559203534514381e+03	1.550911057834479434e+05
2.083345909854779961e-03	1.348906984476077014e+04	1.579224366105817580e+03	2.317798965381743528e+03	1.509306612843619660e+05
2.127496491040134757e-03	1.326444385042756403e+04	1.573673144587940214e+03	2.314030122847406801e+03	1.468827641284619458e+05
2.172582718010372237e-03	1.304349743309535188e+04	1.568119509022792499e+03	2.310251872725382782e+03	1.429423267007971590e+05
2.218624419112281976e-03	1.282620278810773743e+04	1.562564013552594361e+03	2.306464475773475442e+03	1.391070663031190343e+05
2.265641842897974604e-03	1.261257982035568784e+04	1.557007959971810578e+03	2.302668660705385264e+03	1.353762495970478631e+05
2.313655667029933423e-03	1.240253246049529480e+04	1.551450908828644970e+03	2.298864065064027727e+03	1.317460337817896798e+05
2.362687007374795686e-03	1.219592632843940555e+04	1.545891792420179399e+03	2.295049922691528536e+03	1.282122966049999523e+05
2.412757427289825233e-03	1.199273567571362946e+04	1.540331183396106326e+03	2.291226499623734071e+03	1.247730082705172244e+05
2.463888947106213784e-03	1.179298025954549666e+04	1.534770395267452386e+03	2.287394540203486940e+03	1.214274544504821824e+05
2.516104053813336943e-03	1.159656541531211224e+04	1.529208859152601917e+03	2.283553624911536190e+03	1.181721801771372702e+05
2.569425710948245768e-03	1.140336889299995346e+04	1.523645309802713200e+03	2.279702993547805818e+03	1.150032891170988296e+05
2.623877368694733318e-03	1.121336686118134276e+04	1.518080214825732583e+03	2.275842905523181344e+03	1.119192576284100796e+05
2.679482974196439188e-03	1.102657878601965785e+04	1.512514907315201071e+03	2.271974121133418521e+03	1.089190113442297443e+05
2.736266982088478034e-03	1.084291174004067580e+04	1.506948806194514873e+03	2.268096171859275273e+03	1.059997438205510553e+05
2.794254365252289707e-03	1.066225455074893762e+04	1.501380943727112253e+03	2.264208344694533935e+03	1.031578942003767879e+05
2.853470625798387814e-03	1.048458517435045542e+04	1.495811902735743843e+03	2.260310914035018413e+03	1.003921097255461646e+05
2.913941806281861776e-03	1.030992267422176701e+04	1.490243068275252426e+03	2.256404659691241704e+03	9.770165451088242116e+04
2.975694501155571117e-03	1.013817612619751526e+04	1.484673761548861421e+03	2.252489056787045229e+03	9.508375368332969083e+04
3.038755868466027146e-03	9.969244474987015565e+03	1.479102949211686791e+03	2.248563408020958377e+03	9.253539008948137052e+04
3.103153641797168783e-03	9.803107340185935755e+03	1.473530983856053581e+03	2.244627968284801227e+03	9.005509373049420537e+04
3.168916142467233243e-03	9.639783295267261565e+03	1.467959173278248045e+03	2.240683522342864762e+03	8.764245802364325209e+04
3.236072291984112663e-03	9.479183634482407797e+03	1.462386792639593978e+03	2.236729495127465725e+03	8.529470292555131891e+04
3.304651624764658874e-03	9.321216541918718576e+03	1.456812993505343456e+03	2.232765228712551561e+03	8.300928012975414458e+04
3.374684301123556836e-03	9.165863180788917816e+03	1.451238365778930756e+03	2.228791004586758390e+03	8.078499254956212826e+04
3.446201120537424525e-03	9.013141571868540268e+03	1.445664313347291454e+03	2.224807631139480691e+03	7.862132455204994767e+04
3.519233535190044709e-03	8.862965393919117560e+03	1.440090050009180459e+03	2.220814480757106139e+03	7.651592261459842848e+04
3.593813663804625805e-03	8.715251267720943360e+03	1.434514746527333500e+03	2.216810919831131741e+03	7.446642723088630009e+04
3.669974305769219299e-03	8.569981790965146502e+03	1.428938768682204000e+03	2.212797207662506025e+03	7.247178064068806998e+04
3.747748955561452412e-03	8.427174378050511223e+03	1.423363353155964205e+03	2.208774146125638708e+03	7.053141715304016543e+04
3.827171817478984984e-03	8.286745226511889996e+03	1.417787622857955512e+03	2.204741050609201466e+03	6.864324402032728540e+04
3.908277820682117681e-03	8.148618657024038839e+03	1.412210826859660756e+03	2.200697315131451887e+03	6.680523410234927724e+04
3.991102634555192957e-03	8.012778605411980607e+03	1.406633579154185099e+03	2.196643230449435578e+03	6.501633210930909263e+04
4.075682684393532908e-03	7.879241820776946952e+03	1.401057304067623363e+03	2.192579631246999270e+03	6.327626684960413695e+04
4.162055167422817371e-03	7.747927140053716357e+03	1.395481071691654961e+03	2.188505783447578779e+03	6.158291803670895024e+04
4.250258069157961290e-03	7.618765902653780358e+03	1.389904200968967189e+03	2.184421111834737530e+03	5.993461512494420458e+04
4.340330180108637088e-03	7.491743269342218809e+03	1.384327210338484747e+03	2.180325899082040451e+03	5.833038064847169881e+04
4.432311112838861061e-03	7.366875347725351276e+03	1.378751224891783068e+03	2.176220952471059263e+03	5.676988231005171838e+04
4.526241319388085715e-03	7.244083633958148312e+03	1.373175191600715152e+03	2.172105476489382909e+03	5.525123128494520643e+04
4.622162109061505458e-03	7.123305886945244310e+03	1.367598482863293611e+03	2.167978923138957725e+03	5.377287836782624800e+04
4.720115666597336779e-03	7.004528427754398763e+03	1.362021726438975975e+03	2.163841592277838572e+03	5.233415965458864957e+04
4.820145070719144588e-03	6.887766626316190013e+03	1.356446381349031299e+03	2.159694346225860045e+03	5.093462165041303524e+04
4.922294313081310678e-03	6.772944763549051459e+03	1.350871382845890139e+03	2.155536342925488952e+03	4.957268360847348231e+04
5.026608317615998724e-03	6.660006426489415389e+03	1.345296140428214585e+03	2.151367059588557822e+03	4.824689225374137459e+04
5.133132960290130720e-03	6.548939008536107394e+03	1.339721270605539303e+03	2.147186797742044291e+03	4.695664615127526486e+04
5.241915089281041530e-03	6.439757144942384912e+03	1.334147931948260975e+03	2.142996384136380129e+03	4.570154223273897514e+04
5.353002545579732367e-03	6.332387913632933305e+03	1.328574839811199581e+03	2.138794899000949954e+03	4.448003880343422497e+04
5.466444184030696055e-03	6.226780216992799978e+03	1.323001462691104052e+03	2.134581845850579157e+03	4.329097382556927187e+04
5.582289894817666839e-03	6.122922429372150873e+03	1.317428460766059743e+03	2.130357537102982860e+03	4.213369096825858287e+04
5.700590625404708227e-03	6.020828489057804290e+03	1.311857323912097627e+03	2.126122860136535110e+03	4.100805489249574748e+04
5.821398402942216249e-03	5.920428236679628753e+03	1.306286865311948304e+03	2.121876869293128493e+03	3.991254909810256504e+04
5.944766357147824969e-03	5.821675430966635759e+03	1.300716601239482998e+03	2.117619096580659971e+03	3.884615844754987484e+04
6.070748743672167193e-03	5.724559377496379966e+03	1.295147160896571222e+03	2.113349853274859015e+03	3.780831306722220324e+04
6.199400967959818945e-03	5.629093248301484891e+03	1.289579783128099962e+03	2.109069991285243304e+03	3.679880194460169150e+04
6.330779609615908021e-03	5.535209710416015696e+03	1.284013002722318561e+03	2.104778473759544795e+03	3.581626515675317205e+04
6.464942447289089879e-03	5.442866921903560979e+03	1.278446381738508535e+03	2.100474857542881637e+03	3.485976757185313181e+04
6.601948484081890736e-03	5.352055051119638847e+03	1.272880602683978623e+03	2.096159465617069600e+03	3.392889378041737655e+04
6.741857973499477616e-03	5.262786513669484521e+03	1.267317161717967565e+03	2.091833201275596821e+03	3.302340955330401630e+04
6.884732445948405985e-03	5.174996777473734255e+03	1.261754760491928437e+03	2.087495014317056302e+03	3.214217074945452259e+04
7.030634735796891313e-03	5.088648005354705674e+03	1.256193023126428670e+03	2.083144491731449307e+03	3.128436144321319443e+04
7.179629009008595825e-03	5.003731157033543241e+03	1.250632588395754965e+03	2.078781954025746018e+03	3.044950758964641864e+04
7.331780791361950343e-03	4.920257927001724966e+03	1.245074685941975304e+03	2.074408261715763729e+03	2.963743762326467913e+04
7.487156997267587974e-03	4.838166526161135153e+03	1.239517765995404034e+03	2.070022273787726135e+03	2.884704267826897558e+04
7.645825959196438613e-03	4.757422768077096407e+03	1.233961481539076885e+03	2.065623600107634502e+03	2.807761764122546447e+04
7.807857457731475631e-03	4.678018348002622588e+03	1.228406515384948307e+03	2.061212569631830775e+03	2.732874396290174627e+04
7.973322752256328111e-03	4.599964245905382086e+03	1.222854397822302190e+03	2.056790107134161644e+03	2.660033907559786894e+04
8.142294612294233985e-03	4.523201379538967558e+03	1.217303716144228019e+03	2.052355058049731724e+03	2.589139865882871163e+04
8.314847349511189298e-03	4.447698879978408513e+03	1.211754187643238311e+03	2.047907061470635881e+03	2.520127835786729338e+04
8.491056850397209546e-03	4.373449125104428276e+03	1.206206478849028599e+03	2.043446451369841952e+03	2.452968245362769449e+04
8.671000609640279119e-03	4.300462391698710235e+03	1.200661742790769949e+03	2.038974078576803777e+03	2.387637201156430456e+04
8.854757764207504128e-03	4.228682258400603132e+03	1.195118386579265007e+03	2.034488704002902978e+03	2.324048574650141018e+04
9.042409128148579806e-03	4.158080869884895037e+03	1.189576189699778752e+03	2.029989997557061088e+03	2.262145588130241595e+04
9.234037228136720080e-03	4.088651238756437579e+03	1.184035853074217584e+03	2.025478303477105328e+03	2.201899566232398865e+04
9.429726339762870002e-03	4.020402948178980296e+03	1.178498896278290431e+03	2.020954555987064850e+03	2.143295893189650087e+04
9.629562524599030379e-03	3.953282189123974149e+03	1.172963835266741398e+03	2.016417504540176651e+03	2.086256423844896926e+04
9.833633668047030499e-03	3.887263839860788266e+03	1.167430469742290825e+03	2.011866839579123962e+03	2.030734572834655773e+04
1.004202951798940403e-02	3.822341501584424350e+03	1.161899348627249537e+03	2.007302873979350125e+03	1.976696520867499203e+04
1.025484172425938229e-02	3.758524082931189241e+03	1.156371666474577296e+03	2.002726470960074266e+03	1.924134943239573477e+04
1.047216387894729824e-02	3.695760324724146813e+03	1.150845821112559861e+03	1.998136306260441415e+03	1.872969899315661678e+04
1.069409155756119272e-02	3.634027586233048623e+03	1.145321687336676177e+03	1.993532100139015256e+03	1.823162672150932121e+04
1.092072236105970547e-02	3.573320015152485666e+03	1.139799976780110001e+03	1.988914205133539099e+03	1.774687271015847728e+04
1.115215595877575537e-02	3.513645862447770469e+03	1.134282228856492338e+03	1.984283576146834548e+03	1.727535495944464856e+04
1.138849413224978825e-02	3.454956355671526580e+03	1.128766866012294713e+03	1.979638865666021957e+03	1.681639291431232778e+04
1.162984081999205582e-02	3.397231102970560187e+03	1.123253731063362466e+03	1.974979803228138053e+03	1.636961014966105904e+04
1.187630216319339981e-02	3.340464756022185611e+03	1.117743184184942265e+03	1.970306645282311138e+03	1.593480326853024053e+04
1.212798655240480798e-02	3.284664936856041550e+03	1.112236619256198765e+03	1.965620304951535445e+03	1.551182628696391293e+04
1.238500467520621366e-02	3.229785282252500565e+03	1.106732386220622857e+03	1.960919373669737979e+03	1.510010488154789164e+04
1.264746956488544717e-02	3.175807440728203346e+03	1.101230464060716258e+03	1.956203634740053303e+03	1.469929391661144655e+04
1.291549665014883955e-02	3.122726535122578298e+03	1.095731606887655516e+03	1.951473459034773896e+03	1.430921413275089799e+04
1.318920380588532899e-02	3.070549569089158922e+03	1.090237340282801824e+03	1.946729803465038685e+03	1.392977704816617370e+04
1.346871140500627631e-02	3.019232526852340015e+03	1.084745965490560593e+03	1.941971213771823614e+03	1.356042959594822969e+04
1.375414237138396570e-02	2.968758901605957362e+03	1.079257140141390664e+03	1.937197385558295991e+03	1.320087805918679260e+04
1.404562223391196511e-02	2.919124250680089517e+03	1.073771402061805702e+03	1.932408622582971020e+03	1.285092057035758626e+04
1.434327918171109106e-02	2.870334987125761927e+03	1.068290286244700837e+03	1.927605886658858481e+03	1.251052530882068640e+04
1.464724412050539583e-02	2.822349363178547719e+03	1.062812081879097832e+03	1.922787681324881078e+03	1.217915547217163294e+04
1.495765073019278586e-02	2.775152542668034584e+03	1.057336842809804011e+03	1.917953839479033149e+03	1.185657282038098128e+04
1.527463552363575450e-02	2.728740486392616731e+03	1.051865354888052252e+03	1.913104754116583308e+03	1.154262710186159165e+04
1.559833790669801906e-02	2.683119037708392625e+03	1.046399076474681806e+03	1.908241367243812192e+03	1.123724901336257062e+04
1.592890023955338338e-02	2.638248642526737967e+03	1.040935908775073358e+03	1.903362007697199488e+03	1.093996450862283564e+04
1.626646789929399317e-02	2.594115974666912280e+03	1.035475746875857112e+03	1.898466462401546551e+03	1.065054052575724199e+04
1.661118934386526108e-02	2.550717368063600588e+03	1.030019371681863504e+03	1.893555128738176109e+03	1.036886197202011863e+04
1.696321617735579643e-02	2.508058122044058564e+03	1.024568327356564396e+03	1.888628977519447517e+03	1.009485512620915142e+04
1.732270321667098503e-02	2.466100796601586353e+03	1.019120814854667969e+03	1.883686409866565100e+03	9.828120241196300412e+03
1.768980855961942850e-02	2.424833431044851750e+03	1.013676996534596697e+03	1.878727328119641697e+03	9.568460265161480493e+03
1.806469365444235767e-02	2.384252711646828629e+03	1.008237596028748499e+03	1.873752115488895470e+03	9.315746617741668160e+03
1.844752337081655841e-02	2.344363395460274205e+03	1.002803647749610036e+03	1.868761547663106739e+03	9.069910061020791545e+03
1.883846607236187159e-02	2.305130101039141664e+03	9.973732444657306360e+02	1.863753938300771324e+03	8.830573154892601451e+03
1.923769369068539445e-02	2.266542092774625871e+03	9.919465753471486096e+02	1.858729202517134581e+03	8.597573701645253095e+03
1.964538180099485026e-02	2.228596371820071454e+03	9.865244647693318711e+02	1.853687765861433490e+03	8.370792841401465921e+03
2.006170969931423895e-02	2.191297213710148299e+03	9.811084213304327477e+02	1.848630595825938144e+03	8.150206085022624393e+03
2.048686048133601528e-02	2.154611180046175377e+03	9.756966277699521015e+02	1.843556028594851568e+03	7.935459938325723670e+03
2.092102112294418406e-02	2.118528652664336278e+03	9.702889596545477389e+02	1.838463863614267211e+03	7.726395679184857727e+03
2.136438256244391209e-02	2.083046929703536534e+03	9.648859791139668687e+02	1.833354416200716969e+03	7.522915859710748009e+03
2.181713978453380873e-02	2.048169809790108957e+03	9.594891034106707366e+02	1.828228606717430011e+03	7.324965240925885155e+03
2.227949190605761978e-02	2.013865739214767927e+03	9.540965237233443759e+02	1.823084736193776962e+03	7.132247412254823757e+03
2.275164226357336353e-02	1.980126106811301952e+03	9.487085073819980607e+02	1.817922779540108422e+03	6.944624748405988612e+03
2.323379850277806913e-02	1.946948469849162166e+03	9.433259081681233056e+02	1.812743186043745027e+03	6.762027209892713472e+03
2.372617266982774559e-02	1.914336186539450182e+03	9.379500002482736818e+02	1.807546815560674759e+03	6.584395631568979297e+03
2.422898130459259780e-02	1.882259509346541790e+03	9.325784848517345154e+02	1.802331708010206057e+03	6.411450716414688031e+03
2.474244553588843265e-02	1.850710726037576933e+03	9.272116293573387793e+02	1.797097851601240563e+03	6.243078587590349343e+03
2.526679117872631872e-02	1.819687653640223289e+03	9.218503108693732884e+02	1.791845719844044197e+03	6.079198282735322209e+03
2.580224883362318075e-02	1.789193211049492675e+03	9.164959899482794299e+02	1.786576276998891899e+03	5.919775923466741006e+03
2.634905398801689475e-02	1.759199389038995378e+03	9.111468289865891848e+02	1.781287756891121944e+03	5.764561261122432370e+03
2.690744711983068457e-02	1.729699284031371917e+03	9.058029245466119619e+02	1.775980048174511012e+03	5.613454617488213444e+03
2.747767380323228384e-02	1.700690951862464544e+03	9.004647397316329034e+02	1.770653398681195085e+03	5.466370709933944454e+03
2.805998481663422514e-02	1.672176897345820180e+03	8.951336213263871286e+02	1.765308709872027748e+03	5.323284581805050038e+03
2.865463625298309350e-02	1.644130773107840696e+03	8.898076937104204944e+02	1.759944149875857420e+03	5.183965677456776575e+03
2.926188963238583740e-02	1.616546403867182335e+03	8.844873536699601573e+02	1.754559781388634747e+03	5.048329267260847701e+03
2.988201201712300387e-02	1.589422064228239378e+03	8.791734980235543162e+02	1.749156114353760813e+03	4.916320223471941063e+03
3.051527612909937445e-02	1.562759865729210105e+03	8.738673216427677062e+02	1.743733975672137376e+03	4.787891761798932748e+03
3.116196046978347151e-02	1.536535053710343163e+03	8.685664780630572750e+02	1.738291247034283742e+03	4.662840217182339074e+03
3.182234944268905880e-02	1.510742104065981721e+03	8.632713454371274793e+02	1.732827983183136666e+03	4.541082478058327979e+03
3.249673347845206950e-02	1.485379494503527212e+03	8.579828621008089158e+02	1.727344718991364061e+03	4.422577815751741582e+03
3.318540916255835471e-02	1.460448966886660628e+03	8.527024328171453362e+02	1.721842412617299487e+03	4.307283714734424393e+03
3.388867936577820428e-02	1.435927284094717834e+03	8.474281700538839459e+02	1.716319181290449251e+03	4.195028318904551270e+03
3.460685337736497946e-02	1.411809507363092962e+03	8.421600886677283597e+02	1.710774871581257685e+03	4.085736632013170947e+03
3.534024704107661952e-02	1.388094303409829763e+03	8.368988397575164981e+02	1.705209838808173117e+03	3.979350153203356058e+03
3.608918289407971741e-02	1.364783060171660281e+03	8.316457238355119443e+02	1.699624953094652028e+03	3.875843940945142094e+03
3.685399030879719234e-02	1.341853993917876778e+03	8.263989162866412244e+02	1.694018341775996532e+03	3.775054417039158125e+03
3.763500563776207147e-02	1.319302687640592012e+03	8.211589058495443396e+02	1.688390161261635058e+03	3.676928805525723419e+03
3.843257236154112161e-02	1.297127984969049294e+03	8.159265063578282025e+02	1.682740898714437890e+03	3.581416079412924773e+03
3.924704123979310538e-02	1.275330936226133872e+03	8.107024957615617495e+02	1.677071093429867005e+03	3.488485804400354027e+03
4.007877046552850431e-02	1.253891146293954534e+03	8.054849499437649456e+02	1.671378762593788906e+03	3.397992041076519854e+03
4.092812582263813392e-02	1.232804664889455125e+03	8.002744165974343105e+02	1.665664116182636690e+03	3.309880821753494729e+03
4.179548084676026898e-02	1.212070496845580237e+03	7.950718824273722021e+02	1.659927770282804431e+03	3.224117528417260473e+03
4.268121698955689575e-02	1.191689374218944522e+03	7.898785426660290341e+02	1.654170561862566501e+03	3.140673687468999560e+03
4.358572378647117967e-02	1.171642227443387128e+03	7.846920615973123176e+02	1.648390201324788450e+03	3.059414634310268411e+03
4.450939902804028347e-02	1.151925519400822395e+03	7.795127887458644409e+02	1.642586743794178574e+03	2.980288902331982172e+03
4.545264893483848267e-02	1.132538410479029153e+03	7.743417302377324631e+02	1.636760836613094170e+03	2.903270049308986927e+03
4.641588833612779463e-02	1.113481325485434581e+03	7.691801889270095671e+02	1.630913411252843844e+03	2.828330576227937399e+03
4.739954085229469011e-02	1.094736460376318291e+03	7.640262559855398194e+02	1.625042436137078766e+03	2.755356815614278275e+03
4.840403908115278181e-02	1.076300646608916395e+03	7.588800003529689775e+02	1.619147780562181424e+03	2.684297311183731836e+03
4.942982478819387543e-02	1.058173186500817110e+03	7.537422367682745517e+02	1.613229952192365772e+03	2.615124562808659448e+03
5.047734910087089966e-02	1.040354214667360566e+03	7.486141770801024222e+02	1.607289793218438263e+03	2.547814756634769310e+03
5.154707270699779992e-02	1.022827134534363154e+03	7.434940245376592429e+02	1.601325331161018539e+03	2.482264611562665323e+03
5.263946605735428386e-02	1.005589103682395375e+03	7.383822869302908884e+02	1.595336769664118947e+03	2.418440426140825821e+03
5.375500957258409762e-02	9.886395544031889813e+02	7.332794491572728930e+02	1.589324355548404583e+03	2.356307162559320204e+03
5.489419385447772554e-02	9.719783514662185553e+02	7.281865595265306865e+02	1.583288862612384037e+03	2.295846574738927302e+03
5.605751990173300781e-02	9.555900436568546183e+02	7.231018484352966880e+02	1.577228329118206375e+03	2.236960403112586846e+03
5.724549933028778848e-02	9.394720783328755260e+02	7.180259665169414802e+02	1.571143102673720705e+03	2.179621222296073938e+03
5.845865459832211286e-02	9.236240147959877049e+02	7.129598334205951460e+02	1.565033813411902884e+03	2.123805211582785887e+03
5.969751923602879817e-02	9.080454452821389850e+02	7.079039217960382757e+02	1.558900682998117645e+03	2.069484909970807166e+03
6.096263808025296355e-02	8.927220254190344804e+02	7.028565026751587084e+02	1.552741767494326496e+03	2.016579359771006693e+03
6.225456751410456124e-02	8.776514525637220459e+02	6.978182224132684723e+02	1.546557414127899392e+03	1.965059836575555209e+03
6.357387571164835327e-02	8.628334064483655084e+02	6.927901667321734749e+02	1.540348433361331445e+03	1.914909202693245561e+03
6.492114288777969811e-02	8.482672163422582798e+02	6.877729948105937865e+02	1.534115250305390418e+03	1.866101047325178115e+03
6.629696155339574737e-02	8.339395954362197472e+02	6.827646405564286169e+02	1.527855572669933053e+03	1.818560575637226520e+03
6.770193677597398374e-02	8.198484590530280229e+02	6.777657996474548554e+02	1.521569825900374326e+03	1.772261668269136408e+03
6.913668644567325106e-02	8.059921986156242610e+02	6.727769583473651664e+02	1.515257868668469882e+03	1.727188942629678877e+03
7.060184154707406512e-02	7.923740969012192181e+02	6.678008837485261893e+02	1.508923291527769152e+03	1.683329711187046541e+03
7.209804643667737378e-02	7.789776701404762207e+02	6.628333287815917174e+02	1.502560467307760291e+03	1.640603552216136677e+03
7.362595912628441819e-02	7.658024260658764888e+02	6.578756636089112817e+02	1.496170894103505134e+03	1.598992272416482365e+03
7.518625157238204015e-02	7.528482781010991403e+02	6.529290806578746924e+02	1.489755548923519882e+03	1.558482126528024764e+03
7.677960997166025092e-02	7.401140168378683484e+02	6.479943462584403733e+02	1.483314970817792528e+03	1.519054331473956154e+03
7.840673506279315086e-02	7.275883726486714522e+02	6.430693579251646952e+02	1.476846743356121806e+03	1.480646770796918418e+03
8.006834243461452560e-02	7.152695989612994936e+02	6.381546953090820580e+02	1.470351220941905240e+03	1.443240915332800569e+03
8.176516284082480102e-02	7.031577279566557763e+02	6.332515465178378236e+02	1.463829396077387628e+03	1.406822551799952180e+03
8.349794252136732986e-02	6.912512679740653994e+02	6.283607361242857223e+02	1.457281954099291170e+03	1.371376120565347719e+03
8.526744353061486981e-02	6.795399158170567944e+02	6.234802058174121839e+02	1.450706439857860232e+03	1.336844346521770603e+03
8.707444407251174745e-02	6.680220495760536323e+02	6.186104150157901813e+02	1.444103056051419571e+03	1.303210858192205706e+03
8.891973884281766105e-02	6.566978002510405759e+02	6.137526946323417860e+02	1.437473030361176370e+03	1.270464483936772467e+03
9.080413937860487561e-02	6.455654422100076317e+02	6.089076654305506509e+02	1.430816794627361560e+03	1.238589512292323661e+03
9.272847441516200717e-02	6.346155581395169065e+02	6.040733999637266152e+02	1.424132010323682607e+03	1.207536717368802556e+03
9.469359025046093781e-02	6.238466418803292299e+02	5.992503661188135311e+02	1.417418902484708269e+03	1.177289045317138289e+03
9.670035111734798239e-02	6.132589085161590674e+02	5.944398220386171943e+02	1.410678602689580657e+03	1.147838202552919029e+03
9.874963956362264872e-02	6.028504384450562839e+02	5.896423746804600796e+02	1.403911631594971595e+03	1.119168300449608523e+03
1.008423568401705106e-01	5.926126271696357435e+02	5.848561673132692249e+02	1.397115730252296089e+03	1.091236640015662942e+03
1.029794232973221257e-01	5.825440767014122230e+02	5.800817528395594991e+02	1.390291271090753071e+03	1.064027310712193184e+03
1.051617787896111378e-01	5.726450709702304493e+02	5.753204554767548871e+02	1.383439542157251026e+03	1.037535799826920311e+03
1.073903830891107247e-01	5.629135340847094540e+02	5.705726557710123643e+02	1.376560822020246633e+03	1.011742669674556851e+03
1.096662163075285135e-01	5.533416064816561857e+02	5.658365633131602408e+02	1.369652837102949661e+03	9.866113263488231269e+02
1.119902793272475605e-01	5.439279908430064552e+02	5.611128382468722293e+02	1.362716048318436833e+03	9.621295847270773720e+02
1.143635942415015677e-01	5.346730275340494245e+02	5.564027955820351963e+02	1.355751789920664123e+03	9.382928503384566739e+02
1.167872048038782751e-01	5.255745167434640734e+02	5.517064942981335207e+02	1.348759926703655537e+03	9.150820321353173767e+02
1.192621768873494831e-01	5.166252817352674356e+02	5.470223852157379270e+02	1.341738479201251266e+03	8.924652799000790537e+02
1.217895989530276418e-01	5.078241183844813804e+02	5.423512588866720989e+02	1.334688179755606825e+03	8.704323517217221706e+02
1.243705825288575900e-01	4.991714141841973174e+02	5.376943555276230882e+02	1.327610363035474847e+03	8.489779567126604434e+02
1.270062626984522769e-01	4.906648723183915308e+02	5.330515021162377707e+02	1.320504591545834273e+03	8.280842489594340350e+02
1.296977986002878502e-01	4.822979423852231662e+02	5.284215724668245002e+02	1.313369473385545689e+03	8.077252291654616556e+02
1.324463739374786009e-01	4.740695073008719191e+02	5.238053148587662236e+02	1.306205790933861181e+03	7.878913471766666134e+02
1.352531974983535168e-01	4.659799908989224377e+02	5.192035588354777929e+02	1.299014224346726223e+03	7.685749339470110044e+02
1.381195036880665805e-01	4.580270257563846599e+02	5.146163277610947944e+02	1.291794562549170450e+03	7.497618719709431616e+02
1.410465530714722360e-01	4.502046349321397543e+02	5.100426640881508433e+02	1.284545648579079625e+03	7.314299045116481466e+02
1.440356329275057634e-01	4.425117822726319332e+02	5.054830168132374979e+02	1.277267869437623176e+03	7.135691580402479985e+02
1.470880578153118678e-01	4.349489196995213547e+02	5.009383323011361995e+02	1.269962168132321040e+03	6.961723552709095202e+02
1.502051701523716420e-01	4.275136311050634959e+02	4.964089111638851364e+02	1.262628927788431838e+03	6.792285616841420506e+02
1.533883408048797858e-01	4.202004648764196304e+02	4.918936316112717577e+02	1.255266761918833481e+03	6.627160887446876814e+02
1.566389696906345663e-01	4.130084606016151270e+02	4.873927333922762273e+02	1.247875701174922597e+03	6.466261164865628643e+02
1.599584863947036695e-01	4.059380895573290218e+02	4.829075290500215374e+02	1.240457284365446412e+03	6.309539794460308713e+02
1.633483507981373095e-01	3.989869076550397153e+02	4.784381011950540028e+02	1.233011552266521448e+03	6.156887004807377934e+02
1.668100537200059019e-01	3.921499438956124663e+02	4.739830243778820318e+02	1.225536545686850559e+03	6.008091292529637713e+02
1.703451175730422984e-01	3.854263076799421128e+02	4.695430118522772887e+02	1.218033113038689635e+03	5.863097371624050993e+02
1.739550970331800450e-01	3.788164851218855347e+02	4.651194923469801097e+02	1.210503212796445496e+03	5.721868532515308061e+02
1.776415797232799298e-01	3.723180191609731082e+02	4.607119530615157714e+02	1.202946012608138517e+03	5.584277114667066826e+02
1.814061869113461622e-01	3.659263793474450495e+02	4.563195032457659863e+02	1.195360393402965656e+03	5.450156466029785634e+02
1.852505742235391883e-01	3.596407401997327042e+02	4.519428519709369425e+02	1.187747243573038304e+03	5.319456287377131503e+02
1.891764323722997243e-01	3.534615964190724071e+02	4.475828058089897468e+02	1.180107340949331729e+03	5.192123093936846772e+02
1.931854878999012814e-01	3.473864933286725432e+02	4.432394897333809922e+02	1.172441076890008844e+03	5.068067768118482377e+02
1.972795039377621684e-01	3.414113034138246121e+02	4.389119033249750146e+02	1.164747157953772330e+03	4.947132438521919653e+02
2.014602809818480389e-01	3.355352624858427930e+02	4.346004066638328140e+02	1.157026008113222133e+03	4.829256052322010078e+02
2.057296576845067948e-01	3.297588668661445581e+02	4.303063770124065854e+02	1.149279562794641379e+03	4.714416744144127733e+02
2.100895116630852322e-01	3.240796790404659191e+02	4.260295624247420960e+02	1.141507494168944277e+03	4.602520973264768145e+02
2.145417603256798977e-01	3.184939394322574913e+02	4.217688089993196741e+02	1.133708167886986075e+03	4.493419241799377346e+02
2.190883617143895290e-01	3.130009397243653666e+02	4.175249959181176678e+02	1.125883039505698434e+03	4.387076647383738646e+02
2.237313153664367560e-01	3.076011771107307027e+02	4.132990925438429599e+02	1.118033364428917594e+03	4.283458158977937273e+02
2.284726631935388719e-01	3.022922387506989139e+02	4.090908097759413522e+02	1.110158906396646444e+03	4.182478794756239040e+02
2.333144903799153069e-01	2.970707026370866402e+02	4.048994443224738120e+02	1.102258910648726669e+03	4.084020367783542724e+02
2.382589262993237145e-01	2.919359128820929072e+02	4.007252950919837531e+02	1.094333675349425675e+03	3.988031038341252383e+02
2.433081454515323150e-01	2.868883623759186321e+02	3.965698202875138918e+02	1.086385564284265001e+03	3.894496258718153854e+02
2.484643684186368384e-01	2.819256738774336100e+02	3.924325250892009649e+02	1.078413920449111856e+03	3.803333032451701001e+02
2.537298628416438939e-01	2.770447334904466743e+02	3.883124908580121541e+02	1.070417610205840447e+03	3.714427454749674098e+02
2.591069444177515613e-01	2.722449340682190382e+02	3.842105594242169104e+02	1.062398160063597516e+03	3.627753294921220117e+02
2.645979779187619951e-01	2.675267611306280173e+02	3.801276736303857433e+02	1.054356992321578446e+03	3.543277729455216445e+02
2.702053782310787078e-01	2.628878809709600546e+02	3.760635486782667840e+02	1.046293919271188997e+03	3.460932487315375283e+02
2.759316114177428059e-01	2.583254612209262859e+02	3.720173260444622656e+02	1.038207817513691225e+03	3.380620759013704060e+02
2.817791958029755572e-01	2.538389402551535454e+02	3.679895870777644404e+02	1.030099908478035559e+03	3.302307545260184725e+02
2.877507030797054055e-01	2.494287930604189398e+02	3.639817503451373000e+02	1.021972688512265563e+03	3.225981478322477756e+02
2.938487594405665426e-01	2.450927366776010672e+02	3.599929824657912718e+02	1.013824875530849681e+03	3.151560279642984028e+02
3.000760467328633108e-01	2.408281957145776744e+02	3.560228250888341677e+02	1.005656190268031310e+03	3.078972556265974276e+02
3.064353036380134121e-01	2.366346505122832014e+02	3.520717417153578594e+02	9.974676954238033204e+02	3.008182494734049897e+02
3.129293268759847368e-01	2.325125644206134723e+02	3.481409993262549847e+02	9.892616932408221828e+02	2.939175304049701936e+02
3.195609724352570513e-01	2.284597096885655958e+02	3.442300398393549585e+02	9.810375674241556680e+02	2.871885547331856969e+02
3.263331568288500573e-01	2.244737458918944526e+02	3.403380951441827733e+02	9.727943801081971742e+02	2.806240125964723120e+02
3.332488583769670498e-01	2.205541925396322824e+02	3.364659867178341983e+02	9.645340774745205863e+02	2.742214209915565561e+02
3.403111185168231634e-01	2.167014990226361419e+02	3.326146481335707108e+02	9.562582863660737758e+02	2.679790579690647974e+02
3.475230431402304698e-01	2.129134978469984105e+02	3.287836585369765885e+02	9.479668583326639464e+02	2.618910866657344059e+02
3.548878039595292910e-01	2.091880628479781592e+02	3.249723084648441045e+02	9.396590090529747386e+02	2.559510638167852505e+02
3.624086399024666338e-01	2.055247501153085068e+02	3.211813041364392802e+02	9.313364206251421820e+02	2.501565811754523452e+02
3.700888585366366446e-01	2.019239931538661494e+02	3.174116452995892814e+02	9.230010598316341657e+02	2.445065172047428348e+02
3.779318375241043637e-01	1.983836887931727517e+02	3.136628922341253087e+02	9.146528666155996916e+02	2.389950636405550597e+02
3.859410261068597081e-01	1.949019061968812707e+02	3.099343801546973509e+02	9.062911102995745978e+02	2.336169191885187502e+02
3.941199466237500504e-01	1.914782349577417051e+02	3.062266941844246730e+02	8.979172629964680254e+02	2.283696406979512403e+02
4.024721960595590287e-01	1.881130929089118524e+02	3.025409973907186441e+02	8.895339183160655239e+02	2.232522755134025658e+02
4.110014476269163164e-01	1.848044426934653188e+02	2.988767076149588320e+02	8.811407059579682937e+02	2.182596822593135357e+02
4.197114523817274123e-01	1.815505319562022066e+02	2.952331514314361129e+02	8.727367496501595951e+02	2.133869820615035735e+02
4.286060408728412652e-01	1.783509816176393201e+02	2.916110413992993813e+02	8.643242304205982691e+02	2.086321294154043926e+02
4.376891248266767120e-01	1.752061924555607675e+02	2.880114874657152768e+02	8.559055287754089250e+02	2.039941914618908356e+02
4.469646988675492483e-01	1.721141954811419339e+02	2.844337537999446113e+02	8.474799299883641197e+02	1.994686375049657272e+02
4.564368422744575216e-01	1.690734009050250108e+02	2.808774432974261117e+02	8.390476008379259838e+02	1.950507739056544949e+02
4.661097207750954374e-01	1.660834587389784645e+02	2.773430482591051600e+02	8.306098363272391225e+02	1.907392875542009563e+02
4.759875883778879602e-01	1.631447519001033015e+02	2.738316992526850413e+02	8.221694278059059116e+02	1.865329734929634924e+02
4.860747892428489703e-01	1.602553814549414710e+02	2.703427637900516629e+02	8.137261606468804302e+02	1.824276642343290860e+02
4.963757595920870180e-01	1.574139056048217640e+02	2.668756520410618691e+02	8.052793128977129982e+02	1.784195329934125027e+02
5.068950296608012440e-01	1.546200013928600185e+02	2.634311001393891729e+02	7.968313063440351698e+02	1.745070288025212051e+02
5.176372256896176749e-01	1.518740334481623506e+02	2.600101170948391882e+02	7.883847143265425075e+02	1.706894737275343630e+02
5.286070719591531297e-01	1.491741737929998237e+02	2.566119281861020909e+02	7.799387034078458782e+02	1.669626902610992829e+02
5.398093928676924724e-01	1.465191153794946501e+02	2.532362243801794079e+02	7.714937486766114034e+02	1.633236153441189913e+02
5.512491150528981976e-01	1.439085603120377641e+02	2.498834143502755580e+02	7.630511418726894135e+02	1.597704910265561580e+02
5.629312695584811621e-01	1.413428547044719039e+02	2.465547699073167109e+02	7.546144626471274250e+02	1.563029848505700272e+02
5.748609940467923618e-01	1.388202419810392314e+02	2.432493676688595770e+02	7.461826332376767823e+02	1.529173225536438565e+02
5.870435350582976497e-01	1.363395376864380921e+02	2.399669077088416032e+02	7.377559348045808747e+02	1.496105275479106353e+02
5.994842503189414806e-01	1.339004671410607443e+02	2.367078677757944263e+02	7.293362149635680680e+02	1.463813235181403911e+02
6.121886110964055439e-01	1.315033579743841017e+02	2.334734469239228076e+02	7.209268071518894203e+02	1.432293772840033057e+02
6.251622046063020077e-01	1.291465249337092587e+02	2.302627273137210011e+02	7.125268138307019399e+02	1.401510740578915204e+02
6.384107364693620834e-01	1.268288950578872942e+02	2.270753534925939618e+02	7.041362987099053043e+02	1.371439095113566395e+02
6.519400332206916060e-01	1.245502146719604326e+02	2.239119392676337270e+02	6.957576218727041351e+02	1.342067432157986957e+02
6.657560448722088520e-01	1.223107945526032978e+02	2.207734933945141051e+02	6.873938011014140557e+02	1.313390995162586137e+02
6.798648475293831428e-01	1.201090188598134745e+02	2.176591807035846102e+02	6.790440943142776860e+02	1.285379406849975226e+02
6.942726460634290886e-01	1.179439164903595554e+02	2.145687107053389866e+02	6.707088946437734194e+02	1.258009404318989510e+02
7.089857768401280902e-01	1.158152542661371172e+02	2.115025085028994454e+02	6.623899751414635375e+02	1.231270090308147900e+02
7.240107105064845783e-01	1.137233229941530510e+02	2.084617683335089566e+02	6.540911297042382557e+02	1.205159520207262176e+02
7.393540548364295750e-01	1.116665789252911338e+02	2.054454819815362612e+02	6.458111166178742906e+02	1.179647044791334736e+02
7.550225576368376768e-01	1.096441423690506412e+02	2.024534295797956531e+02	6.375505278635538389e+02	1.154714100884261399e+02
7.710231097151263313e-01	1.076557985983390466e+02	1.994861098991668769e+02	6.293115086982095363e+02	1.130350895071879052e+02
7.873627479097432547e-01	1.057018204899064528e+02	1.965445273714203154e+02	6.210973526911787985e+02	1.106554261728767869e+02
8.040486581848822478e-01	1.037807337208857774e+02	1.936277648806550076e+02	6.129071415914177123e+02	1.083298229943230524e+02
8.210881787907730045e-01	1.018917420726144343e+02	1.907355739034341582e+02	6.047413770562197897e+02	1.060564010290595007e+02
8.384888034909533383e-01	1.000346479995862126e+02	1.878684649433704976e+02	5.966023215109105422e+02	1.038345389802785945e+02
8.562581848579297050e-01	9.820970648063709518e+01	1.850273933142572389e+02	5.884932580325908020e+02	1.016638108911936200e+02
8.744041376386801900e-01	9.641551183713191620e+01	1.822114317422449403e+02	5.804132267328752732e+02	9.954181051025953764e+01
8.929346421914835519e-01	9.465134340390910950e+01	1.794203819778103650e+02	5.723628740759235143e+02	9.746712393521426065e+01
9.118578479955742333e-01	9.291701958174513720e+01	1.766546667291325150e+02	5.643442734968425611e+02	9.543884110496009043e+01
9.311820772351820930e-01	9.121277771039289917e+01	1.739153033631132246e+02	5.563611086575492664e+02	9.345684937896693611e+01
9.509158284595223831e-01	8.953727964962311603e+01	1.712012495312994247e+02	5.484119038092053415e+02	9.151887577154163012e+01
9.710677803203476843e-01	8.788987305851763665e+01	1.685123857960369662e+02	5.404976247940503526e+02	8.962362137201810697e+01
9.916467953887124764e-01	8.627039072281922927e+01	1.658490796567509165e+02	5.326202105471274990e+02	8.777030368344516376e+01
1.012661924052612461e+00	8.467905398660140293e+01	1.632123511871831170e+02	5.247834559805064600e+02	8.595893380987133980e+01
1.034122408497234025e+00	8.311458964010553530e+01	1.606011101904381064e+02	5.169857343634573681e+02	8.418729612809389096e+01
1.056037686769547568e+00	8.157640751119984657e+01	1.580152590801342569e+02	5.092280194863951692e+02	8.245425966250330418e+01
1.078417396929040706e+00	8.006435384515347664e+01	1.554551543759695278e+02	5.015122883156722651e+02	8.075920751449309876e+01
1.101271381286411888e+00	7.857863394124292711e+01	1.529217564937415261e+02	4.938422397961044226e+02	7.910208211012542279e+01
1.124609690732098155e+00	7.711803855583350753e+01	1.504139993239079161e+02	4.862162878881276242e+02	7.748086379391969558e+01
1.148442589156521310e+00	7.568203369933000602e+01	1.479317520840688474e+02	4.786352217332805026e+02	7.589460387565051747e+01
1.172780557964020254e+00	7.427047738845848812e+01	1.454754008593925505e+02	4.711012199379071603e+02	7.434276063289215131e+01
1.197634300682437924e+00	7.288356014655830961e+01	1.430457973828733600e+02	4.636176626561363037e+02	7.282518326522193775e+01
1.223014747670394531e+00	7.152013477345322201e+01	1.406419295794968605e+02	4.561830690977116092e+02	7.134016895645137879e+01
1.248933060924324545e+00	7.017971775341248986e+01	1.382636309699639128e+02	4.487981186543052559e+02	6.988677090088721400e+01
1.275400638987373769e+00	6.886217843511568049e+01	1.359112944502111873e+02	4.414649860514367106e+02	6.846458660720726641e+01
1.302429121962336289e+00	6.756769297423713283e+01	1.335857251221723914e+02	4.341870312216609022e+02	6.707342111127381656e+01
1.330030396630823342e+00	6.629517423518827002e+01	1.312858806086206016e+02	4.269625292640894259e+02	6.571174483089119178e+01
1.358216601680917401e+00	6.504418437716577728e+01	1.290116366533878534e+02	4.197922673840594712e+02	6.437876071485939633e+01
1.387000133045610317e+00	6.381460325821323210e+01	1.267632825292247247e+02	4.126780391628074085e+02	6.307399127903326530e+01
1.416393649354382722e+00	6.260659263058902724e+01	1.245416971729714675e+02	4.056235771712538849e+02	6.179745505265513827e+01
1.446410077500298819e+00	6.141912446027888706e+01	1.223457106945755299e+02	3.986265487545363158e+02	6.054757456252195169e+01
1.477062618325094778e+00	6.025180160016169850e+01	1.201752950468296746e+02	3.916881056199537170e+02	5.932374767603828758e+01
1.508364752424737887e+00	5.910451352637063138e+01	1.180306974765363179e+02	3.848098460012427040e+02	5.812555562252012464e+01
1.540330246078020826e+00	5.797740882713860344e+01	1.159126801143956982e+02	3.779951232333060034e+02	5.695291764611263829e+01
1.572973157300799230e+00	5.686951603529109889e+01	1.138201690823916437e+02	3.712418449060165813e+02	5.580451593638034780e+01
1.606307842028519950e+00	5.578047472906590087e+01	1.117530528257503306e+02	3.645507452332187199e+02	5.467975309163064424e+01
1.640348960429783842e+00	5.471018327025739580e+01	1.097115977147025205e+02	3.579235563254019894e+02	5.357824568982113789e+01
1.675111483353698638e+00	5.365877759536606817e+01	1.076965183761436293e+02	3.513634311995735402e+02	5.249999733650194145e+01
1.710610698913865635e+00	5.262534114058807688e+01	1.057067278498200693e+02	3.448681349021024403e+02	5.144374752870180600e+01
1.746862219211904321e+00	5.160954627087897251e+01	1.037421011546182257e+02	3.384382530904729833e+02	5.040893067598153010e+01
1.783881987203444153e+00	5.061129931724826747e+01	1.018029091451733876e+02	3.320755266736387057e+02	4.939531824686672223e+01
1.821686283709640364e+00	4.963072477405012961e+01	9.988980049661579130e+01	3.257828835080848648e+02	4.840284553257778555e+01
1.860291734577268707e+00	4.866695863424829582e+01	9.800166977485173447e+01	3.195578431437036215e+02	4.743034837335395082e+01
1.899715317990559260e+00	4.771970269270570952e+01	9.613841536340315486e+01	3.134010148440254397e+02	4.647736540285114870e+01
1.939974371937992492e+00	4.678887054751749730e+01	9.430029691604731568e+01	3.073140909873366127e+02	4.554367834274871285e+01
1.981086601837313665e+00	4.587457572921993432e+01	9.248784711312299578e+01	3.012994970213485431e+02	4.462922611421875985e+01
2.023070088322156401e+00	4.497600526929812048e+01	9.070003507263942311e+01	2.953549814469317312e+02	4.373295920297814376e+01
2.065943295193674256e+00	4.409288698949308127e+01	8.893674390640644845e+01	2.894809559485375985e+02	4.285449381030228722e+01
2.109725077540682392e+00	4.322514101491756122e+01	8.719816157858312522e+01	2.836787789230909880e+02	4.199358020388245905e+01
2.154434690031884259e+00	4.237287089941064977e+01	8.548482187412578526e+01	2.779509411084405883e+02	4.115018285528069697e+01
2.200091795383838367e+00	4.153531262995449680e+01	8.379565745571908053e+01	2.722947747142829371e+02	4.032337447006496234e+01
2.246716473008353532e+00	4.071221711515528341e+01	8.213057571717369854e+01	2.667107887702418907e+02	3.951280781363369954e+01
2.294329227843169949e+00	3.990351030465163973e+01	8.048973013449165137e+01	2.612001503492962229e+02	3.871825148607502598e+01
2.342950999369765697e+00	3.910928678079666554e+01	7.887357712811795807e+01	2.557649545051159805e+02	3.793967342703410850e+01
2.392603170822269476e+00	3.832882941972433599e+01	7.728112060451883281e+01	2.504027676782191918e+02	3.717623915488400854e+01
2.443307578591545681e+00	3.756190951978783943e+01	7.571220585471400000e+01	2.451137041344998408e+02	3.642760323764747454e+01
2.495086521828544068e+00	3.680845820720259098e+01	7.416696975040507311e+01	2.398987987195518770e+02	3.569360507631567714e+01
2.547962772251191943e+00	3.606856199187136269e+01	7.264585800749435407e+01	2.347601316695298692e+02	3.497423671241936205e+01
2.601959584159102334e+00	3.534154873955797882e+01	7.114785355492992380e+01	2.296949800973619915e+02	3.426869917877772309e+01
2.657100704660517732e+00	3.462720760268157250e+01	6.967278529412723742e+01	2.247032934336706091e+02	3.357668434424792281e+01
2.713410384115983121e+00	3.392547429162574701e+01	6.822077230272326176e+01	2.197860059433693038e+02	3.289804483005570290e+01
2.770913386803353973e+00	3.323642807697514456e+01	6.679222779576791424e+01	2.149450383433705838e+02	3.223279552392447300e+01
2.829635001808795014e+00	3.255944003312621504e+01	6.538614148402916726e+01	2.101775091847975716e+02	3.158020971281546352e+01
2.889601054148607684e+00	3.189431482213034030e+01	6.400234313941170683e+01	2.054833276501865384e+02	3.094001110937199428e+01
2.950837916126738403e+00	3.124099204088977189e+01	6.264092996941725744e+01	2.008632833833594020e+02	3.031207156828062921e+01
3.013372518932980082e+00	3.059954473802571329e+01	6.130223594071763671e+01	1.963188893471421466e+02	2.969639430402660807e+01
3.077232364486974792e+00	2.996938536893365423e+01	5.998528522411034203e+01	1.918472786211778782e+02	2.909231698158058776e+01
3.142445537533192557e+00	2.935033189235075213e+01	5.868992030186829822e+01	1.874483511580720005e+02	2.849960649211868713e+01
3.209040717992251324e+00	2.874232730718125950e+01	5.741621146450622604e+01	1.831227163490180772e+02	2.791815580614433401e+01
3.277047193573979555e+00	2.814543918701362912e+01	5.616443572783577309e+01	1.788715982933402984e+02	2.734795816995293194e+01
3.346494872657771680e+00	2.755911978514163962e+01	5.493364998672431199e+01	1.746921447320077334e+02	2.678841323418311759e+01
3.417414297445926952e+00	2.698319827637659785e+01	5.372366479378977999e+01	1.705840226143876066e+02	2.623930164187195047e+01
3.489836657395697816e+00	2.641762048453099254e+01	5.253453548311096455e+01	1.665477454535902950e+02	2.570053093396651178e+01
3.563793802936028321e+00	2.586244935040441817e+01	5.136652367880721926e+01	1.625844482901391643e+02	2.517211176082981794e+01
3.639318259474964901e+00	2.531717541233651048e+01	5.021871216645914870e+01	1.586912555373137650e+02	2.465349665720867733e+01
3.716443241703908829e+00	2.478163707070496713e+01	4.909088324630302935e+01	1.548676240449445629e+02	2.414448523847689643e+01
3.795202668205029717e+00	2.425578247931127862e+01	4.798305586927558863e+01	1.511138471105435599e+02	2.364499099120174108e+01
3.875631176368202979e+00	2.373967065478736060e+01	4.689548063847813353e+01	1.474310104404019341e+02	2.315503752372857349e+01
3.957764137624104617e+00	2.323282911662971628e+01	4.582727808339171105e+01	1.438162660623627573e+02	2.267412746529920753e+01
4.041637673000112230e+00	2.273510358929762631e+01	4.477822334347861499e+01	1.402690060678109489e+02	2.220207540682157799e+01
4.127288669005872102e+00	2.224644399873017520e+01	4.374829345375030698e+01	1.367892839458421861e+02	2.173879402916458048e+01
4.214754793855508552e+00	2.176690615089235692e+01	4.273769360962153741e+01	1.333779265578369575e+02	2.128430771331321125e+01
4.304074514033643162e+00	2.129605342258494360e+01	4.174560300256539591e+01	1.300322698230579590e+02	2.083817104038964985e+01
4.395287111212434539e+00	2.083373698638999016e+01	4.077178051265033787e+01	1.267515654775033624e+02	2.040021496303388915e+01
4.488432699527177050e+00	2.037990819870561410e+01	3.981619876167859218e+01	1.235358148487886041e+02	1.997037006842585072e+01
4.583552243217979161e+00	1.993461974440852202e+01	3.887903058899292574e+01	1.203856915433276953e+02	1.954865909022401382e+01
4.680687574645305382e+00	1.949747048495197177e+01	3.795948099843225521e+01	1.172985084578128294e+02	1.913467401458130013e+01
4.779881412687339015e+00	1.906831501728191114e+01	3.705729819236090350e+01	1.142734484564334423e+02	1.872825907741335172e+01
4.881177381527165515e+00	1.864710567333447955e+01	3.617243093068844928e+01	1.113103728332955598e+02	1.832935056552202724e+01
4.984620029838152888e+00	1.823389231471580274e+01	3.530504221806202025e+01	1.084099002329189432e+02	1.793797979395348818e+01
5.090254850375883322e+00	1.782830890284994041e+01	3.445439446242522763e+01	1.055694950382691530e+02	1.755378447857703605e+01
5.198128299985286915e+00	1.743021150982242062e+01	3.362021287979649742e+01	1.027882158357445093e+02	1.717660974357430703e+01
5.308287820031761584e+00	1.703955312294329261e+01	3.280242460099183432e+01	1.000657998728923843e+02	1.680639469865362301e+01
5.420781857265304815e+00	1.665638051952057097e+01	3.200115922294000370e+01	9.740269002207936921e+01	1.644316996375658135e+01
5.535659885126738011e+00	1.628036315978512505e+01	3.121573123259270943e+01	9.479649251728838522e+01	1.608661145838832951e+01
5.652972425505520704e+00	1.591135641852367932e+01	3.044585737425393646e+01	9.224621864337602517e+01	1.573657313535145263e+01
5.772771070958623518e+00	1.554931371740475043e+01	2.969145712890912137e+01	8.975155337908238096e+01	1.539300304214658865e+01
5.895108507400270703e+00	1.519427809209919111e+01	2.895264471086026248e+01	8.731286738173693607e+01	1.505593616363850273e+01
6.020038537272556667e+00	1.484595552343833980e+01	2.822879485978269187e+01	8.492794638384783923e+01	1.472508560625019491e+01
6.147616103207036886e+00	1.450419837621909736e+01	2.751959529982930874e+01	8.259565847038933839e+01	1.440030298231292782e+01
6.277897312187818990e+00	1.416896025713222684e+01	2.682495379483810893e+01	8.031563143885983891e+01	1.408153983123325048e+01
6.410939460226692255e+00	1.384027945412388583e+01	2.614495038736962940e+01	7.808806401196466140e+01	1.376882519490484391e+01
6.546801057561175696e+00	1.351790021113099627e+01	2.547904445116237326e+01	7.591104697549189950e+01	1.346191698109665502e+01
6.685541854386596761e+00	1.320166933570741286e+01	2.482691064296373540e+01	7.378339695521968622e+01	1.316067090080551694e+01
6.827222867133428963e+00	1.289154048575974798e+01	2.418843653333568255e+01	7.170463298073890712e+01	1.286503752363835851e+01
6.971906405301561804e+00	1.258754547875567376e+01	2.356368334939045539e+01	6.967488803113865004e+01	1.257504341160231398e+01
7.119656098863218929e+00	1.228946966730316603e+01	2.295218135140858351e+01	6.769246581749726488e+01	1.229048705739073455e+01
7.270536926246596643e+00	1.199715137140606558e+01	2.235357767549400521e+01	6.575608248061436711e+01	1.201121775842787898e+01
7.424615242912579127e+00	1.171054426971152473e+01	2.176775634900674206e+01	6.386523774215068272e+01	1.173719048719224212e+01
7.581958810536977289e+00	1.142967124661519840e+01	2.119475467359754361e+01	6.201997276751323795e+01	1.146842639741861980e+01
7.742636826811277295e+00	1.115436279928857921e+01	2.063420022270186749e+01	6.021893282533924463e+01	1.120476912154758331e+01
7.906719955874896399e+00	1.088444535723783346e+01	2.008570484998162797e+01	5.846069921463870145e+01	1.094605696763808744e+01
8.074280359392364659e+00	1.061987275558245614e+01	1.954914706757393361e+01	5.674475583578011140e+01	1.069224530836224929e+01
8.245391728289099831e+00	1.036065565744256567e+01	1.902453159929242332e+01	5.507101903093648332e+01	1.044334707347273650e+01
8.420129315159766037e+00	1.010667503726436323e+01	1.851157933166959779e+01	5.343843015139147923e+01	1.019925194597040097e+01
8.598569967363353328e+00	9.857741656447952749e+00	1.800987258401645619e+01	5.184549117076881686e+01	9.959786949008471169e+00
8.780792160819700598e+00	9.613809381684882638e+00	1.751929134899832974e+01	5.029169444885454965e+01	9.724912241112052769e+00
8.966876034522190508e+00	9.374872765757389814e+00	1.703980027511841655e+01	4.877681296892369289e+01	9.494625193936716556e+00
9.156903425781846906e+00	9.140870083348104913e+00	1.657124800206966597e+01	4.730023786330534818e+01	9.268873072383549072e+00
9.350957906218383187e+00	8.911591962454277649e+00	1.611316673260110122e+01	4.586029734746829689e+01	9.047462079175565108e+00
9.549124818513869073e+00	8.686992376187577136e+00	1.566543143994900511e+01	4.445646235868229468e+01	8.830352252034018079e+00
9.751491313945386707e+00	8.467049445102173166e+00	1.522797502773019218e+01	4.308841486083096584e+01	8.617528439481205282e+00
9.958146390713055851e+00	8.251753249925597444e+00	1.480074644898046365e+01	4.175586784594455025e+01	8.408984889300191057e+00
1.016918093308028581e+01	8.040883241238022450e+00	1.438325969644126268e+01	4.045710743379392937e+01	8.204521245256550799e+00
1.038468775134352740e+01	7.834388910945372153e+00	1.397538410864304659e+01	3.919160234909051610e+01	8.004093543297159385e+00
1.060476162264905220e+01	7.632239952467417154e+00	1.357702704499897806e+01	3.795893836010004918e+01	7.807675964258202761e+00
1.082949933267470577e+01	7.434446280326611145e+00	1.318818533779554514e+01	3.675900395561335188e+01	7.615284303528454757e+00
1.105899971819510696e+01	7.240812858469022117e+00	1.280842819561100221e+01	3.559028471424198159e+01	7.426739633361457926e+00
1.129336371054865928e+01	7.051270568680745754e+00	1.243758246356726005e+01	3.445210582406195243e+01	7.241980380213611568e+00
1.153269438002595848e+01	6.865784047727129469e+00	1.207555054504148018e+01	3.334405520582561877e+01	7.060978409969474789e+00
1.177709698119876869e+01	6.684363573542416503e+00	1.172232297413763114e+01	3.226599174712889351e+01	6.883747480136718444e+00
1.202667899920963279e+01	6.506865147991738318e+00	1.137758075839110639e+01	3.121678698612297609e+01	6.710158432470357148e+00
1.228155019704247053e+01	6.333190302676270811e+00	1.104109463798849156e+01	3.019559844360786727e+01	6.540123920885152486e+00
1.254182266379493349e+01	6.163300644914962767e+00	1.071275775501008809e+01	2.920198021402342548e+01	6.373611712954449615e+00
1.280761086397376225e+01	5.997189744209740603e+00	1.039253534158547154e+01	2.823573356939813195e+01	6.210622455073922410e+00
1.307903168783481007e+01	5.834789300332061224e+00	1.008026139475037652e+01	2.729622639418033359e+01	6.051095894188120106e+00
1.335620450278989146e+01	5.675960593656833808e+00	9.775625241563210110e+00	2.638236431879237287e+01	5.894902859096541548e+00
1.363925120590300821e+01	5.520663661745348172e+00	9.478521770672262647e+00	2.549372308620720062e+01	5.742010833143148751e+00
1.392829627749924271e+01	5.368870751214407377e+00	9.188872671402327441e+00	2.462996871553497158e+01	5.592398786668367983e+00
1.422346683590943783e+01	5.220578528495937398e+00	8.906644609013778080e+00	2.379090022958659034e+01	5.446068185513857074e+00
1.452489269337533528e+01	5.075633101066245878e+00	8.631502184279041145e+00	2.297536251579702338e+01	5.302877120079202200e+00
1.483270641313931115e+01	4.933981479427319350e+00	8.363318009867326097e+00	2.218287266064529817e+01	5.162780242039249678e+00
1.514704336774399174e+01	4.795588802790484273e+00	8.101998145152826680e+00	2.141304888560773634e+01	5.025748067074721881e+00
1.546804179856737527e+01	4.660450479313128724e+00	7.847508883402587010e+00	2.066569778019982095e+01	4.891780485619811714e+00
1.579584287661962527e+01	4.528479143256668671e+00	7.599656075223022889e+00	1.994013113568212958e+01	4.760800342014375630e+00
1.613059076462826624e+01	4.399577756642878867e+00	7.358223345193490417e+00	1.923558873829736271e+01	4.632718248584848375e+00
1.647243268043913034e+01	4.273708583496006241e+00	7.123112391140037580e+00	1.855168209938047852e+01	4.507501083454872770e+00
1.682151896176083383e+01	4.150842328802455405e+00	6.894246762719528299e+00	1.788810160832354512e+01	4.385125759773397469e+00
1.717800313228151410e+01	4.030971813685763294e+00	6.671589729310539063e+00	1.724465307324282293e+01	4.265588664491144044e+00
1.754204196918641045e+01	3.913973795220735408e+00	6.454875653610084640e+00	1.662043399214881489e+01	4.148774442392126893e+00
1.791379557210657580e+01	3.799796039000404857e+00	6.243983580823099899e+00	1.601500083156778231e+01	4.034637101492639211e+00
1.829342743352862044e+01	3.688402822715320717e+00	6.038821800626297254e+00	1.542799374624155462e+01	3.923145800319628229e+00
1.868110451069663469e+01	3.579769914826103960e+00	5.839325512334154311e+00	1.485914646891666635e+01	3.814281497825165346e+00
1.907699729903783492e+01	3.473871843514955149e+00	5.645426745187118733e+00	1.430818088303269953e+01	3.708024121664444728e+00
1.948127990714428748e+01	3.370595694535912124e+00	5.456883950123055271e+00	1.377428364271191796e+01	3.604267259275617086e+00
1.989413013334363711e+01	3.269903226664160556e+00	5.273606591217884443e+00	1.325711467729475679e+01	3.502978150969560112e+00
2.031572954389253738e+01	3.171759542662196729e+00	5.095507199869584447e+00	1.275633749404222783e+01	3.404125680213685001e+00
2.074626355282718393e+01	3.076131597743594348e+00	4.922508251209135821e+00	1.227166170471205575e+01	3.307681109376434225e+00
2.118592150350598402e+01	2.983014922928914903e+00	4.754576572103252019e+00	1.180290257198885762e+01	3.213644114157670373e+00
2.163489675188052530e+01	2.892285752875732641e+00	4.591460470115367620e+00	1.134924951210871491e+01	3.121895494708570862e+00
2.209338675153079734e+01	2.803915762581251414e+00	4.433087206141314240e+00	1.091041703708028088e+01	3.032411292915487611e+00
2.256159314050291798e+01	2.717869820957830473e+00	4.279373606088144655e+00	1.048609570588975259e+01	2.945160502818424231e+00
2.303972182998693796e+01	2.634117610252805886e+00	4.130245703503935495e+00	1.007600407996318559e+01	2.860116855716419160e+00
2.352798309487394945e+01	2.552640916980768893e+00	3.985650415212326436e+00	9.679918687953170675e+00	2.777265046651170355e+00
2.402659166623228870e+01	2.473354567138556170e+00	3.845410326310051197e+00	9.297254053560784826e+00	2.696524856039383078e+00
2.453576682574353285e+01	2.396214734389673140e+00	3.709427672285757982e+00	8.927664592455869297e+00	2.617856794045439361e+00
2.505573250213976877e+01	2.321186062390561133e+00	3.577617962294040055e+00	8.570839459032404406e+00	2.541228246777137656e+00
2.558671736968459953e+01	2.248234575348181163e+00	3.449902594003647405e+00	8.226492330588973445e+00	2.466609220733721575e+00
2.612895494874115698e+01	2.177325163638313299e+00	3.326202367484992983e+00	7.894339443826848601e+00	2.393968033053171851e+00
2.668268370847132687e+01	2.108448852657958561e+00	3.206479770567821408e+00	7.574201484901311510e+00	2.323299616506858012e+00
2.724814717171165412e+01	2.041513072557411324e+00	3.090550089389055621e+00	7.265495416653054761e+00	2.254514480245750185e+00
2.782559402207125743e+01	1.976488330975984864e+00	2.978342454336556422e+00	6.967958715637720957e+00	2.187586861315592657e+00
2.841527821329990999e+01	1.913340082084266314e+00	2.869777354067213793e+00	6.681307999832460709e+00	2.122485083096222525e+00
2.901745908097360527e+01	1.852034290489589452e+00	2.764777104017875686e+00	6.405266630356560853e+00	2.059178355680197470e+00
2.963240145654703639e+01	1.792538203040205724e+00	2.663265960296139490e+00	6.139563627280713476e+00	1.997637152629413881e+00
3.026037578382308624e+01	1.734825368692441305e+00	2.565181023852654896e+00	5.883968988225513286e+00	1.937838235063388925e+00
3.090165823789054755e+01	1.678853153338878412e+00	2.470429112417649620e+00	5.638164744238141068e+00	1.879742321921628045e+00
3.155653084658241525e+01	1.624571354906015896e+00	2.378903140358430868e+00	5.401795890872747918e+00	1.823301944946307040e+00
3.222528161450811979e+01	1.571946656309263890e+00	2.290526923075020260e+00	5.174596341452079251e+00	1.768486445845261823e+00
3.290820464971425707e+01	1.520945963081623775e+00	2.205227710847846634e+00	4.956315563318247186e+00	1.715266485731224977e+00
3.360560029302952501e+01	1.471536432121403282e+00	2.122929873103739595e+00	4.746690213894958710e+00	1.663611515470686308e+00
3.431777525015100849e+01	1.423685446290110290e+00	2.043561490562512351e+00	4.545473881663956384e+00	1.613492408204172834e+00
3.504504272652905428e+01	1.377360747007485564e+00	1.967049170973826255e+00	4.352414035752827814e+00	1.564879553437830806e+00
3.578772256511129513e+01	1.332530504517901448e+00	1.893322412602248539e+00	4.167271139333636576e+00	1.517743995878763963e+00
3.654614138700539883e+01	1.289163894153284140e+00	1.822311504028656826e+00	3.989806022185121925e+00	1.472057962068459958e+00
3.732063273512289925e+01	1.247231200069560453e+00	1.753948821639188083e+00	3.819787486228798823e+00	1.427794319419312119e+00
3.811153722086707774e+01	1.206692530023950161e+00	1.688150656668201854e+00	3.656943915431715819e+00	1.384916749120835178e+00
3.891920267392951160e+01	1.167516923626167547e+00	1.624846932842775704e+00	3.501039761627215530e+00	1.343396238751510596e+00
3.974398429526115706e+01	1.129674476053989629e+00	1.563971724075098990e+00	3.351854712155718730e+00	1.303206130770251159e+00
4.058624481328516254e+01	1.093135673951894482e+00	1.505459557257004199e+00	3.209170766258979235e+00	1.264319771570508122e+00
4.144635464342010778e+01	1.057871423472775518e+00	1.449246007394976887e+00	3.072774314813130125e+00	1.226711019128692959e+00
4.232469205098434628e+01	1.023853078774815684e+00	1.395267375185852643e+00	2.942454831292426132e+00	1.190354019771766136e+00
4.322164331755172384e+01	9.910524694890335828e-01	1.343460953426422133e+00	2.818005738023733997e+00	1.155223216693408883e+00
4.413760291083362119e+01	9.594419255778677824e-01	1.293765919914364071e+00	2.699228274332644784e+00	1.121293883279858905e+00
4.507297365816076251e+01	9.289942976709962830e-01	1.246122516835142191e+00	2.585927602082915833e+00	1.088541914912719788e+00
4.602816692364147144e+01	8.996829713436604870e-01	1.200471457279989718e+00	2.477910782170546167e+00	1.056943101198497326e+00
4.700360278907441369e+01	8.714818739918395174e-01	1.156755139319852965e+00	2.374991664786277656e+00	1.026474179102836892e+00
4.799971023869517950e+01	8.443654741432385924e-01	1.114917811459118058e+00	2.276991241920792497e+00	9.971127584856456227e-01
4.901692734783804895e+01	8.183087733576811518e-01	1.074904259615852009e+00	2.183732416804379461e+00	9.688365407263485052e-01
5.005570147559598126e+01	7.932872916503762584e-01	1.036660104349660605e+00	2.095041122559594182e+00	9.416236116307824533e-01
5.111648946156338980e+01	7.692784778671379886e-01	1.000135002369014758e+00	2.010756475577758717e+00	9.154541010172575488e-01
5.219975782674825382e+01	7.462680844043534378e-01	9.652938031527846796e-01	1.930758828637981095e+00	8.903169255593226250e-01
5.330598297874255564e+01	7.242312822987452270e-01	9.320823785258816052e-01	1.854878965444571648e+00	8.661900678403942067e-01
5.443565142123959077e+01	7.031452401985321954e-01	9.004502886434732067e-01	1.782958804547273068e+00	8.430530180569402177e-01
5.558925996799251124e+01	6.829881224490386149e-01	8.703494656178265565e-01	1.714848247555307070e+00	8.208868027922010535e-01
5.676731596130657209e+01	6.637385736591849827e-01	8.417335517493903518e-01	1.650403591145126692e+00	7.996731989469224589e-01
5.797033749516177181e+01	6.453755993121729206e-01	8.145562535208198396e-01	1.589481805899234379e+00	7.793936928181082191e-01
5.919885364306400533e+01	6.278931629572374051e-01	7.887967038778110895e-01	1.532005407356005877e+00	7.600453029317500997e-01
6.045340469072480261e+01	6.112841323399516025e-01	7.644328305099703513e-01	1.477895024905753418e+00	7.416245611115862557e-01
6.173454237367209885e+01	5.955195419490062481e-01	7.414053871691858033e-01	1.426977433779521576e+00	7.241047636476094507e-01
6.304283011989645757e+01	5.805775679012523671e-01	7.196677986250954451e-01	1.379113441033322562e+00	7.074666600764132340e-01
6.437884329763940627e+01	5.664667828545529860e-01	6.992242105390882312e-01	1.334291656341897836e+00	6.917226398170546187e-01
6.574316946843353549e+01	5.531780771847973899e-01	6.800491959775516460e-01	1.292426616833214137e+00	6.768667473712239868e-01
6.713640864550379206e+01	5.406784849482533239e-01	6.620783304876028952e-01	1.253337270783569046e+00	6.628684114090199753e-01
6.855917355764610477e+01	5.289906693680718197e-01	6.453390019148228518e-01	1.217070990739010927e+00	6.497549567352473021e-01
7.001208991869765441e+01	5.180975780517246276e-01	6.297926465739209778e-01	1.183511055602209261e+00	6.375121599262114636e-01
7.149579670271769771e+01	5.079881334814988492e-01	6.154111021894648204e-01	1.152568045065062385e+00	6.261322064662844245e-01
7.301094642500031284e+01	4.986862196917390411e-01	6.022230365598659763e-01	1.124291673261358149e+00	6.156440230454401918e-01
7.455820542904223203e+01	4.901680577980808695e-01	5.901794102633659556e-01	1.098541627904548568e+00	6.060266061023007467e-01
7.613825417959219521e+01	4.824639615520688318e-01	5.793189927178867826e-01	1.075391938092844724e+00	5.973158211489545399e-01
7.775178756191070306e+01	4.755702950632291759e-01	5.696251281612315642e-01	1.054781167893858562e+00	5.895119252397234000e-01
7.939951518737163383e+01	4.694951466228390879e-01	5.610998020478228376e-01	1.036692675238709560e+00	5.826276380796042709e-01
8.108216170554010205e+01	4.642829322589562824e-01	5.538035777084068245e-01	1.021251748974817408e+00	5.767140525778023941e-01
8.280046712286477373e+01	4.599326622679799081e-01	5.477232431878905627e-01	1.008403882508654537e+00	5.717746766761335753e-01
8.455518712812224180e+01	4.564756599453436148e-01	5.428972470142096052e-01	9.982188754913290385e-01	5.678472009906946338e-01
8.634709342475994731e+01	4.539533776272909882e-01	5.393798146250379233e-01	9.908033852169655376e-01	5.649801844423681940e-01
8.817697407028136070e+01	4.524114519724560801e-01	5.372312889819912396e-01	9.862776313022919572e-01	5.632268194681392393e-01
9.004563382282356088e+01	4.519019556052755737e-01	5.365216886753058079e-01	9.847836191513598125e-01	5.626473258657468390e-01
9.195389449507966617e+01	4.524873467492663281e-01	5.373370062782798495e-01	9.865002424106064094e-01	5.633131351818191357e-01
9.390259531572145590e+01	4.542444265449390173e-01	5.397855209496371653e-01	9.916583242055375669e-01	5.653110816920358106e-01
9.589259329848152902e+01	4.572642971253086941e-01	5.439976991770033576e-01	1.000540284832167393e+00	5.687433617080744908e-01
9.792476361905691817e+01	4.616511446100322602e-01	5.501242247829415399e-01	1.013475229621165985e+00	5.737262443866768535e-01
