# Data associated with arXiv:2208.14002
# 
# Scale-free J-factor angular distribution, J_S(theta), of a nfw1-7rhos4e5 dark matter distribution (see Eq. 2.4 and the surrounding discussion)
# 
# Published: 8/25/22, Jack Runburg and Kenny Kiriu, contact: runburg@hawaii.edu
# 
# 
# -----------------------------------------------------------------
# 
# 	 tilde theta 		 | 	 tilde J s-wave 		 | 	 tilde J p-wave 		 | 	 tilde J d-wave 		 | 	 tilde J sommerfeld 
# 
# -----------------------------------------------------------------
1.000000000000000021e-03	1.620559561078225586e+12	2.354250878983915710e+11	1.020604662455174255e+11	6.532749792161177734e+12
1.021192151037671062e-03	1.580629313370390137e+12	2.304880181355063171e+11	1.005146508325848999e+11	6.362379206995958984e+12
1.042833409340945643e-03	1.539944290577838623e+12	2.254538029690604553e+11	9.893660037363018799e+10	6.188841135496453125e+12
1.064933292458827233e-03	1.498525944283253906e+12	2.203246581329834900e+11	9.732680492433560181e+10	6.012233191850498047e+12
1.087501519637659123e-03	1.456400938382690674e+12	2.151033977100174561e+11	9.568592120607708740e+10	5.832675881173197266e+12
1.110548016095517111e-03	1.413601942904472656e+12	2.097935263437271423e+11	9.401479900807919312e+10	5.650316072202656250e+12
1.134082917387199208e-03	1.370168590892246338e+12	2.043993505998366394e+11	9.231451322392427063e+10	5.465331180868571289e+12
1.158116573861711456e-03	1.326148651061332520e+12	1.989261157929933472e+11	9.058640345796507263e+10	5.277934292882041016e+12
1.182659555214217667e-03	1.281599494847520508e+12	1.933801777831166992e+11	8.883212416011680603e+10	5.088380564532208984e+12
1.207722655134462354e-03	1.236589980651512451e+12	1.877692247453718567e+11	8.705371004469009399e+10	4.896975429381853516e+12
1.233316896053688856e-03	1.191202958448363281e+12	1.821025740531436157e+11	8.525366492740841675e+10	4.704085479653899414e+12
1.259453533992170365e-03	1.145538756428865234e+12	1.763915896967868347e+11	8.343508902111218262e+10	4.510153559867989258e+12
1.286144063509461061e-03	1.099720358383343262e+12	1.706503107878400879e+11	8.160187544036105347e+10	4.315721065024108887e+12
1.313400222759557485e-03	1.053901854821655151e+12	1.648964973236030273e+11	7.975904782743408203e+10	4.121464074506092285e+12
1.341233998653187541e-03	1.008284437951516846e+12	1.591536609182985229e+11	7.791344252699638367e+10	3.928261054965549805e+12
1.369657632129505243e-03	9.631554874083990479e+11	1.534561904133157959e+11	7.607551082670484924e+10	3.737356124308732422e+12
1.398683623539492566e-03	9.190543831942493896e+11	1.478718992386643372e+11	7.426762117630451965e+10	3.551040982986788086e+12
1.428324738143458596e-03	8.752859404070866699e+11	1.422929327488724365e+11	7.244412085732920837e+10	3.366633024845078125e+12
1.458594011725036863e-03	8.330037116768626709e+11	1.368540523008382568e+11	7.064448607941218567e+10	3.189164948829871094e+12
1.489504756324154782e-03	7.920776154202835693e+11	1.315298174438075409e+11	6.885515884136721802e+10	3.018222558694044922e+12
1.521070566091505720e-03	7.534565847380560303e+11	1.264601605329709167e+11	6.713201089171589661e+10	2.857570493450616211e+12
1.553305323267072666e-03	7.168247236110400391e+11	1.216070868503463593e+11	6.546292867079960632e+10	2.705837686447050781e+12
1.586223204285366938e-03	6.816264804254661865e+11	1.168944378175734863e+11	6.381890219432901764e+10	2.560737616432955566e+12
1.619838686010041055e-03	6.481712789144660645e+11	1.123707486359249268e+11	6.222055809985097504e+10	2.423434345131710938e+12
1.654166552100628336e-03	6.163687365071798096e+11	1.080282178193548279e+11	6.066651921612906647e+10	2.293504021322567871e+12
1.689221899514206692e-03	5.861107003901207275e+11	1.038559538923546143e+11	5.915445455189339447e+10	2.170421964272444824e+12
1.725020145144853453e-03	5.573308338618731689e+11	9.984844906594282532e+10	5.768349749699562836e+10	2.053886767648570068e+12
1.761577032603788440e-03	5.299767433952502441e+11	9.600112214396423340e+10	5.625301506169031525e+10	1.943620425386300537e+12
1.798908639143220224e-03	5.039730762549458008e+11	9.230714190352952576e+10	5.486171493685765839e+10	1.839278291050205078e+12
1.837031382726912916e-03	4.792324123505302124e+11	8.875747128277365112e+10	5.350759060140431976e+10	1.740442238856473633e+12
1.875962029250603357e-03	4.557005483869426270e+11	8.534756808202447510e+10	5.218993977443060303e+10	1.646871257149630127e+12
1.915717699915417882e-03	4.333349213562303467e+11	8.207342380039387512e+10	5.090813922654409027e+10	1.558341848687550537e+12
1.956315878757565116e-03	4.120727766284893799e+11	7.892918612698182678e+10	4.966105087282690430e+10	1.474570450077115723e+12
1.997774420337589726e-03	3.918434309334277344e+11	7.590736079303073120e+10	4.844694326411386108e+10	1.395227320928869385e+12
2.040111557592579582e-03	3.726026044071387939e+11	7.300401765968879700e+10	4.726516836312693024e+10	1.320111938486084717e+12
2.083345909854779961e-03	3.543157112029121704e+11	7.021594788534921265e+10	4.611525614602075195e+10	1.249054859498824951e+12
2.127496491040134757e-03	3.369305219824224243e+11	6.753792834281040192e+10	4.499610160424124146e+10	1.181816820247970215e+12
2.172582718010372237e-03	3.203898864907804565e+11	6.496380079815256500e+10	4.390624405965919495e+10	1.118138634450855713e+12
2.218624419112281976e-03	3.046576325882207031e+11	6.249021085854937744e+10	4.284510115771107483e+10	1.057857697999231689e+12
2.265641842897974604e-03	2.897056484758298950e+11	6.011447528014462280e+10	4.181227692695570374e+10	1.000838354406314087e+12
2.313655667029933423e-03	2.754904919716237793e+11	5.783207874455651855e+10	4.080676389217448425e+10	9.468861750948811035e+11
2.362687007374795686e-03	2.619659549071186218e+11	5.563788098335197449e+10	3.982729663384980774e+10	8.957945955086026611e+11
2.412757427289825233e-03	2.491024898113941956e+11	5.352904730582672119e+10	3.887336355058975983e+10	8.474322319273713379e+11
2.463888947106213784e-03	2.368772388823553772e+11	5.150330306244805908e+10	3.794461562055371094e+10	8.016903201186881104e+11
2.516104053813336943e-03	2.252540918460395508e+11	4.955679408771902466e+10	3.704015851230446625e+10	7.584114295268452148e+11
2.569425710948245768e-03	2.141956873442826233e+11	4.768517470300411987e+10	3.615886945631963348e+10	7.174301557174926758e+11
2.623877368694733318e-03	2.036778894113526306e+11	4.588610105861505890e+10	3.530032936803162384e+10	6.786418066524412842e+11
2.679482974196439188e-03	1.936821078686717834e+11	4.415761135061844635e+10	3.446421021448743439e+10	6.419571368498430176e+11
2.736266982088478034e-03	1.841783431453943481e+11	4.249644031029995728e+10	3.364973023379714966e+10	6.072506087753179932e+11
2.794254365252289707e-03	1.751363874857346802e+11	4.089891116398246002e+10	3.285589475224115372e+10	5.743890385087396240e+11
2.853470625798387814e-03	1.665365260517363281e+11	3.936300912702460480e+10	3.208231009917235947e+10	5.432879561171467285e+11
2.913941806281861776e-03	1.583636336602896729e+11	3.788716442699497223e+10	3.132874905899282455e+10	5.138764754793180542e+11
2.975694501155571117e-03	1.505928026778623047e+11	3.646851602376917267e+10	3.059446438785379410e+10	4.860532015894990234e+11
3.038755868466027146e-03	1.431996086009913025e+11	3.510398288253043365e+10	2.987859348740733337e+10	4.597108886272597656e+11
3.103153641797168783e-03	1.361679480335367889e+11	3.379186443746717834e+10	2.918080082477722931e+10	4.347814261532867432e+11
3.168916142467233243e-03	1.294855122840536957e+11	3.253084186135544205e+10	2.850088059242139053e+10	4.112089769245328369e+11
3.236072291984112663e-03	1.231316311829272308e+11	3.131843154644107056e+10	2.783815767766897202e+10	3.889098864973941040e+11
3.304651624764658874e-03	1.170865566519110870e+11	3.015210955273589706e+10	2.719189698701623535e+10	3.678005447435587769e+11
3.374684301123556836e-03	1.113371357833888550e+11	2.903035574458583832e+10	2.656177040870297241e+10	3.478241767160874023e+11
3.446201120537424525e-03	1.058733479169161682e+11	2.795213867187973404e+10	2.594763333576620102e+10	3.289381221914796753e+11
3.519233535190044709e-03	1.006780491950581512e+11	2.691524384781660080e+10	2.534884296659767151e+10	3.110724036794841919e+11
3.593813663804625805e-03	9.573527218156883240e+10	2.591760390717205429e+10	2.476478626700536728e+10	2.941613501870172119e+11
3.669974305769219299e-03	9.103427428525050354e+10	2.495789254766505051e+10	2.419515616197578049e+10	2.781590964455813599e+11
3.747748955561452412e-03	8.656689453913493347e+10	2.403535158802975845e+10	2.363989674130000305e+10	2.630328098255490112e+11
3.827171817478984984e-03	8.231892127520903015e+10	2.314793592438586426e+10	2.309831375394176865e+10	2.487239850610867615e+11
3.908277820682117681e-03	7.827744372052017212e+10	2.229395299118122101e+10	2.256990294670178223e+10	2.351809026752862244e+11
3.991102634555192957e-03	7.443368824704666138e+10	2.147232480921976471e+10	2.205443042693951797e+10	2.223672740392250977e+11
4.075682684393532908e-03	7.078100590859579468e+10	2.068232134959756088e+10	2.155179740248315048e+10	2.102555616969204712e+11
4.162055167422817371e-03	6.730762174855283356e+10	1.992228341785021210e+10	2.106145227644811249e+10	1.987994034710753784e+11
4.250258069157961290e-03	6.400309629852145386e+10	1.919073439313081741e+10	2.058291781741667557e+10	1.879569982800951233e+11
4.340330180108637088e-03	6.086026419737125397e+10	1.848680833610626984e+10	2.011600078371839523e+10	1.777001170290302429e+11
4.432311112838861061e-03	5.787370650725009918e+10	1.780982419555734253e+10	1.966057767337832642e+10	1.680058171926027832e+11
4.526241319388085715e-03	5.503367182416608429e+10	1.715840303514918137e+10	1.921618006387223434e+10	1.588367281724746399e+11
4.622162109061505458e-03	5.233171881216805267e+10	1.653130643189521027e+10	1.878238878424867249e+10	1.501600821586997681e+11
4.720115666597336779e-03	4.976199579020915985e+10	1.592773094205679512e+10	1.835899319971479416e+10	1.419521152468781738e+11
4.820145070719144588e-03	4.732008452436074066e+10	1.534720067611692810e+10	1.794595198913138580e+10	1.341959883983470154e+11
4.922294313081310678e-03	4.499791334384371185e+10	1.478844782852846527e+10	1.754279328205311584e+10	1.268600035696949921e+11
5.026608317615998724e-03	4.278865640064910126e+10	1.425045768061002350e+10	1.714916492646745300e+10	1.199185370087053528e+11
5.133132960290130720e-03	4.068753510205975342e+10	1.373256235126845741e+10	1.676488940044106102e+10	1.133529829033385162e+11
5.241915089281041530e-03	3.869094545515522766e+10	1.323434471659672928e+10	1.638992300569614220e+10	1.071492333968575134e+11
5.353002545579732367e-03	3.679220956190059662e+10	1.275472696177234268e+10	1.602384343292676353e+10	1.012819795749043121e+11
5.466444184030696055e-03	3.498580761566950989e+10	1.229283710230301857e+10	1.566632754766304207e+10	9.573067961212083435e+10
5.582289894817666839e-03	3.326783745550645447e+10	1.184814479397036934e+10	1.531724167595141029e+10	9.048106179695582581e+10
5.700590625404708227e-03	3.163535821301682663e+10	1.142024537155373001e+10	1.497651617460994148e+10	8.552077227208621216e+10
5.821398402942216249e-03	3.008284746566640472e+10	1.100824345343575859e+10	1.464379023802207947e+10	8.082999870693531799e+10
5.944766357147824969e-03	2.860584145743579483e+10	1.061141063704294777e+10	1.431878765958525085e+10	7.639250676131672668e+10
6.070748743672167193e-03	2.720115386400892258e+10	1.022925658275698090e+10	1.400136322819888115e+10	7.219621602222116089e+10
6.199400967959818945e-03	2.586638384949142456e+10	9.861498762467712402e+09	1.369149847977520370e+10	6.823183940125255585e+10
6.330779609615908021e-03	2.459696665917306137e+10	9.507317288383029938e+09	1.338883197579098701e+10	6.448301758842363739e+10
6.464942447289089879e-03	2.338929238826178360e+10	9.166104028444360733e+09	1.309312298250219727e+10	6.093697069885139465e+10
6.601948484081890736e-03	2.224075936954021454e+10	8.837479286007045746e+09	1.280426646421480560e+10	5.758417812278122711e+10
6.741857973499477616e-03	2.114940666622752380e+10	8.521147816574311256e+09	1.252220631348349953e+10	5.441673029487969971e+10
6.884732445948405985e-03	2.011146292824516678e+10	8.216443607232286453e+09	1.224664365097742844e+10	5.142197259601260376e+10
7.030634735796891313e-03	1.912400857892294312e+10	7.922853660989387512e+09	1.197736799897623253e+10	4.858952768412279510e+10
7.179629009008595825e-03	1.818491942509052658e+10	7.640017134045795441e+09	1.171425876334295273e+10	4.591140012249807739e+10
7.331780791361950343e-03	1.729259281033333206e+10	7.367740477488911629e+09	1.145731393088119698e+10	4.338195490234291840e+10
7.487156997267587974e-03	1.644391522457827950e+10	7.105407458145998955e+09	1.120622785453484726e+10	4.099046841587650299e+10
7.645825959196438613e-03	1.563652428141763878e+10	6.852588565899017334e+09	1.096081608150340462e+10	3.872869811531987000e+10
7.807857457731475631e-03	1.486868605258738327e+10	6.609007810515550613e+09	1.072099846330583191e+10	3.659057386409851074e+10
7.973322752256328111e-03	1.413909037914452362e+10	6.374457864526933670e+09	1.048673592122477531e+10	3.457123857191056824e+10
8.142294612294233985e-03	1.344516710685545921e+10	6.148438017502422333e+09	1.025777515713888550e+10	3.266224153837279892e+10
8.314847349511189298e-03	1.278500540531827354e+10	5.930577812386957169e+09	1.003394712842914009e+10	3.085694649161037445e+10
8.491056850397209546e-03	1.215718970838863373e+10	5.720632716737511635e+09	9.815172205562009811e+09	2.915050515016283417e+10
8.671000609640279119e-03	1.156064845755908394e+10	5.518443941534632683e+09	9.601433680502943039e+09	2.753915366607587814e+10
8.854757764207504128e-03	1.099326094825093842e+10	5.323563074293420792e+09	9.392486841778381348e+09	2.601583093627749252e+10
9.042409128148579806e-03	1.045348149377147484e+10	5.135692693618539810e+09	9.188197004100378036e+09	2.457548891702867126e+10
9.234037228136720080e-03	9.940154518712499619e+09	4.954608759405588150e+09	8.988478580900024414e+09	2.321417970950786209e+10
9.429726339762870002e-03	9.452403106037557602e+09	4.780195175345065117e+09	8.793335808218460083e+09	2.192886054469005585e+10
9.629562524599030379e-03	8.988478237209733963e+09	4.612048966243824005e+09	8.602528181874240875e+09	2.071382749559806824e+10
9.833633668047030499e-03	8.547129469950220108e+09	4.449913553666588783e+09	8.415930578304016113e+09	1.956511740568285751e+10
1.004202951798940403e-02	8.127413506815199852e+09	4.293621455275873184e+09	8.233490608187644958e+09	1.847958543907851791e+10
1.025484172425938229e-02	7.728612417152555466e+09	4.143044227388484955e+09	8.055183911576236725e+09	1.745464447499936295e+10
1.047216387894729824e-02	7.349284273103871346e+09	3.997856994938932419e+09	7.880814899546803474e+09	1.648593516722952461e+10
1.069409155756119272e-02	6.988417421708417892e+09	3.857835245705555439e+09	7.710266297290925980e+09	1.557015839812713623e+10
1.092072236105970547e-02	6.645241904016501427e+09	3.722838938317043304e+09	7.543494927599879265e+09	1.470481875593591690e+10
1.115215595877575537e-02	6.319169619603809357e+09	3.592756982596238136e+09	7.380478101700798988e+09	1.388792707898410416e+10
1.138849413224978825e-02	6.009012346408101082e+09	3.467307769064853191e+09	7.221034797495884895e+09	1.311590122116952515e+10
1.162984081999205582e-02	5.713951539768155098e+09	3.346306473230251789e+09	7.065066509097366333e+09	1.238612601034346390e+10
1.187630216319339981e-02	5.433358768492041588e+09	3.229616636569875717e+09	6.912515316143768311e+09	1.169659661618875885e+10
1.212798655240480798e-02	5.166752013908629417e+09	3.117164822630764008e+09	6.763385876402476311e+09	1.104579904422401047e+10
1.238500467520621366e-02	4.913152554687035561e+09	3.008690796295173168e+09	6.617494668771406174e+09	1.043071079849952888e+10
1.264746956488544717e-02	4.671898019719617844e+09	2.904050482769290447e+09	6.474768815686408997e+09	9.849409154365215302e+09
1.291549665014883955e-02	4.442475531188646317e+09	2.803121430208880424e+09	6.335151038301004410e+09	9.300227961582073212e+09
1.318920380588532899e-02	4.224489796718689442e+09	2.705844481475389957e+09	6.198649608454155922e+09	8.781925835740421295e+09
1.346871140500627631e-02	4.017135002737568855e+09	2.611990986438756943e+09	6.065091475882287979e+09	8.292130168625704765e+09
1.375414237138396570e-02	3.819875096450632572e+09	2.521435143718991280e+09	5.934407415125564575e+09	7.829269927730730057e+09
1.404562223391196511e-02	3.632291537815998554e+09	2.434080855053060532e+09	5.806556323495835304e+09	7.392020948609785080e+09
1.434327918171109106e-02	3.454059973104633331e+09	2.349872845994714260e+09	5.681540805062849045e+09	6.979410753614532471e+09
1.464724412050539583e-02	3.284517234881192207e+09	2.268615940515682220e+09	5.559207350531166077e+09	6.589544971904727936e+09
1.495765073019278586e-02	3.123229447779127598e+09	2.190200222873320103e+09	5.439490531578075409e+09	6.221122743711645126e+09
1.527463552363575450e-02	2.969855085782254696e+09	2.114547374931143522e+09	5.322358376461231232e+09	5.873148400319581985e+09
1.559833790669801906e-02	2.824127842350983143e+09	2.041604910045437336e+09	5.207806637783619881e+09	5.544818999681813240e+09
1.592890023955338338e-02	2.685502188831777096e+09	1.971208460529001713e+09	5.095698781693227768e+09	5.234590711846647263e+09
1.626646789929399317e-02	2.553626903241782665e+09	1.903262854324001789e+09	4.985975860558208466e+09	4.941477533596447945e+09
1.661118934386526108e-02	2.428223325751525402e+09	1.837702678110304832e+09	4.878611153886032104e+09	4.664669768393836975e+09
1.696321617735579643e-02	2.309072677893180847e+09	1.774479394943939686e+09	4.773596541553165436e+09	4.403483786951622963e+09
1.732270321667098503e-02	2.195726399973771095e+09	1.713454801595966578e+09	4.670813793839262962e+09	4.156741981691580772e+09
1.768980855961942850e-02	2.087900135597651482e+09	1.654545530726072073e+09	4.570206635494725227e+09	3.923631865211088181e+09
1.806469365444235767e-02	1.985366546627696276e+09	1.597697272960300446e+09	4.471753354647480011e+09	3.703505345213199139e+09
1.844752337081655841e-02	1.887945778916977167e+09	1.542866714001448393e+09	4.375443985008955002e+09	3.495838164623095512e+09
1.883846607236187159e-02	1.795269177444970131e+09	1.489934578267116308e+09	4.281170058819647789e+09	3.299665868518428326e+09
1.923769369068539445e-02	1.707106485457530260e+09	1.438829670532687902e+09	4.188881023315330505e+09	3.114334930878839016e+09
1.964538180099485026e-02	1.623272245175743103e+09	1.389506150784606695e+09	4.098558800638966084e+09	2.939366289948013783e+09
2.006170969931423895e-02	1.543618520893336535e+09	1.341927007444216728e+09	4.010196166872797966e+09	2.774306859925837040e+09
2.048686048133601528e-02	1.467842456287504435e+09	1.295988170149291039e+09	3.923693001888043404e+09	2.618393231939910412e+09
2.092102112294418406e-02	1.395757572413867474e+09	1.251629624338692427e+09	3.839004709973141670e+09	2.471127233735690594e+09
2.136438256244391209e-02	1.327212595692493916e+09	1.208810809444996834e+09	3.756112782524924755e+09	2.332092730401427746e+09
2.181713978453380873e-02	1.262085758987783432e+09	1.167502086457542181e+09	3.675014027098971367e+09	2.200951136118056297e+09
2.227949190605761978e-02	1.200128381108291864e+09	1.127610181983918905e+09	3.595611514276941299e+09	2.077089666792306423e+09
2.275164226357336353e-02	1.141189408770215750e+09	1.089086837296903133e+09	3.517871128959118843e+09	1.960100730692565203e+09
2.323379850277806913e-02	1.085145465511255264e+09	1.051894960832995415e+09	3.441772706823635578e+09	1.849664886732534170e+09
2.372617266982774559e-02	1.031896255861390948e+09	1.016012186152974486e+09	3.367319101577932358e+09	1.745517988264410734e+09
2.422898130459259780e-02	9.812376811435428858e+08	9.813534183646523952e+08	3.294412768665949821e+09	1.647146206982688427e+09
2.474244553588843265e-02	9.330473587200753689e+08	9.478813086919887066e+08	3.223030330972153187e+09	1.554255505173165321e+09
2.526679117872631872e-02	8.872246787233518362e+08	9.155609559991837740e+08	3.153148064077367783e+09	1.466570196539431334e+09
2.580224883362318075e-02	8.436869711257256269e+08	8.843749075607619286e+08	3.084772992568891048e+09	1.383882846906491280e+09
2.634905398801689475e-02	8.022668113393857479e+08	8.542483222088427544e+08	3.017814198630717278e+09	1.305791830052893639e+09
2.690744711983068457e-02	7.628650234644539356e+08	8.251514853408513069e+08	2.952254643016361237e+09	1.232056336105403423e+09
2.747767380323228384e-02	7.253995742414515018e+08	7.970521485692217350e+08	2.888067933904867649e+09	1.162458919843909025e+09
2.805998481663422514e-02	6.898022733021243811e+08	7.699351583977440596e+08	2.825259983291297913e+09	1.096837953147161245e+09
2.865463625298309350e-02	6.559358492010878325e+08	7.437373274777680635e+08	2.763751270866533279e+09	1.034865374145671129e+09
2.926188963238583740e-02	6.237199137187839746e+08	7.184307203206740618e+08	2.703521648496145248e+09	9.763567624392855167e+08
2.988201201712300387e-02	5.930875902723101377e+08	6.939912675354433060e+08	2.644555760078183651e+09	9.211402349505287409e+08
3.051527612909937445e-02	5.639825887566337585e+08	6.704019782308999300e+08	2.586849272156957626e+09	8.690769746283574104e+08
3.116196046978347151e-02	5.362924214260731936e+08	6.476110650128245354e+08	2.530335829105356693e+09	8.199183089831446409e+08
3.182234944268905880e-02	5.099519112223988771e+08	6.255912368540781736e+08	2.474989813985140800e+09	7.735042012424443960e+08
3.249673347845206950e-02	4.849065459946036339e+08	6.043266402546253204e+08	2.420809163991013527e+09	7.297109568972321749e+08
3.318540916255835471e-02	4.611098257931140065e+08	5.837977971938071251e+08	2.367779939998703480e+09	6.884210380641404390e+08
3.388867936577820428e-02	4.384696200677350760e+08	5.639628979037587643e+08	2.315848282276691437e+09	6.494356765019167662e+08
3.460685337736497946e-02	4.169330707984681129e+08	5.447972244695262909e+08	2.264987284323558331e+09	6.126330798821657896e+08
3.534024704107661952e-02	3.964557529616230726e+08	5.262863019616554379e+08	2.215193305030200005e+09	5.779100418183122873e+08
3.608918289407971741e-02	3.769992209685847163e+08	5.084157034194343686e+08	2.166459589215914726e+09	5.451745916561734676e+08
3.685399030879719234e-02	3.584880630923777819e+08	4.911460562451280355e+08	2.118729644880329847e+09	5.142689307131698132e+08
3.763500563776207147e-02	3.408793979717401266e+08	4.744593170046306849e+08	2.071987207837074280e+09	4.850954817194450498e+08
3.843257236154112161e-02	3.241370292427530289e+08	4.583398701268182397e+08	2.026220323685190439e+09	4.575729507379215360e+08
3.924704123979310538e-02	3.082291425619162321e+08	4.427780784618238807e+08	1.981430881140610933e+09	4.316293019326589108e+08
4.007877046552850431e-02	2.930940495769524574e+08	4.277373401039152741e+08	1.937560460168414831e+09	4.071349076029431224e+08
4.092812582263813392e-02	2.786969507962426543e+08	4.132040959250548482e+08	1.894600311568263054e+09	3.840178870202461481e+08
4.179548084676026898e-02	2.650083612669641078e+08	3.991640675971040726e+08	1.852536528822418928e+09	3.622095807638006210e+08
4.268121698955689575e-02	2.520019296808085442e+08	3.856078205464017391e+08	1.811367693802874804e+09	3.416532121871218085e+08
4.358572378647117967e-02	2.396272277032547593e+08	3.725056694733304977e+08	1.771046080621706724e+09	3.222484431914270520e+08
4.450939902804028347e-02	2.278560040836793482e+08	3.598430588128995895e+08	1.731555659926429987e+09	3.039328312652270794e+08
4.545264893483848267e-02	2.166642461537809372e+08	3.476116403677309155e+08	1.692895853662007332e+09	2.866595904766976237e+08
4.641588833612779463e-02	2.060301076754798293e+08	3.357992152604833841e+08	1.655053401588233948e+09	2.703760830924545527e+08
4.739954085229469011e-02	1.959123938622839749e+08	3.243826133607852459e+08	1.617992673802425385e+09	2.550068383038544059e+08
4.840403908115278181e-02	1.862881600493994355e+08	3.133484933629542589e+08	1.581696487840888023e+09	2.405021019782311916e+08
4.942982478819387543e-02	1.771378565708744228e+08	3.026885174392969012e+08	1.546161436467881441e+09	2.268213903186213374e+08
5.047734910087089966e-02	1.684433524565792680e+08	2.923949927320377827e+08	1.511384170614123106e+09	2.139287344303015769e+08
5.154707270699779992e-02	1.601710225237244070e+08	2.824439521012183428e+08	1.477319267648183346e+09	2.017578598694030344e+08
5.263946605735428386e-02	1.523022232538037598e+08	2.728275605624797940e+08	1.443963943155824661e+09	1.902742614607900977e+08
5.375500957258409762e-02	1.448210440824599564e+08	2.635359814821680188e+08	1.411305756997109413e+09	1.794434822573998272e+08
5.489419385447772554e-02	1.377124201557230055e+08	2.545633549415677786e+08	1.379344868955544472e+09	1.692361877638522983e+08
5.605751990173300781e-02	1.309489289369868636e+08	2.458894944656520188e+08	1.348041444619733572e+09	1.596021189176253080e+08
5.724549933028778848e-02	1.245154139429443032e+08	2.375059691684797406e+08	1.317386872913650274e+09	1.505113705691654980e+08
5.845865459832211286e-02	1.183989315948848277e+08	2.294068273507871330e+08	1.287379095755862951e+09	1.419392905289052129e+08
5.969751923602879817e-02	1.125869484704990983e+08	2.215840713156807125e+08	1.258007869224618912e+09	1.338603095595151782e+08
6.096263808025296355e-02	1.070571228652015626e+08	2.140224271269132197e+08	1.229245344607633114e+09	1.262356868673700690e+08
6.225456751410456124e-02	1.017971256224516332e+08	2.067133405200832784e+08	1.201078888424676418e+09	1.190415850198283643e+08
6.357387571164835327e-02	9.679643309375694394e+07	1.996518801656317413e+08	1.173507447805472612e+09	1.122581284018956423e+08
6.492114288777969811e-02	9.204460018310901523e+07	1.928320016435309350e+08	1.146525633822557926e+09	1.058655696107327044e+08
6.629696155339574737e-02	8.752344786161150038e+07	1.862386577218619883e+08	1.120100583434071779e+09	9.983238276231405139e+07
6.770193677597398374e-02	8.322293915861536562e+07	1.798665303314627707e+08	1.094229328096778393e+09	9.414053988283413649e+07
6.913668644567325106e-02	7.913424481251107156e+07	1.737089533053627908e+08	1.068900295409025669e+09	8.877342770364010334e+07
7.060184154707406512e-02	7.524948058200715482e+07	1.677631264507650137e+08	1.044119832268789172e+09	8.371640190955154598e+07
7.209804643667737378e-02	7.155303939476215839e+07	1.620144095021536350e+08	1.019850535958436847e+09	7.894367735564844310e+07
7.362595912628441819e-02	6.803702204704543948e+07	1.564580166170957983e+08	9.960887577268632650e+08	7.444104561332595348e+07
7.518625157238204015e-02	6.469449298047953099e+07	1.510900539315679073e+08	9.728327603375087976e+08	7.019610754746043682e+07
7.677960997166025092e-02	6.151813768061566353e+07	1.459049045184414089e+08	9.500739081974684000e+08	6.619574608213999122e+07
7.840673506279315086e-02	5.849599366048017144e+07	1.408927621778126061e+08	9.277917367025676966e+08	6.242081953165911138e+07
8.006834243461452560e-02	5.562138458810527623e+07	1.360479882268151045e+08	9.059756050668644905e+08	5.885967501134525239e+07
8.176516284082480102e-02	5.288868868732332438e+07	1.313676079825806618e+08	8.846261780313313007e+08	5.550250786161123216e+07
8.349794252136732986e-02	5.029176248604263365e+07	1.268470720822413266e+08	8.637373239187759161e+08	5.233890800621256232e+07
8.526744353061486981e-02	4.782093216741247475e+07	1.224767779123619050e+08	8.432841412035458088e+08	4.935358216722498089e+07
8.707444407251174745e-02	4.547074270662592351e+07	1.182531711345780641e+08	8.232639686170086861e+08	4.653755425271777064e+07
8.891973884281766105e-02	4.323663635028374940e+07	1.141724789957874417e+08	8.036712901571967602e+08	4.388293220794626325e+07
9.080413937860487561e-02	4.111345872890407592e+07	1.102313588759627491e+08	7.845038045119938850e+08	4.138135263083437830e+07
9.272847441516200717e-02	3.909338702746900171e+07	1.064213747824792415e+08	7.657385319849437475e+08	3.902087653416135907e+07
9.469359025046093781e-02	3.717196423392441124e+07	1.027392050148711205e+08	7.473718959212645292e+08	3.679429491768668592e+07
9.670035111734798239e-02	3.534549445697809756e+07	9.918226773182873428e+07	7.294022786203467846e+08	3.469552283028488606e+07
9.874963956362264872e-02	3.360965761560062319e+07	9.574654719742248952e+07	7.118219382341339588e+08	3.271767523283238336e+07
1.008423568401705106e-01	3.195812784002282843e+07	9.242568448740063608e+07	6.946148344234663248e+08	3.085147686498421058e+07
1.029794232973221257e-01	3.038726359622480348e+07	8.921604316465169191e+07	6.777731254315973520e+08	2.909117401052125543e+07
1.051617787896111378e-01	2.889406740494548529e+07	8.611585367937415838e+07	6.612983741024523973e+08	2.743201465816260502e+07
1.073903830891107247e-01	2.747492175088761374e+07	8.312150193059650064e+07	6.451830266782760620e+08	2.586842825970717147e+07
1.096662163075285135e-01	2.612471142850796506e+07	8.022717053376439214e+07	6.294105746614688635e+08	2.439313747190351412e+07
1.119902793272475605e-01	2.484046117847762257e+07	7.743029926265804470e+07	6.139779170624938011e+08	2.300161076726578549e+07
1.143635942415015677e-01	2.361973966538218781e+07	7.472865060050964355e+07	5.988818025257145166e+08	2.169006951908611879e+07
1.167872048038782751e-01	2.245952019674372673e+07	7.211960854951232672e+07	5.841186621094094515e+08	2.045408703408959880e+07
1.192621768873494831e-01	2.135566671146376804e+07	6.959770396164019406e+07	5.696706634620023966e+08	1.928788817326442152e+07
1.217895989530276418e-01	2.030574842557355016e+07	6.716094190260519087e+07	5.555362129209836721e+08	1.818797078748263419e+07
1.243705825288575900e-01	1.930779264284521714e+07	6.480741019683687389e+07	5.417128695563976765e+08	1.715127968992679194e+07
1.270062626984522769e-01	1.835926934057850391e+07	6.253449409089867771e+07	5.281953771491553783e+08	1.617429791127034277e+07
1.296977986002878502e-01	1.745683419388395548e+07	6.033789794085452706e+07	5.149705610110992789e+08	1.525249867112100124e+07
1.324463739374786009e-01	1.659850127730508521e+07	5.821540655535449833e+07	5.020337676907746196e+08	1.438306968018004298e+07
1.352531974983535168e-01	1.578266974516567029e+07	5.616586299343670160e+07	4.893855456159456968e+08	1.356370608491021395e+07
1.381195036880665805e-01	1.500722639042345248e+07	5.418644119776058942e+07	4.770177253167321682e+08	1.279144070022005402e+07
1.410465530714722360e-01	1.426946736164294928e+07	5.227375623388693482e+07	4.649205200544518828e+08	1.206285751259375922e+07
1.440356329275057634e-01	1.356776960153514519e+07	5.042578040020762384e+07	4.530891446803886890e+08	1.137563570666272752e+07
1.470880578153118678e-01	1.290083431506567635e+07	4.864140044896336645e+07	4.415235797959979773e+08	1.072800503842603415e+07
1.502051701523716420e-01	1.226689766030867212e+07	4.691845096151244640e+07	4.302185284914785028e+08	1.011760807319590263e+07
1.533883408048797858e-01	1.166377345061785728e+07	4.525353248038486391e+07	4.191613127957513332e+08	9.541694662073571235e+06
1.566389696906345663e-01	1.109013574529429339e+07	4.364528205529589206e+07	4.083503680455850363e+08	8.998522976211285219e+06
1.599584863947036695e-01	1.054493005694586225e+07	4.209244260782379657e+07	3.977837365631317496e+08	8.486603040290782228e+06
1.633483507981373095e-01	1.002668541342311166e+07	4.059323087272632122e+07	3.874575272321085930e+08	8.004127229488315992e+06
1.668100537200059019e-01	9.533634229673927650e+06	3.914470759016831219e+07	3.773604448231604695e+08	7.548876458488006145e+06
1.703451175730422984e-01	9.064693321797709912e+06	3.774566859667821229e+07	3.674907138063091040e+08	7.119529336228036322e+06
1.739550970331800450e-01	8.619006319337004796e+06	3.639503161062750220e+07	3.578463165493184924e+08	6.714881115459138528e+06
1.776415797232799298e-01	8.195347403850679286e+06	3.509112078280805796e+07	3.484229883929325342e+08	6.333475669894576073e+06
1.814061869113461622e-01	7.792287444426277652e+06	3.383152864262154698e+07	3.392115582497761250e+08	5.973611333851093426e+06
1.852505742235391883e-01	7.408941587686520070e+06	3.261506189211207628e+07	3.302094431496703625e+08	5.634184532794840634e+06
1.891764323722997243e-01	7.044614199107071385e+06	3.144096316556194797e+07	3.214161941081671119e+08	5.314320712537904270e+06
1.931854878999012814e-01	6.698284442540360615e+06	3.030753849761053547e+07	3.128257995995558500e+08	5.012783975056859665e+06
1.972795039377621684e-01	6.368796853059443645e+06	2.921280952013019100e+07	3.044308938254806399e+08	4.728282331916191615e+06
2.014602809818480389e-01	6.055428622217718512e+06	2.815571071287957206e+07	2.962289006746343374e+08	4.459928162277551368e+06
2.057296576845067948e-01	5.757614520911892876e+06	2.713565341996777430e+07	2.882202158671178222e+08	4.207040823473782279e+06
2.100895116630852322e-01	5.474504990874219686e+06	2.615102248850775510e+07	2.803979922134181857e+08	3.968629049568738323e+06
2.145417603256798700e-01	5.205165833329150453e+06	2.520019750757260248e+07	2.727562925191105008e+08	3.743676038436810020e+06
2.190883617143895290e-01	4.949006633225428872e+06	2.428217945621829480e+07	2.652921440334910750e+08	3.531489457804347388e+06
2.237313153664367560e-01	4.705567978063243441e+06	2.339649397649353743e+07	2.580062766449285746e+08	3.331522454023466446e+06
2.284726631935388719e-01	4.474143318225072697e+06	2.254169791857989505e+07	2.508922011220408380e+08	3.142987545224098954e+06
2.333144903799153069e-01	4.253977354381328449e+06	2.171641192955923080e+07	2.439446902854099870e+08	2.965096382248743437e+06
2.382589262993237145e-01	4.044587828033229802e+06	2.091973954291361570e+07	2.371606665395112038e+08	2.797283201166632120e+06
2.433081454515323150e-01	3.845601210968195926e+06	2.015127045865507051e+07	2.305409343994283080e+08	2.639139912020611111e+06
2.484643684186368384e-01	3.656430275861186441e+06	1.940973275404604152e+07	2.240794118413873017e+08	2.490016637612145394e+06
2.537298628416438939e-01	3.476464354490899015e+06	1.869392199260632694e+07	2.177712196021585763e+08	2.349310156369304750e+06
2.591069444177515613e-01	3.305309546480967198e+06	1.800308154699042812e+07	2.116138306090151370e+08	2.216570205884062685e+06
2.645979779187619951e-01	3.142662067389592528e+06	1.733682519125846401e+07	2.056075682652995288e+08	2.091466260734628187e+06
2.702053782310787078e-01	2.988034146780471317e+06	1.669405134516105056e+07	1.997470682371673584e+08	1.973500298225864768e+06
2.759316114177428059e-01	2.840932054521995597e+06	1.607370106659101136e+07	1.940277088488619030e+08	1.862173805104778381e+06
2.817791958029755572e-01	2.701034057896271814e+06	1.547511783106616884e+07	1.884471785373004079e+08	1.757153228588818107e+06
2.877507030797054055e-01	2.568093051870185882e+06	1.489796858680588752e+07	1.830057118061596155e+08	1.658167594293444185e+06
2.938487594405665426e-01	2.441704083270157222e+06	1.434126083258451149e+07	1.776981619673872590e+08	1.564815533432340948e+06
3.000760467328633108e-01	2.321467974634663668e+06	1.380410284270785376e+07	1.725206442228981555e+08	1.476718925051405095e+06
3.064353036380134121e-01	2.207121959238323849e+06	1.328590985445923731e+07	1.674707580091161728e+08	1.393599219568764092e+06
3.129293268759847368e-01	2.098464943722508382e+06	1.278640202780644409e+07	1.625488422415644228e+08	1.315260446667955024e+06
3.195609724352570513e-01	1.995160951252606465e+06	1.230469230900863558e+07	1.577500978958197832e+08	1.241367327137721470e+06
3.263331568288500573e-01	1.896887238949035760e+06	1.183999979516992904e+07	1.530707439175936282e+08	1.171626985891810851e+06
3.332488583769670498e-01	1.803429201956439530e+06	1.139182375467080995e+07	1.485086398710798025e+08	1.105825624903838150e+06
3.403111185168231634e-01	1.714623140619982500e+06	1.095992651399339177e+07	1.440642720989842117e+08	1.043799426258091582e+06
3.475230431402304698e-01	1.630190462422961835e+06	1.054352215541342087e+07	1.397330779975135028e+08	9.852901037733744597e+05
3.548878039595292910e-01	1.549870217014571186e+06	1.014191602295611426e+07	1.355112837642051876e+08	9.300640511059734272e+05
3.624086399024666338e-01	1.473487141229384579e+06	9.754710927162185311e+06	1.313975403233547062e+08	8.779526140807877528e+05
3.700888585366366446e-01	1.400907931965747382e+06	9.381645459755349904e+06	1.273915189729607999e+08	8.288272621961404802e+05
3.779318375241043637e-01	1.331901703642811626e+06	9.022061365962063894e+06	1.234893709152531326e+08	7.824803316818639869e+05
3.859410261068597081e-01	1.266257464144303929e+06	8.675351511355303228e+06	1.196876617716603428e+08	7.387302949625077890e+05
3.941199466237500504e-01	1.203832087901584571e+06	8.341180219401017763e+06	1.159852311411216110e+08	6.974461418524980545e+05
4.024721960595590287e-01	1.144516979289547307e+06	8.019289066527551040e+06	1.123812855907043964e+08	6.585197139678632375e+05
4.110014476269163164e-01	1.088120900314369937e+06	7.709128012845778838e+06	1.088727786834312975e+08	6.217942059947882080e+05
4.197114523817274123e-01	1.034473244866671390e+06	7.410160567742565647e+06	1.054563314808520824e+08	5.871215251089632511e+05
4.286060408728412652e-01	9.834571357737834333e+05	7.122069673198050819e+06	1.021305347709841579e+08	5.543968656671256758e+05
4.376891248266767120e-01	9.349840772255676566e+05	6.844683156775798649e+06	9.889543406582319736e+07	5.235429623257076018e+05
4.469646988675492483e-01	8.888957506675533950e+05	6.577457405185033567e+06	9.574725387479762733e+07	4.944245171002573334e+05
4.564368422744575216e-01	8.450542023607846349e+05	6.319961971588270739e+06	9.268346327265009284e+07	4.669325003671488957e+05
4.661097207750954374e-01	8.033639941075167153e+05	6.071917806382065639e+06	8.970266836900562048e+07	4.409832091569668846e+05
4.759875883778879602e-01	7.637529795835636323e+05	5.833160258104891516e+06	8.680467825583031774e+07	4.165120877934808377e+05
4.860747892428489703e-01	7.260901661861651810e+05	5.603228796364282258e+06	8.398629309566871822e+07	3.934166462872599950e+05
4.963757595920870180e-01	6.902639960609441623e+05	5.381734475862297229e+06	8.124488637727746367e+07	3.716065431789844879e+05
5.068950296608012440e-01	6.561965411765208701e+05	5.168448130233536474e+06	7.857942664105680585e+07	3.510174916578432894e+05
5.176372256896176749e-01	6.238289611401999136e+05	4.963213478087713942e+06	7.598947526954574883e+07	3.316004354858126026e+05
5.286070719591531297e-01	5.930529299219485838e+05	4.765632506652181037e+06	7.347220546759910882e+07	3.132704391030904953e+05
5.398093928676924724e-01	5.637782296116797952e+05	4.575369430444319732e+06	7.102520358828239143e+07	2.959591333744551521e+05
5.512491150528981976e-01	5.359412328033891972e+05	4.392216263184298761e+06	6.864737859583237767e+07	2.796150547516190563e+05
5.629312695584811621e-01	5.094939318123027915e+05	4.216047950452733785e+06	6.633848236392484605e+07	2.641982538377514575e+05
5.748609940467923618e-01	4.843467920604448300e+05	4.046503077250543516e+06	6.409571003044131398e+07	2.496425641116254264e+05
5.870435350582976497e-01	4.604268482798541081e+05	3.883297848407168407e+06	6.191695780623938143e+07	2.358937407528343319e+05
5.994842503189414806e-01	4.376821511208309676e+05	3.726251503007522319e+06	5.980120454712970555e+07	2.229104954845354951e+05
6.121886110964055439e-01	4.160735167451165617e+05	3.575251222410455812e+06	5.774814999481089413e+07	2.106627877780203416e+05
6.251622046063020077e-01	3.955269799196855165e+05	3.429980743848633487e+06	5.575519374987892807e+07	1.990969225437741552e+05
6.384107364693620834e-01	3.759835239800317213e+05	3.290192657386652660e+06	5.382037245579553396e+07	1.881694813580950431e+05
6.519400332206916060e-01	3.574007366331769153e+05	3.155740782894323580e+06	5.194294363640026003e+07	1.778506675119638094e+05
6.657560448722088520e-01	3.397466222901743604e+05	3.026511085258839652e+06	5.012231532670234889e+07	1.681137841298364801e+05
6.798648475293831428e-01	3.229601101782203768e+05	2.902234538214338012e+06	4.835622917518706620e+07	1.589170860225932265e+05
6.942726460634290886e-01	3.069934607797866338e+05	2.782699826123146340e+06	4.664294380478513986e+07	1.502277417864488089e+05
7.089857768401280902e-01	2.918120498247168725e+05	2.667767778269703500e+06	4.498153093766414374e+07	1.420198176328974951e+05
7.240107105064845783e-01	2.773897403303686879e+05	2.557352396188108716e+06	4.337169443558752537e+07	1.342736691796871019e+05
7.393540548364295750e-01	2.636761344892853522e+05	2.451206840274678078e+06	4.181113111813260615e+07	1.269559759561891551e+05
7.550225576368376768e-01	2.506326106962797639e+05	2.349156156119622756e+06	4.029839480276518315e+07	1.200405281741966610e+05
7.710231097151263313e-01	2.382309036869680858e+05	2.251074382784246001e+06	3.883250046570354700e+07	1.135066851608291472e+05
7.873627479097432547e-01	2.264496542077753984e+05	2.156893945296559483e+06	3.741333389150600880e+07	1.073400825128739089e+05
8.040486581848822478e-01	2.152472934510454943e+05	2.066390750094184419e+06	3.603858970637957752e+07	1.015130111787683127e+05
8.210881787907730045e-01	2.045925721828818496e+05	1.979416090091179824e+06	3.470697768767319620e+07	9.600492135427499306e+04
8.384888034909533383e-01	1.944624178809453733e+05	1.895862881837007822e+06	3.341766048658171669e+07	9.080005797915149014e+04
8.562581848579297050e-01	1.848393634784690803e+05	1.815668488967603305e+06	3.217039669520274550e+07	8.588685107677012275e+04
8.744041376386801900e-01	1.756891529313171341e+05	1.738639262262988370e+06	3.096313999082988873e+07	8.124288912673665618e+04
8.929346421914835519e-01	1.669864869320614380e+05	1.664647462193519808e+06	2.979471677132010087e+07	7.685237682247583871e+04
9.118578479955742333e-01	1.587125355478939018e+05	1.593599419352615718e+06	2.866432369052970782e+07	7.270298320480535040e+04
9.311820772351820930e-01	1.508530130831684510e+05	1.525440708686591126e+06	2.757175243569734320e+07	6.878506807725223189e+04
9.509158284595223831e-01	1.433796948731826269e+05	1.460001217577713076e+06	2.651507833679991215e+07	6.508097046543418401e+04
9.710677803203476843e-01	1.362721038839328976e+05	1.397172100961460266e+06	2.549325649112479761e+07	6.157845786050984316e+04
9.916467953887124764e-01	1.295148706975274108e+05	1.336872190868265694e+06	2.450555081976939365e+07	5.826747583745171869e+04
1.012661924052612461e+00	1.230963068109775631e+05	1.279051723675673828e+06	2.355168565189204365e+07	5.514045739378542203e+04
1.034122408497234025e+00	1.169931694746614521e+05	1.223564736935085617e+06	2.262995886985068396e+07	5.218347408409851778e+04
1.056037686769547568e+00	1.111888814638048352e+05	1.170317358301290777e+06	2.173940116507214308e+07	4.938686030875141296e+04
1.078417396929040706e+00	1.056708984376918670e+05	1.119239569939340930e+06	2.087934972238214314e+07	4.674256500019873783e+04
1.101271381286411888e+00	1.004296531605725759e+05	1.070284979926405940e+06	2.004946583080421388e+07	4.424452582017106033e+04
1.124609690732098155e+00	9.544601616716140416e+04	1.023331459862751770e+06	1.924830964665921032e+07	4.188191541449257056e+04
1.148442589156521310e+00	9.070656412499939324e+04	9.782933850861348910e+05	1.847488698033049330e+07	3.964674944382525427e+04
1.172780557964020254e+00	8.620105872815390467e+04	9.351151227048872970e+05	1.772869431470432132e+07	3.753299933615996997e+04
1.197634300682437924e+00	8.192166646523719828e+04	8.937526487809194950e+05	1.700932775521730632e+07	3.553563943076489522e+04
1.223014747670394531e+00	7.785265190957259620e+04	8.541002444319610950e+05	1.631547424576907232e+07	3.364605364281641232e+04
1.248933060924324545e+00	7.398314261312260351e+04	8.160864429263430648e+05	1.564628222283881530e+07	3.185806528834865458e+04
1.275400638987373769e+00	7.030478298648455529e+04	7.796591422269268660e+05	1.500118920585502312e+07	3.016665142962616301e+04
1.302429121962336289e+00	6.681115622264493140e+04	7.447855194500921061e+05	1.437995342840364948e+07	2.856818826892945435e+04
1.330030396630823342e+00	6.348932681872232206e+04	7.113690871747396886e+05	1.378126266719678789e+07	2.705544354523285801e+04
1.358216601680917401e+00	6.033048558343196783e+04	6.793508565060478868e+05	1.320440778394071199e+07	2.562370611697993809e+04
1.387000133045610317e+00	5.732781310299949837e+04	6.486874563595365034e+05	1.264890595353518613e+07	2.426908638479414367e+04
1.416393649354382722e+00	5.447605254836237873e+04	6.193456350386501290e+05	1.211440921528230049e+07	2.298843836906068100e+04
1.446410077500298819e+00	5.176457550392314442e+04	5.912460468240079936e+05	1.159982914305202663e+07	2.177623332652716635e+04
1.477062618325094778e+00	4.918624217315494025e+04	5.643371167041304288e+05	1.110449414629784040e+07	2.062866155187499680e+04
1.508364752424737887e+00	4.673548712255891587e+04	5.385797643780482467e+05	1.062793039938240871e+07	1.954258906837427639e+04
1.540330246078020826e+00	4.440800242060799064e+04	5.139476678298562765e+05	1.016987433436849527e+07	1.851562425659936707e+04
1.572973157300799230e+00	4.219506082017797598e+04	4.903713160409347038e+05	9.729319509009519592e+06	1.754329643872015004e+04
1.606307842028519950e+00	4.009087309307872056e+04	4.678054831394335488e+05	9.305637370521109551e+06	1.662248535406394512e+04
1.640348960429783842e+00	3.809089708025679283e+04	4.462186812764987117e+05	8.898440501802051440e+06	1.575087867863702922e+04
1.675111483353698638e+00	3.619160216838707856e+04	4.255865981669008033e+05	8.507444576921921223e+06	1.492652288334951481e+04
1.710610698913865635e+00	3.438582629140668723e+04	4.058486913764611818e+05	8.131731503305210732e+06	1.414576489608823613e+04
1.746862219211904321e+00	3.266887322330163079e+04	3.869682869016865734e+05	7.770787806872559711e+06	1.340621738497170008e+04
1.783881987203444153e+00	3.103703593964099855e+04	3.689173943733992637e+05	7.424238840329788625e+06	1.270600249508480192e+04
1.821686283709640364e+00	2.948742036158133124e+04	3.516745776225147420e+05	7.091814449045084417e+06	1.204355505597044612e+04
1.860291734577268707e+00	2.801415285875598420e+04	3.351884403807640192e+05	6.772705086071005091e+06	1.141599766271678163e+04
1.899715317990559260e+00	2.661342173083695525e+04	3.194275721339526935e+05	6.466445715404819697e+06	1.082143290568360680e+04
1.939974371937992492e+00	2.528220129252928746e+04	3.043677884012015420e+05	6.172694792727905326e+06	1.025834073476536105e+04
1.981086601837313665e+00	2.401811954274746677e+04	2.899906030180202797e+05	5.891204955140416510e+06	9.725470765197789660e+03
2.023070088322156401e+00	2.281636233736246868e+04	2.762521233514565392e+05	5.621261891131157055e+06	9.220515153718288275e+03
2.065943295193674256e+00	2.167383411171354237e+04	2.631256952960712370e+05	5.362455499477445148e+06	8.742006378699088600e+03
2.109725077540682392e+00	2.058806511448639139e+04	2.505905230795977986e+05	5.114473286858985201e+06	8.288728656488870911e+03
2.154434690031884259e+00	1.955711139164134875e+04	2.386304605100870831e+05	4.877081454983213916e+06	7.859665827900510521e+03
2.200091795383838367e+00	1.857702991971181109e+04	2.272082016797565157e+05	4.649652513840853237e+06	7.452978907305713619e+03
2.246716473008353532e+00	1.764530492537353348e+04	2.163009410281469754e+05	4.431820771753551438e+06	7.067476136060252429e+03
2.294329227843169949e+00	1.675992018325092067e+04	2.058911508819966984e+05	4.223316003957063891e+06	6.702204547146784535e+03
2.342950999369765697e+00	1.591928304942213072e+04	1.959650037318077812e+05	4.023927466611976735e+06	6.356370883866709846e+03
2.392603170822269476e+00	1.512016614412181298e+04	1.864906552908259036e+05	3.833098106908598449e+06	6.028506081226756578e+03
2.443307578591545681e+00	1.436052327876359232e+04	1.774486084285120887e+05	3.650500272449342534e+06	5.717644199014675905e+03
2.495086521828544068e+00	1.363870822349750051e+04	1.688236586903218995e+05	3.475886550284281839e+06	5.423009628100772716e+03
2.547962772251191943e+00	1.295341665993569768e+04	1.606043608075702505e+05	3.309080881063463632e+06	5.143988906863201009e+03
2.601959584159102334e+00	1.230200893497608922e+04	1.527637655751368147e+05	3.149598176578996237e+06	4.879405037980413908e+03
2.657100704660517732e+00	1.168281923845597885e+04	1.452853186450939975e+05	2.997148577353242785e+06	4.628484051522083064e+03
2.713410384115983121e+00	1.109450316571535950e+04	1.381559874458561244e+05	2.851509790208578110e+06	4.390606781711861913e+03
2.770913386803353973e+00	1.053599313157474353e+04	1.313657215688907309e+05	2.712516246735922061e+06	4.165278702274009447e+03
2.829635001808795014e+00	1.000513188808519772e+04	1.248918257835443801e+05	2.579750300942558795e+06	3.951554180918644306e+03
2.889601054148607684e+00	9.500561834531899876e+03	1.187205196807288448e+05	2.452965555445586797e+06	3.748828536960750625e+03
2.950837916126738403e+00	9.021184775249579616e+03	1.128407406061902584e+05	2.331964904667404015e+06	3.556606176970630713e+03
3.013372518932980082e+00	8.566127495340742826e+03	1.072438681398743793e+05	2.216599622395070735e+06	3.374485487580975132e+03
3.077232364486974792e+00	8.133628573288029656e+03	1.019107854104187863e+05	2.106509590838505886e+06	3.201703827511713826e+03
3.142445537533192557e+00	7.722580181815004835e+03	9.682981332408280286e+04	2.001479594174857717e+06	3.037775329277815217e+03
3.209040717992251324e+00	7.332084952739127402e+03	9.199148537714894337e+04	1.901334744194389787e+06	2.882302311708867364e+03
3.277047193573979555e+00	6.961429323321583070e+03	8.738845737604403985e+04	1.805941799180959119e+06	2.734967423585384495e+03
3.346494872657771680e+00	6.609176462783270836e+03	8.300473932248263736e+04	1.714993401200460736e+06	2.595161283017320784e+03
3.417414297445926952e+00	6.274421037636333494e+03	7.883048050246108323e+04	1.628303559247228317e+06	2.462493078011973012e+03
3.489836657395697816e+00	5.956429505892906491e+03	7.485777350514552381e+04	1.545723405767657328e+06	2.336645725272918753e+03
3.563793802936028321e+00	5.654619355564228499e+03	7.108039884918833559e+04	1.467135916560953483e+06	2.217366152981630876e+03
3.639318259474964901e+00	5.367819919771731293e+03	6.748495676966401516e+04	1.392277832004177617e+06	2.104163057277593452e+03
3.716443241703908829e+00	5.095290041416089480e+03	6.406314086223140475e+04	1.320988715978493216e+06	1.996721416904520993e+03
3.795202668205029717e+00	4.836429842158188876e+03	6.080825614170883637e+04	1.253139209477671888e+06	1.894785030026179129e+03
3.875631176368202979e+00	4.590764290542904746e+03	5.771504979949070548e+04	1.188627747581142001e+06	1.798149735621729178e+03
3.957764137624104617e+00	4.357340981557234045e+03	5.477236465435060381e+04	1.127230579496345716e+06	1.706422434005252626e+03
4.041637673000112230e+00	4.135551878461258639e+03	5.197319625514590007e+04	1.068809433734352235e+06	1.619348866595356640e+03
4.127288669005872102e+00	3.924906176887190213e+03	4.931191847867448087e+04	1.013253363384586992e+06	1.536723158837820620e+03
4.214754793855508552e+00	3.725016884388236122e+03	4.678410961472080817e+04	9.604745524456462590e+05	1.458382300450616640e+03
4.304074514033643162e+00	3.535110623456479971e+03	4.438051327928769024e+04	9.102843855889635161e+05	1.384010145234830361e+03
4.395287111212434539e+00	3.354687293497146129e+03	4.209526301516654348e+04	8.625654588200814323e+05	1.313401635015244892e+03
4.488432699527177050e+00	3.183345104065591840e+03	3.992364127745696896e+04	8.172229213393926620e+05	1.246391391427589951e+03
4.583552243217979161e+00	3.020769097296461496e+03	3.786195270316782262e+04	7.741819531302963151e+05	1.182848536739557176e+03
4.680687574645305382e+00	2.866332772237662994e+03	3.590255483445803839e+04	7.332846028300175676e+05	1.122519750227009126e+03
4.779881412687339015e+00	2.719623546908031130e+03	3.404049914167039969e+04	6.944302849204834783e+05	1.065237566417648623e+03
4.881177381527165515e+00	2.580312341526049750e+03	3.227184131870782949e+04	6.575385178222355898e+05	1.010868053004126295e+03
4.984620029838152888e+00	2.448142862540601072e+03	3.059349281754277763e+04	6.225454044392631622e+05	9.593060904977718337e+02
5.090254850375883322e+00	2.322609349346742874e+03	2.899919269814978543e+04	5.893204002545599360e+05	9.103491179837711798e+02
5.198128299985286915e+00	2.203370114419881702e+03	2.748476790133956820e+04	5.577775500357537530e+05	8.638601649934687430e+02
5.308287820031761584e+00	2.090155482257956464e+03	2.604692217822224120e+04	5.278486517352942610e+05	8.197309378750676387e+02
5.420781857265304815e+00	1.982756859387636723e+03	2.468308116080710170e+04	4.994794695899781073e+05	7.778772269824960404e+02
5.535659885126738011e+00	1.880767711727476581e+03	2.338815998720937932e+04	4.725634315167558962e+05	7.381376547318678831e+02
5.652972425505520704e+00	1.783903880226124784e+03	2.215863948383314710e+04	4.470274444306847872e+05	7.003993343951915449e+02
5.772771070958623518e+00	1.691944222159000446e+03	2.099175971700424634e+04	4.228134836349943653e+05	6.645741199257815879e+02
5.895108507400270703e+00	1.604718633744896351e+03	1.988537717613875066e+04	3.998757260135929682e+05	6.305938509907188063e+02
6.020038537272556667e+00	1.521902562288353465e+03	1.883540983091280941e+04	3.781286042657536454e+05	5.983307680623930764e+02
6.147616103207036886e+00	1.443258248346852952e+03	1.783886921587912730e+04	3.575094000220284215e+05	5.676912929442221412e+02
6.277897312187818990e+00	1.368604302159348663e+03	1.689344630812628748e+04	3.379688038363493397e+05	5.386038181316373539e+02
6.410939460226692255e+00	1.297801509348851823e+03	1.599736638006415342e+04	3.194687465344707016e+05	5.110132920290106426e+02
6.546801057561175696e+00	1.230593148106373974e+03	1.514738169004654992e+04	3.019410347586059943e+05	4.848192532230204392e+02
6.685541854386596761e+00	1.166778918161158117e+03	1.434093903793770187e+04	2.853315426799945417e+05	4.599431634770952542e+02
6.827222867133428963e+00	1.106209988191859793e+03	1.357612499380849476e+04	2.695991532477396540e+05	4.363265974161895429e+02
6.971906405301561804e+00	1.048771712976842082e+03	1.285147846317313451e+04	2.547127720425642328e+05	4.139247549559404433e+02
7.119656098863218929e+00	9.942637189324962037e+02	1.216444484644962540e+04	2.406184991862463939e+05	3.926596851919003370e+02
7.270536926246596643e+00	9.425158720319730037e+02	1.151282870567706232e+04	2.272693794056678307e+05	3.724650728896899068e+02
7.424615242912579127e+00	8.934060324924984116e+02	1.089504714764457640e+04	2.146313792877417291e+05	3.532933011168968847e+02
7.581958810536977289e+00	8.468388764638631301e+02	1.030988131241401425e+04	2.026786258247310179e+05	3.351073810954343912e+02
7.742636826811277295e+00	8.026610652290780763e+02	9.755359469148359494e+03	1.913692283359775611e+05	3.178477330481385366e+02
7.906719955874896399e+00	7.607266792724468587e+02	9.229591010120468127e+03	1.806627242317071359e+05	3.014575944989878167e+02
8.074280359392364659e+00	7.209354800077496748e+02	8.731289081453553081e+03	1.705318238956283312e+05	2.858982628551522680e+02
8.245391728289099831e+00	6.832071166206864063e+02	8.259406518262725513e+03	1.609540037484175700e+05	2.711386242638451449e+02
8.420129315159766037e+00	6.474277354303336551e+02	7.812463440375036953e+03	1.518975329763081972e+05	2.571346037419949084e+02
8.598569967363353328e+00	6.134707686945513387e+02	7.388829492088014376e+03	1.433278798143415479e+05	2.438372608342898786e+02
8.780792160819700598e+00	5.812539644125732821e+02	6.987448273161918223e+03	1.352227011615126394e+05	2.312148839106449429e+02
8.966876034522190508e+00	5.507083511272062424e+02	6.607411511099872769e+03	1.275622794847894984e+05	2.192407236073106276e+02
9.156903425781846906e+00	5.217534399069837718e+02	6.247668142082125087e+03	1.203240604402345343e+05	2.078836376945721156e+02
9.350957906218383187e+00	4.942780312269089222e+02	5.906795590721189910e+03	1.134782271860520559e+05	1.971007693265472653e+02
9.549124818513869073e+00	4.682146795346575345e+02	5.583914788443721591e+03	1.070059326072478289e+05	1.868661818002829875e+02
9.751491313945386707e+00	4.435038015287665871e+02	5.278243016110714052e+03	1.008902918143496499e+05	1.771568850752670983e+02
9.958146390713055851e+00	4.200903442447071825e+02	4.989066164247435154e+03	9.511613879664671549e+04	1.679516548370644955e+02
1.016918093308028581e+01	3.978782062012463143e+02	4.715147709826398568e+03	8.965743180722687976e+04	1.592132869369098671e+02
1.038468775134352740e+01	3.768111016758692244e+02	4.455752640089791385e+03	8.449843677203750121e+04	1.509200413048578753e+02
1.060476162264905220e+01	3.568388811753478080e+02	4.210232395094396452e+03	7.962543224470839777e+04	1.430526724995744132e+02
1.082949933267470577e+01	3.379205727554323175e+02	3.978051165538558053e+03	7.502692586325413140e+04	1.355954961156392642e+02
1.105899971819510696e+01	3.199798109253403027e+02	3.758225392143796398e+03	7.068221064727671910e+04	1.285189811562375155e+02
1.129336371054865928e+01	3.029668939647323214e+02	3.550115898421738166e+03	6.657786833751547965e+04	1.218039548129137870e+02
1.153269438002595848e+01	2.868400309323197348e+02	3.353180680295438378e+03	6.270240500872643315e+04	1.154342821404448074e+02
1.177709698119876869e+01	2.715663268299649644e+02	3.166986356708662242e+03	5.904645839247576805e+04	1.093972880539046599e+02
1.202667899920963279e+01	2.570897120343564097e+02	2.990818980113313955e+03	5.559521172320907499e+04	1.036713313844088447e+02
1.228155019704247053e+01	2.433643655702766182e+02	2.824088389454442222e+03	5.233626913405495725e+04	9.823872463811326838e+01
1.254182266379493349e+01	2.303556861282978616e+02	2.666345140250578424e+03	4.926008853252990957e+04	9.308613179950012295e+01
1.280761086397376225e+01	2.180349264964562792e+02	2.517217858567822532e+03	4.635885410958815191e+04	8.820246088243933968e+01
1.307903168783481007e+01	2.063657772047273511e+02	2.376239494753278905e+03	4.362276736247734516e+04	8.357364138889056449e+01
1.335620450278989146e+01	1.953044194496598891e+02	2.242849639420102903e+03	4.104015019416152791e+04	7.918263587247790269e+01
1.363925120590300821e+01	1.848223464260694016e+02	2.116685207525520127e+03	3.860346403483846370e+04	7.501847195236940991e+01
1.392829627749924271e+01	1.748937270789937486e+02	1.997413248816709256e+03	3.630569936581955699e+04	7.107122151043266456e+01
1.422346683590943783e+01	1.654966029904482241e+02	1.884747170424808928e+03	3.414076005536831508e+04	6.733241024342794390e+01
1.452489269337533528e+01	1.565922458177716692e+02	1.778201950750029027e+03	3.209876194675861552e+04	6.378700624404057606e+01
1.483270641313931115e+01	1.481557693658458561e+02	1.677455687010058909e+03	3.017293800701122382e+04	6.042526419969713203e+01
1.514704336774399174e+01	1.401653827680846689e+02	1.582229267914271077e+03	2.835747619443525400e+04	5.723872284334590432e+01
1.546804179856737527e+01	1.326033299613500844e+02	1.492296853080646315e+03	2.664768416998586690e+04	5.422057611938955546e+01
1.579584287661962527e+01	1.254439940576464068e+02	1.407331458543686040e+03	2.503677732513267256e+04	5.136085059511830053e+01
1.613059076462826624e+01	1.186622330117016730e+02	1.327018294315587127e+03	2.351834377066214074e+04	4.864978642884133819e+01
1.647243268043913034e+01	1.122399958168820717e+02	1.251128633482666373e+03	2.208766363267886118e+04	4.608035625542235891e+01
1.682151896176083383e+01	1.061607680946329424e+02	1.179449865818702165e+03	2.074029030327565852e+04	4.364607946540640881e+01
1.717800313228151410e+01	1.004106474443028674e+02	1.111805864366688411e+03	1.947259439301219027e+04	4.134157869967185661e+01
1.754204196918641045e+01	9.496615422741025725e+01	1.047902232099476123e+03	1.827858871201306829e+04	3.915769185931883811e+01
1.791379557210657580e+01	8.981124978221930633e+01	9.875372878598193438e+02	1.715414585973881549e+04	3.708817776202931782e+01
1.829342743352862044e+01	8.493199646123824209e+01	9.305366432692354692e+02	1.609571626074395681e+04	3.512760873546672258e+01
1.868110451069663469e+01	8.031594170975466795e+01	8.767400737989024719e+02	1.509996033969915879e+04	3.327106632533001118e+01
1.907699729903783492e+01	7.595101982156600684e+01	8.259970507533561204e+02	1.416382041742381807e+04	3.151387566588141809e+01
1.948127990714428748e+01	7.181921578408262974e+01	7.780837534336722001e+02	1.328279598217702369e+04	2.984898761038581938e+01
1.989413013334363711e+01	6.790899160615016683e+01	7.328551756914397401e+02	1.245392548879660353e+04	2.827190005769361392e+01
2.031572954389253738e+01	6.420954454404110834e+01	6.901767839527003616e+02	1.167449233150608052e+04	2.677838037921008407e+01
2.074626355282718393e+01	6.071098801779680798e+01	6.499231792035714079e+02	1.094192119789767639e+04	2.536450871186977096e+01
2.118592150350598402e+01	5.740440871973959958e+01	6.119831824666661078e+02	1.025395316858131991e+04	2.402683528452415018e+01
2.163489675188052530e+01	5.427560602203910634e+01	5.761824870470996984e+02	9.607133839631898809e+03	2.275977696657674088e+01
2.209338675153079734e+01	5.131590764115032499e+01	5.424119265313128153e+02	8.999242199875219740e+03	2.155993073537447202e+01
2.256159314050291798e+01	4.851690064016769810e+01	5.105678969994782506e+02	8.428209383610061195e+03	2.042399802881539728e+01
2.303972182998693796e+01	4.587081655184093876e+01	4.805529476132822992e+02	7.892054596252023657e+03	1.934891811951944618e+01
2.352798309487394945e+01	4.337088492345337443e+01	4.522827775268911523e+02	7.389081752814924585e+03	1.833203082710902265e+01
2.402659166623228870e+01	4.100700274696885117e+01	4.256338396424652046e+02	6.916853271777497866e+03	1.736936862075567589e+01
2.453576682574353285e+01	3.877184119811541052e+01	4.005154816009990668e+02	6.473559549615187279e+03	1.645804853403289769e+01
2.505573250213976877e+01	3.665885299565708522e+01	3.768471425995464301e+02	6.057601868445488435e+03	1.559548408413399656e+01
2.558671736968459953e+01	3.466185757971086900e+01	3.545518473290773045e+02	5.667435906560597687e+03	1.477921965770601886e+01
2.612895494874115698e+01	3.277506686803521774e+01	3.335588898298652794e+02	5.301668281741855935e+03	1.400698366881956858e+01
2.668268370847132687e+01	3.099349604624427457e+01	3.138055494959328939e+02	4.959030539557991688e+03	1.327681885543413820e+01
2.724814717171165412e+01	2.930957742856864101e+01	2.952009276685793111e+02	4.637767787881179174e+03	1.258573854293811323e+01
2.782559402207125743e+01	2.771833595735708045e+01	2.776835326971353197e+02	4.336661224312406375e+03	1.193176437982865146e+01
2.841527821329990999e+01	2.621495567524540249e+01	2.611945846058000029e+02	4.054555119566498888e+03	1.131300143982592310e+01
2.901745908097360527e+01	2.479486739722689137e+01	2.456783624245560134e+02	3.790359643728737865e+03	1.072765111288023121e+01
2.963240145654703639e+01	2.345376307727595133e+01	2.310817016108243820e+02	3.543024245322494608e+03	1.017402124651363948e+01
3.026037578382308624e+01	2.218777495755432483e+01	2.173577969149981470e+02	3.311638228559576874e+03	9.650590152617972706e+00
3.090165823789054755e+01	2.099259894976696117e+01	2.044539575708030839e+02	3.095173766338519272e+03	9.155632503666423005e+00
3.155653084658241525e+01	1.986388225386793493e+01	1.923177934693773068e+02	2.892625197211826617e+03	8.687417015216306382e+00
3.222528161450811979e+01	1.879810414347777581e+01	1.809063175227613840e+02	2.703157171607506825e+03	8.244558004475821988e+00
3.290820464971425707e+01	1.779191650871254637e+01	1.701790722979372106e+02	2.525988852199182929e+03	7.825740349064272294e+00
3.360560029302952501e+01	1.684213849621366066e+01	1.600975905464321727e+02	2.360379342894527781e+03	7.429695838388924223e+00
3.431777525015100849e+01	1.594574788581066827e+01	1.506253282144223249e+02	2.205625462004772544e+03	7.055226558122256186e+00
3.504504272652905428e+01	1.509987692708324047e+01	1.417278313127427793e+02	2.061069838944607454e+03	6.701204727241196757e+00
3.578772256511129513e+01	1.430180736419227472e+01	1.333720509455920364e+02	1.926076845582356555e+03	6.366556885559831791e+00
3.654614138700539883e+01	1.354897989922291579e+01	1.255273335176788123e+02	1.800065971312043985e+03	6.050258053322216334e+00
3.732063273512289925e+01	1.283898809338279001e+01	1.181645690840722978e+02	1.682481239014940002e+03	5.751350357035931005e+00
3.811153722086707774e+01	1.216925273074035907e+01	1.112532066671366238e+02	1.572750804463950544e+03	5.468811873125404510e+00
3.891920267392951160e+01	1.153757513519284572e+01	1.047669630334675759e+02	1.470379342551528907e+03	5.201778506055949158e+00
3.974398429526115706e+01	1.094188924526952356e+01	9.868113252964855064e+01	1.374902414994043284e+03	4.949431382385653500e+00
4.058624481328516254e+01	1.038023677100492392e+01	9.297235613697601764e+01	1.285883149532781772e+03	4.710982832595181691e+00
4.144635464342010778e+01	9.850763417164102975e+00	8.761849912250880834e+01	1.202908480802080703e+03	4.485690485529540084e+00
4.232469205098434628e+01	9.351712767438350227e+00	8.259879349550170957e+01	1.125593240057842877e+03	4.272865625847194870e+00
4.322164331755172384e+01	8.881422849525961283e+00	7.789353493787179161e+01	1.053572565418122394e+03	4.071851092250769355e+00
4.413760291083362119e+01	8.438321514124979217e+00	7.348422417268633922e+01	9.865063092731278402e+02	3.882022799113570954e+00
4.507297365816076251e+01	8.020922142005687761e+00	6.935322528788462648e+01	9.240701472597996826e+02	3.702780370294454837e+00
4.602816692364147144e+01	7.627819397798347723e+00	6.548400901492877324e+01	8.659626296361602726e+02	3.533564174426033322e+00
4.700360278907441369e+01	7.257685197569719193e+00	6.186098727175442491e+01	8.118998914586550200e+02	3.373851969225018621e+00
4.799971023869517950e+01	6.909263854696046536e+00	5.846951299472555519e+01	7.616169773680413755e+02	3.223147360749352597e+00
4.901692734783804895e+01	6.581369060057664200e+00	5.529570250730247949e+01	7.148636229807611926e+02	3.080972424113149533e+00
5.005570147559598126e+01	6.272879203079271271e+00	5.232643696245732912e+01	6.714041088203240406e+02	2.946875962713793484e+00
5.111648946156338980e+01	5.982761441928566626e+00	4.954978545652463140e+01	6.310258076554131321e+02	2.820452205911252452e+00
5.219975782674825382e+01	5.710187789377696888e+00	4.695587253270452521e+01	5.935492839925587987e+02	2.701374725566489943e+00
5.330598297874255564e+01	5.454160830997428100e+00	4.453332637123600080e+01	5.587751040934974753e+02	2.589245550002042595e+00
5.443565142123959077e+01	5.213766857456861636e+00	4.227149179853730487e+01	5.265148463189120775e+02	2.483693132606568543e+00
5.558925996799251124e+01	4.988150967400092561e+00	4.016063464944546979e+01	4.965990051616277583e+02	2.384378525194069898e+00
5.676731596130657209e+01	4.776505637592787679e+00	3.819146635124702271e+01	4.688654289913320667e+02	2.290982053459229562e+00
5.797033749516177181e+01	4.578064818822292992e+00	3.635526339350167291e+01	4.431634679947943596e+02	2.203198802285145863e+00
5.919885364306400533e+01	4.392349273364740903e+00	3.464634070915026598e+01	4.193917924484027822e+02	2.120840562856923572e+00
6.045340469072480261e+01	4.218870887657365287e+00	3.305886739832441634e+01	3.974467714981718700e+02	2.043712213876521133e+00
6.173454237367209174e+01	4.056800459414006355e+00	3.158367374038397202e+01	3.771747028116139404e+02	1.971481890791902947e+00
6.304283011989645757e+01	3.905466405207063563e+00	3.021320832506394893e+01	3.584482123251924577e+02	1.903881327195911410e+00
6.437884329763940627e+01	3.764704839758669763e+00	2.894518051657150082e+01	3.412226643440837393e+02	1.840854469936778148e+00
6.574316946843353549e+01	3.634067230917743530e+00	2.777440299895239306e+01	3.254090689556078360e+02	1.782223738382842759e+00
6.713640864550379206e+01	3.512760749608959898e+00	2.669223245174018189e+01	3.108661808288604220e+02	1.727665203204123978e+00
6.855917355764610477e+01	3.400867788142856174e+00	2.569895527747530650e+01	2.975907970285938973e+02	1.677225630879931151e+00
7.001208991869765441e+01	3.297856897592942538e+00	2.478866580128556762e+01	2.854851740902445272e+02	1.630694310947310877e+00
7.149579670271769771e+01	3.203314427231526818e+00	2.395666396996979941e+01	2.744709150788354464e+02	1.587907180434541266e+00
7.301094642500031284e+01	3.117336111825754319e+00	2.320334566979631674e+01	2.645466107012128418e+02	1.548916866613307297e+00
7.455820542904223203e+01	3.039330816333992935e+00	2.252229557419081019e+01	2.556089671379105539e+02	1.513484682483076771e+00
7.613825417959219521e+01	2.969485587184163666e+00	2.191485459030979399e+01	2.476713269760849983e+02	1.481703187880916373e+00
7.775178756191070306e+01	2.907504913458653917e+00	2.137755124318622890e+01	2.406750076671370664e+02	1.453458450489363951e+00
7.939951518737163383e+01	2.853251992102819212e+00	2.090847666801516169e+01	2.345845440960546000e+02	1.428704729255788841e+00
8.108216170554010205e+01	2.807096339153531961e+00	2.051073971701926268e+01	2.294393634836522722e+02	1.407613044202655095e+00
8.280046712286477373e+01	2.768764637554527841e+00	2.018107486603124912e+01	2.251838837349311291e+02	1.390080500872786562e+00
8.455518712812224180e+01	2.738421594108756185e+00	1.992051652040277432e+01	2.218260216780268195e+02	1.376191873122296627e+00
8.634709342475994731e+01	2.716357928788115661e+00	1.973131211142517571e+01	2.193913241050340446e+02	1.366086468826203992e+00
8.817697407028136070e+01	2.702906125052475073e+00	1.961608276547878660e+01	2.179103048369260307e+02	1.359922298840588795e+00
9.004563382282356088e+01	2.698468226481110843e+00	1.957809149643575708e+01	2.174223538405701390e+02	1.357888066008122507e+00
9.195389449507966617e+01	2.703567507330507880e+00	1.962174571855240401e+01	2.179830541100012340e+02	1.360225433285591645e+00
9.390259531572145590e+01	2.718900303706375254e+00	1.975310161917096963e+01	2.196715399871474119e+02	1.367251210494966784e+00
9.589259329848152902e+01	2.745333751255858434e+00	1.997983765709074788e+01	2.225900250878786437e+02	1.379356558784136544e+00
9.792476361905691817e+01	2.783888099218259971e+00	2.031107850729554798e+01	2.268611521660931487e+02	1.396999411169923100e+00
