# Data associated with arXiv:2208.14002
# 
# Scale-free velocity distribution, f(E), of a nfw1-7rhos4e5_truncated dark matter distribution (see Eq. 2.7 and the surrounding discussion)
# 
# Published: 8/25/22, Jack Runburg and Kenny Kiriu, contact: runburg@hawaii.edu
# 
# 
# -----------------------------------------------------------------
# 
# 	 tilde E 		 | 		 tilde f
# 
# -----------------------------------------------------------------
8.108585280692699737e-02	1.003235026119996834e+10
8.149460876069498927e-02	9.671839355629203796e+09
8.190542501462778902e-02	9.317441387377367020e+09
8.231831195717938254e-02	8.970675902451063156e+09
8.273328002908959811e-02	8.637404227866456985e+09
8.315033972364767323e-02	8.311121847287099838e+09
8.356950158695972131e-02	7.996964067843729973e+09
8.399077621820841277e-02	7.694486943529903412e+09
8.441417426992926798e-02	7.403260686285345078e+09
8.483970644828128793e-02	7.122872959966207504e+09
8.526738351330155619e-02	6.852926203225917816e+09
8.569721627919969775e-02	6.593037597964270592e+09
8.612921561461475695e-02	6.342837438199172020e+09
8.656339244289036616e-02	6.101969099303209305e+09
8.699975774236447246e-02	5.870089958323467255e+09
8.743832254663277959e-02	5.646869591509434700e+09
8.787909794482876014e-02	5.431989275495892525e+09
8.832209508191003755e-02	5.225141610320925713e+09
8.876732515894010522e-02	5.026031120541969299e+09
8.921479943336292628e-02	4.834373048567909241e+09
8.966452921929538022e-02	4.649892231989065170e+09
9.011652588780295903e-02	4.472323931380636215e+09
9.057080086720321888e-02	4.301413393407092094e+09
9.102736564333797908e-02	4.136914763631838799e+09
9.148623175987120881e-02	3.978591371492271900e+09
9.194741081858051612e-02	3.826215146980145454e+09
9.241091447964168426e-02	3.679565779324155331e+09
9.287675446193917328e-02	3.538431637843475342e+09
9.334494254334531338e-02	3.402608988223769188e+09
9.381549056102758688e-02	3.271900975195320129e+09
9.428841041173709192e-02	3.146117946637676239e+09
9.476371405212487276e-02	3.025077638310849667e+09
9.524141349902917608e-02	2.908604324606244087e+09
9.572152082977798682e-02	2.796528443503090382e+09
9.620404818251013235e-02	2.688686672230464458e+09
9.668900775645841716e-02	2.584921770143531322e+09
9.717641181227355818e-02	2.485082456724637508e+09
9.766627267233282672e-02	2.389022737082631588e+09
9.815860272103500705e-02	2.296601842467381954e+09
9.865341440513465676e-02	2.207684484248490334e+09
9.915072023403810608e-02	2.122140287255028963e+09
9.965053278012699078e-02	2.039843494728268385e+09
1.001528646790728755e-01	1.960672957654101133e+09
1.006577286301576779e-01	1.884512095162130833e+09
1.011651373965850725e-01	1.811248709258223534e+09
1.016751038058198719e-01	1.740774515208878040e+09
1.021876407498870792e-01	1.672985187408911705e+09
1.027027611857200401e-01	1.607780444299996138e+09
1.032204781354697093e-01	1.545063597908823013e+09
1.037408046868415201e-01	1.484741475799789190e+09
1.042637539934157115e-01	1.426724406959126234e+09
1.047893392749938007e-01	1.370925958313047409e+09
1.053175738179159132e-01	1.317262926358647346e+09
1.058484709754026892e-01	1.265655195118434906e+09
1.063820441678896139e-01	1.216025558020887613e+09
1.069183068833650802e-01	1.168299711248745441e+09
1.074572726777090065e-01	1.122406078213184595e+09
1.079989551750360766e-01	1.078275683956753254e+09
1.085433680680313040e-01	1.035842124281101465e+09
1.090905251183028751e-01	9.950414875791550875e+08
1.096404401567278725e-01	9.558122474021161795e+08
1.101931270837918780e-01	9.180951031916027069e+08
1.107485998699450774e-01	8.818329350998822451e+08
1.113068725559513000e-01	8.469707796052644253e+08
1.118679592532430267e-01	8.134557337034513950e+08
1.124318741442674324e-01	7.812368271709035635e+08
1.129986314828589494e-01	7.502649656780230999e+08
1.135682455945829228e-01	7.204929165380102396e+08
1.141407308770951562e-01	6.918751962017825842e+08
1.147161018005181804e-01	6.643679928575016260e+08
1.152943729077882812e-01	6.379291380189195871e+08
1.158755588150289367e-01	6.125180435863690376e+08
1.164596742119171358e-01	5.880956232735110521e+08
1.170467338620447412e-01	5.646242498327271938e+08
1.176367526033045424e-01	5.420677095267168283e+08
1.182297453482464428e-01	5.203911251381776929e+08
1.188257270844599450e-01	4.995609314942052960e+08
1.194247128749480052e-01	4.795448198075084090e+08
1.200267178585053413e-01	4.603116865396048427e+08
1.206317572500973517e-01	4.418315953182513118e+08
1.212398463412437677e-01	4.240757348671558499e+08
1.218510005003937274e-01	4.070163638060345650e+08
1.224652351733266503e-01	3.906267797045108676e+08
1.230825658835237452e-01	3.748812997848396897e+08
1.237030082325645403e-01	3.597552003639368415e+08
1.243265779005164468e-01	3.452246699671734571e+08
1.249532906463269449e-01	3.312668100849029422e+08
1.255831623082204473e-01	3.178595821626604199e+08
1.262162088040878205e-01	3.049817745340990424e+08
1.268524461318930874e-01	2.926129723428822756e+08
1.274918903700754391e-01	2.807335298886327147e+08
1.281345576779369944e-01	2.693245556964209676e+08
1.287804642960616863e-01	2.583678597809053063e+08
1.294296265467209384e-01	2.478459416039785147e+08
1.300820608342681817e-01	2.377419654710413516e+08
1.307377836455644593e-01	2.280397322191398144e+08
1.313968115503823808e-01	2.187236555403823256e+08
1.320591612018227334e-01	2.097787414815273881e+08
1.327248493367292614e-01	2.011905626541212499e+08
1.333938927761079418e-01	1.929452409149959385e+08
1.340663084255462600e-01	1.850294289625611901e+08
1.347421132756358719e-01	1.774302812954317629e+08
1.354213244023965423e-01	1.701354438370884359e+08
1.361039589677021933e-01	1.631330355322504938e+08
1.367900342197093944e-01	1.564116257918942869e+08
1.374795674932874079e-01	1.499602193702132106e+08
1.381725762104507316e-01	1.437682433890056014e+08
1.388690778807933068e-01	1.378255279157521129e+08
1.395690901019251695e-01	1.321222919990493655e+08
1.402726305599110435e-01	1.266491295330800265e+08
1.409797170297105440e-01	1.213969944310309887e+08
1.416903673756216564e-01	1.163571884852735549e+08
1.424045995517249363e-01	1.115213463118063360e+08
1.431224316023310406e-01	1.068814242193216383e+08
1.438438816624291461e-01	1.024296892063990980e+08
1.445689679581389220e-01	9.815870412368178368e+07
1.452977088071636114e-01	9.406131921528555453e+07
1.460301226192450563e-01	9.013066013383680582e+07
1.467662278966223866e-01	8.636011836338856816e+07
1.475060432344907080e-01	8.274334011771255732e+07
1.482495873214641768e-01	7.927421757577803731e+07
1.489968789400392957e-01	7.594687942132964730e+07
1.497479369670618177e-01	7.275568189489914477e+07
1.505027803741953718e-01	6.969519977546139061e+07
1.512614282283915312e-01	6.676021885816843063e+07
1.520238996923637675e-01	6.394572678651076555e+07
1.527902140250616825e-01	6.124690696896601468e+07
1.535603905821494031e-01	5.865913031659171730e+07
1.543344488164840878e-01	5.617794780245776474e+07
1.551124082785989844e-01	5.379908376672010869e+07
1.558942886171868769e-01	5.151842998510278761e+07
1.566801095795862520e-01	4.933203849079324305e+07
1.574698910122707962e-01	4.723611596006426215e+07
1.582636528613393934e-01	4.522701775228884816e+07
1.590614151730101733e-01	4.330124223049744964e+07
1.598631980941151165e-01	4.145542454203361273e+07
1.606690218725986552e-01	3.968633253145031631e+07
1.614789068580169407e-01	3.799086146695271879e+07
1.622928735020409963e-01	3.636602857634788007e+07
1.631109423589608698e-01	3.480896851518234611e+07
1.639331340861926167e-01	3.331692905165611207e+07
1.647594694447881702e-01	3.188726683130617067e+07
1.655899692999460993e-01	3.051744306058139354e+07
1.664246546215266409e-01	2.920501931120432913e+07
1.672635464845670661e-01	2.794765390518121794e+07
1.681066660698011528e-01	2.674309814540767297e+07
1.689540346641796587e-01	2.558919246107124537e+07
1.698056736613940132e-01	2.448386319091645256e+07
1.706616045624022859e-01	2.342511943190669641e+07
1.715218489759567089e-01	2.241104945623097569e+07
1.723864286191349182e-01	2.143981784245891124e+07
1.732553653178724729e-01	2.050966263414062187e+07
1.741286810074983149e-01	1.961889213435043767e+07
1.750063977332724507e-01	1.876588248942982778e+07
1.758885376509259635e-01	1.794907497646516189e+07
1.767751230272039675e-01	1.716697338357862458e+07
1.776661762404098954e-01	1.641814161104215868e+07
1.785617197809535595e-01	1.570120137339101918e+07
1.794617762519004900e-01	1.501482983813690394e+07
1.803663683695242714e-01	1.435775755568446591e+07
1.812755189638613762e-01	1.372876636885965057e+07
1.821892509792679971e-01	1.312668727223635465e+07
1.831075874749799881e-01	1.255039863070884161e+07
1.840305516256743046e-01	1.199882425733616948e+07
1.849581667220341619e-01	1.147093156578907743e+07
1.858904561713151382e-01	1.096572995360686630e+07
1.868274434979154408e-01	1.048226915780162252e+07
1.877691523439470045e-01	1.001963747710356116e+07
1.887156064698101432e-01	9.576960461475819349e+06
1.896668297547705329e-01	9.153399395423557609e+06
1.906228461975378596e-01	8.748149724735429510e+06
1.915836799168482429e-01	8.360439927920147777e+06
1.925493551520478241e-01	7.989529997487783432e+06
1.935198962636801301e-01	7.634710340653833002e+06
1.944953277340747688e-01	7.295300491570303217e+06
1.954756741679378462e-01	6.970647961451668292e+06
1.964609602929519305e-01	6.660127142756000161e+06
1.974512109603637489e-01	6.363138205479639582e+06
1.984464511455899249e-01	6.079106079931968823e+06
1.994467059488161109e-01	5.807479472006178461e+06
2.004520005956020590e-01	5.547729909591022879e+06
2.014623604374878030e-01	5.299350790358327329e+06
2.024778109526027825e-01	5.061856544896125793e+06
2.034983777462777421e-01	4.834781782508488744e+06
2.045240865516586848e-01	4.617680456265090965e+06
2.055549632303237118e-01	4.410125113738884218e+06
2.065910337729017499e-01	4.211706101088679396e+06
2.076323242996947205e-01	4.022030888741118833e+06
2.086788610613013184e-01	3.840723348700931761e+06
2.097306704392437882e-01	3.667423106568046845e+06
2.107877789465969209e-01	3.501784881574193481e+06
2.118502132286197159e-01	3.343477887952057645e+06
2.129180000633898173e-01	3.192185243494119029e+06
2.139911663624393390e-01	3.047603396021745168e+06
2.150697391713947415e-01	2.909441579577778932e+06
2.161537456706179305e-01	2.777421292808859143e+06
2.172432131758502971e-01	2.651275808159183245e+06
2.183381691388593671e-01	2.530749668685344979e+06
2.194386411480876709e-01	2.415598235092801973e+06
2.205446569293043335e-01	2.305587242745106108e+06
2.216562443462584964e-01	2.200492376678240951e+06
2.227734314013362915e-01	2.100098854916828685e+06
2.238962462362190931e-01	2.004201033838210860e+06
2.250247171325449880e-01	1.912602039034827612e+06
2.261588725125724120e-01	1.825113394967258675e+06
2.272987409398459502e-01	1.741554680286598159e+06
2.284443511198654686e-01	1.661753191458982881e+06
2.295957319007560227e-01	1.585543630740214139e+06
2.307529122739421512e-01	1.512767766712765442e+06
2.319159213748228920e-01	1.443274194940329762e+06
2.330847884834500172e-01	1.376918002858189866e+06
2.342595430252085997e-01	1.313560520889561391e+06
2.354402145714994676e-01	1.253069053479436086e+06
2.366268328404249888e-01	1.195316650310394121e+06
2.378194276974753552e-01	1.140181822052743984e+06
2.390180291562198078e-01	1.087548353110183263e+06
2.402226673789976397e-01	1.037305059574353974e+06
2.414333726776128619e-01	9.893455824596864404e+05
2.426501755140310912e-01	9.435681804536071140e+05
2.438731065010781573e-01	8.998755379398808582e+05
2.451021964031417644e-01	8.581745768203914631e+05
2.463374761368738730e-01	8.183762774823947111e+05
2.475789767718976908e-01	7.803955068006009096e+05
2.488267295315142735e-01	7.441508517682042439e+05
2.500807657934130401e-01	7.095644621621373808e+05
2.513411170903841474e-01	6.765618994397736387e+05
2.526078151110321968e-01	6.450719898038998945e+05
2.538808917004908294e-01	6.150266865157977445e+05
2.551603788611494505e-01	5.863609346597201657e+05
2.564463087533616625e-01	5.590125433803037740e+05
2.577387136961754588e-01	5.329220638207327574e+05
2.590376261680564229e-01	5.080326707103094668e+05
2.603430788076139812e-01	4.842900499880330171e+05
2.616551044143300420e-01	4.616422901193381404e+05
2.629737359492899107e-01	4.400397791444167960e+05
2.642990065359139273e-01	4.194351052725305199e+05
2.656309494606928223e-01	3.997829612670156057e+05
2.669695981739227952e-01	3.810400543797520804e+05
2.683149862904445904e-01	3.631650181938214810e+05
2.696671475903825721e-01	3.461183289825899992e+05
2.710261160198865205e-01	3.298622265485876705e+05
2.723919256918752030e-01	3.143606366960685118e+05
2.737646108867807238e-01	2.995790978804967017e+05
2.751442060532959810e-01	2.854846908392392215e+05
2.765307458091220694e-01	2.720459726530183689e+05
2.779242649417189570e-01	2.592329090773988864e+05
2.793247984090562186e-01	2.470168157000388019e+05
2.807323813403660995e-01	2.353702978189700225e+05
2.821470490368982453e-01	2.242671933813207725e+05
2.835688369726745428e-01	2.136825193956330477e+05
2.849977807952474018e-01	2.035924199528918252e+05
2.864339163264568722e-01	1.939741160539163975e+05
2.878772795631915904e-01	1.848058588063681964e+05
2.893279066781488940e-01	1.760668833435263659e+05
2.907858340205970449e-01	1.677373656118412910e+05
2.922510981171386746e-01	1.597983806016973685e+05
2.937237356724747839e-01	1.522318624357968220e+05
2.952037835701704638e-01	1.450205663651828072e+05
2.966912788734202278e-01	1.381480321125699556e+05
2.981862588258164526e-01	1.315985490526391950e+05
2.996887608521160984e-01	1.253571226812968089e+05
3.011988225590100932e-01	1.194094428709495551e+05
3.027164817358926618e-01	1.137418531872228923e+05
3.042417763556313215e-01	1.083413214512672712e+05
3.057747445753380422e-01	1.031954121060272155e+05
3.073154247371390757e-01	9.829225967177383427e+04
3.088638553689483923e-01	9.362054216287912277e+04
3.104200751852381757e-01	8.916945794913095597e+04
3.119841230877976046e-01	8.492870133220084244e+04
3.135560381665577490e-01	8.088844086474188953e+04
3.151358597002901774e-01	7.703929758253115870e+04
3.167236271574263573e-01	7.337232470911878045e+04
3.183193801968185466e-01	6.987898830236047797e+04
3.199231586685130080e-01	6.655114813195270835e+04
3.215350026145220030e-01	6.338104021010034921e+04
3.231549522695956189e-01	6.036125976496038493e+04
3.247830480619935956e-01	5.748474464213921601e+04
3.264193306142560980e-01	5.474475996436228161e+04
3.280638407439744886e-01	5.213488314748519042e+04
3.297166194645613224e-01	4.964898986122431961e+04
3.313777079860187880e-01	4.728123972890576988e+04
3.330471477157073701e-01	4.502606469178460975e+04
3.347249802591127366e-01	4.287815525962234824e+04
3.364112474206117920e-01	4.083244937523991393e+04
3.381059912042377325e-01	3.888412088615581160e+04
3.398092538144428798e-01	3.702856881281780079e+04
3.415210776568615159e-01	3.526140693069600093e+04
3.432415053390696635e-01	3.357845397697429144e+04
3.449705796713438688e-01	3.197572420018049888e+04
3.467083436674183727e-01	3.044941836914138548e+04
3.484548405452396191e-01	2.899591516799720557e+04
3.502101137277192078e-01	2.761176302358043540e+04
3.519742068434846272e-01	2.629367224818191607e+04
3.537471637276265457e-01	2.503850755212357035e+04
3.555290284224459918e-01	2.384328094074894761e+04
3.573198451781957052e-01	2.270514486532330557e+04
3.591196584538210446e-01	2.162138572442125951e+04
3.609285129176966200e-01	2.058941765838716674e+04
3.627464534483608172e-01	1.960677662083252653e+04
3.645735251352461015e-01	1.867111472168574983e+04
3.664097732794056039e-01	1.778019479868920826e+04
3.682552433942378189e-01	1.693188532745551129e+04
3.701099812062053074e-01	1.612415542123333216e+04
3.719740326555502352e-01	1.535507021826125492e+04
3.738474438970062486e-01	1.462278633011007514e+04
3.757302613006276437e-01	1.392554762096777267e+04
3.776225314520413323e-01	1.326168111473345016e+04
3.795243011537764444e-01	1.262959309723281331e+04
3.814356174255633114e-01	1.202776542469201013e+04
3.833565275051111221e-01	1.145475193821748144e+04
3.852870788488091947e-01	1.090917515779015957e+04
3.872273191324085984e-01	1.038972300277810064e+04
3.891772962517451862e-01	9.895145739788607898e+03
3.911370583237108733e-01	9.424253054394122955e+03
3.931066536911219100e-01	8.975911281039678215e+03
3.950861308817044670e-01	8.549040677142660570e+03
3.970755387282281501e-01	8.142612898739270349e+03
3.990749262076465631e-01	7.755648641987605515e+03
4.010843425530236650e-01	7.387215282173988271e+03
4.031038372187926155e-01	7.036424634695666100e+03
4.051334598841991874e-01	6.702430918116689099e+03
4.071732604541529188e-01	6.384428715246341199e+03
4.092232890598752615e-01	6.081651076062320499e+03
4.112835960595038198e-01	5.793367688664494381e+03
4.133542320398770897e-01	5.518883154128277965e+03
4.154352478122839698e-01	5.257535323722960129e+03
4.175266944203194774e-01	5.008693721822932275e+03
4.196286231355307872e-01	4.771758046196967371e+03
4.217410854592003600e-01	4.546156734622816657e+03
4.238641331228759079e-01	4.331345600233787991e+03
4.259978180888922550e-01	4.126806522019239310e+03
4.281421925508788195e-01	3.932046218177857099e+03
4.302973089342576052e-01	3.746595053319977978e+03
4.324632198967289787e-01	3.570005917910761127e+03
4.346399783287442919e-01	3.401853147711267411e+03
4.368276373539661805e-01	3.241731508489531279e+03
4.390262503297161500e-01	3.089255221050221280e+03
4.412358708474083957e-01	2.944057026610710636e+03
4.434565527329690782e-01	2.805787310130028345e+03
4.456883500472427206e-01	2.674113249692881709e+03
4.479313170863826188e-01	2.548718018884196226e+03
4.501855083822266512e-01	2.429300021292945075e+03
4.524509787026573804e-01	2.315572157221588441e+03
4.547277830519452224e-01	2.207261138550977194e+03
4.570159766712286742e-01	2.104106817546455659e+03
4.593156150382824987e-01	2.005861563645254137e+03
4.616267538685658867e-01	1.912289661274350465e+03
4.639494491150386035e-01	1.823166736165915836e+03
4.662837569686493211e-01	1.738279211039689699e+03
4.686297338592292361e-01	1.657423815429853221e+03
4.709874364416805625e-01	1.580407024010625037e+03
4.733569216489995624e-01	1.507044655682087523e+03
4.757382466045461666e-01	1.437161396570372744e+03
4.781314686948894832e-01	1.370590375037698777e+03
4.805366455451273722e-01	1.307172753101133367e+03
4.829538350154052861e-01	1.246757347839102977e+03
4.853830952042306190e-01	1.189200257935555555e+03
4.878244844550530535e-01	1.134364514282803839e+03
4.902780613428471268e-01	1.082119746940468303e+03
4.927438846901871505e-01	1.032341864915856831e+03
4.952220135501850251e-01	9.849127591786447056e+02
4.977125072218147595e-01	9.397200081253445205e+02
5.002154252439309223e-01	8.966566066749553556e+02
5.027308273864097288e-01	8.556207060888078786e+02
5.052587736692134568e-01	8.165153634206416200e+02
5.077993243391020206e-01	7.792483030505221677e+02
5.103525398907643451e-01	7.437317008293880463e+02
5.129184810574377584e-01	7.098819511938752385e+02
5.154972088017318876e-01	6.776194878307705949e+02
5.180887843327707243e-01	6.468685680515341119e+02
5.206932690978055556e-01	6.175570972013310893e+02
5.233107247721451305e-01	5.896164536500982649e+02
5.259412132770481252e-01	5.629813161080194277e+02
5.285847967706335249e-01	5.375895080543522226e+02
5.312415376378001319e-01	5.133818461944938463e+02
5.339114985081797604e-01	4.903019924059045138e+02
5.365947422467524097e-01	4.682963194863252738e+02
5.392913319438632502e-01	4.473137793042940871e+02
5.420013309328090001e-01	4.273057776157170906e+02
5.447248027803778259e-01	4.082260559282017880e+02
5.474618112771753031e-01	3.900305794162483153e+02
5.502124204543544783e-01	3.726774277271086362e+02
5.529766945744195583e-01	3.561266943366781561e+02
5.557546981218393078e-01	3.403403889311708781e+02
5.585464958188007811e-01	3.252823442116167598e+02
5.613521526170655029e-01	3.109181287360292458e+02
5.641717336747534839e-01	2.972149621248601647e+02
5.670053044308245305e-01	2.841416361922915712e+02
5.698529304805665108e-01	2.716684382115508924e+02
5.727146776891095525e-01	2.597670795074859598e+02
5.755906121306495482e-01	2.484106259400472254e+02
5.784808001047317960e-01	2.375734324091142469e+02
5.813853081303502757e-01	2.272310815173752587e+02
5.843042029471942067e-01	2.173603235183608717e+02
5.872375515128270829e-01	2.079390203863034969e+02
5.901854209982981825e-01	1.989460917688943766e+02
5.931478787982874534e-01	1.903614641355859476e+02
5.961249925108048631e-01	1.821660222315219073e+02
5.991168299573862432e-01	1.743415629506372397e+02
6.021234591576107853e-01	1.668707510904274045e+02
6.051449483530408902e-01	1.597370776021183190e+02
6.081813659786238224e-01	1.529248199062499509e+02
6.112327806884684245e-01	1.464190038417169148e+02
6.142992613250745082e-01	1.402053676438133039e+02
6.173808769429743881e-01	1.342703275725768606e+02
6.204776967969097834e-01	1.286009452408997333e+02
6.235897903252990426e-01	1.231848969641788472e+02
6.267172271737599942e-01	1.180104435208542668e+02
6.298600771809778065e-01	1.130664024201656019e+02
6.330184103614421298e-01	1.083421211761501581e+02
6.361922969306001985e-01	1.038274515727206335e+02
6.393818072893849846e-01	9.951272560700414260e+01
6.425870120062536772e-01	9.538873251873140191e+01
6.458079818431959884e-01	9.144669651764949947e+01
6.490447877393522580e-01	8.767825619812023774e+01
6.522975007927305224e-01	8.407544459460002884e+01
6.555661922862280333e-01	8.063067010544814650e+01
6.588509336707483177e-01	7.733669867393138020e+01
6.621517965469573275e-01	7.418663668476760620e+01
6.654688526905728763e-01	7.117391440940573943e+01
6.688021740352509958e-01	6.829227085792150831e+01
6.721518326547761824e-01	6.553573874784397901e+01
6.755179007869044350e-01	6.289863054557164190e+01
6.789004508163936080e-01	6.037552518109059463e+01
6.822995552577713063e-01	5.796125485481881157e+01
6.857152867808585794e-01	5.565089400051229518e+01
6.891477181760039539e-01	5.343974657131115436e+01
6.925969223742176606e-01	5.132333574450641578e+01
6.960629724332638713e-01	4.929739320481780851e+01
6.995459415230992350e-01	4.735784970650598780e+01
7.030459029433604456e-01	4.550082472880479401e+01
7.065629300979899829e-01	4.372261832545002846e+01
7.100970965015862557e-01	4.201970216445943151e+01
7.136484757733293494e-01	4.038871143838637323e+01
7.172171416297317137e-01	3.882643707377843612e+01
7.208031678799355912e-01	3.732981846371663437e+01
7.244066284173047432e-01	3.589593629894744709e+01
7.280275972266044837e-01	3.452200596986910597e+01
7.316661483604364191e-01	3.320537108189127906e+01
7.353223559410219101e-01	3.194349762249762037e+01
7.389962941624719228e-01	3.073396791389433957e+01
7.426880372790384266e-01	2.957447531987599376e+01
7.463976595844002970e-01	2.846281888791510184e+01
7.501252354357806906e-01	2.739689847263295519e+01
7.538708392122065449e-01	2.637470990884234823e+01
7.576345453388980689e-01	2.539434054604616620e+01
7.614164282681898932e-01	2.445396493620945222e+01
7.652165624559886803e-01	2.355184076664361470e+01
7.690350223848728684e-01	2.268630489582826826e+01
7.728718825427610684e-01	2.185576973611758689e+01
7.767272173977725069e-01	2.105871961172179141e+01
7.806011014231033496e-01	2.029370750365620069e+01
7.844936090738546808e-01	1.955935182456417465e+01
7.884048147608506696e-01	1.885433329849267636e+01
7.923347928761782510e-01	1.817739209895489338e+01
7.962836177686795081e-01	1.752732511629911016e+01
8.002513637171990712e-01	1.690298326193637379e+01
8.042381049557637551e-01	1.630326899558773235e+01
8.082439156481929787e-01	1.572713392526351939e+01
8.122688698612013924e-01	1.517357654113157395e+01
8.163130415883005364e-01	1.464164003173469375e+01
8.203765047239262032e-01	1.413041021141676623e+01
8.244593330367467887e-01	1.363901359184957585e+01
8.285616001915019346e-01	1.316661544785947235e+01
8.326833797230035472e-01	1.271241808690270148e+01
8.368247450098775797e-01	1.227565910168109120e+01
8.409857692936886231e-01	1.185560980287321087e+01
8.451665256533048565e-01	1.145157360729413298e+01
8.493670869788546574e-01	1.106288463604357020e+01
8.535875259920726599e-01	1.068890624030687775e+01
8.578279152007564079e-01	1.032902972750699178e+01
8.620883269166139673e-01	9.982673050481578159e+00
8.663688332180943252e-01	9.649279614983129250e+00
8.706695059535445314e-01	9.328317093244212543e+00
8.749904167211083328e-01	9.019276360985207575e+00
8.793316368586848730e-01	8.721670409298921456e+00
8.836932374280167535e-01	8.435033372363596627e+00
8.880752891983214603e-01	8.158919554209745684e+00
8.924778626455364128e-01	7.892902517501413584e+00
8.969010279146752973e-01	7.636574232486570857e+00
9.013448548331108867e-01	7.389544236104847563e+00
9.058094128651824617e-01	7.151438839913786261e+00
9.102947711294581135e-01	6.921900389824752864e+00
9.148009983486288244e-01	6.700586538431428707e+00
9.193281628696873264e-01	6.487169569121223667e+00
9.238763326103965889e-01	6.281335743271241334e+00
9.284455750756691605e-01	6.082784655514556604e+00
9.330359573277356988e-01	5.891228683325153703e+00
9.376475459514816979e-01	5.706392391956855548e+00
9.422804070690117273e-01	5.528011991872238795e+00
9.469346063069025154e-01	5.355834832356329400e+00
9.516102087595325054e-01	5.189618911938433499e+00
9.563072790049326199e-01	5.029132412787605588e+00
9.610258810697640541e-01	4.874153241073817533e+00
9.657660783910430036e-01	4.724468611654619288e+00
9.705279338321444182e-01	4.579874628032493789e+00
9.753115096460640565e-01	4.440175906962197772e+00
9.801168674359330701e-01	4.305185204204487803e+00
9.849440681703195422e-01	4.174723053182367138e+00
9.897931721448899323e-01	4.048617447123055157e+00
9.946642389425882635e-01	3.926703471522650979e+00
9.995573274468493308e-01	3.808823051654519620e+00
1.004472495802477994e+00	3.694824622882635357e+00
1.009409801375442894e+00	3.584562858758371551e+00
1.014369300763547921e+00	3.477898407088868549e+00
1.019351049756673566e+00	3.374697622889450965e+00
1.024355103296555658e+00	3.274832339651275959e+00
1.029381515484220078e+00	3.178179620802859429e+00
1.034430339539879729e+00	3.084621541459482419e+00
1.039501627762917213e+00	2.994044976434279803e+00
1.044595431539722785e+00	2.906341392148736880e+00
1.049711801282624535e+00	2.821406666315511291e+00
1.054850786435092225e+00	2.739140876706168903e+00
1.060012435419053656e+00	2.659448137374426313e+00
1.065196795624346882e+00	2.582236431400825705e+00
1.070403913373799698e+00	2.507417447246411690e+00
1.075633833898474112e+00	2.434906397117789556e+00
1.080886601306738637e+00	2.364621935464507274e+00
1.086162258552994864e+00	2.296485924505310194e+00
1.091460847421733771e+00	2.230423360101508656e+00
1.096782408474247905e+00	2.166362236811023578e+00
1.102126981046859910e+00	2.104233401870563291e+00
1.107494603189493665e+00	2.043970440311339676e+00
1.112885311667595856e+00	1.985509577965084871e+00
1.118299141895726656e+00	1.928789545870951860e+00
1.123736127942083884e+00	1.873751503622814507e+00
1.129196302458514101e+00	1.820338911581966590e+00
1.134679696680902961e+00	1.768497452893094568e+00
1.140186340382870034e+00	1.718174931793170712e+00
1.145716261824501370e+00	1.669321192167470436e+00
1.151269487750530285e+00	1.621888027993854786e+00
1.156846043340904240e+00	1.575829097287594127e+00
1.162445952157110884e+00	1.531099860904142185e+00
1.168069236141471512e+00	1.487657492322109309e+00
1.173715915565111123e+00	1.445460802474606288e+00
1.179386008972342248e+00	1.404470195551976719e+00
1.185079533180206646e+00	1.364647570731648329e+00
1.190796503224180736e+00	1.325956283545267844e+00
1.196536932301574430e+00	1.288361075376856624e+00
1.202300831769772316e+00	1.251828015430632712e+00
1.208088211090575292e+00	1.216324448328128360e+00
1.213899077773058055e+00	1.181818934649945474e+00
1.219733437369598494e+00	1.148281205636649371e+00
1.225591293419480809e+00	1.115682108679163065e+00
1.231472647391281816e+00	1.083993568477129799e+00
1.237377498676504928e+00	1.053188526208750586e+00
1.243305844532500037e+00	1.023240913488987935e+00
1.249257680024996153e+00	9.941255997186442261e-01
1.255232998018557922e+00	9.658183536375032352e-01
1.261231789119388269e+00	9.382958069836158099e-01
1.267254041618218086e+00	9.115354168663797330e-01
1.273299741481413561e+00	8.855154259314353959e-01
1.279368872273079161e+00	8.602148494728771855e-01
1.285461415143650310e+00	8.356133956347597813e-01
1.291577348760620358e+00	8.116914920730324834e-01
1.297716649280732604e+00	7.884302164664992452e-01
1.303879290303801008e+00	7.658112822513465368e-01
1.310065242821921050e+00	7.438170102449194188e-01
1.316274475179768144e+00	7.224302987302539947e-01
1.322506953037924760e+00	7.016346053058725163e-01
1.328762639312245808e+00	6.814139160632570746e-01
1.335041494135647211e+00	6.617527263654112701e-01
1.341343474826898863e+00	6.426360230168554066e-01
1.347668535816780588e+00	6.240492388246741129e-01
1.354016628636966590e+00	6.059782822036835492e-01
1.360387701838491115e+00	5.884094686670644503e-01
1.366781700978814573e+00	5.713295301884331323e-01
1.373198568563706923e+00	5.547255801114331364e-01
1.379638243983404511e+00	5.385851233596008480e-01
1.386100663506229846e+00	5.228960113321764469e-01
1.392585760188512323e+00	5.076464474066187949e-01
1.399093463867700171e+00	4.928249607317491399e-01
1.405623701101545775e+00	4.784204019244713835e-01
1.412176395104042248e+00	4.644219247017762342e-01
1.418751465735727857e+00	4.508189747558836169e-01
1.425348829439690768e+00	4.376012818272708715e-01
1.431968399179754714e+00	4.247588456671457791e-01
1.438610084435036018e+00	4.122819187121463669e-01
1.445273791128266261e+00	4.001610092144864961e-01
1.451959421576237919e+00	3.883868763613601560e-01
1.458666874466900687e+00	3.769504995081129906e-01
1.465396044808954024e+00	3.658430864784839032e-01
1.472146823884524780e+00	3.550560625115152802e-01
1.478919099189913267e+00	3.445810626779998165e-01
1.485712754434964644e+00	3.344099240733778844e-01
1.492527669467507367e+00	3.245346808606885958e-01
1.499363720231059682e+00	3.149475572316746130e-01
1.506220778745669175e+00	3.056409616950722663e-01
1.513098713059187972e+00	2.966074818894380849e-01
1.519997387190796134e+00	2.878398792347145463e-01
1.526916661123393970e+00	2.793310839520056210e-01
1.533856390720865548e+00	2.710741916463754730e-01
1.540816427750351991e+00	2.630624573489588336e-01
1.547796619788210704e+00	2.552892922351873151e-01
1.554796810218427305e+00	2.477482599012780229e-01
1.561816838178777367e+00	2.404330718735699091e-01
1.568856538551854030e+00	2.333375858010772741e-01
1.575915741893038957e+00	2.264558003228240579e-01
1.582994274444117888e+00	2.197818528819447392e-01
1.590091958063125421e+00	2.133100167398402913e-01
1.597208610208572299e+00	2.070346977275172029e-01
1.604344043927055319e+00	2.009504327149680136e-01
1.611498067797006550e+00	1.950518825639061538e-01
1.618670485917568902e+00	1.893338383416897086e-01
1.625861097889743423e+00	1.837912100365723944e-01
1.633069698778631507e+00	1.784190287743955272e-01
1.640296079096812409e+00	1.732124435488092695e-01
1.647540024791434909e+00	1.681667191483162960e-01
1.654801317213249856e+00	1.632772341345315181e-01
1.662079733085396471e+00	1.585394783688401366e-01
1.669375044537374952e+00	1.539490514311090408e-01
1.676687019044010185e+00	1.495016603653607778e-01
1.684015419401295288e+00	1.451931179164280272e-01
1.691360003781832821e+00	1.410193405258955146e-01
1.698720525663568237e+00	1.369763464989496582e-01
1.706096733821845124e+00	1.330602543822307082e-01
1.713488372380510771e+00	1.292672803624848599e-01
1.720895180758365228e+00	1.255937374927185157e-01
1.728316893657383613e+00	1.220360340510195790e-01
1.735753241117516943e+00	1.185906693688466157e-01
1.743203948482354271e+00	1.152542359402596167e-01
1.750668736376292278e+00	1.120234100933960447e-01
1.758147320784416712e+00	1.088949691912289991e-01
1.765639412999743918e+00	1.058657635743523312e-01
1.773144719648009016e+00	1.029327321167640835e-01
1.780662942719469566e+00	1.000928963461141241e-01
1.788193779571018105e+00	9.734335870558719073e-02
1.795736922925490697e+00	9.468130090098433871e-02
1.803292060933692431e+00	9.210398219155718769e-02
1.810858877167273118e+00	8.960873773764652106e-02
1.818437050638002983e+00	8.719297717826607341e-02
1.826026255851824764e+00	8.485418264363404905e-02
1.833626162821795802e+00	8.258990750742585540e-02
1.841236437095520539e+00	8.039777448851025132e-02
1.848856739809569660e+00	7.827547421743417944e-02
1.856486727704666828e+00	7.622076370300547021e-02
1.864126053176436759e+00	7.423146460743515473e-02
1.871774364339482855e+00	7.230546177585700507e-02
1.879431305023563814e+00	7.044070181337860892e-02
1.887096514853960461e+00	6.863519136218555750e-02
1.894769629331360505e+00	6.688699572998452192e-02
1.902450279805461220e+00	6.519423740608652762e-02
1.910138093613653831e+00	6.355509452152427463e-02
1.917832694099416146e+00	6.196779946193931021e-02
1.925533700648814239e+00	6.043063747828562871e-02
1.933240728835037503e+00	5.894194509057550796e-02
1.940953390399286604e+00	5.750010896424491424e-02
1.948671293361965651e+00	5.610356442902074414e-02
1.956394042105750408e+00	5.475079395446763586e-02
1.964121237428083422e+00	5.344032619077461466e-02
1.971852476611584803e+00	5.217073446263299774e-02
1.979587353531470528e+00	5.094063539875916952e-02
1.987325458746343143e+00	4.974868795021793189e-02
1.995066379527616451e+00	4.859359196204667691e-02
2.002809699994414494e+00	4.747408712408184017e-02
2.010555001227825933e+00	4.638895167943749703e-02
2.018301861281019072e+00	4.533700141100904107e-02
2.026049855345402051e+00	4.431708840673530964e-02
2.033798555857624812e+00	4.332810007831376653e-02
2.041547532519460972e+00	4.236895812762510316e-02
2.049296352481038141e+00	4.143861740265692567e-02
2.057044580434844061e+00	4.053606501258306266e-02
2.064791778665159505e+00	3.966031937709257188e-02
2.072537507236765997e+00	3.881042915271664534e-02
2.080281324064622961e+00	3.798547254478563256e-02
2.088022784998256220e+00	3.718455628184156453e-02
2.095761444029175191e+00	3.640681483006373564e-02
2.103496853316181969e+00	3.565140958971247526e-02
2.111228563346714715e+00	3.491752808705685107e-02
2.118956123077476494e+00	3.420438328114600024e-02
2.126679080019936219e+00	3.351121282387447414e-02
2.134396980372934127e+00	3.283727841361865768e-02
2.142109369186158130e+00	3.218186498086812730e-02
2.149815790453564190e+00	3.154428032296761886e-02
2.157515787227838988e+00	3.092385435917550940e-02
2.165208901821158882e+00	3.031993850641376970e-02
2.172894675861987590e+00	2.973190529924087111e-02
2.180572650473603602e+00	2.915914780259464337e-02
2.188242366391431659e+00	2.860107908938334942e-02
2.195903364117093304e+00	2.805713186698017073e-02
2.203555184025198788e+00	2.752675798867696907e-02
2.211197366552365651e+00	2.700942804466044053e-02
2.218829452268690883e+00	2.650463103224443701e-02
2.226450982065627304e+00	2.601187390472252392e-02
2.234061497308188482e+00	2.553068127122359518e-02
2.241660539909820393e+00	2.506059507688711968e-02
2.249247652532615049e+00	2.460117426528251466e-02
2.256822378727027623e+00	2.415199441882559875e-02
2.264384263034389111e+00	2.371264757963108261e-02
2.271932851136496900e+00	2.328274190374150787e-02
2.279467690058402773e+00	2.286190134557403511e-02
2.286988328222307132e+00	2.244976547062048702e-02
2.294494315621931513e+00	2.204598911827819474e-02
2.301985204007886754e+00	2.165024216248363081e-02
2.309460546946786152e+00	2.126220927706282474e-02
2.316919900011597644e+00	2.088158961439197728e-02
2.324362820940074847e+00	2.050809649008931979e-02
2.331788869697074329e+00	2.014145726563409608e-02
2.339197608675310125e+00	1.978141291190984100e-02
2.346588602836098048e+00	1.942771770136842574e-02
2.353961419776569919e+00	1.908013908596455435e-02
2.361315629929017224e+00	1.873845716055768870e-02
2.368650806680964838e+00	1.840246443246310731e-02
2.375966526489535546e+00	1.807196553655696092e-02
2.383262368981111212e+00	1.774677676708579649e-02
2.390537917173528371e+00	1.742672581472599902e-02
2.397792757500755378e+00	1.711165131029988157e-02
2.405026479987876442e+00	1.680140251890250777e-02
2.412238678369564404e+00	1.649583883545496441e-02
2.419428950206817142e+00	1.619482951233181672e-02
2.426596896989970276e+00	1.589825307920823133e-02
2.433742124277303187e+00	1.560599707240009799e-02
2.440864241802040091e+00	1.531795747448258006e-02
2.447962863569684622e+00	1.503403837349021055e-02
2.455037607996018334e+00	1.475415146754851040e-02
2.462088097964239441e+00	1.447821563782405660e-02
2.469113961003956081e+00	1.420615646809268544e-02
2.476114829315146260e+00	1.393790588416611749e-02
2.483090339922637391e+00	1.367340165348350164e-02
2.490040134727645516e+00	1.341258696851071845e-02
2.496963860662007484e+00	1.315541001436543872e-02
2.503861169702241707e+00	1.290182362600699600e-02
2.510731719029732467e+00	1.265178473619505556e-02
2.517575171071835705e+00	1.240525412760162989e-02
2.524391193576997150e+00	1.216219602052705413e-02
2.531179459740760862e+00	1.192257765364882795e-02
2.537939648249228686e+00	1.168636895895262470e-02
2.544671443327932714e+00	1.145354229504914542e-02
2.551374534872844713e+00	1.122407207337135053e-02
2.558048618475282865e+00	1.099793444756802692e-02
2.564693395478128579e+00	1.077510710785770619e-02
2.571308573081917626e+00	1.055556894899670368e-02
2.577893864353526077e+00	1.033929989856039421e-02
2.584448988283419180e+00	1.012628064916618748e-02
2.590973669900831666e+00	9.916492470287066943e-03
2.597467640243115827e+00	9.709917037021219624e-03
2.603930636409661492e+00	9.506536273966369882e-03
2.610362401677440936e+00	9.306332123833355521e-03
2.616762685455773951e+00	9.109286566631949120e-03
2.623131243331767948e+00	8.915381369045509430e-03
2.629467837168965261e+00	8.724598015887059105e-03
2.635772235068111868e+00	8.536917675372686365e-03
2.642044211386478381e+00	8.352321071963418955e-03
2.648283546834367730e+00	8.170788426446497915e-03
2.654490028431186310e+00	7.992299407020418689e-03
2.660663449505230815e+00	7.816833159939293174e-03
2.666803609788520824e+00	7.644368112302984096e-03
2.672910315354882105e+00	7.474882141802570955e-03
2.678983378640146462e+00	7.308352436813167832e-03
2.685022618470408240e+00	7.144755508974838867e-03
2.691027860050053455e+00	6.984067233561030812e-03
2.696998934936426728e+00	6.826262805852054832e-03
2.702935681081352293e+00	6.671316775033199128e-03
2.708837942790504272e+00	6.519203038563270956e-03
2.714705570708670912e+00	6.369894907914246465e-03
2.720538421835366538e+00	6.223365050694091086e-03
2.726336359488441996e+00	6.079585568626402238e-03
2.732099253281527140e+00	5.938528006785851604e-03
2.737826979124862170e+00	5.800163371641526254e-03
2.743519419175082685e+00	5.664462176464464885e-03
2.749176461821848605e+00	5.531394472056394215e-03
2.754798001681241892e+00	5.400929809948486378e-03
2.760383939513180174e+00	5.273037393802834476e-03
2.765934182221139626e+00	5.147686003853531485e-03
2.771448642847170074e+00	5.024844072843526015e-03
2.776927240459756252e+00	4.904479701471956693e-03
2.782369900155949427e+00	4.786560731306556578e-03
2.787776553063150420e+00	4.671054702200879045e-03
2.793147136184280122e+00	4.557928929210777920e-03
2.798481592474471480e+00	4.447150549118354494e-03
2.803779870699998789e+00	4.338686512171156633e-03
2.809041925427055997e+00	4.232503611427230333e-03
2.814267716981400103e+00	4.128568541222348183e-03
2.819457211380091088e+00	4.026847869447693594e-03
2.824610380250823116e+00	3.927308176036136203e-03
2.829727200821237521e+00	3.829915925328447688e-03
2.834807655858585296e+00	3.734637576809893104e-03
2.839851733555805779e+00	3.641439677989445622e-03
2.844859427517259842e+00	3.550288723840805405e-03
2.849830736719526136e+00	3.461151298029655193e-03
2.854765665364054961e+00	3.373994073710390174e-03
2.859664222883432139e+00	3.288783820066442255e-03
2.864526423882675310e+00	3.205487411474443847e-03
2.869352287992388728e+00	3.124071885325934491e-03
2.874141839879337912e+00	3.044504423565248807e-03
2.878895109167272981e+00	2.966752372911580539e-03
2.883612130306763000e+00	2.890783300643254283e-03
2.888292942583674972e+00	2.816564963349922537e-03
2.892937590005674409e+00	2.744065341495040104e-03
2.897546121198025126e+00	2.673252670999142194e-03
2.902118589423131834e+00	2.604095415027172632e-03
2.906655052412361329e+00	2.536562327625126265e-03
2.911155572332930763e+00	2.470622411180065266e-03
2.915620215732221965e+00	2.406244988142966848e-03
2.920049053422979490e+00	2.343399653296840586e-03
2.924442160414478131e+00	2.282056332983010711e-03
2.928799615873332485e+00	2.222185265195348973e-03
2.933121503010897690e+00	2.163757006314513676e-03
2.937407908990161243e+00	2.106742464223241434e-03
2.941658924925261154e+00	2.051112877141165157e-03
2.945874645696539229e+00	1.996839848621108100e-03
2.950055169979014291e+00	1.943895318245436469e-03
2.954200600084403217e+00	1.892251600901419945e-03
2.958311041936212415e+00	1.841881376079416164e-03
2.962386604950681956e+00	1.792757695149629340e-03
2.966427402012862924e+00	1.744853986551127235e-03
2.970433549332640144e+00	1.698144058048504761e-03
2.974405166414140655e+00	1.652602090732493544e-03
2.978342375990859381e+00	1.608202660129012633e-03
2.982245303886731591e+00	1.564920727009341643e-03
2.986114078994238863e+00	1.522731634198787060e-03
2.989948833200282152e+00	1.481611123154509243e-03
2.993749701270115526e+00	1.441535316974681177e-03
2.997516820779796642e+00	1.402480742965674446e-03
3.001250332104492102e+00	1.364424294186485868e-03
3.004950378255167642e+00	1.327343276775928491e-03
3.008617104837844280e+00	1.291215382865863867e-03
3.012250660019404336e+00	1.256018680146558236e-03
3.015851194404281177e+00	1.221731643022215107e-03
3.019418860950793260e+00	1.188333112517824886e-03
3.022953814980665843e+00	1.155802330272753635e-03
3.026456214001287837e+00	1.124118921349110626e-03
3.029926217704760116e+00	1.093262865848952659e-03
3.033363987902036651e+00	1.063214548361929041e-03
3.036769688386411925e+00	1.033954714794035716e-03
3.040143484929805684e+00	1.005464485548494174e-03
3.043485545201199738e+00	9.777253420944292082e-04
3.046796038685559260e+00	9.507191464856745450e-04
3.050075136584111668e+00	9.244281140648245680e-04
3.053323011844170320e+00	8.988348141690000615e-04
3.056539838992025970e+00	8.739221707048407378e-04
3.059725794118905995e+00	8.496734582555860466e-04
3.062881054813659798e+00	8.260723092270383589e-04
3.066005800097351575e+00	8.031026812943096874e-04
3.069100210335677481e+00	7.807488798116977253e-04
3.072164467220702466e+00	7.589955365064876124e-04
3.075198753681954500e+00	7.378276183739781438e-04
3.078203253822829222e+00	7.172304116645944645e-04
3.081178152888086164e+00	6.971895316488005813e-04
3.084123637155868902e+00	6.776908993096784819e-04
3.087039893954681258e+00	6.587207425359447406e-04
3.089927111529430448e+00	6.402656040187653394e-04
3.092785479036927132e+00	6.223123348326219974e-04
3.095615186464245383e+00	6.048480609549051383e-04
3.098416424599570895e+00	5.878602156218586377e-04
3.101189384945607141e+00	5.713365167248764080e-04
3.103934259682946895e+00	5.552649582081925625e-04
3.106651241654962980e+00	5.396338146475705136e-04
3.109340524233941139e+00	5.244316385886244785e-04
3.112002301355778933e+00	5.096472394898312946e-04
3.114636767431288256e+00	4.952696953121584400e-04
3.117244117269514447e+00	4.812883487594865855e-04
3.119824546113988184e+00	4.676927771725912226e-04
3.122378249509044856e+00	4.544728235129346923e-04
3.124905423292844819e+00	4.416185651309647697e-04
3.127406263575125855e+00	4.291203248541394224e-04
3.129880966649237539e+00	4.169686529854460251e-04
3.132329728953334502e+00	4.051543395997861353e-04
3.134752747092304670e+00	3.936683788229824901e-04
3.137150217713183142e+00	3.825020180120073635e-04
3.139522337486344128e+00	3.716466919911807728e-04
3.141869303127028168e+00	3.610940611190080842e-04
3.144191311280338574e+00	3.508359847790728202e-04
3.146488558502622102e+00	3.408645388937167273e-04
3.148761241245358722e+00	3.311719849615072709e-04
3.151009555837702258e+00	3.217507814769822883e-04
3.153233698362453374e+00	3.125935825550196388e-04
3.155433864736589378e+00	3.036932252239710997e-04
3.157610250599832025e+00	2.950427231271273223e-04
3.159763051280939372e+00	2.866352828768046991e-04
3.161892461831168788e+00	2.784642659770158253e-04
3.163998676929899556e+00	2.705232187185022921e-04
3.166081890864860249e+00	2.628058473263527608e-04
3.168142297527548390e+00	2.553060211961555195e-04
3.170180090373568405e+00	2.480177689863334394e-04
3.172195462357050300e+00	2.409352788263998584e-04
3.174188605977621869e+00	2.340528799218155880e-04
3.176159713192665546e+00	2.273650621459162775e-04
3.178108975400993241e+00	2.208664522815508436e-04
3.180036583443278886e+00	2.145518152673067615e-04
3.181942727557310224e+00	2.084160659288088310e-04
3.183827597349957017e+00	2.024542381287285650e-04
3.185691381795898725e+00	1.966615096053381186e-04
3.187534269188456726e+00	1.910331806650212043e-04
3.189356447131006522e+00	1.855646815851128809e-04
3.191158102537191343e+00	1.802515528348781423e-04
3.192939421559360724e+00	1.750894690380181589e-04
3.194700589601859431e+00	1.700742117530544203e-04
3.196441791331352977e+00	1.652016741149332465e-04
3.198163210585945659e+00	1.604678681270768918e-04
3.199865030397163412e+00	1.558689072962120162e-04
3.201547433017338573e+00	1.514010099975373128e-04
3.203210599793322455e+00	1.470604983802008693e-04
3.204854711270726852e+00	1.428437958065826880e-04
3.206479947086867455e+00	1.387474196339241717e-04
3.208086486003901783e+00	1.347679865367197398e-04
3.209674505858331361e+00	1.309022035014302131e-04
3.211244183618866099e+00	1.271468612468119235e-04
3.212795695285290964e+00	1.234988475068760007e-04
3.214329215908628523e+00	1.199551345465719082e-04
3.215844919625195697e+00	1.165127697388967389e-04
3.217342979563216687e+00	1.131688908036580224e-04
3.218823567882235892e+00	1.099207082023653678e-04
3.220286855786237190e+00	1.067655097267050299e-04
3.221733013430275516e+00	1.037006646563146459e-04
3.223162209981028870e+00	1.007236079637653545e-04
3.224574613614757723e+00	9.783184637524422846e-05
3.225970391429939355e+00	9.502295894819882862e-05
3.227349709516127874e+00	9.229459296259754221e-05
3.228712732936488194e+00	8.964445448539301597e-05
3.230059625661059197e+00	8.707031948486075872e-05
3.231390550637686321e+00	8.457002478184209057e-05
3.232705669744426302e+00	8.214146476791073335e-05
3.234005143753558187e+00	7.978259874819504296e-05
3.235289132408093238e+00	7.749143564869747606e-05
3.236557794335197524e+00	7.526604544463006796e-05
3.237811287097370538e+00	7.310454959010508460e-05
3.239049767144181136e+00	7.100512386621881116e-05
3.240273389844298357e+00	6.896599463654109953e-05
3.241482309444354559e+00	6.698544049344176763e-05
3.242676679114126159e+00	6.506178246028499325e-05
3.243856650906179251e+00	6.319339355068118234e-05
3.245022375736541509e+00	6.137869405686866649e-05
3.246174003458230928e+00	5.961614436520939575e-05
3.247311682751524486e+00	5.790425187795411523e-05
3.248435561227419832e+00	5.624156363064196791e-05
3.249545785343026960e+00	5.462667122487193717e-05
3.250642500463475582e+00	5.305820201430263763e-05
3.251725850797791306e+00	5.153482642544852639e-05
3.252795979472427934e+00	5.005524726509372294e-05
3.253853028453455476e+00	4.861821116029481029e-05
3.254897138597537154e+00	4.722249386051719487e-05
3.255928449651520395e+00	4.586690978921076914e-05
3.256947100214294011e+00	4.455030709342169490e-05
3.257953227768382476e+00	4.327156460109715029e-05
3.258946968693884116e+00	4.202959211527979467e-05
3.259928458227947967e+00	4.082333585001962780e-05
3.260897830472706538e+00	3.965176754687311584e-05
3.261855218460614214e+00	3.851388823432463568e-05
3.262800754067421760e+00	3.740872948308569785e-05
3.263734568048012097e+00	3.633535194944056252e-05
3.264656790077021586e+00	3.529283683953337897e-05
3.265567548702413614e+00	3.428029890110921682e-05
3.266466971333479741e+00	3.329687479286204459e-05
3.267355184331884654e+00	3.234172520030889663e-05
3.268232312903224912e+00	3.141403543604698117e-05
3.269098481169566472e+00	3.051301720375312215e-05
3.269953812172285978e+00	2.963789863946630801e-05
3.270798427847553924e+00	2.878793516684643070e-05
3.271632449014551636e+00	2.796240309741717119e-05
3.272455995446627242e+00	2.716059651393547673e-05
3.273269185821876093e+00	2.638183207548411996e-05
3.274072137702126017e+00	2.562544675001722852e-05
3.274864967633090984e+00	2.489079499264163363e-05
3.275647791047729296e+00	2.417724894111437478e-05
3.276420722320396273e+00	2.348420091642845035e-05
3.277183874768909266e+00	2.281106084263267522e-05
3.277937360656820065e+00	2.215725311225758164e-05
3.278681291172763412e+00	2.152222127201497431e-05
3.279415776479093658e+00	2.090542410775578810e-05
3.280140925688372455e+00	2.030633385746124690e-05
3.280856846865370269e+00	1.972444196037460132e-05
3.281563647058504785e+00	1.915925128436520036e-05
3.282261432258253286e+00	1.861028087266936398e-05
3.282950307464785666e+00	1.807706212537586816e-05
3.283630376640027659e+00	1.755914118452968321e-05
3.284301742740848962e+00	1.705607673714438000e-05
3.284964507709673409e+00	1.656743991353604504e-05
3.285618772502276297e+00	1.609281451747522396e-05
3.286264637063364358e+00	1.563179672770338005e-05
3.286902200341563773e+00	1.518399431421674571e-05
3.287531560338167402e+00	1.474902543035301779e-05
3.288152814026905624e+00	1.432652026302877402e-05
3.288766057444590718e+00	1.391611918747728770e-05
3.289371385657586799e+00	1.351747338234497192e-05
3.289968892739763007e+00	1.313024392368614186e-05
3.290558671860798423e+00	1.275410046898525856e-05
3.291140815206492043e+00	1.238872452055863567e-05
3.291715414022097885e+00	1.203380464440189955e-05
3.292282558641791645e+00	1.168904010210996458e-05
3.292842338450346684e+00	1.135413753951302940e-05
3.293394841893610092e+00	1.102881298388517183e-05
3.293940156548559539e+00	1.071278933710621615e-05
3.294478369046637045e+00	1.040579955414758050e-05
3.295009565101627569e+00	1.010758261412683243e-05
3.295533829575579166e+00	9.817884955241085277e-06
3.296051246412241564e+00	9.536462049206000913e-06
3.296561898659079226e+00	9.263075262335039361e-06
3.297065868496725560e+00	8.997492374990743427e-06
3.297563237263261282e+00	8.739488602405927708e-06
3.298054085379607869e+00	8.488845610278584060e-06
3.298538492435934000e+00	8.245351005194448177e-06
3.299016537189758402e+00	8.008799256260093466e-06
3.299488297502945144e+00	7.778989831038023771e-06
3.299953850447710391e+00	7.555728401250899985e-06
3.300413272243691853e+00	7.338826683506307442e-06
3.300866638275314902e+00	7.128101106042791236e-06
3.301314023123293584e+00	6.923373593798316581e-06
3.301755500560569878e+00	6.724471392533095579e-06
3.302191143521990835e+00	6.531227254457203196e-06
3.302621024184646981e+00	6.343477024549593093e-06
3.303045213914163281e+00	6.161063701053801534e-06
3.303463783280578436e+00	5.983832776472416201e-06
3.303876802090757625e+00	5.811634780278129128e-06
3.304284339374765178e+00	5.644325441637133701e-06
3.304686463388446960e+00	5.481763374447529953e-06
3.305083241641492364e+00	5.323811860981336793e-06
3.305474740878132422e+00	5.170338413170874260e-06
3.305861027095937210e+00	5.021213867541183644e-06
3.306242165574227787e+00	4.876312312152775088e-06
3.306618220829598442e+00	4.735513363734266711e-06
3.306989256655404219e+00	4.598697873308330924e-06
3.307355336157538073e+00	4.465751187059234437e-06
3.307716521688902400e+00	4.336562241494511226e-06
3.308072874896092586e+00	4.211022500321622526e-06
3.308424456769545774e+00	4.089026751777350400e-06
3.308771327550278141e+00	3.970472999803119719e-06
3.309113546811965456e+00	3.855261975186561532e-06
3.309451173464186713e+00	3.743296857979692861e-06
3.309784265718591190e+00	3.634485051535879394e-06
3.310112881103512539e+00	3.528735230434561664e-06
3.310437076532797285e+00	3.425958553160529895e-06
3.310756908224442796e+00	3.326069740557054329e-06
3.311072431740058164e+00	3.228985485871223035e-06
3.311383702036693855e+00	3.134624655706049176e-06
3.311690773392237830e+00	3.042908748173314468e-06
3.311993699461916574e+00	2.953761458453816267e-06
3.312292533306981035e+00	2.867108114035821913e-06
3.312587327320461128e+00	2.782877295593346556e-06
3.312878133301297101e+00	2.700998694969853340e-06
3.313165002468029474e+00	2.621403957402160088e-06
3.313447985386954286e+00	2.544027520996378409e-06
3.313727132054689495e+00	2.468804651962587314e-06
3.314002491894820768e+00	2.395672641778874280e-06
3.314274113712246894e+00	2.324571927830959721e-06
3.314542045739510723e+00	2.255443040302062426e-06
3.314806335675932747e+00	2.188228233994651199e-06
3.315067030590189923e+00	2.122872415230386214e-06
3.315324177044457699e+00	2.059321374213447381e-06
3.315577821012310800e+00	1.997522419087058519e-06
3.315828007940751387e+00	1.937424248933322891e-06
3.316074782711783797e+00	1.878977456894807820e-06
3.316318189684789974e+00	1.822133728986197333e-06
3.316558272664923201e+00	1.766845985152218401e-06
3.316795074957365141e+00	1.713068297804469372e-06
3.317028639335628526e+00	1.660756829107355962e-06
3.317259008031624656e+00	1.609867759875255105e-06
3.317486222814122421e+00	1.560359426963007335e-06
3.317710324892396923e+00	1.512190757893630278e-06
3.317931355021243256e+00	1.465322120474643974e-06
3.318149353426938397e+00	1.419714358532967244e-06
3.318364359874036218e+00	1.375330291974269437e-06
3.318576413608597342e+00	1.332132843488222532e-06
3.318785553437366254e+00	1.290086437755147845e-06
3.318991817655739140e+00	1.249156211643233978e-06
3.319195244103958942e+00	1.209308029234644661e-06
3.319395870172137109e+00	1.170508949339805918e-06
3.319593732766435323e+00	1.132726547316367256e-06
3.319788868348020117e+00	1.095929431928964003e-06
3.319981312939882745e+00	1.060086832401761393e-06
3.320171102111726391e+00	1.025168623281568305e-06
3.320358270970916070e+00	9.911454480823665784e-07
3.320542854240946085e+00	9.579886633242014748e-07
3.320724886176175339e+00	9.256699094642052802e-07
3.320904400600402262e+00	8.941619378778785451e-07
3.321081430949863744e+00	8.634372354194476813e-07
3.321256010229804545e+00	8.334696703790992625e-07
3.321428171004294772e+00	8.042329533673120928e-07
3.321597945482578584e+00	7.757014630611120019e-07
3.321765365446255558e+00	7.478495492344211541e-07
3.321930462255362926e+00	7.201257378031141546e-07
3.322093266921583687e+00	6.935724847929162708e-07
3.322253810049062395e+00	6.676237397327967927e-07
3.322412121832005738e+00	6.422549384572076223e-07
3.322568232125194587e+00	6.174411936554187836e-07
3.322722170396264829e+00	5.931577866286272633e-07
3.322873965704820520e+00	5.693797704178968268e-07
3.323023646802040876e+00	5.460815588476177877e-07
3.323171242035008799e+00	5.232372652601061335e-07
3.323316779400391940e+00	5.008202683292703734e-07
3.323460286545883324e+00	4.788028141732895106e-07
3.323601790772386710e+00	4.571560244347611820e-07
3.323741319010602879e+00	4.357062387177952943e-07
3.323878897879603223e+00	4.147110760250986695e-07
3.324014553642562042e+00	3.939879043494205359e-07
3.324148312219225243e+00	3.734979368359710476e-07
3.324280199220940979e+00	3.531977484544371960e-07
3.324410239916217424e+00	3.330380838274676549e-07
3.324538459252141198e+00	3.129617948582861645e-07
3.324664881858143684e+00	2.929009737914339872e-07
3.324789532049836627e+00	2.727729108879294925e-07
3.324912433820895075e+00	2.524736957766522321e-07
3.325033610881344970e+00	2.318682114466573541e-07
3.325153086605917796e+00	2.107732861542712317e-07
3.325270884072398569e+00	1.889267067693949137e-07
3.325387026095010246e+00	1.657843091068221638e-07
3.325501535144836041e+00	1.409544927302636494e-07
3.325614433437682038e+00	1.129570309290560311e-07
3.325725742898090420e+00	7.832012350899400811e-08
3.325835485135142822e+00	0.000000000000000000e+00
