# Data associated with arXiv:2208.14002
# 
# Scale-free J-factor angular distribution, J_S(theta), of a nfw1-7rhos4e5_truncated dark matter distribution (see Eq. 2.4 and the surrounding discussion)
# 
# Published: 8/25/22, Jack Runburg and Kenny Kiriu, contact: runburg@hawaii.edu
# 
# 
# -----------------------------------------------------------------
# 
# 	 tilde theta 		 | 	 tilde J s-wave 		 | 	 tilde J p-wave 		 | 	 tilde J d-wave 		 | 	 tilde J sommerfeld 
# 
# -----------------------------------------------------------------
1.000000000000000021e-03	1.641077215203499756e+12	2.380952567323812256e+11	1.029760062101284027e+11	6.618635939964521484e+12
1.021192151037671062e-03	1.600322548594729248e+12	2.330557875424650574e+11	1.013976787323467407e+11	6.444751661972790039e+12
1.042833409340945643e-03	1.558784629590862305e+12	2.279153967730145264e+11	9.978578327417326355e+10	6.267581591389624023e+12
1.064933292458827233e-03	1.516484620122260010e+12	2.226762299030882568e+11	9.814076837968504333e+10	6.087222547311046875e+12
1.087501519637659123e-03	1.473448859948958008e+12	2.173410206705682678e+11	9.646324278062812805e+10	5.903794167510590820e+12
1.110548016095517111e-03	1.429709625617463379e+12	2.119131773912908020e+11	9.475399911779737854e+10	5.717442251373375977e+12
1.134082917387199208e-03	1.385306030684616699e+12	2.063968854169789734e+11	9.301404270806169128e+10	5.528342727968769531e+12
1.158116573861711456e-03	1.340285112372523193e+12	2.007972303244126892e+11	9.124462245828244019e+10	5.336706448400291992e+12
1.182659555214217667e-03	1.294703154078077637e+12	1.951203476239761353e+11	8.944727579001760864e+10	5.142785023927040039e+12
1.207722655134462354e-03	1.248627334199209961e+12	1.893736090299484558e+11	8.762387652129464722e+10	4.946878109740607422e+12
1.233316896053688856e-03	1.202137819160826904e+12	1.835658581577317505e+11	8.577669937037893677e+10	4.749342660582740234e+12
1.259453533992170365e-03	1.155330502561731445e+12	1.777077183810963440e+11	8.390850213914630127e+10	4.550605055287316406e+12
1.286144063509461061e-03	1.108320717086676758e+12	1.718120056034907532e+11	8.202264042999375916e+10	4.351177545579060547e+12
1.313400222759557485e-03	1.061248512442224854e+12	1.658943270391409302e+11	8.012322020787608337e+10	4.151681671911715332e+12
1.341233998653187541e-03	1.014286657213009766e+12	1.599739575958817444e+11	7.821533766950991821e+10	3.952883811464381836e+12
1.369657632129505243e-03	9.676541615700451660e+11	1.540753350911670227e+11	7.630547075426898193e+10	3.755755302641750488e+12
1.398683623539492566e-03	9.216425751126933594e+11	1.482309749523338318e+11	7.440224497971098328e+10	3.561589594175575684e+12
1.428324738143458596e-03	8.766902629128781738e+11	1.424895687803554382e+11	7.251854236631198120e+10	3.372333351563543457e+12
1.458594011725036863e-03	8.336422534793992920e+11	1.369443490909712219e+11	7.067885984983071899e+10	3.191745310429731445e+12
1.489504756324154782e-03	7.927251515673182373e+11	1.316223106882776031e+11	6.889085217436090088e+10	3.020827410662421387e+12
1.521070566091505720e-03	7.538305500939562988e+11	1.265141045338958740e+11	6.715290895664199066e+10	2.859068117218133301e+12
1.553305323267072666e-03	7.168247320361700439e+11	1.216070633916815643e+11	6.546245092783872986e+10	2.705837728918526367e+12
1.586223204285366938e-03	6.816264826948188477e+11	1.168944148312469788e+11	6.381842440822229767e+10	2.560737633372020996e+12
1.619838686010041055e-03	6.481712899117520752e+11	1.123707251772600098e+11	6.222008035688832855e+10	2.423434344431145996e+12
1.654166552100628336e-03	6.163687346284982910e+11	1.080281943606898346e+11	6.066604147316550446e+10	2.293504020585633301e+12
1.689221899514206692e-03	5.861106985114105225e+11	1.038559304336895752e+11	5.915397680892885590e+10	2.170421963535511230e+12
1.725020145144853453e-03	5.573308319833912354e+11	9.984842560727772522e+10	5.768301975403003693e+10	2.053886766911636475e+12
1.761577032603788440e-03	5.299767415165690918e+11	9.600109868529910278e+10	5.625253731872368622e+10	1.943620424649366943e+12
1.798908639143220224e-03	5.039730743762646484e+11	9.230711844486436462e+10	5.486123719388996887e+10	1.839278290313271484e+12
1.837031382726912916e-03	4.792324104718491821e+11	8.875744782409262085e+10	5.350711285843541718e+10	1.740442238119540039e+12
1.875962029250603357e-03	4.557005465082615356e+11	8.534754462335928345e+10	5.218946203146046448e+10	1.646871256412696533e+12
1.915717699915417882e-03	4.333349194775491943e+11	8.207340034172854614e+10	5.090766148357269287e+10	1.558341847950616943e+12
1.956315878757565116e-03	4.120727747498083496e+11	7.892916266831645203e+10	4.966057312985423279e+10	1.474570449340182129e+12
1.997774420337589726e-03	3.918434290547407837e+11	7.590733733436523438e+10	4.844646552113977051e+10	1.395227320191935791e+12
2.040111557592579582e-03	3.726026025284576416e+11	7.300399420102330017e+10	4.726469062015144348e+10	1.320111937749151123e+12
2.083345909854779961e-03	3.543157093242310181e+11	7.021592442668365479e+10	4.611477840304379272e+10	1.249054858761891357e+12
2.127496491040134757e-03	3.369305201037412720e+11	6.753790488414451599e+10	4.499562386126288605e+10	1.181816819511036621e+12
2.172582718010372237e-03	3.203898846120993042e+11	6.496377733948685455e+10	4.390576631667906189e+10	1.118138633713922119e+12
2.218624419112281976e-03	3.046576307095395508e+11	6.249018739988354492e+10	4.284462341472930145e+10	1.057857697262296143e+12
2.265641842897974604e-03	2.897056465971486816e+11	6.011445182147872925e+10	4.181179918397219086e+10	1.000838353669378540e+12
2.313655667029933423e-03	2.754904900929422607e+11	5.783205528589054871e+10	4.080628614918905640e+10	9.468861743579455566e+11
2.362687007374795686e-03	2.619659530284371033e+11	5.563785752468589783e+10	3.982681889086245728e+10	8.957945947716671143e+11
2.412757427289825233e-03	2.491024879327126465e+11	5.352902384716054535e+10	3.887288580760045624e+10	8.474322311904357910e+11
2.463888947106213784e-03	2.368772370036737976e+11	5.150327960378182983e+10	3.794413787756234741e+10	8.016903193817525635e+11
2.516104053813336943e-03	2.252540899673580322e+11	4.955677062905290985e+10	3.703968076931105042e+10	7.584114287899096680e+11
2.569425710948245768e-03	2.141956854655696716e+11	4.768515124433766174e+10	3.615839171332381439e+10	7.174301549805571289e+11
2.623877368694733318e-03	2.036778875326710815e+11	4.588607759994845581e+10	3.529985162503342438e+10	6.786418059155057373e+11
2.679482974196439188e-03	1.936821059899902039e+11	4.415758789195177460e+10	3.446373247148676300e+10	6.419571361129074707e+11
2.736266982088478034e-03	1.841783412667127075e+11	4.249641685163314819e+10	3.364925249079393768e+10	6.072506080383824463e+11
2.794254365252289707e-03	1.751363856070530396e+11	4.089888770531552887e+10	3.285541700923524094e+10	5.743890377718040771e+11
2.853470625798387814e-03	1.665365241730546875e+11	3.936298566835750580e+10	3.208183235616365433e+10	5.432879553802115479e+11
2.913941806281861776e-03	1.583636317816080017e+11	3.788714096832778931e+10	3.132827131598121262e+10	5.138764747423828735e+11
2.975694501155571117e-03	1.505928007991806030e+11	3.646849256510177612e+10	3.059398664483913803e+10	4.860532008525639648e+11
3.038755868466027146e-03	1.431996067223096008e+11	3.510395942386225891e+10	2.987811574438950348e+10	4.597108878903270874e+11
3.103153641797168783e-03	1.361679461548552094e+11	3.379184097879950714e+10	2.918032308175609970e+10	4.347814254163519287e+11
3.168916142467233243e-03	1.294855104053720551e+11	3.253081840268761063e+10	2.850040284939682388e+10	4.112089761876030273e+11
3.236072291984112663e-03	1.231316293042455902e+11	3.131840808777306366e+10	2.783767993464081955e+10	3.889098857604590454e+11
3.304651624764658874e-03	1.170865547732294159e+11	3.015208609406769943e+10	2.719141924398433685e+10	3.678005440066235962e+11
3.374684301123556836e-03	1.113371339047071533e+11	2.903033228591744614e+10	2.656129266566716766e+10	3.478241759791522827e+11
3.446201120537424525e-03	1.058733460382344360e+11	2.795211521321114731e+10	2.594715559272632980e+10	3.289381214545445557e+11
3.519233535190044709e-03	1.006780473163763885e+11	2.691522038914779663e+10	2.534836522355355835e+10	3.110724029425490723e+11
3.593813663804625805e-03	9.573527030288705444e+10	2.591758044850329971e+10	2.476430852395682144e+10	2.941613494500820923e+11
3.669974305769219299e-03	9.103427240656871033e+10	2.495786908899399567e+10	2.419467841892261124e+10	2.781590957086462402e+11
3.747748955561452412e-03	8.656689266045310974e+10	2.403532812936027908e+10	2.363941899824201202e+10	2.630328090886131897e+11
3.827171817478984984e-03	8.231891939652719116e+10	2.314791246571615601e+10	2.309783601087876511e+10	2.487239843241511536e+11
3.908277820682117681e-03	7.827744184183831787e+10	2.229392953251184082e+10	2.256942520363353348e+10	2.351809019383506165e+11
3.991102634555192957e-03	7.443368636836477661e+10	2.147230135054953003e+10	2.205395268386579132e+10	2.223672733022894897e+11
4.075682684393532908e-03	7.078100402991390991e+10	2.068229789092705917e+10	2.155131965940374374e+10	2.102555609599848633e+11
4.162055167422817371e-03	6.730761986987081146e+10	1.992225995917942047e+10	2.106097453336259079e+10	1.987994027341397705e+11
4.250258069157961290e-03	6.400309441983941650e+10	1.919071093445971298e+10	2.058244007432514954e+10	1.879569975431594543e+11
4.340330180108637088e-03	6.086026231868918610e+10	1.848678487743485260e+10	2.011552304062039566e+10	1.777001162920945740e+11
4.432311112838861061e-03	5.787370462856848907e+10	1.780980073688558960e+10	1.966009993027358246e+10	1.680058164556664734e+11
4.526241319388085715e-03	5.503366994548388672e+10	1.715837957647723579e+10	1.921570232076045609e+10	1.588367274355389709e+11
4.622162109061505458e-03	5.233171693348590851e+10	1.653128297322274780e+10	1.878191104112957001e+10	1.501600814217640686e+11
4.720115666597336779e-03	4.976199391152697754e+10	1.592770748338396645e+10	1.835851545658804703e+10	1.419521145099424438e+11
4.820145070719144588e-03	4.732008264567852020e+10	1.534717721744370651e+10	1.794547424599668121e+10	1.341959876614112854e+11
4.922294313081310678e-03	4.499791146516155243e+10	1.478842436985483932e+10	1.754231553891009140e+10	1.268600028327592621e+11
5.026608317615998724e-03	4.278865452196683502e+10	1.425043422193598175e+10	1.714868718331578064e+10	1.199185362717696228e+11
5.133132960290130720e-03	4.068753322337744904e+10	1.373253889259398079e+10	1.676441165728036690e+10	1.133529821664027863e+11
5.241915089281041530e-03	3.869094357647291565e+10	1.323432125792179871e+10	1.638944526252602959e+10	1.071492326599217682e+11
5.353002545579732367e-03	3.679220768321822357e+10	1.275470350309692192e+10	1.602336568974681664e+10	1.012819788379685211e+11
5.466444184030696055e-03	3.498580573698710632e+10	1.229281364362709808e+10	1.566584980447285271e+10	9.573067887518501282e+10
5.582289894817666839e-03	3.326783557682405090e+10	1.184812133529394531e+10	1.531676393275052834e+10	9.048106106002000427e+10
5.700590625404708227e-03	3.163535633433437729e+10	1.142022191287675095e+10	1.497603843139791489e+10	8.552077153515036011e+10
5.821398402942216249e-03	3.008284558698389435e+10	1.100821999475822067e+10	1.464331249479829597e+10	8.082999796999958801e+10
5.944766357147824969e-03	2.860583957875322342e+10	1.061138717836482048e+10	1.431830991634947586e+10	7.639250602438084412e+10
6.070748743672167193e-03	2.720115198532632446e+10	1.022923312407825470e+10	1.400088548495046616e+10	7.219621528528526306e+10
6.199400967959818945e-03	2.586638197080877304e+10	9.861475303788337708e+09	1.369102073651360703e+10	6.823183866431665802e+10
6.330779609615908021e-03	2.459696478049039078e+10	9.507293829702985764e+09	1.338835423251565170e+10	6.448301685148772430e+10
6.464942447289089879e-03	2.338929050957902908e+10	9.166080569763618469e+09	1.309264523921253395e+10	6.093696996191541290e+10
6.601948484081890736e-03	2.224075749085739517e+10	8.837455827325588226e+09	1.280378872091020393e+10	5.758417738584525299e+10
6.741857973499477616e-03	2.114940478754465485e+10	8.521124357892098427e+09	1.252172857016335297e+10	5.441672955794371033e+10
6.884732445948405985e-03	2.011146104956224442e+10	8.216420148549283981e+09	1.224616590764096832e+10	5.142197185907652283e+10
7.030634735796891313e-03	1.912400670023994827e+10	7.922830202305553436e+09	1.197689025562281799e+10	4.858952694718678284e+10
7.179629009008595825e-03	1.818491754640745926e+10	7.639993675361116409e+09	1.171378101997185516e+10	4.591139938556202698e+10
7.331780791361950343e-03	1.729259093165018082e+10	7.367717018803329468e+09	1.145683618749167633e+10	4.338195416540683746e+10
7.487156997267587974e-03	1.644391334589505196e+10	7.105383999459492683e+09	1.120575011112615395e+10	4.099046767894037628e+10
7.645825959196438613e-03	1.563652240273434258e+10	6.852565107211538315e+09	1.096033833807461166e+10	3.872869737838369751e+10
7.807857457731475631e-03	1.486868417390400314e+10	6.608984351827061653e+09	1.072052071985613441e+10	3.659057312716234589e+10
7.973322752256328111e-03	1.413908850046105576e+10	6.374434405837388992e+09	1.048625817775325012e+10	3.457123783497434998e+10
8.142294612294233985e-03	1.344516522817189598e+10	6.148414558811769485e+09	1.025729741364465141e+10	3.266224080143656540e+10
8.314847349511189298e-03	1.278500352663304520e+10	5.930554353695154190e+09	1.003346938491119957e+10	3.085694575467412949e+10
8.491056850397209546e-03	1.215718782970488358e+10	5.720609258044505119e+09	9.814694462019357681e+09	2.915050441322654724e+10
8.671000609640279119e-03	1.156064657887523079e+10	5.518420482840380669e+09	9.600955936934499741e+09	2.753915292913973236e+10
8.854757764207504128e-03	1.099325906956698799e+10	5.323539615597862244e+09	9.392009098182891846e+09	2.601583019934113693e+10
9.042409128148579806e-03	1.045347961508741570e+10	5.135669234921622276e+09	9.187719260475975037e+09	2.457548818009292221e+10
9.234037228136720080e-03	9.940152640028329849e+09	4.954585300702425003e+09	8.988000837247400284e+09	2.321417897257140732e+10
9.429726339762870002e-03	9.452401227353284836e+09	4.780171716645244598e+09	8.792858064535335541e+09	2.192885980775355911e+10
9.629562524599030379e-03	8.988476358525320053e+09	4.612025507542468071e+09	8.602050438159317017e+09	2.071382675866155624e+10
9.833633668047030499e-03	8.547127591265690804e+09	4.449890094963622093e+09	8.415452834555932999e+09	1.956511666874625015e+10
1.004202951798940403e-02	8.127411628130518913e+09	4.293597996571229935e+09	8.233012864404981613e+09	1.847958470214185715e+10
1.025484172425938229e-02	7.728610538467733383e+09	4.143020768682077408e+09	8.054706167757486343e+09	1.745464373806265640e+10
1.047216387894729824e-02	7.349282394418906212e+09	3.997833536230713844e+09	7.880337155690463066e+09	1.648593443029271889e+10
1.069409155756119272e-02	6.988415543023308754e+09	3.857811786995436192e+09	7.709788553395362854e+09	1.557015766119027710e+10
1.092072236105970547e-02	6.645240025331027985e+09	3.722815479604936600e+09	7.543017183663422585e+09	1.470481801899899292e+10
1.115215595877575537e-02	6.319167740918373108e+09	3.592733523882069111e+09	7.380000357721693993e+09	1.388792634204711914e+10
1.138849413224978825e-02	6.009010467722500801e+09	3.467284310348525524e+09	7.220557053472294807e+09	1.311590048423249245e+10
1.162984081999205582e-02	5.713949661082371712e+09	3.346283014511669159e+09	7.064588765027393341e+09	1.238612527340635300e+10
1.187630216319339981e-02	5.433356889806069374e+09	3.229593177848950386e+09	6.912037572025428772e+09	1.169659587925156593e+10
1.212798655240480798e-02	5.166750135222466469e+09	3.117141363907393456e+09	6.762908132233696938e+09	1.104579830728673935e+10
1.238500467520621366e-02	4.913150676000671387e+09	3.008667337569244862e+09	6.617016924550018311e+09	1.043071006156217575e+10
1.264746956488544717e-02	4.671896141033044815e+09	2.904027024040705681e+09	6.474291071410169601e+09	9.849408417427770615e+09
1.291549665014883955e-02	4.442473652501849174e+09	2.803097971477522850e+09	6.334673293967557907e+09	9.300227224644561768e+09
1.318920380588532899e-02	4.224487918031658649e+09	2.705821022741135597e+09	6.198171864061048508e+09	8.781925098802810669e+09
1.346871140500627631e-02	4.017133124050310612e+09	2.611967527701487541e+09	6.064613731426974297e+09	8.292129431687994957e+09
1.375414237138396570e-02	3.819873217763041019e+09	2.521411684978569984e+09	5.933929670605381012e+09	7.829269190792930603e+09
1.404562223391196511e-02	3.632289659128217220e+09	2.434057396309358597e+09	5.806078578907992363e+09	7.392020211671882629e+09
1.434327918171109106e-02	3.454058094416581154e+09	2.349849387247599125e+09	5.681063060404436111e+09	6.979410016676515579e+09
1.464724412050539583e-02	3.284515356192854881e+09	2.268592481764988899e+09	5.558729605799192429e+09	6.589544234966598511e+09
1.495765073019278586e-02	3.123227569090497971e+09	2.190176764118907452e+09	5.439012786769387245e+09	6.221122006773399353e+09
1.527463552363575450e-02	2.969853207093318462e+09	2.114523916172848940e+09	5.321880631572519302e+09	5.873147663381592751e+09
1.559833790669801906e-02	2.824125963661725521e+09	2.041581451283096313e+09	5.207328892811455727e+09	5.544818262743329048e+09
1.592890023955338338e-02	2.685500310142183304e+09	1.971185001762437344e+09	5.095221036634059906e+09	5.234589974908027649e+09
1.626646789929399317e-02	2.553625024551839352e+09	1.903239395553037643e+09	4.985498115408306122e+09	4.941476796657698631e+09
1.661118934386526108e-02	2.428221447061218262e+09	1.837679219334748268e+09	4.878133408641496658e+09	4.664669031454937935e+09
1.696321617735579643e-02	2.309070799202495098e+09	1.774455936163596869e+09	4.773118796209955215e+09	4.403483050012739182e+09
1.732270321667098503e-02	2.195724521282689571e+09	1.713431342810632706e+09	4.670336048393141747e+09	4.156741244752383232e+09
1.768980855961942850e-02	2.087898256906155586e+09	1.654522071935534239e+09	4.569728889941289902e+09	3.923631128271729469e+09
1.806469365444235767e-02	1.985364667935769320e+09	1.597673814164331913e+09	4.471275608982126236e+09	3.703504608273672581e+09
1.844752337081655841e-02	1.887943900224600077e+09	1.542843255199818373e+09	4.374966239226896286e+09	3.495837427683396339e+09
1.883846607236187159e-02	1.795267298752126694e+09	1.489911119459583044e+09	4.280692312915872574e+09	3.299665131578543186e+09
1.923769369068539445e-02	1.707104606764217138e+09	1.438806211718998432e+09	4.188403277284637451e+09	3.114334193938762188e+09
1.964538180099485026e-02	1.623270366481901646e+09	1.389482691964498281e+09	4.098081054475914478e+09	2.939365553007740498e+09
2.006170969931423895e-02	1.543616642198964834e+09	1.341903548617413282e+09	4.009718420571722984e+09	2.774306122985356808e+09
2.048686048133601528e-02	1.467840577592577934e+09	1.295964711315503597e+09	3.923215255443032265e+09	2.618392494999204636e+09
2.092102112294418406e-02	1.395755693718362808e+09	1.251606165497625828e+09	3.838526963378031254e+09	2.471126496794765949e+09
2.136438256244391209e-02	1.327210716996386051e+09	1.208787350596335649e+09	3.755635035773280144e+09	2.332091993460282803e+09
2.181713978453380873e-02	1.262083880291048527e+09	1.167478627600963354e+09	3.674536280184092045e+09	2.200950399176649094e+09
2.227949190605761978e-02	1.200126502410902262e+09	1.127586723119082212e+09	3.595133767191833496e+09	2.077088929850637913e+09
2.275164226357336353e-02	1.141187530072128773e+09	1.089063378423455238e+09	3.517393381696488380e+09	1.960099993750629663e+09
2.323379850277806913e-02	1.085143586812470436e+09	1.051871501950564146e+09	3.441294959375879765e+09	1.849664149790319204e+09
2.372617266982774559e-02	1.031894377161862493e+09	1.015988727261177897e+09	3.366841353937118530e+09	1.745517251321907759e+09
2.422898130459259780e-02	9.812358024432395697e+08	9.813299594630925655e+08	3.293935020823811531e+09	1.647145470039882660e+09
2.474244553588843265e-02	9.330454800189640522e+08	9.478578497802698612e+08	3.222552582920363426e+09	1.554254768230045795e+09
2.526679117872631872e-02	8.872228000213974714e+08	9.155374970768194199e+08	3.152670315806340218e+09	1.466569459595980406e+09
2.580224883362318075e-02	8.436850924228936434e+08	8.843514486273213625e+08	3.084295244069544792e+09	1.383882109962717533e+09
2.634905398801689475e-02	8.022649326356365681e+08	8.542248632638554573e+08	3.017336449893270016e+09	1.305791093108739376e+09
2.690744711983068457e-02	7.628631447597494125e+08	8.251280263838171959e+08	2.951776894030613899e+09	1.232055599160847425e+09
2.747767380323228384e-02	7.253976955357494354e+08	7.970286895996265411e+08	2.887590184660186291e+09	1.162458182898991346e+09
2.805998481663422514e-02	6.898003945953832865e+08	7.699116994150513411e+08	2.824782233776588440e+09	1.096837216201837301e+09
2.865463625298309350e-02	6.559339704932622910e+08	7.437138684814153910e+08	2.763273521070232391e+09	1.034864637199922204e+09
2.926188963238583740e-02	6.237180350098291636e+08	7.184072613100775480e+08	2.703043898406189919e+09	9.763560254930982590e+08
2.988201201712300387e-02	5.930857115621768236e+08	6.939678085099920034e+08	2.644078009681991100e+09	9.211394980038801432e+08
3.051527612909937445e-02	5.639807100452718735e+08	6.703785191899572611e+08	2.586371521441413879e+09	8.690762376812283993e+08
3.116196046978347151e-02	5.362905427134289742e+08	6.475876059557278156e+08	2.529858078056779861e+09	8.199175720355145931e+08
3.182234944268905880e-02	5.099500325084179640e+08	6.255677777801350355e+08	2.474512062589267731e+09	7.735034642942916155e+08
3.249673347845206950e-02	4.849046672792292833e+08	6.043031811631135941e+08	2.420331412232963085e+09	7.297102199485337734e+08
3.318540916255835471e-02	4.611079470762855411e+08	5.837743380839753151e+08	2.367302187862957001e+09	6.884203011148934364e+08
3.388867936577820428e-02	4.384677413493906260e+08	5.639394387748205662e+08	2.315370529747087479e+09	6.494349395520578623e+08
3.460685337736497946e-02	4.169311920785425901e+08	5.447737653206651211e+08	2.264509531383212090e+09	6.126323429316892624e+08
3.534024704107661952e-02	3.964538742400495410e+08	5.262628427920165658e+08	2.214715551661521435e+09	5.779093048671911955e+08
3.608918289407971741e-02	3.769973422452921271e+08	5.083922442281282544e+08	2.165981835400538445e+09	5.451738547043789625e+08
3.685399030879719234e-02	3.584861843672919273e+08	4.911225970312263966e+08	2.118251890599149466e+09	5.142681937606753111e+08
3.763500563776207147e-02	3.408775192447855473e+08	4.744358577671654224e+08	2.071509453070120811e+09	4.850947447662196755e+08
3.843257236154112161e-02	3.241351505138481855e+08	4.583164108647800684e+08	2.025742568411654711e+09	4.575722137839338183e+08
3.924704123979310538e-02	3.082272638309782743e+08	4.427546191741600633e+08	1.980953125338794470e+09	4.316285649778764248e+08
4.007877046552850431e-02	2.930921708438944817e+08	4.277138807895280719e+08	1.937082703815684557e+09	4.071341706473316550e+08
4.092812582263813392e-02	2.786950720609732866e+08	4.131806365827999711e+08	1.894122554641021729e+09	3.840171500637700558e+08
4.179548084676026898e-02	2.650064825293888152e+08	3.991406082257896066e+08	1.852058771296040773e+09	3.622088438064234257e+08
4.268121698955689575e-02	2.520000509408286214e+08	3.855843611447775960e+08	1.810889935651718616e+09	3.416524752288042903e+08
4.358572378647117967e-02	2.396253489607672691e+08	3.724822100401011705e+08	1.770568321818995714e+09	3.222477062321279645e+08
4.450939902804028347e-02	2.278541253385767043e+08	3.598195993467141986e+08	1.731077900444252968e+09	3.039320943049070239e+08
4.545264893483848267e-02	2.166623674059513211e+08	3.475881808671713471e+08	1.692418093471257687e+09	2.866588535153113008e+08
4.641588833612779463e-02	2.060282289248062074e+08	3.357757557240796685e+08	1.654575640658555984e+09	2.703753461299564838e+08
4.739954085229469011e-02	1.959105151086444557e+08	3.243591537869988680e+08	1.617514912102163553e+09	2.550061013401964903e+08
4.840403908115278181e-02	1.862862812926670909e+08	3.133250337501914501e+08	1.581218725337014914e+09	2.405013650133640170e+08
4.942982478819387543e-02	1.771359778109169900e+08	3.026650577858838439e+08	1.545683673126004457e+09	2.268206533524933457e+08
5.047734910087089966e-02	1.684414736932584345e+08	2.923715330362332463e+08	1.510906406398324490e+09	2.139279974628586471e+08
5.154707270699779992e-02	1.601691437568960190e+08	2.824204923612059355e+08	1.476841502521018505e+09	2.017571229005880952e+08
5.263946605735428386e-02	1.523003444833172262e+08	2.728041007763660550e+08	1.443486177078259230e+09	1.902735244905456603e+08
5.375500957258409762e-02	1.448191653081591129e+08	2.635125216479773521e+08	1.410827989928423405e+09	1.794427452856645286e+08
5.489419385447772554e-02	1.377105413774439096e+08	2.545398950572407246e+08	1.378867100853276491e+09	1.692354507905614376e+08
5.605751990173300781e-02	1.309470501545591205e+08	2.458660345290406048e+08	1.347563675439595699e+09	1.596013819427128434e+08
5.724549933028778848e-02	1.245135351561906040e+08	2.374825091773439348e+08	1.316909102609479427e+09	1.505106335925616026e+08
5.845865459832211286e-02	1.183970528036200255e+08	2.293833673027909100e+08	1.286901324279493809e+09	1.419385535505377650e+08
5.969751923602879817e-02	1.125850696745296121e+08	2.215606112083882987e+08	1.257530096525834084e+09	1.338595725793081820e+08
6.096263808025296355e-02	1.070552440643257797e+08	2.139989669577839971e+08	1.228767570634056330e+09	1.262349498852462471e+08
6.225456751410456124e-02	1.017952468164593726e+08	2.066898802864679992e+08	1.200601113121695995e+09	1.190408480357030332e+08
6.357387571164835327e-02	9.679455428242892027e+07	1.996284198647674024e+08	1.173029671116126537e+09	1.122573914156843126e+08
6.492114288777969811e-02	9.204272136621671915e+07	1.928085412725366056e+08	1.146047855687448502e+09	1.058648326223459393e+08
6.629696155339574737e-02	8.752156903891639411e+07	1.862151972777326703e+08	1.119622803791256666e+09	9.983164577165842056e+07
6.770193677597398374e-02	8.322106032986910641e+07	1.798430698110650480e+08	1.093751546881658077e+09	9.413980288981315494e+07
6.913668644567325106e-02	7.913236597745425999e+07	1.736854927054286301e+08	1.068422512554231524e+09	8.877269070815193653e+07
7.060184154707406512e-02	7.524760174036929011e+07	1.677396657678866982e+08	1.043642047704068542e+09	8.371566491149051487e+07
7.209804643667737378e-02	7.155116054626122117e+07	1.619909487327772975e+08	1.019372749610529900e+09	7.894294035490426421e+07
7.362595912628441819e-02	6.803514319138750434e+07	1.564345557575153410e+08	9.956109695193499327e+08	7.444030860978382826e+07
7.518625157238204015e-02	6.469261411735802144e+07	1.510665929779179692e+08	9.723549701907154322e+08	7.019537054100036621e+07
7.677960997166025092e-02	6.151625880971068144e+07	1.458814434666912854e+08	9.495961160282989740e+08	6.619500907263690978e+07
7.840673506279315086e-02	5.849411478145776689e+07	1.408693010237587392e+08	9.273139424243627787e+08	6.242008251898269355e+07
8.006834243461452560e-02	5.561950570061837137e+07	1.360245269660730362e+08	9.054978085892510414e+08	5.885893799535952508e+07
8.176516284082480102e-02	5.288680979100921005e+07	1.313441466105799079e+08	8.841483792600623369e+08	5.550177084217430651e+07
8.349794252136732986e-02	5.028988358052230626e+07	1.268236105942135751e+08	8.632595227555633783e+08	5.233817098317664862e+07
8.526744353061486981e-02	4.781905325229182839e+07	1.224533163033350557e+08	8.428063375458867550e+08	4.935284514043591172e+07
8.707444407251174745e-02	4.546886378150910139e+07	1.182297093993671834e+08	8.227861623580089808e+08	4.653681722201446444e+07
8.891973884281766105e-02	4.323475741471049935e+07	1.141490171289847493e+08	8.031934811853756905e+08	4.388219517316109687e+07
9.080413937860487561e-02	4.111157978244259208e+07	1.102078968719286472e+08	7.840259927110925913e+08	4.138061559179247916e+07
9.272847441516200717e-02	3.909150806965261698e+07	1.063979126353326887e+08	7.652607172337193489e+08	3.902013949068026990e+07
9.469359025046093781e-02	3.717008526426656544e+07	1.027157427184787989e+08	7.468940780932719707e+08	3.679355786957618594e+07
9.670035111734798239e-02	3.534361547497116029e+07	9.915880527979423106e+07	7.289244575837230682e+08	3.469478577734605968e+07
9.874963956362264872e-02	3.360777862071532756e+07	9.572308458307485282e+07	7.113441138513559103e+08	3.271693817485923693e+07
1.008423568401705106e-01	3.195624883170728758e+07	9.240222170378343761e+07	6.941370065511181355e+08	3.085073980176049843e+07
1.029794232973221257e-01	3.038538457390335575e+07	8.919258020450934768e+07	6.772952939201091528e+08	2.909043694182191789e+07
1.051617787896111378e-01	2.889218836801782250e+07	8.609239053514045477e+07	6.608205387958384752e+08	2.743127758375296369e+07
1.073903830891107247e-01	2.747304269872759655e+07	8.309803859438034892e+07	6.447051874138633013e+08	2.586769117934247479e+07
1.096662163075285135e-01	2.612283236046270654e+07	8.020370699733655155e+07	6.289327312696021795e+08	2.439240038532848284e+07
1.119902793272475605e-01	2.483858209386613965e+07	7.740683551743608713e+07	6.135000693662345409e+08	2.300087367421415821e+07
1.143635942415015677e-01	2.361786056349435076e+07	7.470518663754281402e+07	5.984039503405569792e+08	2.168933241928030178e+07
1.167872048038782751e-01	2.245764107683881745e+07	7.209614435946613550e+07	5.836408052429076433e+08	2.045334992724004760e+07
1.192621768873494831e-01	2.135378757276951894e+07	6.957423953477920592e+07	5.691928017134567499e+08	1.928715105906913802e+07
1.217895989530276418e-01	2.030386926728431880e+07	6.713747722877673805e+07	5.550583460810900927e+08	1.818723366562668607e+07
1.243705825288575900e-01	1.930591346412090585e+07	6.478394526545219123e+07	5.412349974068636894e+08	1.715054256008173898e+07
1.270062626984522769e-01	1.835739014054289833e+07	6.251102889091467857e+07	5.277174994623215199e+08	1.617356077309363708e+07
1.296977986002878502e-01	1.745495497162328660e+07	6.031443246075414866e+07	5.144926775495359302e+08	1.525176152425541356e+07
1.324463739374786009e-01	1.659662203186628968e+07	5.819194078312636167e+07	5.015558782068527341e+08	1.438233252425296977e+07
1.352531974983535168e-01	1.578079047555485554e+07	5.614239691655366123e+07	4.889076498514250517e+08	1.356296891953309253e+07
1.381195036880665805e-01	1.500534709560406022e+07	5.416297480315773934e+07	4.765398230022679567e+08	1.279070352498762868e+07
1.410465530714722360e-01	1.426758804053384438e+07	5.225028950793848187e+07	4.644426109091369510e+08	1.206212032708338089e+07
1.440356329275057634e-01	1.356589025300880149e+07	5.040231332870199531e+07	4.526112284112559557e+08	1.137489851043355465e+07
1.470880578153118678e-01	1.289895493794614263e+07	4.861793301708040386e+07	4.410456560974989533e+08	1.072726783101836964e+07
1.502051701523716420e-01	1.226501825336951762e+07	4.689498315379371494e+07	4.297405970449370742e+08	1.011687085413025878e+07
1.533883408048797858e-01	1.166189401257991605e+07	4.523006428070840985e+07	4.186833732688060999e+08	9.540957430849853903e+06
1.566389696906345663e-01	1.108825627482347935e+07	4.362181344684719294e+07	4.078724200915937424e+08	8.997785732307923958e+06
1.599584863947036695e-01	1.054305055265065841e+07	4.206897357306592911e+07	3.973057798205588460e+08	8.485865783163813874e+06
1.633483507981373095e-01	1.002480587385249883e+07	4.056976139336858690e+07	3.869795613238817453e+08	8.003389958570378833e+06
1.668100537200059019e-01	9.531754653314227238e+06	3.912123764713210613e+07	3.768824693560002446e+08	7.548139173187371343e+06
1.703451175730422984e-01	9.062813707070305943e+06	3.772219817007072270e+07	3.670127283700321317e+08	7.118792035927533172e+06
1.739550970331800450e-01	8.617126664595292881e+06	3.637156067969467491e+07	3.573683207161058784e+08	6.714143799515075982e+06
1.776415797232799298e-01	8.193467707377444021e+06	3.506764932590541244e+07	3.479449817165697217e+08	6.332738337635570206e+06
1.814061869113461622e-01	7.790407704430336133e+06	3.380805663717392087e+07	3.387335402648590207e+08	5.972873984576892108e+06
1.852505742235391883e-01	7.407061802299675532e+06	3.259158931457313895e+07	3.297314133707754016e+08	5.633447165775068104e+06
1.891764323722997243e-01	7.042734366380751133e+06	3.141748999137247726e+07	3.209381520289888382e+08	5.313583327010766603e+06
1.931854878999012814e-01	6.696404560442148708e+06	3.028406470115460828e+07	3.123477446920007467e+08	5.012046570227784105e+06
1.972795039377621684e-01	6.366916919469463639e+06	2.918933507468937710e+07	3.039528255387297273e+08	4.727544906956412829e+06
2.014602809818480389e-01	6.053548634924827144e+06	2.813223559058531746e+07	2.957508184341563582e+08	4.459190716322637163e+06
2.057296576845067948e-01	5.755734477609768510e+06	2.711217759175174311e+07	2.877421190736451149e+08	4.206303355622067116e+06
2.100895116630852322e-01	5.472624889157215133e+06	2.612754592404978722e+07	2.799198802418760657e+08	3.967891558879734483e+06
2.145417603256798700e-01	5.203285670688002370e+06	2.517672017524647713e+07	2.722781647174987197e+08	3.742938523929525632e+06
2.190883617143895290e-01	4.947126407042755745e+06	2.425870132303520292e+07	2.648139997217181325e+08	3.530751918455523439e+06
2.237313153664367560e-01	4.703687685608868487e+06	2.337301500804308802e+07	2.575281151135942042e+08	3.330784888765743468e+06
2.284726631935388719e-01	4.472262956651146524e+06	2.251821807896831259e+07	2.504140216311627924e+08	3.142249952944105025e+06
2.333144903799153069e-01	4.252096920717171393e+06	2.169293118134523183e+07	2.434664920631000996e+08	2.964358761785108130e+06
2.382589262993237145e-01	4.042707319180116523e+06	2.089625784704063833e+07	2.366824487805884480e+08	2.796545551307895686e+06
2.433081454515323150e-01	3.843720623693651985e+06	2.012778777438198403e+07	2.300626962639725506e+08	2.638402231503047515e+06
2.484643684186368384e-01	3.654549606793241110e+06	1.938624903887333348e+07	2.236011524532291591e+08	2.489278925117488950e+06
2.537298628416438939e-01	3.474583600112038199e+06	1.867043720219974965e+07	2.172929380473040044e+08	2.348572410522379447e+06
2.591069444177515613e-01	3.303428703121760394e+06	1.797959563510112464e+07	2.111355259339975417e+08	2.215832425250317901e+06
2.645979779187619951e-01	3.140781131222101860e+06	1.731333810963976756e+07	2.051292394754616916e+08	2.090728443817525404e+06
2.702053782310787078e-01	2.986153113811334595e+06	1.667056304348117113e+07	1.992687142948662341e+08	1.972762443464212818e+06
2.759316114177428059e-01	2.839050920585208572e+06	1.605021149234230816e+07	1.935493286715935171e+08	1.861435910869883141e+06
2.817791958029755572e-01	2.699152818645664025e+06	1.545162692947001383e+07	1.879687709957413673e+08	1.756415293181551620e+06
2.877507030797054055e-01	2.566211702771544456e+06	1.487447630071359873e+07	1.825272757221225798e+08	1.657429615941149415e+06
2.938487594405665426e-01	2.439822619592999574e+06	1.431776710237367637e+07	1.772196961116846800e+08	1.564077510285671102e+06
3.000760467328633108e-01	2.319586391443674918e+06	1.378060760617410392e+07	1.720421473131096661e+08	1.475980855180893559e+06
3.064353036380134121e-01	2.205240251384350937e+06	1.326241304670315795e+07	1.669922287072578371e+08	1.392861100961360149e+06
3.129293268759847368e-01	2.096583105833274778e+06	1.276290358111551777e+07	1.620702791516528726e+08	1.314522277223355835e+06
3.195609724352570513e-01	1.993278977722691605e+06	1.228119215273367986e+07	1.572714995613272786e+08	1.240629104664535960e+06
3.263331568288500573e-01	1.895005123929957394e+06	1.181649785559619032e+07	1.525921088187873662e+08	1.170888708103574114e+06
3.332488583769670498e-01	1.801546939345739083e+06	1.136831995488322899e+07	1.480299664222446084e+08	1.105087289414810250e+06
3.403111185168231634e-01	1.712740724050135817e+06	1.093642077373556606e+07	1.435855586455154717e+08	1.043061030578896170e+06
3.475230431402304698e-01	1.628307885249664541e+06	1.052001439094047435e+07	1.392543228128826916e+08	9.845516453064418165e+05
3.548878039595292910e-01	1.547987472304546507e+06	1.011840614688075706e+07	1.350324850467858613e+08	9.293255271407548571e+05
3.624086399024666338e-01	1.471604221747575095e+06	9.731198848293807358e+06	1.309186961931025833e+08	8.772140217887702165e+05
3.700888585366366446e-01	1.399024830162100028e+06	9.358131082931753248e+06	1.269126274679470956e+08	8.280885986256295582e+05
3.779318375241043637e-01	1.330018411638131598e+06	8.998544591873588040e+06	1.230104299880356789e+08	7.817415937525226036e+05
3.859410261068597081e-01	1.264373973715785192e+06	8.651832236360725015e+06	1.192086692854901552e+08	7.379914794596565189e+05
3.941199466237500504e-01	1.201948390467517311e+06	8.317658335335296579e+06	1.155061848659748882e+08	6.967072454211449949e+05
4.024721960595590287e-01	1.142633065893341554e+06	7.995764460500458255e+06	1.119021831991317570e+08	6.577807331064622849e+05
4.110014476269163164e-01	1.086236761607863940e+06	7.685600567031340674e+06	1.083936177462162524e+08	6.210551370487072272e+05
4.197114523817274123e-01	1.032588871092643938e+06	7.386630159158747643e+06	1.049771094624669403e+08	5.863823642636538716e+05
4.286060408728412652e-01	9.815725167476678034e+05	7.098536173476204276e+06	1.016512490248361975e+08	5.536576089409722481e+05
4.376891248266767120e-01	9.330992023163133999e+05	6.821146431919386610e+06	9.841608182927852869e+07	5.228036055625447189e+05
4.469646988675492483e-01	8.870106087775873020e+05	6.553917315317003988e+06	9.526783226397170126e+07	4.936850559615361271e+05
4.564368422744575216e-01	8.431687819050212856e+05	6.296418370686647482e+06	9.220396927695511281e+07	4.661929303237368586e+05
4.661097207750954374e-01	8.014782829914398026e+05	6.048370542003065348e+06	8.922309884543998539e+07	4.402435254805621225e+05
4.759875883778879602e-01	7.618669651801622240e+05	5.809609171092939563e+06	8.632502992299836874e+07	4.157722855476194527e+05
4.860747892428489703e-01	7.242038353118753294e+05	5.579673720548258163e+06	8.350656252751635015e+07	3.926767203178954078e+05
4.963757595920870180e-01	6.883773349504037760e+05	5.358175237737324089e+06	8.076506999652920663e+07	3.708664881046228693e+05
5.068950296608012440e-01	6.543095354561130516e+05	5.144884548627530225e+06	7.809952071233895421e+07	3.502773018592004664e+05
5.176372256896176749e-01	6.219415958003352862e+05	4.939645363811891526e+06	7.550947589217731357e+07	3.308601050949770724e+05
5.286070719591531297e-01	5.911651892880063970e+05	4.742059662134722807e+06	7.299210856803728640e+07	3.125299619921657140e+05
5.398093928676924724e-01	5.618900973135357490e+05	4.551791649344689213e+06	7.054500491219832003e+07	2.952185031436460558e+05
5.512491150528981976e-01	5.340526917434609495e+05	4.368633329996297136e+06	6.816707369980248809e+07	2.788742647167412215e+05
5.629312695584811621e-01	5.076049641320348019e+05	4.192459640073442366e+06	6.585806660671383888e+07	2.634572970171265770e+05
5.748609940467923618e-01	4.824573791051307926e+05	4.022909154541987460e+06	6.361517856385490298e+07	2.489014332123325439e+05
5.870435350582976497e-01	4.585369705617260188e+05	3.859698067730054725e+06	6.143630556552600861e+07	2.351524281562800461e+05
5.994842503189414806e-01	4.357917882803110988e+05	3.702645607732503675e+06	5.932042624090159684e+07	2.221689923430343042e+05
6.121886110964055439e-01	4.141826475101218093e+05	3.551638944405085873e+06	5.726724009446102381e+07	2.099210875519698602e+05
6.251622046063020077e-01	3.936355820628901129e+05	3.406361802938439418e+06	5.527414647846393287e+07	1.983550156553225534e+05
6.384107364693620834e-01	3.740915742739518755e+05	3.266566760788903572e+06	5.333918177635466307e+07	1.874273587266722461e+05
6.519400332206916060e-01	3.555082108029726660e+05	3.132107624622879550e+06	5.146160323967765272e+07	1.771083196475440927e+05
6.657560448722088520e-01	3.378534949640245177e+05	3.002870345498420764e+06	4.964081861823798716e+07	1.673712011135601497e+05
6.798648475293831428e-01	3.210663548351312056e+05	2.878585882662413176e+06	4.787456926173968613e+07	1.581742574863506889e+05
6.942726460634290886e-01	3.050990496946749045e+05	2.759042905297533609e+06	4.616111348004709929e+07	1.494846568914275267e+05
7.089857768401280902e-01	2.899169540106245549e+05	2.644102226779827848e+06	4.449952266722568125e+07	1.412764650469505286e+05
7.240107105064845783e-01	2.754939294776099850e+05	2.533677831967712380e+06	4.288950034110581875e+07	1.335300370536078699e+05
7.393540548364295750e-01	2.617795769013589015e+05	2.427522863773639314e+06	4.132874296065612882e+07	1.262120518986171228e+05
7.550225576368376768e-01	2.487352732223328494e+05	2.325462349452328868e+06	3.981580396516128629e+07	1.192962992252281983e+05
7.710231097151263313e-01	2.363327516506095999e+05	2.227370308831833769e+06	3.834969793413359672e+07	1.127621377641844592e+05
7.873627479097432547e-01	2.245506513319940132e+05	2.133179146760093048e+06	3.693031023588719219e+07	1.065952024865669518e+05
8.040486581848822478e-01	2.133474017789913632e+05	2.042664748495609732e+06	3.555533505976860225e+07	1.007677836841118842e+05
8.210881787907730045e-01	2.026917519942444342e+05	1.955678384718769230e+06	3.422348172450233996e+07	9.525933086321194423e+04
8.384888034909533383e-01	1.925606276036359486e+05	1.872112948631434934e+06	3.293391239966659248e+07	9.005408811757271178e+04
8.562581848579297050e-01	1.829365595952950534e+05	1.791905779344981303e+06	3.168638517146980762e+07	8.514048507668942329e+04
8.744041376386801900e-01	1.737852898813167994e+05	1.714863201870437479e+06	3.047885318560311943e+07	8.049610905463706877e+04
8.929346421914835519e-01	1.650815170061292592e+05	1.640857449592725607e+06	2.931014228116825223e+07	7.610516402737225872e+04
9.118578479955742333e-01	1.568064087783077266e+05	1.569794824626424816e+06	2.817944852449998260e+07	7.195531815274269320e+04
9.311820772351820930e-01	1.489456771265855059e+05	1.501620871963219019e+06	2.708656298485175520e+07	6.803693030561220075e+04
9.509158284595223831e-01	1.414710948866511462e+05	1.436165447466750164e+06	2.602956034192864597e+07	6.433233853446826834e+04
9.710677803203476843e-01	1.343621823934028216e+05	1.373319672895294614e+06	2.500739500850686803e+07	6.082930930194374378e+04
9.916467953887124764e-01	1.276035674583193322e+05	1.313002345342046348e+06	2.401933018483558670e+07	5.751778709994804376e+04
1.012661924052612461e+00	1.211835586596534267e+05	1.255163664378274698e+06	2.306508944063616171e+07	5.439020378502940730e+04
1.034122408497234025e+00	1.150789101715289144e+05	1.199657628762898967e+06	2.214296985781927779e+07	5.143262970925681293e+04
1.056037686769547568e+00	1.092730415255122789e+05	1.146390325245871907e+06	2.125200128374742344e+07	4.863539800502437720e+04
1.078417396929040706e+00	1.037534049590148643e+05	1.095291692839172669e+06	2.039152001275582984e+07	4.599045626716474362e+04
1.101271381286411888e+00	9.851042962459419505e+04	1.046315294072035234e+06	1.956118639392162487e+07	4.349174074559289875e+04
1.124609690732098155e+00	9.352498224291013321e+04	9.993389524436042411e+05	1.875955959089007229e+07	4.112842259521615779e+04
1.148442589156521310e+00	8.878363545152560982e+04	9.542769924661434488e+05	1.798564436510087922e+07	3.889251590138932079e+04
1.172780557964020254e+00	8.427614668392555905e+04	9.110737275127342436e+05	1.723893609039653093e+07	3.677799042665689922e+04
1.197634300682437924e+00	7.999467792162067781e+04	8.696850767994347261e+05	1.651902969891621545e+07	3.477981874848727603e+04
1.223014747670394531e+00	7.592348896704064100e+04	8.300052612693633419e+05	1.582461089249832183e+07	3.288938291715208470e+04
1.248933060924324545e+00	7.205170231868840347e+04	7.919627504504711833e+05	1.515482679189595766e+07	3.110050427333821426e+04
1.275400638987373769e+00	6.837095688517394592e+04	7.555053747414519312e+05	1.450911352181050181e+07	2.940815778553430209e+04
1.302429121962336289e+00	6.487483061433055991e+04	7.206002395894696238e+05	1.388722783628284186e+07	2.780871743511200839e+04
1.330030396630823342e+00	6.155038153537133621e+04	6.871507814921131358e+05	1.328785594131122343e+07	2.629494860350028102e+04
1.358216601680917401e+00	5.838879419503879035e+04	6.550979307254052255e+05	1.271028702977422811e+07	2.486213764457113211e+04
1.387000133045610317e+00	5.538324236676874716e+04	6.243982302601790288e+05	1.215403650202376023e+07	2.350639229597127633e+04
1.416393649354382722e+00	5.252846197146578925e+04	5.950183369362520752e+05	1.161875450874809362e+07	2.222456374422178487e+04
1.446410077500298819e+00	4.981381687118373520e+04	5.668788076083958149e+05	1.110335061196535081e+07	2.101112022760144464e+04
1.477062618325094778e+00	4.723215903606295615e+04	5.399279633889831603e+05	1.060715107594024017e+07	1.986224882261760285e+04
1.508364752424737887e+00	4.477791424568659568e+04	5.141266131122895167e+05	1.012967978536972031e+07	1.877481211800537130e+04
1.540330246078020826e+00	4.244676518091218168e+04	4.894483163140937104e+05	9.670670725860925391e+06	1.774641482503687439e+04
1.572973157300799230e+00	4.022997455415772856e+04	4.658234352850553696e+05	9.229114838285678998e+06	1.677258234143018854e+04
1.606307842028519950e+00	3.812174238605132996e+04	4.432066084890665952e+05	8.804380767417877913e+06	1.585019020429421835e+04
1.640348960429783842e+00	3.611751499126806448e+04	4.215662026263069129e+05	8.396078091320918873e+06	1.497692158449396447e+04
1.675111483353698638e+00	3.421374938337529602e+04	4.008777492674291134e+05	8.003919258069282398e+06	1.415081811684130844e+04
1.710610698913865635e+00	3.240327019619938801e+04	3.810805381281134905e+05	7.626982706961439922e+06	1.336822153083562443e+04
1.746862219211904321e+00	3.068136688681582746e+04	3.621377145141298533e+05	7.264751230167710222e+06	1.262673889882892945e+04
1.783881987203444153e+00	2.904431699623752502e+04	3.440210932506614481e+05	6.916846154630763456e+06	1.192448633335285922e+04
1.821686283709640364e+00	2.748920977985226637e+04	3.267090278131178929e+05	6.582992978222606704e+06	1.125989215021767450e+04
1.860291734577268707e+00	2.601015358205668963e+04	3.101498944070386933e+05	6.262377451197042130e+06	1.063007189950319662e+04
1.899715317990559260e+00	2.460331717253624083e+04	2.943120359854277922e+05	5.954529441418979317e+06	1.003312053848616961e+04
1.939974371937992492e+00	2.326565366617268592e+04	2.791710004416175070e+05	5.659101871882226318e+06	9.467509731401323734e+03
1.981086601837313665e+00	2.199476800400324282e+04	2.647080105135826161e+05	5.375841361159984954e+06	8.931980279059574968e+03
2.023070088322156401e+00	2.078582091062760810e+04	2.508788562774081656e+05	5.104027036980601028e+06	8.424213924019530168e+03
2.065943295193674256e+00	1.963568936943769586e+04	2.376565370177198783e+05	4.843241630358929746e+06	7.942733007758011809e+03
2.109725077540682392e+00	1.854187357141665052e+04	2.250198774299472570e+05	4.593164798532416113e+06	7.486309801932974551e+03
2.154434690031884259e+00	1.750239656906660457e+04	2.129523146960220765e+05	4.353554125626206398e+06	7.053915413413671558e+03
2.200091795383838367e+00	1.651327902599882145e+04	2.014160843377459096e+05	4.123772635366794653e+06	6.643696182706120453e+03
2.246716473008353532e+00	1.557196508828713559e+04	1.903878746137263079e+05	3.903444163664868567e+06	6.254445168925827602e+03
2.294329227843169949e+00	1.467639415607031879e+04	1.798495974069417862e+05	3.692286889279543422e+06	5.885191902089540235e+03
2.342950999369765697e+00	1.382492461486512912e+04	1.697868026497545361e+05	3.490077185025074054e+06	5.535123993177807279e+03
2.392603170822269476e+00	1.301427318695961549e+04	1.601669520630294282e+05	3.296243634616664611e+06	5.202750513195152962e+03
2.443307578591545681e+00	1.224233316641871897e+04	1.509697719591186906e+05	3.110442511210824829e+06	4.887081889358097214e+03
2.495086521828544068e+00	1.150738894011391130e+04	1.421791853811316832e+05	2.932408338915563654e+06	4.587315390674688388e+03
2.547962772251191943e+00	1.080805851327472192e+04	1.337827624129678006e+05	2.761944670900818892e+06	4.302807202739694731e+03
2.601959584159102334e+00	1.014161308224138338e+04	1.257524372925863281e+05	2.598543296915064566e+06	4.032345475464033370e+03
2.657100704660517732e+00	9.506286887716949423e+03	1.180703828901644883e+05	2.441887996378626674e+06	3.775117189630145731e+03
2.713410384115983121e+00	8.900619791708333651e+03	1.107221074392113369e+05	2.291726249548044987e+06	3.530457945690638553e+03
2.770913386803353973e+00	8.323411207674978868e+03	1.036958796307410521e+05	2.147857610413678456e+06	3.297821241334470415e+03
2.829635001808795014e+00	7.772348512314316395e+03	9.696704082685141475e+04	2.009823908296929440e+06	3.076200714028695984e+03
2.889601054148607684e+00	7.245893568207888165e+03	9.051952850046307140e+04	1.877331290966819739e+06	2.864921133275293869e+03
2.950837916126738403e+00	6.742734147312690766e+03	8.433957526838462218e+04	1.750126628588340478e+06	2.663403256740366032e+03
3.013372518932980082e+00	6.261742161769586346e+03	7.841533694531998481e+04	1.627994401301646139e+06	2.471145860401296432e+03
3.077232364486974792e+00	5.800848524693876243e+03	7.272380920335768315e+04	1.510493844537227182e+06	2.287266055668703757e+03
3.142445537533192557e+00	5.358570459824824866e+03	6.724857192030199803e+04	1.397311431483939989e+06	2.111131431650806007e+03
3.209040717992251324e+00	4.933546581746253651e+03	6.197429166750494915e+04	1.288150576463862555e+06	1.942162951112156406e+03
3.277047193573979555e+00	4.524478858436131304e+03	5.688623404532379209e+04	1.182724714502443792e+06	1.779814819660346075e+03
3.346494872657771680e+00	4.129179733726319682e+03	5.195891612492165586e+04	1.080529500790255377e+06	1.623184219959211305e+03
3.417414297445926952e+00	3.745757286266372830e+03	4.717001099989213981e+04	9.811199998121479293e+05	1.471494701398413781e+03
3.489836657395697816e+00	3.372142759448920060e+03	4.249472544235343958e+04	8.839968049265040318e+05	1.323907248741391413e+03
3.563793802936028321e+00	3.005879094839489881e+03	3.790313282521484507e+04	7.885506426705229096e+05	1.179435993346287205e+03
3.639318259474964901e+00	2.643037185666172263e+03	3.334694607218847523e+04	6.937937050180915976e+05	1.036511234620171763e+03
3.716443241703908829e+00	2.278550902809019590e+03	2.876315782615106582e+04	5.984292610619824845e+05	8.931269987262255654e+02
3.795202668205029717e+00	1.904391536871255084e+03	2.405111462795429907e+04	5.003757233592526172e+05	7.461223296586421156e+02
3.875631176368202979e+00	1.505356944262200614e+03	1.901930047379115058e+04	3.956605293269112008e+05	5.895339225799557425e+02
3.957764137624104617e+00	1.042321984482031667e+03	1.317378696345027129e+04	2.740243479038500809e+05	4.080386390285599418e+02
4.041637673000112230e+00	2.606267249682634315e+02	3.295032210280001891e+03	6.852872725987363083e+04	1.019911708805035744e+02
4.127288669005872102e+00	nan	nan	nan	nan
4.214754793855508552e+00	nan	nan	nan	nan
4.304074514033643162e+00	nan	nan	nan	nan
4.395287111212434539e+00	nan	nan	nan	nan
4.488432699527177050e+00	nan	nan	nan	nan
4.583552243217979161e+00	nan	nan	nan	nan
4.680687574645305382e+00	nan	nan	nan	nan
4.779881412687339015e+00	nan	nan	nan	nan
4.881177381527165515e+00	nan	nan	nan	nan
4.984620029838152888e+00	nan	nan	nan	nan
5.090254850375883322e+00	nan	nan	nan	nan
5.198128299985286915e+00	nan	nan	nan	nan
5.308287820031761584e+00	nan	nan	nan	nan
5.420781857265304815e+00	nan	nan	nan	nan
5.535659885126738011e+00	nan	nan	nan	nan
5.652972425505520704e+00	nan	nan	nan	nan
5.772771070958623518e+00	nan	nan	nan	nan
5.895108507400270703e+00	nan	nan	nan	nan
6.020038537272556667e+00	nan	nan	nan	nan
6.147616103207036886e+00	nan	nan	nan	nan
6.277897312187818990e+00	nan	nan	nan	nan
6.410939460226692255e+00	nan	nan	nan	nan
6.546801057561175696e+00	nan	nan	nan	nan
6.685541854386596761e+00	nan	nan	nan	nan
6.827222867133428963e+00	nan	nan	nan	nan
6.971906405301561804e+00	nan	nan	nan	nan
7.119656098863218929e+00	nan	nan	nan	nan
7.270536926246596643e+00	nan	nan	nan	nan
7.424615242912579127e+00	nan	nan	nan	nan
7.581958810536977289e+00	nan	nan	nan	nan
7.742636826811277295e+00	nan	nan	nan	nan
7.906719955874896399e+00	nan	nan	nan	nan
8.074280359392364659e+00	nan	nan	nan	nan
8.245391728289099831e+00	nan	nan	nan	nan
8.420129315159766037e+00	nan	nan	nan	nan
8.598569967363353328e+00	nan	nan	nan	nan
8.780792160819700598e+00	nan	nan	nan	nan
8.966876034522190508e+00	nan	nan	nan	nan
9.156903425781846906e+00	nan	nan	nan	nan
9.350957906218383187e+00	nan	nan	nan	nan
9.549124818513869073e+00	nan	nan	nan	nan
9.751491313945386707e+00	nan	nan	nan	nan
9.958146390713055851e+00	nan	nan	nan	nan
1.016918093308028581e+01	nan	nan	nan	nan
1.038468775134352740e+01	nan	nan	nan	nan
1.060476162264905220e+01	nan	nan	nan	nan
1.082949933267470577e+01	nan	nan	nan	nan
1.105899971819510696e+01	nan	nan	nan	nan
1.129336371054865928e+01	nan	nan	nan	nan
1.153269438002595848e+01	nan	nan	nan	nan
1.177709698119876869e+01	nan	nan	nan	nan
1.202667899920963279e+01	nan	nan	nan	nan
1.228155019704247053e+01	nan	nan	nan	nan
1.254182266379493349e+01	nan	nan	nan	nan
1.280761086397376225e+01	nan	nan	nan	nan
1.307903168783481007e+01	nan	nan	nan	nan
1.335620450278989146e+01	nan	nan	nan	nan
1.363925120590300821e+01	nan	nan	nan	nan
1.392829627749924271e+01	nan	nan	nan	nan
1.422346683590943783e+01	nan	nan	nan	nan
1.452489269337533528e+01	nan	nan	nan	nan
1.483270641313931115e+01	nan	nan	nan	nan
1.514704336774399174e+01	nan	nan	nan	nan
1.546804179856737527e+01	nan	nan	nan	nan
1.579584287661962527e+01	nan	nan	nan	nan
1.613059076462826624e+01	nan	nan	nan	nan
1.647243268043913034e+01	nan	nan	nan	nan
1.682151896176083383e+01	nan	nan	nan	nan
1.717800313228151410e+01	nan	nan	nan	nan
1.754204196918641045e+01	nan	nan	nan	nan
1.791379557210657580e+01	nan	nan	nan	nan
1.829342743352862044e+01	nan	nan	nan	nan
1.868110451069663469e+01	nan	nan	nan	nan
1.907699729903783492e+01	nan	nan	nan	nan
1.948127990714428748e+01	nan	nan	nan	nan
1.989413013334363711e+01	nan	nan	nan	nan
2.031572954389253738e+01	nan	nan	nan	nan
2.074626355282718393e+01	nan	nan	nan	nan
2.118592150350598402e+01	nan	nan	nan	nan
2.163489675188052530e+01	nan	nan	nan	nan
2.209338675153079734e+01	nan	nan	nan	nan
2.256159314050291798e+01	nan	nan	nan	nan
2.303972182998693796e+01	nan	nan	nan	nan
2.352798309487394945e+01	nan	nan	nan	nan
2.402659166623228870e+01	nan	nan	nan	nan
2.453576682574353285e+01	nan	nan	nan	nan
2.505573250213976877e+01	nan	nan	nan	nan
2.558671736968459953e+01	nan	nan	nan	nan
2.612895494874115698e+01	nan	nan	nan	nan
2.668268370847132687e+01	nan	nan	nan	nan
2.724814717171165412e+01	nan	nan	nan	nan
2.782559402207125743e+01	nan	nan	nan	nan
2.841527821329990999e+01	nan	nan	nan	nan
2.901745908097360527e+01	nan	nan	nan	nan
2.963240145654703639e+01	nan	nan	nan	nan
3.026037578382308624e+01	nan	nan	nan	nan
3.090165823789054755e+01	nan	nan	nan	nan
3.155653084658241525e+01	nan	nan	nan	nan
3.222528161450811979e+01	nan	nan	nan	nan
3.290820464971425707e+01	nan	nan	nan	nan
3.360560029302952501e+01	nan	nan	nan	nan
3.431777525015100849e+01	nan	nan	nan	nan
3.504504272652905428e+01	nan	nan	nan	nan
3.578772256511129513e+01	nan	nan	nan	nan
3.654614138700539883e+01	nan	nan	nan	nan
3.732063273512289925e+01	nan	nan	nan	nan
3.811153722086707774e+01	nan	nan	nan	nan
3.891920267392951160e+01	nan	nan	nan	nan
3.974398429526115706e+01	nan	nan	nan	nan
4.058624481328516254e+01	nan	nan	nan	nan
4.144635464342010778e+01	nan	nan	nan	nan
4.232469205098434628e+01	nan	nan	nan	nan
4.322164331755172384e+01	nan	nan	nan	nan
4.413760291083362119e+01	nan	nan	nan	nan
4.507297365816076251e+01	nan	nan	nan	nan
4.602816692364147144e+01	nan	nan	nan	nan
4.700360278907441369e+01	nan	nan	nan	nan
4.799971023869517950e+01	nan	nan	nan	nan
4.901692734783804895e+01	nan	nan	nan	nan
5.005570147559598126e+01	nan	nan	nan	nan
5.111648946156338980e+01	nan	nan	nan	nan
5.219975782674825382e+01	nan	nan	nan	nan
5.330598297874255564e+01	nan	nan	nan	nan
5.443565142123959077e+01	nan	nan	nan	nan
5.558925996799251124e+01	nan	nan	nan	nan
5.676731596130657209e+01	nan	nan	nan	nan
5.797033749516177181e+01	nan	nan	nan	nan
5.919885364306400533e+01	nan	nan	nan	nan
6.045340469072480261e+01	nan	nan	nan	nan
6.173454237367209174e+01	nan	nan	nan	nan
6.304283011989645757e+01	nan	nan	nan	nan
6.437884329763940627e+01	nan	nan	nan	nan
6.574316946843353549e+01	nan	nan	nan	nan
6.713640864550379206e+01	nan	nan	nan	nan
6.855917355764610477e+01	nan	nan	nan	nan
7.001208991869765441e+01	nan	nan	nan	nan
7.149579670271769771e+01	nan	nan	nan	nan
7.301094642500031284e+01	nan	nan	nan	nan
7.455820542904223203e+01	nan	nan	nan	nan
7.613825417959219521e+01	nan	nan	nan	nan
7.775178756191070306e+01	nan	nan	nan	nan
7.939951518737163383e+01	nan	nan	nan	nan
8.108216170554010205e+01	nan	nan	nan	nan
8.280046712286477373e+01	nan	nan	nan	nan
8.455518712812224180e+01	nan	nan	nan	nan
8.634709342475994731e+01	nan	nan	nan	nan
8.817697407028136070e+01	nan	nan	nan	nan
9.004563382282356088e+01	nan	nan	nan	nan
9.195389449507966617e+01	nan	nan	nan	nan
9.390259531572145590e+01	nan	nan	nan	nan
9.589259329848152902e+01	nan	nan	nan	nan
9.792476361905691817e+01	nan	nan	nan	nan
