# Data associated with arXiv:2208.14002
# 
# Scale-free velocity distribution, f(E), of a nfw1-1rhos4e6 dark matter distribution (see Eq. 2.7 and the surrounding discussion)
# 
# Published: 8/25/22, Jack Runburg and Kenny Kiriu, contact: runburg@hawaii.edu
# 
# 
# -----------------------------------------------------------------
# 
# 	 tilde E 		 | 		 tilde f
# 
# -----------------------------------------------------------------
1.849274537751722771e-05	3.343165540678647041e+09
1.877382464545795606e-05	3.210123736906125069e+09
1.905917612591950095e-05	3.078854080977568626e+09
1.934886475260902980e-05	2.950154421923312187e+09
1.964295644613231543e-05	2.826492962910732746e+09
1.994151812899176896e-05	2.706264362393135071e+09
2.024461774081300221e-05	2.591150576405007362e+09
2.055232425380217612e-05	2.480934270662463188e+09
2.086470768843869556e-05	2.375405795082221031e+09
2.118183912940610334e-05	2.274365547385619164e+09
2.150379074176490720e-05	2.177623324235189438e+09
2.183063578737164942e-05	2.084997115217998505e+09
2.216244864154684821e-05	1.996311414918460608e+09
2.249930480999671030e-05	1.911397501204020262e+09
2.284128094599151472e-05	1.830095650408770800e+09
2.318845486780549261e-05	1.752252596553546906e+09
2.354090557642129312e-05	1.677720971946716309e+09
2.389871327350350747e-05	1.606359196965719223e+09
2.426195937964565605e-05	1.538033025421952486e+09
2.463072655289379604e-05	1.472613898612752914e+09
2.500509870755229276e-05	1.409977344203929901e+09
2.538516103327455986e-05	1.350004875730170727e+09
2.577100001444462336e-05	1.292583658333136082e+09
2.616270344985259917e-05	1.237604999261847019e+09
2.656036047266916665e-05	1.184965177100846291e+09
2.696406157072403872e-05	1.134564851029722214e+09
2.737389860709172213e-05	1.086307997112991095e+09
2.778996484099088311e-05	1.040103691828862071e+09
2.821235494900036785e-05	9.958651679884580374e+08
2.864116504659855916e-05	9.535084572024065256e+08
2.907649271002885101e-05	9.129531783375052214e+08
2.951843699849843051e-05	8.741230811741678715e+08
2.996709847671354877e-05	8.369449618402364254e+08
3.042257923775721682e-05	8.013483080776143074e+08
3.088498292631518098e-05	7.672656973903858662e+08
3.135441476225356609e-05	7.346327666301290989e+08
3.183098156455608759e-05	7.033880712012605667e+08
3.231479177562358363e-05	6.734724858207464218e+08
3.280595548594380563e-05	6.448292558842254877e+08
3.330458445913535000e-05	6.174044031831643581e+08
3.381079215737200941e-05	5.911462337799305916e+08
3.432469376719402151e-05	5.660050148024015427e+08
3.484640622571045718e-05	5.419331209875479937e+08
3.537604824720071714e-05	5.188851023579638004e+08
3.591374035011905364e-05	4.968175731497429609e+08
3.645960488451030284e-05	4.756887346590690613e+08
3.701376605984150374e-05	4.554585193510358334e+08
3.757634997325617963e-05	4.360888311329390407e+08
3.814748463825858710e-05	4.175430775450282693e+08
3.872730001383262166e-05	3.997861600059723258e+08
3.931592803400414855e-05	3.827845570027416348e+08
3.991350263785135291e-05	3.665061018815285563e+08
4.052015979997183729e-05	3.509200317948169708e+08
4.113603756141199586e-05	3.359969245999233127e+08
4.176127606106602426e-05	3.217085528759410381e+08
4.239601756755273748e-05	3.080279421672194600e+08
4.304040651157531837e-05	2.949292506994273067e+08
4.369458951877389032e-05	2.823876855031934381e+08
4.435871544307583357e-05	2.703795302026559114e+08
4.503293540055386054e-05	2.588821147991569936e+08
4.571740280379740665e-05	2.478737526794122756e+08
4.641227339680629484e-05	2.373336252724351287e+08
4.711770529041496808e-05	2.272417810420579016e+08
4.783385899825367291e-05	2.175791559221901894e+08
4.856089747325705670e-05	2.083275186346623600e+08
4.929898614472592487e-05	1.994693822982385457e+08
5.004829295595313553e-05	1.909879863515458703e+08
5.080898840242015050e-05	1.828673187431353927e+08
5.158124557057345823e-05	1.750920434599984884e+08
5.236524017719108729e-05	1.676474546632075608e+08
5.316115060934530913e-05	1.605194850643954575e+08
5.396915796497394420e-05	1.536946740731145740e+08
5.478944609406604467e-05	1.471601240132713020e+08
5.562220164047473403e-05	1.409034863034556806e+08
5.646761408436381700e-05	1.349129463173708320e+08
5.732587578529898826e-05	1.291771777276910394e+08
5.819718202599446859e-05	1.236853438592776507e+08
5.908173105672252215e-05	1.184270716265013814e+08
5.997972414039851301e-05	1.133924213175274581e+08
6.089136559834942928e-05	1.085718851874730289e+08
6.181686285677861397e-05	1.039563585274960995e+08
6.275642649393520028e-05	9.953711635478669405e+07
6.371027028799935066e-05	9.530580402076146007e+07
6.467861126569609328e-05	9.125443589309863746e+07
6.566166975164534534e-05	8.737536209507285058e+07
6.665966941846311231e-05	8.366124441325576603e+07
6.767283733762147961e-05	8.010506850338284671e+07
6.870140403108254842e-05	7.670012044651639462e+07
6.974560352371509775e-05	7.343996702917353809e+07
7.080567339650698313e-05	7.031844670174047351e+07
7.188185484058666182e-05	6.732966153138267994e+07
7.297439271206289759e-05	6.446796981644189358e+07
7.408353558769904378e-05	6.172796516263168305e+07
7.520953582143044254e-05	5.910446981194014102e+07
7.635264960174165062e-05	5.659252975597058982e+07
7.751313700991343928e-05	5.418740008132174611e+07
7.869126207915381197e-05	5.188453718964421749e+07
7.988729285462809664e-05	4.967959255165366828e+07
8.110150145439800609e-05	4.756840010130763799e+07
8.233416413128804353e-05	4.554697221352387965e+07
8.358556133568852326e-05	4.361149322377946973e+07
8.485597777931404458e-05	4.175830587358339876e+07
8.614570249992820658e-05	3.998390975319608301e+07
8.745502892705054243e-05	3.828495561702149361e+07
8.878425494866226133e-05	3.665823400819735974e+07
9.013368297892208740e-05	3.510067234247107804e+07
9.150362002691204998e-05	3.360932996017277241e+07
9.289437776642421650e-05	3.218139039752375335e+07
9.430627260680869651e-05	3.081415720770265907e+07
9.573962576489514155e-05	2.950504863844385371e+07
9.719476333800562988e-05	2.825159247807604820e+07
9.867201637807715094e-05	2.705142238141938299e+07
1.001717209669060764e-04	2.590227192635048181e+07
1.016942182925371961e-04	2.480197128679888695e+07
1.032398547268089886e-04	2.374844342381757870e+07
1.048089819040779196e-04	2.273969914856779575e+07
1.064019568011354726e-04	2.177383394990921766e+07
1.080191418183375066e-04	2.084902428756513819e+07
1.096609048619663380e-04	1.996352441898130253e+07
1.113276194278392214e-04	1.911566267314800620e+07
1.130196646861886137e-04	1.830383835008285567e+07
1.147374255678263767e-04	1.752651919726324454e+07
1.164812928516183199e-04	1.678223791745632142e+07
1.182516632532833395e-04	1.606958963760811277e+07
1.200489395155396799e-04	1.538722933976956271e+07
1.218735304996201884e-04	1.473386889722539485e+07
1.237258512781721522e-04	1.410827529159150831e+07
1.256063232295707435e-04	1.350926809205330163e+07
1.275153741336575413e-04	1.293571668335086666e+07
1.294534382689353530e-04	1.238653865106538869e+07
1.314209565112343795e-04	1.186069771897921711e+07
1.334183764338742813e-04	1.135720158053853735e+07
1.354461524093477601e-04	1.087510015008024499e+07
1.375047457125420263e-04	1.041348397190980986e+07
1.395946246255291075e-04	9.971482074683764949e+06
1.417162645439410979e-04	9.548260331854905933e+06
1.438701480849622781e-04	9.143020342574566603e+06
1.460567651969536644e-04	8.754997743315732107e+06
1.482766132707441932e-04	8.383460584039223380e+06
1.505301972526048584e-04	8.027707952423750423e+06
1.528180297589374606e-04	7.687068743592196144e+06
1.551406311927018740e-04	7.360900512933547609e+06
1.574985298616055215e-04	7.048588103037583642e+06
1.598922620980878552e-04	6.749542468007644638e+06
1.623223723811195198e-04	6.463199663071060553e+06
1.647894134598493763e-04	6.189019753140365705e+06
1.672939464791245933e-04	5.926485677623676136e+06
1.698365411069127000e-04	5.675102357706679963e+06
1.724177756636547114e-04	5.434395880799624138e+06
1.750382372535762147e-04	5.203912400827348232e+06
1.776985218979914357e-04	4.983217381716396660e+06
1.803992346706226205e-04	4.771894825580696575e+06
1.831409898349722453e-04	4.569546331962713040e+06
1.859244109837747806e-04	4.375790481948618777e+06
1.887501311805608059e-04	4.190262123709335458e+06
1.916187931033660563e-04	4.012611559478652198e+06
1.945310491906146737e-04	3.842503988209256902e+06
1.974875617892149894e-04	3.679618863346606493e+06
2.004890033048949431e-04	3.523649232554940507e+06
2.035360563548154107e-04	3.374301221647617407e+06
2.066294139224939127e-04	3.231293453915806953e+06
2.097697795150735604e-04	3.094356499528259505e+06
2.129578673229742651e-04	2.963232396476631518e+06
2.161944023819572732e-04	2.837674150956704747e+06
2.194801207376484550e-04	2.717445258187333122e+06
2.228157696125451206e-04	2.602319277522772551e+06
2.262021075755569967e-04	2.492079399528445676e+06
2.296399047141075460e-04	2.386518018763417378e+06
2.331299428088430645e-04	2.285436371209483594e+06
2.366730155109844126e-04	2.188644138215722516e+06
2.402699285223603039e-04	2.095959090111619560e+06
2.439214997781689344e-04	2.007206748573485296e+06
2.476285596324980659e-04	1.922220042074382305e+06
2.513919510466569606e-04	1.840839008577941917e+06
2.552125297803545093e-04	1.762910491410412826e+06
2.590911645857680592e-04	1.688287831659667660e+06
2.630287374045498601e-04	1.616830616257838905e+06
2.670261435678077762e-04	1.548404396143954247e+06
2.710842919991167214e-04	1.482880434508311795e+06
2.752041054205910152e-04	1.420135473745331634e+06
2.793865205620809202e-04	1.360051490032987436e+06
2.836324883735236125e-04	1.302515474337451858e+06
2.879429742405088658e-04	1.247419224064331967e+06
2.923189582031003771e-04	1.194659136022553546e+06
2.967614351779645056e-04	1.144136010085434886e+06
3.012714151838566780e-04	1.095754861225710949e+06
3.058499235705101817e-04	1.049424740930156084e+06
3.104980012509905027e-04	1.005058564756667009e+06
3.152167049375511482e-04	9.625729511046550469e+05
3.200071073810583375e-04	9.218880634677659255e+05
3.248702976140280924e-04	8.829274548237971030e+05
3.298073811973344354e-04	8.456179257452021120e+05
3.348194804706443165e-04	8.098893928017012076e+05
3.399077348066283826e-04	7.756747454069489613e+05
3.450733008690170319e-04	7.429097252929833485e+05
3.503173528745443096e-04	7.115328058763210429e+05
3.556410828588493583e-04	6.814850756214221474e+05
3.610457009463893612e-04	6.527101239239869174e+05
3.665324356244239372e-04	6.251539368229799438e+05
3.721025340211365248e-04	5.987647966177512426e+05
3.777572621879447443e-04	5.734931822238112800e+05
3.834979053860775294e-04	5.492916760078266962e+05
3.893257683774658650e-04	5.261148748020431958e+05
3.952421757200249783e-04	5.039193041789921117e+05
4.012484720673862573e-04	4.826633368357932195e+05
4.073460224731482331e-04	4.623071128140671644e+05
4.135362126997147131e-04	4.428124659064498846e+05
4.198204495317822433e-04	4.241428508091723197e+05
4.262001610945597352e-04	4.062632747833695030e+05
4.326767971767734883e-04	3.891402302021422074e+05
4.392518295585445647e-04	3.727416333754844964e+05
4.459267523442004199e-04	3.570367630534648779e+05
4.527030823001002664e-04	3.419962026794810663e+05
4.595823591975483789e-04	3.275917846046016202e+05
4.665661461608638667e-04	3.137965371949175606e+05
4.736560300206985800e-04	3.005846342276579817e+05
4.808536216726633792e-04	2.879313462045790511e+05
4.881605564413568198e-04	2.758129931712473044e+05
4.955784944498667832e-04	2.642069013846521848e+05
5.031091209948319485e-04	2.530913592735697748e+05
5.107541469271443700e-04	2.424455754782326985e+05
5.185153090383702980e-04	2.322496440417152771e+05
5.263943704529916489e-04	2.224845022755945974e+05
5.343931210265315474e-04	2.131318969095982029e+05
5.425133777496696534e-04	2.041743494624209125e+05
5.507569851584270685e-04	1.955951233047352289e+05
5.591258157505122218e-04	1.873781921946213697e+05
5.676217704079244454e-04	1.795082100996851805e+05
5.762467788258917841e-04	1.719704821828909917e+05
5.850027999482654457e-04	1.647509368184175983e+05
5.938918224094330177e-04	1.578361001576596464e+05
6.029158649828724207e-04	1.512130693612791074e+05
6.120769770364331216e-04	1.448694896159702039e+05
6.213772389944451080e-04	1.387935299198544817e+05
6.308187628067618785e-04	1.329738613328392676e+05
6.404036924248263530e-04	1.273996354540002212e+05
6.501342042848877456e-04	1.220604640268935327e+05
6.600125077984413937e-04	1.169463995007673511e+05
6.700408458500337885e-04	1.120479162277641153e+05
6.802214953025114124e-04	1.073558924989616207e+05
6.905567675098401269e-04	1.028615934959217993e+05
7.010490088376053735e-04	9.855665487308609590e+04
7.117006011912910919e-04	9.443306682937665028e+04
7.225139625524814452e-04	9.048315923965335242e+04
7.334915475230610301e-04	8.669958720077652833e+04
7.446358478775766355e-04	8.307531721933778317e+04
7.559493931238376371e-04	7.960361391074485437e+04
7.674347510719056221e-04	7.627802741934817459e+04
7.790945284115871963e-04	7.309238128734042402e+04
7.909313712985418599e-04	7.004076085091168352e+04
8.029479659491589117e-04	6.711750208145607030e+04
8.151470392442968383e-04	6.431718099264949706e+04
8.275313593420511801e-04	6.163460342839710211e+04
8.401037362996476932e-04	5.906479531704981491e+04
8.528670227046222449e-04	5.660299334090667980e+04
8.658241143154063804e-04	5.424463594833648676e+04
8.789779507114608070e-04	5.198535485264772433e+04
8.923315159531007785e-04	4.982096680313502293e+04
9.058878392511350271e-04	4.774746561505323189e+04
9.196499956464975704e-04	4.576101492930277163e+04
9.336211066999725722e-04	4.385794073813000432e+04
9.478043411921958147e-04	4.203472465792905132e+04
9.622029158340624508e-04	4.028799723700903996e+04
9.768200959876967293e-04	3.861453167614081030e+04
9.916591963981386242e-04	3.701123777900397545e+04
1.006723581935893954e-03	3.547515614639405248e+04
1.022016668350526989e-03	3.400345263148311642e+04
1.037541923035417528e-03	3.259341303273609446e+04
1.053302865803885284e-03	3.124243798129749121e+04
1.069303069676814412e-03	2.994803812581941747e+04
1.085546161681959871e-03	2.870782939775850537e+04
1.102035823665100224e-03	2.751952859649302263e+04
1.118775793113194715e-03	2.638094909230402482e+04
1.135769863989749334e-03	2.528999673626703952e+04
1.153021887582523922e-03	2.424466593929700684e+04
1.170535773363793469e-03	2.324303591885610513e+04
1.188315489863321032e-03	2.228326709415065488e+04
1.206365065554238945e-03	2.136359765950141809e+04
1.224688589752008549e-03	2.048234027655775571e+04
1.243290213526660089e-03	1.963787891926530574e+04
1.262174150628485184e-03	1.882866586302218639e+04
1.281344678427388936e-03	1.805321877824242620e+04
1.300806138866086436e-03	1.731011794964873479e+04
1.320562939427347929e-03	1.659800365716507076e+04
1.340619554115477603e-03	1.591557359080374226e+04
1.360980524452245870e-03	1.526158044264561977e+04
1.381650460487470746e-03	1.463482963153351193e+04
1.402634041824446292e-03	1.403417692143343447e+04
1.423936018660446881e-03	1.345852643487160276e+04
1.445561212842503109e-03	1.290682854600296923e+04
1.467514518938677461e-03	1.237807792223376237e+04
1.489800905325042255e-03	1.187131165495115602e+04
1.512425415288594496e-03	1.138560746041222592e+04
1.535393168146322084e-03	1.092008196217923614e+04
1.558709360380657093e-03	1.047388904432932213e+04
1.582379266791524930e-03	1.004621827355304413e+04
1.606408241665246766e-03	9.636293386713032305e+03
1.630801719960511646e-03	9.243370850422574222e+03
1.655565218511661140e-03	8.866738468080204257e+03
1.680704337249529830e-03	8.505714065036694592e+03
1.706224760440074300e-03	8.159644205189806598e+03
1.732132257941060380e-03	7.827902988126917080e+03
1.758432686477015517e-03	7.509890875770978710e+03
1.785131990932752001e-03	7.205033582108419068e+03
1.812236205665670747e-03	6.912780991933212135e+03
1.839751455837127306e-03	6.632606174523949448e+03
1.867683958763115748e-03	6.364004355880307230e+03
1.896040025284532592e-03	6.106492016597688234e+03
1.924826061157294431e-03	5.859605978761051119e+03
1.954048568462564677e-03	5.622902553925628126e+03
1.983714147037385876e-03	5.395956711433158489e+03
2.013829495925972563e-03	5.178361294559867019e+03
2.044401414851955683e-03	4.969726266968699747e+03
2.075436805711861326e-03	4.769677986909564424e+03
2.106942674090107621e-03	4.577858513486642551e+03
2.138926130795808841e-03	4.393924935293130147e+03
2.171394393421671211e-03	4.217548791760708809e+03
2.204354787925300908e-03	4.048415347638939693e+03
2.237814750233193140e-03	3.886223130400067475e+03
2.271781827867723653e-03	3.730683310602817073e+03
2.306263681597440617e-03	3.581519179788518613e+03
2.341268087110966959e-03	3.438465642688182470e+03
2.376802936714836681e-03	3.301268723391056938e+03
2.412876241055540542e-03	3.169685098370100604e+03
2.449496130866159280e-03	3.043481642809974346e+03
2.486670858737856284e-03	2.922435009956379872e+03
2.524408800773472392e-03	2.806331209089931235e+03
2.562718458958683845e-03	2.694965215726161205e+03
2.601608462218350012e-03	2.588140593217945025e+03
2.641087568799420186e-03	2.485669132017962056e+03
2.681164668049006074e-03	2.387370499343637675e+03
2.721848782342058994e-03	2.293071911212052328e+03
2.763149069036282667e-03	2.202607811077454699e+03
2.805074822454618148e-03	2.115819570608469803e+03
2.847635475895635669e-03	2.032555190853140175e+03
2.890840603672191651e-03	1.952669029626986230e+03
2.934699923178731192e-03	1.876021529311061840e+03
2.979223296987568246e-03	1.802478964024251127e+03
3.024420734974513861e-03	1.731913192582220518e+03
3.070302396474225426e-03	1.664201423092886216e+03
3.116878592465646431e-03	1.599225992230772363e+03
3.164159787787904510e-03	1.536874141043769669e+03
3.212156603387034213e-03	1.477037817330318830e+03
3.260879818593920461e-03	1.419613473629127611e+03
3.310340373433851274e-03	1.364501878064699213e+03
3.360549370968007182e-03	1.311607935109818072e+03
3.411518079667360051e-03	1.260840508444905481e+03
3.463257935819298756e-03	1.212112257799510189e+03
3.515780545967413240e-03	1.165339478495044432e+03
3.569097689384818136e-03	1.120441947463201359e+03
3.623221320581410197e-03	1.077342780165286058e+03
3.678163571845485813e-03	1.035968286711074597e+03
3.733936755820065588e-03	9.962478418424045685e+02
3.790553368114399097e-03	9.581137537097902168e+02
3.848026089951007631e-03	9.215011398840211996e+02
3.906367790848702497e-03	8.863478145623624869e+02
3.965591531341958360e-03	8.525941698644415965e+02
4.025710565737102183e-03	8.201830713549737766e+02
4.086738344905695500e-03	7.890597519000949660e+02
4.148688519115530278e-03	7.591717187847269770e+02
4.211574940899682866e-03	7.304686467594807482e+02
4.275411667964022430e-03	7.029022990501965751e+02
4.340212966133604085e-03	6.764264340153586090e+02
4.405993312338384732e-03	6.509967230327201833e+02
4.472767397638647592e-03	6.265706701986184726e+02
4.540550130290609866e-03	6.031075364748156744e+02
4.609356638705161893e-03	5.805682651985030134e+02
4.679202275161374949e-03	5.589154125869540621e+02
4.750102618177418946e-03	5.381130804040930116e+02
4.822073476266948260e-03	5.181268503551686990e+02
4.895130891084851013e-03	4.989237242638642442e+02
4.969291140742830397e-03	4.804720627262801145e+02
5.044570743168092994e-03	4.627415304798316242e+02
5.120986459505672342e-03	4.457030395904831153e+02
5.198555297564718194e-03	4.293287000380298650e+02
5.277294515309272765e-03	4.135917676850024236e+02
5.357221624393929474e-03	3.984665985312774410e+02
5.438354393744743685e-03	3.839286007178589557e+02
5.520710853185909796e-03	3.699541924780527324e+02
5.604309297112575021e-03	3.565207593640454888e+02
5.689168288210226174e-03	3.436066150726277328e+02
5.775306661221035406e-03	3.311909597566447019e+02
5.862743526757654110e-03	3.192538472941817531e+02
5.951498275164784565e-03	3.077761470832362534e+02
6.041590580429017678e-03	2.967395119122790561e+02
6.133040404137268115e-03	2.861263416217123563e+02
6.225867999484272636e-03	2.759197592278230218e+02
6.320093915329527169e-03	2.661035739124844781e+02
6.415739000304038209e-03	2.566622560760984584e+02
6.512824406967316140e-03	2.475809091939977407e+02
6.611371596014960043e-03	2.388452435787064019e+02
6.711402340537255505e-03	2.304415514044870577e+02
6.812938730329105505e-03	2.223566824820651391e+02
6.916003176251702897e-03	2.145780212100883659e+02
7.020618414646289697e-03	2.070934648560563005e+02
7.126807511800350124e-03	1.998914006017249676e+02
7.234593868466602552e-03	1.929606889477350080e+02
7.344001224435089611e-03	1.862906397726696923e+02
7.455053663158738540e-03	1.798709977156824209e+02
7.567775616432671076e-03	1.736919212193921567e+02
7.682191869127618505e-03	1.677439670851195501e+02
7.798327563977649167e-03	1.620180737734385445e+02
7.916208206422638630e-03	1.565055458771568055e+02
8.035859669505590955e-03	1.511980381271836791e+02
8.157308198825208301e-03	1.460875420802616418e+02
8.280580417543882341e-03	1.411663717595195635e+02
8.405703331314537050e-03	1.364271503584785989e+02
8.532704333925916762e-03	1.318627978855726042e+02
8.661611211718982239e-03	1.274665185240733507e+02
8.792452149307313988e-03	1.232317888461071789e+02
8.925255734747498948e-03	1.191523480290267685e+02
9.060050964884278427e-03	1.152221850616937786e+02
9.196867250752346901e-03	1.114355299163651551e+02
9.335734423035129542e-03	1.077868432814871085e+02
9.476682737580465615e-03	1.042708069973684815e+02
9.619742880973407642e-03	1.008823152008094581e+02
9.764945976166150218e-03	9.761646561954691492e+01
9.912323588165026025e-03	9.446855118730526613e+01
1.006190772977476160e-02	9.143405206655035045e+01
1.021373086739982457e-02	8.850862820083543170e+01
1.036782592690288496e-02	8.568811174065686487e+01
1.052422629952036448e-02	8.296850016632735958e+01
1.068296584783481711e-02	8.034594955216957146e+01
1.084407891180429358e-02	7.781676811960865336e+01
1.100760031484819372e-02	7.537741001769659022e+01
1.117356536998973318e-02	7.302446940475249448e+01
1.134200988605460307e-02	7.075467479405318727e+01
1.151297017392564556e-02	6.856488358758606694e+01
1.168648305285329043e-02	6.645207689297943432e+01
1.186258585688347578e-02	6.441335440494744091e+01
1.204131644104076276e-02	6.244592974365152571e+01
1.222271318814586484e-02	6.054712574668175762e+01
1.240681501512599406e-02	5.871437013353676093e+01
1.259366137965104229e-02	5.694519119140422703e+01
1.278329228677013707e-02	5.523721380064949216e+01
1.297574829560074056e-02	5.358815547401540158e+01
1.317107052606973638e-02	5.199582269886761310e+01
1.336930066570585565e-02	5.045810725827571019e+01
1.357048097648266838e-02	4.897298290416321009e+01
1.377465430171136151e-02	4.753850199670498711e+01
1.398186407298252984e-02	4.615279237542483770e+01
1.419215431715606206e-02	4.481405434302491386e+01
1.440556966339816974e-02	4.352055773044322251e+01
1.462215535026457902e-02	4.227063914084902052e+01
1.484195723282882504e-02	4.106269927752066451e+01
1.506502178985455812e-02	3.989520036072372733e+01
1.529139613101049636e-02	3.876666371186264826e+01
1.552112800417279788e-02	3.767566735569742775e+01
1.575426580254591508e-02	3.662084378250114725e+01
1.599085857225217983e-02	3.560087777703938627e+01
1.623095601954122405e-02	3.461450433675514660e+01
1.647460851823800282e-02	3.366050669843495058e+01
1.672186711718556817e-02	3.273771439673006967e+01
1.697278354772014872e-02	3.184500142535976508e+01
1.722741023117686440e-02	3.098128448498398058e+01
1.748580028642419959e-02	3.014552132623299840e+01
1.774800753742519430e-02	2.933670905984238075e+01
1.801408652082334486e-02	2.855388276546009152e+01
1.828409249355094496e-02	2.779611368419910633e+01
1.855808144045787214e-02	2.706250811198222905e+01
1.883611008195804071e-02	2.635220588265103814e+01
1.911823588169155388e-02	2.566437902477734312e+01
1.940451705419949172e-02	2.499823057282144489e+01
1.969501257260915933e-02	2.435299329834133530e+01
1.998978217632657595e-02	2.372792856139712825e+01
2.028888637873351580e-02	2.312232521925768225e+01
2.059238647488615542e-02	2.253549849775695435e+01
2.090034454921205209e-02	2.196678903005747330e+01
2.121282348320211938e-02	2.141556179305055707e+01
2.152988696309447031e-02	2.088120536783498693e+01
2.185159948347683775e-02	2.036313058979659729e+01
2.217802637529094067e-02	1.986077007232570679e+01
2.250923377277421616e-02	1.937357739337988249e+01
2.284528866176950557e-02	1.890102601716525754e+01
2.318625886696438348e-02	1.844260867857436637e+01
2.353221305594771148e-02	1.799783660846039979e+01
2.388322077601231358e-02	1.756623870844834556e+01
2.423935242874405288e-02	1.714736122260866225e+01
2.460067926755431927e-02	1.674076690190051409e+01
2.496727345280774779e-02	1.634603410945521773e+01
2.533920802392810451e-02	1.596275647540878850e+01
2.571655691684949716e-02	1.559054237250218478e+01
2.609939496679372292e-02	1.522901424458783204e+01
2.648779791977952727e-02	1.487780810898499695e+01
2.688184243767376830e-02	1.453657304714224452e+01
2.728160610131741617e-02	1.420497067686799042e+01
2.768716743392693122e-02	1.388267471622301130e+01
2.809860587910159233e-02	1.356937053971824980e+01
2.851600184131549559e-02	1.326475475646243574e+01
2.893943665802391901e-02	1.296853472388887241e+01
2.936899264211568009e-02	1.268042822378275147e+01
2.980475304803762576e-02	1.240016303260220809e+01
3.024680212289351799e-02	1.212747660689593054e+01
3.069522506470444626e-02	1.186211567572164149e+01
3.115010807158644437e-02	1.160383588979722802e+01
3.161153832953711440e-02	1.135240155844553378e+01
3.207960399707129873e-02	1.110758536429672816e+01
3.255439425174584678e-02	1.086916789983249920e+01
3.303599927607624859e-02	1.063693755412247555e+01
3.352451024131103408e-02	1.041069024081453875e+01
3.402001935813844802e-02	1.019022900043132651e+01
3.452261986682144540e-02	9.975364225686877973e+00
3.503240604281657872e-02	9.765908031160472902e+00
3.554947338171935561e-02	9.561676466029767951e+00
3.607392140156621269e-02	9.362532830085216418e+00
3.660583216842269033e-02	9.168307697687355429e+00
3.714532474180573529e-02	8.978788526555849359e+00
3.769248854291325224e-02	8.793852588806689852e+00
3.824742482585005710e-02	8.613373832362139382e+00
3.881023521735439685e-02	8.437191063866213980e+00
3.938102230810298920e-02	8.265168453688657380e+00
3.995988969661024709e-02	8.097173678606225167e+00
4.054694204896257953e-02	7.933078921620670521e+00
4.114228508229192394e-02	7.772760911642692783e+00
4.174602554739034049e-02	7.616100796961941199e+00
4.235827127107678197e-02	7.462983419840419685e+00
4.297913136521094857e-02	7.313298643436743518e+00
4.360871528194851243e-02	7.166941054375957521e+00
4.424713426984944187e-02	7.023807692264005809e+00
4.489450013490550034e-02	6.883798932025072759e+00
4.555092642223373262e-02	6.746819111515680589e+00
4.621652705799025873e-02	6.612777182180144209e+00
4.689141724366695241e-02	6.481585176155364891e+00
4.757571323182181733e-02	6.353157734722550742e+00
4.826953231125249294e-02	6.227413011713219149e+00
4.897299281176582114e-02	6.104272215753145936e+00
4.968621411303225655e-02	5.983659542750920934e+00
5.040931661261936064e-02	5.865502035157574845e+00
5.114242173141730213e-02	5.749729621858804762e+00
5.188565193271237747e-02	5.636274830815036552e+00
5.263913066498156212e-02	5.525072841935456225e+00
5.340298241527709211e-02	5.416061361042057598e+00
5.417733263720497100e-02	5.309180540825364503e+00
5.496230780136514976e-02	5.204372872291508578e+00
5.575803536200434063e-02	5.101583095594148354e+00
5.656464371775103001e-02	5.000758277490284343e+00
5.738226226861217749e-02	4.901847452203091038e+00
5.821102132625171482e-02	4.804801833807196942e+00
5.905105219362085517e-02	4.709574530432446338e+00
5.990248703959809295e-02	4.616120662890898174e+00
6.076545897656088907e-02	4.524397129308638910e+00
6.164010202928629778e-02	4.434362533762207903e+00
6.252655110838094277e-02	4.345977281872023923e+00
6.342494195993904349e-02	4.259203452556570291e+00
6.433541121471599011e-02	4.174004593534192509e+00
6.525809632876763966e-02	4.090345792383782708e+00
6.619313564136258821e-02	4.008193573551600331e+00
6.714066816568847740e-02	3.927515895644678956e+00
6.810083387770074492e-02	3.848282144001900384e+00
6.907377315289893460e-02	3.770463078398354817e+00
7.005962747703690929e-02	3.694030261044085162e+00
7.105853891718304227e-02	3.618956542394518916e+00
7.207065023628138334e-02	3.545216100252642999e+00
7.309610483050768548e-02	3.472784075746238042e+00
7.413504676915516622e-02	3.401636556291628199e+00
7.518762073358410680e-02	3.331750627578616175e+00
7.625397195868370559e-02	3.263104278180865681e+00
7.733424627308785326e-02	3.195676261867647305e+00
7.842859005115733473e-02	3.129446289095016098e+00
7.953715002726655103e-02	3.064394865946500790e+00
8.066007351172249651e-02	3.000502988509397895e+00
8.179750829655493827e-02	2.937752398650180119e+00
8.294960246279450833e-02	2.876125580872825882e+00
8.411650448900823140e-02	2.815605586342794453e+00
8.529836314617529613e-02	2.756175953476324825e+00
8.649532755107973425e-02	2.697820747777397443e+00
8.770754700870946052e-02	2.640524558173661607e+00
8.893517104442179300e-02	2.584272380276234848e+00
9.017834934487731213e-02	2.529049643916321255e+00
9.143723170616037399e-02	2.474842130940421381e+00
9.271196802328361686e-02	2.421635984197377578e+00
9.400270818550277019e-02	2.369417666175253956e+00
9.530960208956680557e-02	2.318173925557816428e+00
9.663279956660066061e-02	2.267891770432058696e+00
9.797245030087008144e-02	2.218558468415192664e+00
9.932870385044023642e-02	2.170161491273914667e+00
1.007017095105496862e-01	2.122688513223412343e+00
1.020916163363558976e-01	2.076127345520935030e+00
1.034985730912302559e-01	2.030465999948412037e+00
1.049227280136354745e-01	1.985692671943884990e+00
1.063642290406232593e-01	1.941795571556152566e+00
1.078232235751259704e-01	1.898763053527459777e+00
1.092998584210638363e-01	1.856583607591854257e+00
1.107942797984830530e-01	1.815245768473780386e+00
1.123066332432104686e-01	1.774738139969937345e+00
1.138370635020768268e-01	1.735049417609542122e+00
1.153857145471308132e-01	1.696168311567401998e+00
1.169527294695389963e-01	1.658083592663371464e+00
1.185382503704831697e-01	1.620784088254215716e+00
1.201424183726175487e-01	1.584258621994810712e+00
1.217653734956807288e-01	1.548496041260196021e+00
1.234072546185268487e-01	1.513485261077925692e+00
1.250681993284939175e-01	1.479215195922132464e+00
1.267483439731717787e-01	1.445674763549285924e+00
1.284478234579380374e-01	1.412852912573342223e+00
1.301667712660990184e-01	1.380738599361160945e+00
1.319053193413611269e-01	1.349320799220712130e+00
1.336635979732724300e-01	1.318588514145724755e+00
1.354417357991147819e-01	1.288530746249066272e+00
1.372398596455796926e-01	1.259136532647617601e+00
1.390580944760126392e-01	1.230394922451919282e+00
1.408965633397091799e-01	1.202294992066710311e+00
1.427553872114400157e-01	1.174825837578408860e+00
1.446346850089509639e-01	1.147976587105894897e+00
1.465345734002327371e-01	1.121736407277408532e+00
1.484551667866867986e-01	1.096094500523381088e+00
1.503965771904008930e-01	1.071040108215879139e+00
1.523589141573605255e-01	1.046562509762694493e+00
1.543422847258438257e-01	1.022651029183488047e+00
1.563467932365144031e-01	9.992950626468382058e-01
1.583725413355731304e-01	9.764840478110892175e-01
1.604196278140408161e-01	9.542074782741355454e-01
1.624881485814434479e-01	9.324549336942588029e-01
1.645781965032607486e-01	9.112160411900545043e-01
1.666898613846743149e-01	8.904805133357297509e-01
1.688232297970308771e-01	8.702381369285733248e-01
1.709783850708197217e-01	8.504787833102116501e-01
1.731554071127174854e-01	8.311923992010528117e-01
1.753543723939325061e-01	8.123690297937944393e-01
1.775753538426536882e-01	7.939988118090435254e-01
1.798184206337077040e-01	7.760719903847499435e-01
1.820836382892290217e-01	7.585788881051054311e-01
1.843710684711453718e-01	7.415099379755452080e-01
1.866807688664599563e-01	7.248556919229250939e-01
1.890127931772208891e-01	7.086067961554828321e-01
1.913671909892356582e-01	6.927540174789659222e-01
1.937440076380539389e-01	6.772882331567944281e-01
1.961432842039296520e-01	6.622004380472947815e-01
1.985650573806517771e-01	6.474817477170322633e-01
2.010093593434265635e-01	6.331234046747983291e-01
2.034762177478287581e-01	6.191167535031966151e-01
2.059656556004677841e-01	6.054532867533545248e-01
2.084776911306985558e-01	5.921246151918251321e-01
2.110123377923767141e-01	5.791224720952267147e-01
2.135696041381947297e-01	5.664387226188808411e-01
2.161494936973943903e-01	5.540653645812111394e-01
2.187520049787994858e-01	5.419945216536395938e-01
2.213771313508992034e-01	5.302184493629190642e-01
2.240248609278114589e-01	5.187295406057351732e-01
2.266951765719097678e-01	5.075203132086214541e-01
2.293880557818908372e-01	4.965834194293242687e-01
2.321034705891037997e-01	4.859116494732276803e-01
2.348413875679103702e-01	4.754979211503041481e-01
2.376017676856415906e-01	4.653352869020556670e-01
2.403845663151618073e-01	4.554169303649208689e-01
2.431897331280939711e-01	4.457361710531937415e-01
2.460172120063741086e-01	4.362864655031250538e-01
2.488669410816584382e-01	4.270613910067542762e-01
2.517388525996899773e-01	4.180546670892321681e-01
2.546328728789313822e-01	4.092601398740663421e-01
2.575489223532254623e-01	4.006717836493939866e-01
2.604869153840216889e-01	3.922837128816930585e-01
2.634467603050695828e-01	3.840901689403326547e-01
2.664283593988984733e-01	3.760855197772213776e-01
2.694316087965987205e-01	3.682642655957537037e-01
2.724563985248364406e-01	3.606210351549120618e-01
2.755026123949128602e-01	3.531505859672957048e-01
2.785701280546168390e-01	3.458478013738257584e-01
2.816588169361550764e-01	3.387076932944307894e-01
2.847685442009970092e-01	3.317254018749857258e-01
2.878991688140686844e-01	3.248961915413516865e-01
2.910505434321126184e-01	3.182154537405912365e-01
2.942225144903850564e-01	3.116787015609938094e-01
2.974149221625259631e-01	3.052815766139705955e-01
3.006276003201342473e-01	2.990198431393882306e-01
3.038603766235043468e-01	2.928893875615175557e-01
3.071130724912751186e-01	2.868862182667919480e-01
3.103855030707775020e-01	2.810064696969728493e-01
3.136774773444752640e-01	2.752463924957327390e-01
3.169887981101192631e-01	2.696023596886056861e-01
3.203192619632525551e-01	2.640708686058096388e-01
3.236686594177185516e-01	2.586485272060006224e-01
3.270367748826562559e-01	2.533320674040355214e-01
3.304233867324132823e-01	2.481183376617730196e-01
3.338282672911749294e-01	2.430043036973381365e-01
3.372511829711615228e-01	2.379870428953411443e-01
3.406918942806772543e-01	2.330637493595016929e-01
3.441501558384397752e-01	2.282317308130719369e-01
3.476257165212838784e-01	2.234884037782703947e-01
3.511183194860186263e-01	2.188312997165063334e-01
3.546277021997809031e-01	2.142580465134816536e-01
3.581535966062180387e-01	2.097663963720104996e-01
3.616957291028237154e-01	2.053541951723102665e-01
3.652538207071517884e-01	2.010193922842595515e-01
3.688275871059785715e-01	1.967600395755295106e-01
3.724167387244707861e-01	1.925742887409760684e-01
3.760209808502690820e-01	1.884603850253900315e-01
3.796400137528104235e-01	1.844166684221919539e-01
3.832735327013592208e-01	1.804415708858970180e-01
3.869212281691412625e-01	1.765336105923260013e-01
3.905827858840926758e-01	1.726913911665909906e-01
3.942578869537939901e-01	1.689135989931639104e-01
3.979462079710665012e-01	1.651989982899494114e-01
4.016474211669507910e-01	1.615464284840923137e-01
4.053611945060778821e-01	1.579548016583443015e-01
4.090871917878539099e-01	1.544230986600725886e-01
4.128250728333420771e-01	1.509503647217947386e-01
4.165744935878450406e-01	1.475357057997906673e-01
4.203351062183675046e-01	1.441782851007947508e-01
4.241065593329045313e-01	1.408773211651026258e-01
4.278884980222193435e-01	1.376320813206107774e-01
4.316805640907687147e-01	1.344418783977465170e-01
4.354823961590058023e-01	1.313060678680368909e-01
4.392936297734820750e-01	1.282240459152886869e-01
4.431138976336164714e-01	1.251952403600078978e-01
4.469428297024153895e-01	1.222191131189400426e-01
4.507800533127667708e-01	1.192951532363227818e-01
4.546251934092550573e-01	1.164228729146600666e-01
4.584778726596556719e-01	1.136018068082889076e-01
4.623377115641370549e-01	1.108315085568527397e-01
4.662043287045257167e-01	1.081115447228420123e-01
4.700773408572381795e-01	1.054414934252611430e-01
4.739563631051297854e-01	1.028209446732374771e-01
4.778410090909013253e-01	1.002494927974547090e-01
4.817308911311146136e-01	9.772673723013367009e-02
4.856256203305191477e-01	9.525228081147514569e-02
4.895248068360630311e-01	9.282572296339182405e-02
4.934280599517053556e-01	9.044666461260300605e-02
4.973349882552879353e-01	8.811470143107322239e-02
5.012451998492269967e-01	8.582942497309005436e-02
5.051583024760717411e-01	8.359041855870537330e-02
5.090739036380835802e-01	8.139726125512639077e-02
5.129916108405006003e-01	7.924952050528216718e-02
5.169110317080037875e-01	7.714675597447734345e-02
5.208317741070258577e-01	7.508851729661673857e-02
5.247534463881678990e-01	7.307434443164910476e-02
5.286756574514502871e-01	7.110376487212086150e-02
5.325980169837432054e-01	6.917629670909784811e-02
5.365201355551988405e-01	6.729144629126525279e-02
5.404416247724276312e-01	6.544871056026603517e-02
5.443620974738688778e-01	6.364757266115748935e-02
5.482811678445749237e-01	6.188750781937939899e-02
5.521984515675983918e-01	6.016798026811573386e-02
5.561135659748145388e-01	5.848844187363192587e-02
5.600261301763745925e-01	5.684834290038726090e-02
5.639357651908196711e-01	5.524711698443399849e-02
5.678420941987839532e-01	5.368419150801364420e-02
5.717447424772621467e-01	5.215898772995083976e-02
5.756433377069446466e-01	5.067091975851156088e-02
5.795375099934186869e-01	4.921939492287538687e-02
5.834268920881660048e-01	4.780381546492553507e-02
5.873111194176148242e-01	4.642357897864304167e-02
5.911898302939007088e-01	4.507807861679758582e-02
5.950626659999939116e-01	4.376670465355367995e-02
5.989292708592429682e-01	4.248884530428067435e-02
6.027892924401047070e-01	4.124388603951055499e-02
6.066423816226523824e-01	4.003121178061605501e-02
6.104881926629556199e-01	3.885020739340141332e-02
6.143263833863534806e-01	3.770025729435075301e-02
6.181566152465036712e-01	3.658074727675441479e-02
6.219785533776056585e-01	3.549106508943709881e-02
6.257918667815239866e-01	3.443059985542082369e-02
6.295962283750259347e-01	3.339874394418222009e-02
6.333913150317307394e-01	3.239489339572377419e-02
6.371768077608073177e-01	3.141844734448622639e-02
6.409523917430952622e-01	3.046880968855406394e-02
6.447177563637271902e-01	2.954538947182462627e-02
6.484725953799994613e-01	2.864760030167941285e-02
6.522166069472796757e-01	2.777486181672996282e-02
6.559494936435626977e-01	2.692659999750519201e-02
6.596709626238509427e-01	2.610224660381815082e-02
6.633807256370672922e-01	2.530124047133265955e-02
6.670784990439768691e-01	2.452302766794040370e-02
6.707640039553295352e-01	2.376706105648790021e-02
6.744369662412366129e-01	2.303280128971948656e-02
6.780971165438529624e-01	2.231971694133257772e-02
6.817441904071648295e-01	2.162728430109871203e-02
6.853779282283812835e-01	2.095498788827028849e-02
6.889980753785247547e-01	2.030232039294601123e-02
6.926043821809642065e-01	1.966878311357788192e-02
6.961966039419589247e-01	1.905388590740188237e-02
6.997745010366066554e-01	1.845714701022206986e-02
7.033378388765280098e-01	1.787809351896687063e-02
7.068863879538910266e-01	1.731626117333383980e-02
7.104199238912201064e-01	1.677119459599651224e-02
7.139382273738166251e-01	1.624244761751053243e-02
7.174410842262693988e-01	1.572958234103262812e-02
7.209282855014507163e-01	1.523216957768690032e-02
7.243996272939027259e-01	1.474978958121297284e-02
7.278549109183404253e-01	1.428203126231099469e-02
7.312939428023441657e-01	1.382849216002433705e-02
7.347165345651349710e-01	1.338877845842455401e-02
7.381225029817195527e-01	1.296250515180904193e-02
7.415116699373173192e-01	1.254929592417773632e-02
7.448838625111744438e-01	1.214878286142979762e-02
7.482389128549644663e-01	1.176060663138307240e-02
7.515766582818882435e-01	1.138441609218967740e-02
7.548969412067497720e-01	1.101986852005833704e-02
7.581996090844289604e-01	1.066662950108674020e-02
7.614845144774515795e-01	1.032437242751476150e-02
7.647515149910649734e-01	9.992778826980779766e-03
7.680004732025969005e-01	9.671538212683798014e-03
7.712312567261465635e-01	9.360347651614895487e-03
7.744437381239234197e-01	9.058911814723217062e-03
7.776377949068569162e-01	8.766943063706809924e-03
7.808133094397119445e-01	8.484161169813200440e-03
7.839701690011439128e-01	8.210292949527419476e-03
7.871082657013984685e-01	7.945072477709376468e-03
7.902274963982283129e-01	7.688240949956091051e-03
7.933277627512216323e-01	7.439546206637239444e-03
7.964089711346001854e-01	7.198742970169847398e-03
7.994710325504669202e-01	6.965592651108044701e-03
8.025138626748311577e-01	6.739862950760189438e-03
8.055373817699214012e-01	6.521328007554968650e-03
8.085415145949070848e-01	6.309768244509118135e-03
8.115261904519763814e-01	6.104970108242253196e-03
8.144913430393116993e-01	5.906725994930455553e-03
8.174369104867449387e-01	5.714834094026650414e-03
8.203628352609855234e-01	5.529098323590489125e-03
8.232690640962256889e-01	5.349328191006239019e-03
8.261555480000331020e-01	5.175338558221325748e-03
8.290222421514391593e-01	5.006949670750962707e-03
8.318691058383315129e-01	4.843986983739724875e-03
8.346961024582425503e-01	4.686280888444022477e-03
8.375031994243169464e-01	4.533666763769221043e-03
8.402903681001639979e-01	4.385984824428619880e-03
8.430575837797376071e-01	4.243080010815190525e-03
8.458048255554023731e-01	4.104801764742945121e-03
8.485320764128863047e-01	3.971003947542099330e-03
8.512393229582848608e-01	3.841544906656073257e-03
8.539265555555931586e-01	3.716287114780302426e-03
8.565937681450098706e-01	3.595097192992674582e-03
8.592409582250166711e-01	3.477845805445163498e-03
8.618681268040400134e-01	3.364407490117825045e-03
8.644752783033411436e-01	3.254660581923694927e-03
8.670624205561060505e-01	3.148487096402971704e-03
8.696295646851863737e-01	3.045772705350843681e-03
8.721767250558738471e-01	2.946406562369499431e-03
8.747039192651491213e-01	2.850281160722373860e-03
8.772111680197700601e-01	2.757292379530513517e-03
8.796984950818271809e-01	2.667339299202465229e-03
8.821659272668099794e-01	2.580324062917070584e-03
8.846134943156740427e-01	2.496151928926711432e-03
8.870412288430825631e-01	2.414731082063984336e-03
8.894491663371751899e-01	2.335972521493278643e-03
8.918373450276938508e-01	2.259790101311142871e-03
8.942058058391094688e-01	2.186100359285941992e-03
8.965545923896273139e-01	2.114822396481056462e-03
8.988837508571757562e-01	2.045877944267707194e-03
9.011933299364383032e-01	1.979191172073003352e-03
9.034833808439818315e-01	1.914688614383708732e-03
9.057539571660924160e-01	1.852299191331764627e-03
9.080051148440643205e-01	1.791954056566703694e-03
9.102369121536921792e-01	1.733586520232357261e-03
9.124494095767667901e-01	1.677132078931710792e-03
9.146426697713061493e-01	1.622528262562676279e-03
9.168167575576224859e-01	1.569714567868224497e-03
9.189717397982870573e-01	1.518632473613562009e-03
9.211076853649101670e-01	1.469225333702222974e-03
9.232246651047245622e-01	1.421438302407137437e-03
9.253227517510808076e-01	1.375218307416491235e-03
9.274020199075243553e-01	1.330513976723310269e-03
9.294625459587187999e-01	1.287275621929071879e-03
9.315044080178336294e-01	1.245455158154460361e-03
9.335276859094869817e-01	1.205006031180596952e-03
9.355324610950644937e-01	1.165883202086211851e-03
9.375188166046810601e-01	1.128043111273094052e-03
9.394868370275747393e-01	1.091443620325634710e-03
9.414366083827555576e-01	1.056043940236942773e-03
9.433682182174053521e-01	1.021804582904435078e-03
9.452817553888256397e-01	9.886873947430501255e-04
9.471773101164139286e-01	9.566554681214562523e-04
9.490549739068206980e-01	9.256730823642109500e-04
9.509148394942670279e-01	8.957056738728544397e-04
9.527570008610692920e-01	8.667198215137363309e-04
9.545815530556330808e-01	8.386832139927897492e-04
9.563885923085693186e-01	8.115645681263157106e-04
9.581782158761020796e-01	7.853336454661714351e-04
9.599505220154265217e-01	7.599612072339120752e-04
9.617056099987121298e-01	7.354189449630114299e-04
9.634435800010935358e-01	7.116795134615666683e-04
9.651645330731305483e-01	6.887164533583478489e-04
9.668685711543099082e-01	6.665041633534982092e-04
9.685557969621072516e-01	6.450179071445729002e-04
9.702263139685954885e-01	6.242337565139858668e-04
9.718802264170662841e-01	6.041285506908617266e-04
9.735176392072065754e-01	5.846799262120427757e-04
9.751386578816438888e-01	5.658662476644410856e-04
9.767433886259294651e-01	5.476665629766875503e-04
9.783319382222345206e-01	5.300606442977981144e-04
9.799044139069401638e-01	5.130289461398154826e-04
9.814609235132202292e-01	4.965525205128324196e-04
9.830015753351509789e-01	4.806130714963104057e-04
9.845264780348964573e-01	4.651929349860189065e-04
9.860357407580877531e-01	4.502749775253717568e-04
9.875294730153171274e-01	4.358426605631723905e-04
9.890077845933697986e-01	4.218800094935029545e-04
9.904707856666860044e-01	4.083715453497542710e-04
9.919185866484049319e-01	3.953023211247149718e-04
9.933512981946844844e-01	3.826578806002311410e-04
9.947690312268251400e-01	3.704242406711140629e-04
9.961718967932490232e-01	3.585878937322802950e-04
9.975600061564883214e-01	3.471357678021695973e-04
9.989334707045551820e-01	3.360552261596378722e-04
1.000292401902122430e+00	3.253340595518105171e-04
1.001636911345700209e+00	3.149604538496952183e-04
1.002967110643728565e+00	3.049229894811693689e-04
1.004283111470294365e+00	2.952106164963775627e-04
1.005585025512484076e+00	2.858126616260509099e-04
1.006872964388149327e+00	2.767188221366328766e-04
1.008147039703656711e+00	2.679191050103941867e-04
1.009407363053841156e+00	2.594038471786019656e-04
1.010654045878764729e+00	2.511637265423763855e-04
1.011887199563720197e+00	2.431897284340676414e-04
1.013106935301868683e+00	2.354731332828460637e-04
1.014313364213230262e+00	2.280054985665405469e-04
1.015506597205486639e+00	2.207786764253045824e-04
1.016686744994478309e+00	2.137847831045479622e-04
1.017853918132426427e+00	2.070161889446194697e-04
1.019008226910142589e+00	2.004655301334186488e-04
1.020149781369972253e+00	1.941256781761527836e-04
1.021278691346701573e+00	1.879897413081447306e-04
1.022395066317083101e+00	1.820510630993020648e-04
1.023499015534359957e+00	1.763031902801371286e-04
1.024590647941135080e+00	1.707398955491455487e-04
1.025670072086301676e+00	1.653551664410816524e-04
1.026737396250080980e+00	1.601431692504343206e-04
1.027792728342937556e+00	1.550982677518016311e-04
1.028836175897068106e+00	1.502150247975854100e-04
1.029867846040521728e+00	1.454881742153616873e-04
1.030887845561885507e+00	1.409126169013612479e-04
1.031896280799319943e+00	1.364834343616525632e-04
1.032893257663217934e+00	1.321958663394796917e-04
1.033878881678312434e+00	1.280453020506704706e-04
1.034853257889154499e+00	1.240272936819052617e-04
1.035816490875944851e+00	1.201375363716197185e-04
1.036768684797052531e+00	1.163718609886970463e-04
1.037709943299318871e+00	1.127262451847772031e-04
1.038640369539589603e+00	1.091967930027157557e-04
1.039560066225331481e+00	1.057797385674898047e-04
1.040469135482994023e+00	1.024714428553777102e-04
1.041367679001945712e+00	9.926837915171116556e-05
1.042255797905819348e+00	9.616714215269055459e-05
1.043133592793135778e+00	9.316443882653780188e-05
1.044001163739231242e+00	9.025708153478420039e-05
1.044858610252710873e+00	8.744198885913908215e-05
1.045706031309486139e+00	8.471618178625757618e-05
1.046543525298193389e+00	8.207677753914628671e-05
1.047371190072019287e+00	7.952098721549629237e-05
1.048189122885984981e+00	7.704611352491756910e-05
1.048997420442824069e+00	7.464955140453945627e-05
1.049796178804245361e+00	7.232877741934930346e-05
1.050585493533095605e+00	7.008134590777511557e-05
1.051365459527793700e+00	6.790489867802226322e-05
1.052136171105159335e+00	6.579715606518596880e-05
1.052897721978305778e+00	6.375590762262248754e-05
1.053650205247862237e+00	6.177901729722066863e-05
1.054393713411031941e+00	5.986441939958273196e-05
1.055128338325963755e+00	5.801011411184128211e-05
1.055854171268888697e+00	5.621416537361708391e-05
1.056571302866187612e+00	5.447470485762418590e-05
1.057279823106907157e+00	5.278992362101546349e-05
1.057979821384039454e+00	5.115806803079122629e-05
1.058671386439230311e+00	4.957744637726611305e-05
1.059354606362532092e+00	4.804642064365437622e-05
1.060029568648173770e+00	4.656340265463860281e-05
1.060696360126474280e+00	4.512686070592027414e-05
1.061355066971116923e+00	4.373531170061701863e-05
1.062005774757873500e+00	4.238731707111538841e-05
1.062648568389063852e+00	4.108148977547181546e-05
1.063283532110246954e+00	3.981648646265490733e-05
1.063910749563548475e+00	3.859100369973252710e-05
1.064530303715095938e+00	3.740378594932789813e-05
1.065142276869367466e+00	3.625361522024613952e-05
1.065746750734608561e+00	3.513931136875991448e-05
1.066343806325821708e+00	3.405973657478408325e-05
1.066933524012428247e+00	3.301378794773123610e-05
1.067515983552701941e+00	3.200039537907549322e-05
1.068091264021758358e+00	3.101852835590418060e-05
1.068659443845725088e+00	3.006718730004808265e-05
1.069220600837136104e+00	2.914540242207906817e-05
1.069774812134587139e+00	2.825223890003494050e-05
1.070322154230998191e+00	2.738679145812597437e-05
1.070862702987867898e+00	2.654818286186503469e-05
1.071396533605792456e+00	2.573556399391508089e-05
1.071923720667800950e+00	2.494811382242457485e-05
1.072444338084569626e+00	2.418503738576306751e-05
1.072958459153201316e+00	2.344556484664639815e-05
1.073466156524475856e+00	2.272895201906890454e-05
1.073967502189197232e+00	2.203447873118691787e-05
1.074462567538099655e+00	2.136144624667044224e-05
1.074951423310868126e+00	2.070918103881075781e-05
1.075434139580303761e+00	2.007702931678372597e-05
1.075910785876337705e+00	1.946435542777321035e-05
1.076381431029530766e+00	1.887054811183183859e-05
1.076846143265598466e+00	1.829501594235922559e-05
1.077304990183790556e+00	1.773718516315327977e-05
1.077758038752297143e+00	1.719649947174352203e-05
1.078205355355558392e+00	1.667241983697533407e-05
1.078647005728480490e+00	1.616442654846599172e-05
1.079083054997806101e+00	1.567201591257774186e-05
1.079513567688774378e+00	1.519470012047321358e-05
1.079938607698451847e+00	1.473200613666050609e-05
1.080358238351784239e+00	1.428347584081628242e-05
1.080772522347235975e+00	1.384866726245743941e-05
1.081181521770130161e+00	1.342715191881028212e-05
1.081585298149578156e+00	1.301851295830136898e-05
1.081983912391070612e+00	1.262234972053720628e-05
1.082377424797285270e+00	1.223827316358024166e-05
1.082765895126037936e+00	1.186590473717035177e-05
1.083149382517339721e+00	1.150488094625502116e-05
1.083527945520954328e+00	1.115484887078390691e-05
1.083901642137716337e+00	1.081546384610862475e-05
1.084270529810874795e+00	1.048639536837825211e-05
1.084634665324748504e+00	1.016732458401530617e-05
1.084994104985260721e+00	9.857938700601933247e-06
1.085348904507355439e+00	9.557935699184248735e-06
1.085699119032732973e+00	9.267025955651484999e-06
1.086044803134940784e+00	8.984926420534077843e-06
1.086386010884295761e+00	8.711363454599760237e-06
1.086722795719561319e+00	8.446072915381941997e-06
1.087055210613496747e+00	8.188797353048933396e-06
1.087383307947317634e+00	7.939288800745789194e-06
1.087707139565728509e+00	7.697306269836898788e-06
1.088026756815579033e+00	7.462616379118014286e-06
1.088342210448213887e+00	7.234994228389725789e-06
1.088653550738347908e+00	7.014220621574618530e-06
1.088960827408407050e+00	6.800083221034794769e-06
1.089264089677773661e+00	6.592376485873600045e-06
1.089563386244078780e+00	6.390902095337106999e-06
1.089858765261426443e+00	6.195468084766483575e-06
1.090150274406556763e+00	6.005886483895324574e-06
1.090437960861464939e+00	5.821976569065705549e-06
1.090721871251700392e+00	5.643564752151800684e-06
1.091002051729339728e+00	5.470480251940220135e-06
1.091278548002011961e+00	5.302557244817916373e-06
1.091551405217763282e+00	5.139636907548884166e-06
1.091820668088435031e+00	4.981565464225322578e-06
1.092086380772357979e+00	4.828193629847540604e-06
1.092348587031708007e+00	4.679375131586190141e-06
1.092607330100236807e+00	4.534970055403496953e-06
1.092862652741337648e+00	4.394842319797372815e-06
1.093114597280851141e+00	4.258859142366119210e-06
1.093363205559277906e+00	4.126893018913465861e-06
1.093608518943381958e+00	3.998819633842594609e-06
1.093850578390578088e+00	3.874518830894735976e-06
1.094089424330327853e+00	3.753874655125736358e-06
1.094325096810664144e+00	3.636773260153114805e-06
1.094557635417612529e+00	3.523104538887138197e-06
1.094787079288341847e+00	3.412763256223488241e-06
1.095013467101219273e+00	3.305646236841382564e-06
1.095236837145245001e+00	3.201652957493366316e-06
1.095457227256523280e+00	3.100687019904526413e-06
1.095674674821346839e+00	3.002654509133755087e-06
1.095889216858024540e+00	2.907463531921599442e-06
1.096100889927568822e+00	2.815026251061398647e-06
1.096309730163961493e+00	2.725256961559157392e-06
1.096515773339040267e+00	2.638071671753228744e-06
1.096719054782318903e+00	2.553389978254575166e-06
1.096919609408029572e+00	2.471133718031014178e-06
1.097117471773582320e+00	2.391225997212912997e-06
1.097312676008479038e+00	2.313593325398366792e-06
1.097505255842093019e+00	2.238163756046759440e-06
1.097695244662320047e+00	2.164867363417869833e-06
1.097882675398830443e+00	2.093636734677200522e-06
1.098067580668392385e+00	2.024405589689694771e-06
1.098249992675606634e+00	1.957109753226793903e-06
1.098429943252545948e+00	1.891687086261702884e-06
1.098607463874494927e+00	1.828076840357526857e-06
1.098782585628194974e+00	1.766220096597084086e-06
1.098955339254553021e+00	1.706059067386018453e-06
1.099125755137257965e+00	1.647537753755744127e-06
1.099293863279648731e+00	1.590601799422101853e-06
1.099459693346241274e+00	1.535197663345355055e-06
1.099623274669319750e+00	1.481273324955786806e-06
1.099784636176680319e+00	1.428777982533274101e-06
1.099943806546482827e+00	1.377661052892296820e-06
1.100100814046669706e+00	1.327874033307388214e-06
1.100255686628919261e+00	1.279369245381878360e-06
1.100408451912029184e+00	1.232099389260260649e-06
1.100559137182694824e+00	1.186018083979319810e-06
1.100707769411237047e+00	1.141079610803782293e-06
1.100854375221932857e+00	1.097238574931534237e-06
1.100998980960261164e+00	1.054449751669254674e-06
1.101141612626333810e+00	1.012668701909411551e-06
1.101282295898515562e+00	9.718507596750763230e-07
1.101421056182257274e+00	9.319506509626500388e-07
1.101557918552113824e+00	8.929234554667231121e-07
1.101692907764032503e+00	8.547233444690194281e-07
1.101826048315031947e+00	8.173030391962195288e-07
1.101957364382172511e+00	7.806145196712650688e-07
1.102086879829322630e+00	7.446078312393844963e-07
1.102214618275421110e+00	7.092300614031437579e-07
1.102340603022440746e+00	6.744258254257475921e-07
1.102464857074626270e+00	6.401352828927001975e-07
1.102587403196358951e+00	6.062929557804791172e-07
1.102708263846251091e+00	5.728267574705809231e-07
1.102827461190646119e+00	5.391450137231924643e-07
1.102945017174792541e+00	5.061883395656793782e-07
1.103060953431771241e+00	4.733206847155552744e-07
1.103175291327349150e+00	4.404075218466142134e-07
1.103288052000851671e+00	4.072803729258308913e-07
1.103399256297357356e+00	3.737215846898884991e-07
1.103508924801196445e+00	3.394364178803648056e-07
1.103617077874005314e+00	3.040038637811745537e-07
1.103723735601190192e+00	2.667798713340764839e-07
1.103828917814961397e+00	2.266750830138654991e-07
1.103932644114524964e+00	1.815546187711201381e-07
1.104034933842148014e+00	1.258726744801602802e-07
1.104135806118946572e+00	0.000000000000000000e+00
