# Data associated with arXiv:2208.14002
# 
# Scale-free J-factor angular distribution, J_S(theta), of a nfw1-1rhos4e6 dark matter distribution (see Eq. 2.4 and the surrounding discussion)
# 
# Published: 8/25/22, Jack Runburg and Kenny Kiriu, contact: runburg@hawaii.edu
# 
# 
# -----------------------------------------------------------------
# 
# 	 tilde theta 		 | 	 tilde J s-wave 		 | 	 tilde J p-wave 		 | 	 tilde J d-wave 		 | 	 tilde J sommerfeld 
# 
# -----------------------------------------------------------------
1.000000000000000021e-03	1.914534474792851601e+06	4.587375875365931279e+04	2.915189325144109171e+04	3.748813986503467709e+07
1.021192151037671062e-03	1.886278274563986342e+06	4.563388653064895334e+04	2.907654813594253574e+04	3.676467720571123064e+07
1.042833409340945643e-03	1.857424320542668691e+06	4.538836806515046192e+04	2.899938244297144047e+04	3.602665122318426520e+07
1.064933292458827233e-03	1.827980600952942856e+06	4.513720952416572254e+04	2.892039328927652605e+04	3.527434918120688945e+07
1.087501519637659123e-03	1.797958048843323952e+06	4.488043635787517997e+04	2.883958347013135426e+04	3.450814207570898533e+07
1.110548016095517111e-03	1.767371011756551918e+06	4.461809673870412371e+04	2.875696252348979033e+04	3.372849763984195143e+07
1.134082917387199208e-03	1.736237822223089868e+06	4.435026582305512420e+04	2.867254806088537953e+04	3.293599606884711981e+07
1.158116573861711456e-03	1.704581504042709246e+06	4.407705115686761565e+04	2.858636747353491228e+04	3.213134937327544019e+07
1.182659555214217667e-03	1.672430667995929252e+06	4.379859973608466680e+04	2.849846018808070221e+04	3.131542573506671935e+07
1.207722655134462354e-03	1.639820683580294484e+06	4.351510757985113742e+04	2.840888076784804070e+04	3.048928105032049865e+07
1.233316896053688856e-03	1.606795275594336679e+06	4.322683335197118140e+04	2.831770339475019136e+04	2.965420134529663622e+07
1.259453533992170365e-03	1.573408822201897623e+06	4.293411900631867320e+04	2.822502877916567377e+04	2.881176278426909447e+07
1.286144063509461061e-03	1.539729923242576420e+06	4.263742383341422828e+04	2.813099576306052404e+04	2.796392279304457456e+07
1.313400222759557485e-03	1.505847576659899205e+06	4.233738751898975897e+04	2.803580320759507958e+04	2.711317341677886248e+07
1.341233998653187541e-03	1.471883769375021802e+06	4.203496828211354295e+04	2.793975878255198040e+04	2.626284353931054473e+07
1.369657632129505243e-03	1.438027070106626255e+06	4.173183826354831399e+04	2.784342074435708128e+04	2.541787534832901880e+07
1.398683623539492566e-03	1.404688865460327594e+06	4.143233613539423823e+04	2.774830617683680975e+04	2.458830494070508331e+07
1.428324738143458596e-03	1.370987299294800498e+06	4.112376899599294120e+04	2.764970442477442339e+04	2.375644543549115211e+07
1.458594011725036863e-03	1.337627678436823655e+06	4.081188261737860739e+04	2.754947815276784240e+04	2.294137902847550437e+07
1.489504756324154782e-03	1.304340853888003621e+06	4.049180626918561029e+04	2.744574225621274309e+04	2.213852071647749469e+07
1.521070566091505720e-03	1.272195014216184150e+06	4.017791335101901495e+04	2.734376770155912891e+04	2.137036790160207078e+07
1.553305323267072666e-03	1.240971336397096980e+06	3.986780910270577442e+04	2.724269621505272880e+04	2.063146696189636737e+07
1.586223204285366938e-03	1.210121417623194400e+06	3.955400942022456002e+04	2.713974105285065889e+04	1.991000570517530665e+07
1.619838686010041055e-03	1.180046525062684668e+06	3.924218493727805617e+04	2.703699496005097171e+04	1.921399629755974934e+07
1.654166552100628336e-03	1.150724956287592649e+06	3.893231704071618879e+04	2.693445344061611831e+04	1.854253540660129115e+07
1.689221899514206692e-03	1.122122623036262579e+06	3.862430274469044525e+04	2.683208826773800320e+04	1.789430211964240670e+07
1.725020145144853453e-03	1.094226921159227146e+06	3.831816650060065149e+04	2.672990807016145845e+04	1.726861948588242382e+07
1.761577032603788440e-03	1.067032373062163591e+06	3.801395956856629346e+04	2.662793441387106577e+04	1.666504965082586370e+07
1.798908639143220224e-03	1.040518488733864273e+06	3.771164802033240994e+04	2.652616081922458397e+04	1.608269501943183877e+07
1.837031382726912916e-03	1.014655039745855378e+06	3.741113591636969795e+04	2.642456039462795889e+04	1.552047380869151838e+07
1.875962029250603357e-03	9.894306643929459387e+05	3.711245042219302559e+04	2.632314187787802439e+04	1.497779396796771325e+07
1.915717699915417882e-03	9.648406039987999247e+05	3.681566606757049158e+04	2.622192789964281474e+04	1.445430403690760955e+07
1.956315878757565116e-03	9.408655610089700203e+05	3.652075355176785524e+04	2.612091079075553353e+04	1.394922396401379630e+07
1.997774420337589726e-03	9.174787347417784622e+05	3.622762410804189130e+04	2.602006504219810813e+04	1.346161575014408119e+07
2.040111557592579582e-03	8.946698845318509266e+05	3.593630217940150760e+04	2.591939933856016796e+04	1.299100452407668531e+07
2.083345909854779961e-03	8.724348745017603505e+05	3.564684678787987650e+04	2.581893589672604139e+04	1.253701353585871495e+07
2.127496491040134757e-03	8.507555719757681945e+05	3.535920542006623145e+04	2.571866472163793878e+04	1.209898041854251549e+07
2.172582718010372237e-03	8.296082194965133676e+05	3.507329350996971334e+04	2.561856149816601101e+04	1.167607757071356662e+07
2.218624419112281976e-03	8.089835889958071057e+05	3.478913795046551968e+04	2.551863503556948126e+04	1.126789581649208255e+07
2.265641842897974604e-03	7.888780802779300138e+05	3.450681178908995935e+04	2.541890837660704346e+04	1.087413541025610454e+07
2.313655667029933423e-03	7.692746947394734016e+05	3.422627725836510945e+04	2.531937085482605835e+04	1.049420871546499059e+07
2.362687007374795686e-03	7.501523750645393739e+05	3.394745587439299561e+04	2.521999947653242270e+04	1.012743917687829956e+07
2.412757427289825233e-03	7.315028047993887449e+05	3.367037366607481817e+04	2.512080306282555466e+04	9.773427709673102945e+06
2.463888947106213784e-03	7.133228530877728481e+05	3.339509498092834110e+04	2.502180446109257173e+04	9.431964331165499985e+06
2.516104053813336943e-03	6.955966095874842722e+05	3.312155461001973890e+04	2.492299042113788164e+04	9.102467270195411518e+06
2.569425710948245768e-03	6.783054154619615292e+05	3.284967701316466992e+04	2.482433906513836337e+04	8.784364186982957646e+06
2.623877368694733318e-03	6.614417766914124368e+05	3.257948805664149768e+04	2.472585924393360256e+04	8.477325310796562582e+06
2.679482974196439188e-03	6.450029677477338118e+05	3.231105969060779898e+04	2.462757432293871170e+04	8.181154498164759949e+06
2.736266982088478034e-03	6.289741244523464702e+05	3.204434585758368121e+04	2.452947081285067179e+04	7.895368576721471734e+06
2.794254365252289707e-03	6.133387159418379888e+05	3.177927886709491941e+04	2.443152816260620966e+04	7.619464156592471525e+06
2.853470625798387814e-03	5.980899903371846303e+05	3.151588498777748828e+04	2.433375528415215376e+04	7.353189690748392604e+06
2.913941806281861776e-03	5.832255719566810876e+05	3.125422937938516770e+04	2.423617538475371475e+04	7.096329998016299680e+06
2.975694501155571117e-03	5.687315977163022617e+05	3.099424172241171254e+04	2.413877251640153554e+04	6.848480999308385886e+06
3.038755868466027146e-03	5.545934244998771464e+05	3.073585267899930841e+04	2.404152690035323030e+04	6.609196625351948664e+06
3.103153641797168783e-03	5.408049698639875278e+05	3.047908703154827890e+04	2.394444736931153966e+04	6.378241008744359016e+06
3.168916142467233243e-03	5.273641602049283683e+05	3.022401514446488000e+04	2.384755755585467705e+04	6.155459925469242968e+06
3.236072291984112663e-03	5.142580865371883265e+05	2.997058511473062754e+04	2.375084147977951943e+04	5.940481556474137120e+06
3.304651624764658874e-03	5.014737801829144591e+05	2.971873858595863931e+04	2.365428096794975863e+04	5.732944812527033500e+06
3.374684301123556836e-03	4.890057633051148732e+05	2.946850079230621122e+04	2.355788493891581311e+04	5.532630792271017097e+06
3.446201120537424525e-03	4.768522204726389027e+05	2.921993777762752143e+04	2.346167683535167816e+04	5.339429802065297030e+06
3.519233535190044709e-03	4.650011514626192511e+05	2.897297379235739209e+04	2.336563808698749199e+04	5.152982735582108609e+06
3.593813663804625805e-03	4.534410716714485898e+05	2.872754664262103688e+04	2.326975102623691419e+04	4.972983238062032498e+06
3.669974305769219299e-03	4.421670464107256266e+05	2.848368078701665945e+04	2.317402452793083285e+04	4.799251536046600901e+06
3.747748955561452412e-03	4.311774893417633721e+05	2.824144453032087040e+04	2.307848233595310376e+04	4.631672128172225319e+06
3.827171817478984984e-03	4.204612541646692553e+05	2.800077983092078648e+04	2.298310599509642270e+04	4.469955263881808147e+06
3.908277820682117681e-03	4.100081765537783504e+05	2.776163729220648747e+04	2.288787956577385921e+04	4.313829555472054519e+06
3.991102634555192957e-03	3.998138060892007779e+05	2.752404162742218978e+04	2.279281207052711034e+04	4.163151538182049058e+06
4.075682684393532908e-03	3.898767572005063412e+05	2.728805773634988145e+04	2.269792712775648397e+04	4.017811132045865990e+06
4.162055167422817371e-03	3.801866916561154649e+05	2.705360582972576231e+04	2.260320376766668051e+04	3.877555244620866608e+06
4.250258069157961290e-03	3.707346120477470686e+05	2.682063138428759339e+04	2.250862635687784859e+04	3.742149145229355432e+06
4.340330180108637088e-03	3.615165109678149456e+05	2.658915902253154127e+04	2.241420392088094741e+04	3.611456177481560968e+06
4.432311112838861061e-03	3.525311709200473269e+05	2.635925442557684437e+04	2.231996024368934377e+04	3.485396690516068600e+06
4.526241319388085715e-03	3.437690156521702302e+05	2.613085582313414852e+04	2.222587479346296823e+04	3.363739477138965391e+06
4.622162109061505458e-03	3.352220825699158595e+05	2.590392102806761613e+04	2.213193359791277544e+04	3.246293496936227661e+06
4.720115666597336779e-03	3.268867637275269954e+05	2.567847322944765256e+04	2.203814567060265472e+04	3.132936111340077128e+06
4.820145070719144588e-03	3.187619863200908876e+05	2.545457490081511060e+04	2.194453467027133229e+04	3.023606567737519275e+06
4.922294313081310678e-03	3.108388905472795013e+05	2.523214354904361608e+04	2.185107742738725210e+04	2.918090686896792613e+06
5.026608317615998724e-03	3.031104305988583947e+05	2.501113296868132238e+04	2.175776032223201764e+04	2.816223188256236259e+06
5.133132960290130720e-03	2.955733592640256393e+05	2.479156685537788508e+04	2.166459240525825953e+04	2.717906750291109551e+06
5.241915089281041530e-03	2.882267273878685082e+05	2.457350921412650860e+04	2.157159749407342679e+04	2.623073812635419890e+06
5.353002545579732367e-03	2.810623480046764016e+05	2.435689447462611133e+04	2.147875307253704523e+04	2.531550956186674070e+06
5.466444184030696055e-03	2.740739874841603450e+05	2.414168774372473854e+04	2.138604728545374019e+04	2.443193616624718998e+06
5.582289894817666839e-03	2.672587231492346618e+05	2.392791236237944759e+04	2.129348934860162262e+04	2.357918593877668492e+06
5.700590625404708227e-03	2.606157132820413099e+05	2.371562500736838410e+04	2.120110242231400480e+04	2.275666407552140299e+06
5.821398402942216249e-03	2.541374002404212661e+05	2.350474023683561973e+04	2.110886108530926867e+04	2.196283973574713338e+06
5.944766357147824969e-03	2.478182698191015224e+05	2.329522187473546364e+04	2.101675387528613282e+04	2.119647120917302556e+06
6.070748743672167193e-03	2.416556918067194638e+05	2.308709288340695275e+04	2.092478993300592992e+04	2.045678189089345979e+06
6.199400967959818945e-03	2.356489179030546511e+05	2.288041524672546802e+04	2.083299304706824114e+04	1.974336063054761151e+06
6.330779609615908021e-03	2.297909775684828346e+05	2.267512029829761377e+04	2.074133878756520062e+04	1.905478239066539099e+06
6.464942447289089879e-03	2.240769941220181354e+05	2.247117985225769007e+04	2.064981729403862846e+04	1.839004206703832373e+06
6.601948484081890736e-03	2.185046013095304952e+05	2.226861621423779070e+04	2.055843788547395525e+04	1.774846471388322301e+06
6.741857973499477616e-03	2.130731301868431328e+05	2.206747780035574033e+04	2.046722290875221370e+04	1.712966701030222699e+06
6.884732445948405985e-03	2.077761592676659930e+05	2.186768119951810149e+04	2.037614537113118422e+04	1.653240683751969831e+06
7.030634735796891313e-03	2.026093758722940693e+05	2.166919943696999326e+04	2.028519604835870268e+04	1.595579057234319160e+06
7.179629009008595825e-03	1.975706515155784728e+05	2.147205488462419089e+04	2.019438425141216430e+04	1.539929489053187426e+06
7.331780791361950343e-03	1.926593863347720471e+05	2.127630669116619174e+04	2.010373359354078275e+04	1.486252606308172690e+06
7.487156997267587974e-03	1.878696695593806508e+05	2.108188570655896910e+04	2.001321823922142357e+04	1.434445690494574374e+06
7.645825959196438613e-03	1.831976880640697491e+05	2.088876800416233527e+04	1.992282990694530235e+04	1.384430826926035108e+06
7.807857457731475631e-03	1.786415275156673160e+05	2.069697239437543249e+04	1.983257754372904674e+04	1.336160947802844923e+06
7.973322752256328111e-03	1.742006479163597687e+05	2.050653754080508588e+04	1.974248212449670973e+04	1.289601579482881585e+06
8.142294612294233985e-03	1.698696133986394852e+05	2.031738903807762836e+04	1.965251632274215081e+04	1.244661580532479333e+06
8.314847349511189298e-03	1.656450530611165159e+05	2.012950630870196983e+04	1.956267281549883774e+04	1.201276916810590075e+06
8.491056850397209546e-03	1.615252454013597453e+05	1.994291107215365628e+04	1.947296108779533824e+04	1.159402763189365622e+06
8.671000609640279119e-03	1.575097023246847966e+05	1.975765949804543925e+04	1.938340447957038123e+04	1.119017408857285744e+06
8.854757764207504128e-03	1.535934290631239419e+05	1.957368127676867152e+04	1.929397566670849483e+04	1.080035283406642498e+06
9.042409128148579806e-03	1.497734460250438715e+05	1.939095671398326158e+04	1.920466797888545625e+04	1.042402471638991847e+06
9.234037228136720080e-03	1.460482058738874912e+05	1.920949306736464860e+04	1.911548883074931291e+04	1.006080917331637465e+06
9.429726339762870002e-03	1.424172642727634229e+05	1.902933479759443071e+04	1.902645992739741996e+04	9.710477330677746795e+05
9.629562524599030379e-03	1.388760368378669955e+05	1.885041117609310822e+04	1.893755329722554598e+04	9.372311437772817444e+05
9.833633668047030499e-03	1.354218897675492335e+05	1.867270695212281862e+04	1.884876339913767151e+04	9.045836604588001501e+05
1.004202951798940403e-02	1.320534321209068876e+05	1.849624257718693480e+04	1.876009963723599867e+04	8.730758060581107857e+05
1.025484172425938229e-02	1.287702591022562556e+05	1.832107136396196438e+04	1.867158498876281737e+04	8.426857155674393289e+05
1.047216387894729824e-02	1.255681649222574051e+05	1.814712296513241017e+04	1.858319110995454685e+04	8.133523035816785414e+05
1.069409155756119272e-02	1.224448222243213531e+05	1.797437120730674360e+04	1.849491102374435650e+04	7.850329736228071852e+05
1.092072236105970547e-02	1.193989810815808887e+05	1.780282490526886613e+04	1.840675233237051361e+04	7.577002210928481072e+05
1.115215595877575537e-02	1.164302704629254731e+05	1.763253420681469652e+04	1.831873764660045708e+04	7.313365262964537833e+05
1.138849413224978825e-02	1.135348357059492992e+05	1.746342947448353152e+04	1.823083801767202021e+04	7.058873759602031205e+05
1.162984081999205582e-02	1.107106201716487558e+05	1.729549881805757468e+04	1.814304917485883198e+04	6.813193756984829670e+05
1.187630216319339981e-02	1.079565009887609340e+05	1.712876262713676624e+04	1.805538091693646857e+04	6.576071360923295142e+05
1.212798655240480798e-02	1.052721366557664878e+05	1.696327206098135866e+04	1.796785634485778792e+04	6.347384642285204027e+05
1.238500467520621366e-02	1.026539969546072971e+05	1.679894541092848158e+04	1.788044376051925428e+04	6.126622449639191618e+05
1.264746956488544717e-02	1.001002647599203192e+05	1.663575920432777275e+04	1.779313702207087772e+04	5.913486729304905748e+05
1.291549665014883955e-02	9.760993160812299175e+04	1.647373365010639827e+04	1.770594591067736837e+04	5.707776838126354851e+05
1.318920380588532899e-02	9.518268137585502700e+04	1.631291650200963159e+04	1.761889270639819006e+04	5.509365012779290555e+05
1.346871140500627631e-02	9.281528409444131830e+04	1.615323945660291611e+04	1.753194778611035508e+04	5.317830449091002811e+05
1.375414237138396570e-02	9.050613409351931477e+04	1.599469449186533893e+04	1.744510859997109219e+04	5.132918308283921215e+05
1.404562223391196511e-02	8.825432596448864206e+04	1.583730072314927202e+04	1.735838507131057486e+04	4.954465204693955020e+05
1.434327918171109106e-02	8.605956600869922841e+04	1.568109280790097728e+04	1.727179674999691269e+04	4.782338148065923015e+05
1.464724412050539583e-02	8.391890100888331654e+04	1.552599007792204793e+04	1.718531065760139609e+04	4.616171435714087565e+05
1.495765073019278586e-02	8.183091226287228346e+04	1.537198583011214578e+04	1.709892471968782775e+04	4.455744493738870369e+05
1.527463552363575450e-02	7.979478724633340607e+04	1.521910124558949610e+04	1.701264935530121875e+04	4.300909260288871010e+05
1.559833790669801906e-02	7.781025182393491559e+04	1.506738129013585967e+04	1.692650658522320737e+04	4.151566059716879390e+05
1.592890023955338338e-02	7.587460802015528316e+04	1.491675779226408667e+04	1.684046586655954889e+04	4.007394190387109411e+05
1.626646789929399317e-02	7.398660238941181160e+04	1.476722259717358975e+04	1.675452531215605995e+04	3.868213266067221994e+05
1.661118934386526108e-02	7.214550571273903188e+04	1.461877957388795403e+04	1.666869133915285420e+04	3.733875305472959299e+05
1.696321617735579643e-02	7.035106154678428720e+04	1.447146824271965852e+04	1.658298452841589096e+04	3.604306643645817530e+05
1.732270321667098503e-02	6.860080675747054920e+04	1.432522050046141158e+04	1.649737381273757637e+04	3.479214858240979374e+05
1.768980855961942850e-02	6.689363384809417767e+04	1.418003348814387937e+04	1.641185886951112843e+04	3.358445801841873326e+05
1.806469365444235767e-02	6.522888905205396441e+04	1.403592699853503109e+04	1.632645040721958685e+04	3.241886833333836403e+05
1.844752337081655841e-02	6.360633079562939383e+04	1.389294361039012074e+04	1.624117022273191651e+04	3.129465198872565525e+05
1.883846607236187159e-02	6.202371269287674659e+04	1.375100459057797343e+04	1.615598377541119953e+04	3.020929434514815803e+05
1.923769369068539445e-02	6.048005601132388256e+04	1.361009609795700635e+04	1.607088778128433296e+04	2.916137907144823112e+05
1.964538180099485026e-02	5.897477457590889389e+04	1.347023750685271443e+04	1.598589278601171645e+04	2.815001478628286277e+05
2.006170969931423895e-02	5.750764077649355022e+04	1.333147040535017186e+04	1.590102029547070561e+04	2.717448402589767938e+05
2.048686048133601528e-02	5.607660687550354487e+04	1.319372803421414937e+04	1.581623874971179066e+04	2.623267078789948719e+05
2.092102112294418406e-02	5.468080807285058836e+04	1.305701016593473287e+04	1.573154917348570780e+04	2.532340210864559049e+05
2.136438256244391209e-02	5.331971902305450931e+04	1.292132895947604993e+04	1.564696031996385318e+04	2.444583776285002823e+05
2.181713978453380873e-02	5.199312445140861382e+04	1.278670901603478706e+04	1.556248864944736670e+04	2.359933768893680826e+05
2.227949190605761978e-02	5.069915935472671117e+04	1.265308361035731104e+04	1.547810198965460586e+04	2.278203146760407253e+05
2.275164226357336353e-02	4.943705946955844411e+04	1.252045370555664158e+04	1.539380207742866151e+04	2.199296040031526354e+05
2.323379850277806913e-02	4.820635416684706433e+04	1.238883990012475442e+04	1.530960039612910441e+04	2.123138183481432498e+05
2.372617266982774559e-02	4.700683914894083864e+04	1.225827905532131081e+04	1.522551748156519534e+04	2.049684175780367514e+05
2.422898130459259780e-02	4.583681736343030934e+04	1.212869930881180699e+04	1.514151909462220647e+04	1.978761393335077446e+05
2.474244553588843265e-02	4.469561315225980070e+04	1.200008944102087844e+04	1.505760311256551722e+04	1.910285561500141921e+05
2.526679117872631872e-02	4.358280528467998374e+04	1.187246672816320643e+04	1.497378019921405212e+04	1.844192745200475911e+05
2.580224883362318075e-02	4.249819925506828440e+04	1.174586753060039700e+04	1.489007091179357485e+04	1.780441768075442233e+05
2.634905398801689475e-02	4.144025210023980617e+04	1.162022910208853318e+04	1.480644366586539400e+04	1.718887353357936081e+05
2.690744711983068457e-02	4.040836638262902852e+04	1.149555416358137700e+04	1.472290119143304219e+04	1.659458643415516126e+05
2.747767380323228384e-02	3.940216527159263205e+04	1.137185348651996901e+04	1.463945211768702029e+04	1.602104387316174398e+05
2.805998481663422514e-02	3.842146322357641475e+04	1.124914851203887338e+04	1.455611171176574862e+04	1.546775519858433690e+05
2.865463625298309350e-02	3.746485849474684801e+04	1.112737618203547754e+04	1.447284774286767970e+04	1.493351244588483532e+05
2.926188963238583740e-02	3.653182271541140653e+04	1.100654079780541360e+04	1.438966381877365529e+04	1.441769066043733037e+05
2.988201201712300387e-02	3.562201890192625433e+04	1.088666190851489046e+04	1.430657202827387300e+04	1.391986378851399641e+05
3.051527612909937445e-02	3.473526971461802168e+04	1.076777046983476794e+04	1.422359147647321515e+04	1.343964472415511846e+05
3.116196046978347151e-02	3.387030285915523564e+04	1.064979460794900115e+04	1.414068603265916317e+04	1.297594112148876739e+05
3.182234944268905880e-02	3.302665083307116583e+04	1.053273029626164316e+04	1.405785613965348057e+04	1.252823944590788160e+05
3.249673347845206950e-02	3.220401250932150288e+04	1.041659665518648035e+04	1.397511404266407044e+04	1.209610728448150621e+05
3.318540916255835471e-02	3.140221815008498379e+04	1.030142424733102416e+04	1.389247902928166332e+04	1.167926289658797032e+05
3.388867936577820428e-02	3.062011386637410760e+04	1.018715509496737832e+04	1.380992014957946412e+04	1.127674472923990543e+05
3.460685337736497946e-02	2.985728588853087422e+04	1.007378912223579573e+04	1.372743980348325931e+04	1.088812468608483614e+05
3.534024704107661952e-02	2.911346535479960585e+04	9.961331534793262108e+03	1.364504435046540675e+04	1.051301081248703558e+05
3.608918289407971741e-02	2.838848943381691788e+04	9.849808673619576439e+03	1.356275142325061825e+04	1.015114290442784404e+05
3.685399030879719234e-02	2.768131269416673967e+04	9.739164362820742099e+03	1.348053022716452142e+04	9.801708261529510492e+04
3.763500563776207147e-02	2.699156869415663095e+04	9.629404911100979007e+03	1.339838611018860502e+04	9.464322473698305839e+04
3.843257236154112161e-02	2.631901762930334735e+04	9.520546975831786767e+03	1.331633142085165127e+04	9.138694601812020119e+04
3.924704123979310538e-02	2.566350299365885076e+04	9.412603706781497749e+03	1.323437758133478928e+04	8.824542083262487722e+04
4.007877046552850431e-02	2.502407858476479669e+04	9.305514377332590811e+03	1.315249080317851258e+04	8.521165893656888511e+04
4.092812582263813392e-02	2.440041970172846777e+04	9.199286522706128380e+03	1.307067753831424125e+04	8.228232602264398884e+04
4.179548084676026898e-02	2.379231259391005005e+04	9.093938774844395084e+03	1.298895113020306053e+04	7.945504212592371914e+04
4.268121698955689575e-02	2.319960666134024723e+04	8.989496066181636706e+03	1.290732913638392893e+04	7.672750368114019511e+04
4.358572378647117967e-02	2.262144643049286969e+04	8.885892786223266739e+03	1.282577480507091241e+04	7.409353428839800472e+04
4.450939902804028347e-02	2.205754391806414787e+04	8.783128038707123778e+03	1.274429017276049854e+04	7.155010164013459871e+04
4.545264893483848267e-02	2.150770894230568229e+04	8.681219814099860741e+03	1.266288820371943621e+04	6.909507137693716504e+04
4.641588833612779463e-02	2.097179625368568304e+04	8.580193334200293975e+03	1.258158737682829633e+04	6.672659684798821399e+04
4.739954085229469011e-02	2.044903331919562697e+04	8.479995671447399218e+03	1.250035740848402202e+04	6.443930307072656433e+04
4.840403908115278181e-02	1.993916453232681670e+04	8.380621791852134265e+03	1.241919812036661278e+04	6.223074350429356855e+04
4.942982478819387543e-02	1.944202083387961829e+04	8.282084476137431921e+03	1.233812052630182734e+04	6.009881268587201339e+04
5.047734910087089966e-02	1.895746200088386831e+04	8.184405115093388304e+03	1.225714106754583372e+04	5.804198364628908166e+04
5.154707270699779992e-02	1.848479126548368367e+04	8.087534879116009506e+03	1.217623120016704161e+04	5.605553643632550666e+04
5.263946605735428386e-02	1.802378152277986374e+04	7.991480159093984184e+03	1.209539792841103190e+04	5.413747142738888942e+04
5.375500957258409762e-02	1.757428265917662793e+04	7.896243764590955834e+03	1.201464582787961081e+04	5.228595973578256235e+04
5.489419385447772554e-02	1.713615926139088697e+04	7.801843191673274305e+03	1.193398972590159246e+04	5.049949653979331924e+04
5.605751990173300781e-02	1.670878361705394127e+04	7.708231588034381275e+03	1.185340165818600326e+04	4.877414001812857168e+04
5.724549933028778848e-02	1.629195374323185024e+04	7.615416920365665646e+03	1.177288955461196565e+04	4.710809923080432054e+04
5.845865459832211286e-02	1.588553670456339023e+04	7.523412050166331937e+03	1.169246519956916563e+04	4.549999719268815534e+04
5.969751923602879817e-02	1.548940119014915945e+04	7.432222389043269686e+03	1.161213603406341826e+04	4.394821812421033246e+04
6.096263808025296355e-02	1.510298287891549080e+04	7.341802427371399972e+03	1.153187454970070394e+04	4.244943591285929142e+04
6.225456751410456124e-02	1.472610176920916820e+04	7.252160050060731919e+03	1.145168838457849051e+04	4.100208226897695567e+04
6.357387571164835327e-02	1.435864042410546244e+04	7.163312181459765270e+03	1.137159216514894797e+04	3.960510096366507787e+04
6.492114288777969811e-02	1.400047126187485446e+04	7.075264125878326922e+03	1.129159348126397344e+04	3.825702670205510367e+04
6.629696155339574737e-02	1.365108789019401047e+04	6.987966197185436613e+03	1.121166061486495346e+04	3.695490763648817665e+04
6.770193677597398374e-02	1.331032960602843377e+04	6.901427513357303724e+03	1.113180292918272244e+04	3.569746012716871337e+04
6.913668644567325106e-02	1.297806335808985386e+04	6.815656596356678165e+03	1.105202607536514552e+04	3.448355282252437610e+04
7.060184154707406512e-02	1.265425374586830185e+04	6.730690525482362318e+03	1.097237196963573479e+04	3.331233822120841796e+04
7.209804643667737378e-02	1.233835851191803340e+04	6.646446657271418189e+03	1.089277241521186261e+04	3.218089455307801109e+04
7.362595912628441819e-02	1.203026350134083259e+04	6.562944759938803145e+03	1.081324961489080670e+04	3.108824397658874295e+04
7.518625157238204015e-02	1.172987820293631012e+04	6.480204016134955054e+03	1.073382188140865037e+04	3.003346889568143160e+04
7.677960997166025092e-02	1.143708041573366063e+04	6.398232021977449222e+03	1.065449862974124881e+04	2.901561727161079398e+04
7.840673506279315086e-02	1.115146614638951723e+04	6.316977171206638559e+03	1.057524487372068688e+04	2.803231457562415017e+04
8.006834243461452560e-02	1.087290609970866535e+04	6.236447484832887312e+03	1.049607011036695621e+04	2.708267386706188699e+04
8.176516284082480102e-02	1.060132151092103595e+04	6.156662242691905703e+03	1.041699320789190642e+04	2.616595311836959445e+04
8.349794252136732986e-02	1.033659193667010550e+04	6.077627842727401912e+03	1.033802305621605592e+04	2.528124945509281679e+04
8.526744353061486981e-02	1.007835856559013882e+04	5.999295938524290250e+03	1.025912604395617382e+04	2.442658707525510545e+04
8.707444407251174745e-02	9.826504772560523634e+03	5.921672888245326249e+03	1.018031095242798438e+04	2.360111904959852473e+04
8.891973884281766105e-02	9.580962008824539225e+03	5.844778171748466775e+03	1.010159773806352132e+04	2.280423043303895247e+04
9.080413937860487561e-02	9.341612527559920636e+03	5.768615383855055370e+03	1.002299287165637725e+04	2.203510412906651254e+04
9.272847441516200717e-02	9.108137689038851022e+03	5.693139599962648390e+03	9.944464568584771769e+03	2.129208149830407274e+04
9.469359025046093781e-02	8.880432296710410810e+03	5.618358558515629738e+03	9.866023343119422861e+03	2.057440630882784171e+04
9.670035111734798239e-02	8.658436731447385682e+03	5.544290427451390315e+03	9.787688371636160809e+03	1.988160375091091191e+04
9.874963956362264872e-02	8.442036623574862460e+03	5.470936003518321741e+03	9.709465065404770939e+03	1.921284013900017453e+04
1.008423568401705106e-01	8.230949061695730052e+03	5.398253448763105553e+03	9.631323611694344436e+03	1.856672797826597889e+04
1.029794232973221257e-01	8.025079171125657922e+03	5.326251869071335932e+03	9.553276549782531220e+03	1.794263251229490925e+04
1.051617787896111378e-01	7.824375093644825029e+03	5.254948946754576355e+03	9.475343126390602265e+03	1.734016514981067667e+04
1.073903830891107247e-01	7.628726393477181773e+03	5.184339626482735184e+03	9.397522452598370364e+03	1.675855096363097982e+04
1.096662163075285135e-01	7.437881917723020706e+03	5.114387621809938537e+03	9.319789097058002881e+03	1.619659801816212348e+04
1.119902793272475605e-01	7.251756105536294854e+03	5.045103105298263472e+03	9.242157768767865491e+03	1.565378496409214131e+04
1.143635942415015677e-01	7.070303860491685555e+03	4.976501450775651392e+03	9.164646087288572744e+03	1.512973932794081884e+04
1.167872048038782751e-01	6.893419069695518374e+03	4.908573567885308876e+03	9.087249308854781702e+03	1.462377890218971879e+04
1.192621768873494831e-01	6.720878811771255641e+03	4.841291690197627759e+03	9.009950081970704559e+03	1.413492301755129483e+04
1.217895989530276418e-01	6.552605922911360722e+03	4.774664253531545000e+03	8.932761579163850911e+03	1.366270917479200580e+04
1.243705825288575900e-01	6.388561217609546475e+03	4.708700690392984143e+03	8.855696155359850309e+03	1.320675731978268959e+04
1.270062626984522769e-01	6.228643152557799112e+03	4.643395482724681642e+03	8.778753678070581373e+03	1.276649941830860007e+04
1.296977986002878502e-01	6.072653906962921610e+03	4.578724469124442294e+03	8.701919106392859248e+03	1.234112191223473201e+04
1.324463739374786009e-01	5.920523899255110337e+03	4.514691499001483862e+03	8.625200767209442347e+03	1.193021332130230621e+04
1.352531974983535168e-01	5.772219070005628964e+03	4.451304295357970659e+03	8.548609915405029824e+03	1.153340765903115789e+04
1.381195036880665805e-01	5.627642638655737755e+03	4.388562689744203453e+03	8.472153352493041893e+03	1.115024430722539546e+04
1.410465530714722360e-01	5.486619083808886899e+03	4.326442466079659425e+03	8.395815333356578776e+03	1.078000308666163983e+04
1.440356329275057634e-01	5.349085664117469605e+03	4.264941432234150852e+03	8.319598185715194631e+03	1.042231110728113163e+04
1.470880578153118678e-01	5.215012781408774572e+03	4.204074629676743825e+03	8.243522225667868042e+03	1.007689184118782578e+04
1.502051701523716420e-01	5.084308505136596978e+03	4.143840278684988334e+03	8.167591889862711469e+03	9.743340448144304901e+03
1.533883408048797858e-01	4.956817128083055650e+03	4.084207764835796297e+03	8.091782543333198191e+03	9.420983357681001507e+03
1.566389696906345663e-01	4.832482087020668587e+03	4.025180391744963345e+03	8.016103759285329943e+03	9.109525096257664700e+03
1.599584863947036695e-01	4.711277641689814118e+03	3.966776523094950790e+03	7.940581197224010793e+03	8.808758902908655728e+03
1.633483507981373095e-01	4.593116755013486909e+03	3.908986474873112911e+03	7.865210348796455946e+03	8.518289984408518649e+03
1.668100537200059019e-01	4.477861315367358657e+03	3.851784020624710593e+03	7.789972166183059926e+03	8.237537960628522342e+03
1.703451175730422984e-01	4.365460324859798675e+03	3.795177223859758215e+03	7.714882078940502652e+03	7.966275256863667892e+03
1.739550970331800450e-01	4.255891418161485490e+03	3.739176454157002809e+03	7.639955421145419677e+03	7.704293744933241214e+03
1.776415797232799298e-01	4.149072395162690555e+03	3.683771614452856284e+03	7.565187224442760453e+03	7.451247588920203270e+03
1.814061869113461622e-01	4.044880780384777609e+03	3.628945155567383608e+03	7.490569191875169054e+03	7.206670951519841765e+03
1.852505742235391883e-01	3.943270598782196430e+03	3.574697337306452027e+03	7.416107281845761463e+03	6.970327199328427014e+03
1.891764323722997243e-01	3.844222407997523078e+03	3.521039872217141237e+03	7.341819694129622803e+03	6.742043018536472118e+03
1.931854878999012814e-01	3.747658778650901240e+03	3.467969051531157675e+03	7.267711883937557104e+03	6.521541489437567179e+03
1.972795039377621684e-01	3.653471117952572513e+03	3.415458879979899848e+03	7.193761187646567123e+03	6.308386093534033535e+03
2.014602809818480389e-01	3.561617990377623755e+03	3.363512479974713187e+03	7.119977816843983419e+03	6.102385999904179698e+03
2.057296576845067948e-01	3.472082465177046288e+03	3.312146808599888118e+03	7.046389302490779301e+03	5.903414839237630986e+03
2.100895116630852322e-01	3.384791798559568633e+03	3.261347810600806952e+03	6.972986144722695826e+03	5.711183008965756017e+03
2.145417603256798977e-01	3.299649715895740428e+03	3.211098379053316421e+03	6.899758257776706159e+03	5.525345820685310173e+03
2.190883617143895290e-01	3.216618865012166680e+03	3.161401731402987480e+03	6.826715961186750064e+03	5.345740210534750986e+03
2.237313153664367560e-01	3.135684525461374506e+03	3.112266257188536656e+03	6.753874783491273774e+03	5.172227175600299233e+03
2.284726631935388719e-01	3.056778467608838127e+03	3.063686723214745598e+03	6.681239451013582766e+03	5.004587463854122689e+03
2.333144903799153069e-01	2.979815362596456907e+03	3.015642626882858167e+03	6.608793755248506386e+03	4.842504356750883744e+03
2.382589262993237145e-01	2.904761546192270544e+03	2.968135860907394544e+03	6.536547093914942707e+03	4.685832752296399121e+03
2.433081454515323150e-01	2.831604198730407461e+03	2.921180847255408480e+03	6.464523858825745265e+03	4.534477752575451632e+03
2.484643684186368384e-01	2.760279464577898580e+03	2.874762770142362115e+03	6.392713932716176714e+03	4.388211063254137116e+03
2.537298628416438939e-01	2.690711724589958521e+03	2.828868214362950312e+03	6.321112757193277503e+03	4.246781458033680792e+03
2.591069444177515613e-01	2.622870640939420809e+03	2.783499250172948450e+03	6.249730504268452933e+03	4.110066681584813523e+03
2.645979779187619951e-01	2.556745039212679330e+03	2.738665389246539235e+03	6.178584711497654098e+03	3.977967341179839423e+03
2.702053782310787078e-01	2.492275267008480114e+03	2.694357386501396832e+03	6.107673483157760529e+03	3.850302041691480554e+03
2.759316114177428059e-01	2.429394320591892210e+03	2.650556880001245645e+03	6.036982906881716190e+03	3.726836909554965587e+03
2.817791958029755572e-01	2.368074864648108360e+03	2.607269558207524369e+03	5.966530977454642198e+03	3.607477806539190169e+03
2.877507030797054055e-01	2.308307141401242916e+03	2.564505548078103857e+03	5.896338066251507371e+03	3.492139428939881782e+03
2.938487594405665426e-01	2.250035526892316739e+03	2.522250441874110948e+03	5.826391956717692665e+03	3.380645374904286655e+03
3.000760467328633108e-01	2.193200658306222977e+03	2.480492159051222643e+03	5.756688809161662903e+03	3.272817406309388389e+03
3.064353036380134121e-01	2.137777904483654765e+03	2.439231852688556046e+03	5.687239642286630442e+03	3.168555408602381704e+03
3.129293268759847368e-01	2.083758743140173465e+03	2.398482237151413756e+03	5.618070501623137716e+03	3.067798149777428989e+03
3.195609724352570513e-01	2.031091379292796319e+03	2.358227312062742840e+03	5.549166502631652293e+03	2.970382944561952172e+03
3.263331568288500573e-01	1.979723230857965973e+03	2.318456574237001860e+03	5.480525748731229214e+03	2.876162692590271945e+03
3.332488583769670498e-01	1.929632107105958994e+03	2.279171083970027667e+03	5.412159276091273568e+03	2.785042732464575238e+03
3.403111185168231634e-01	1.880810548046928716e+03	2.240380867245847185e+03	5.344088945014758792e+03	2.696974137105494265e+03
3.475230431402304698e-01	1.833210402406015419e+03	2.202073842307211180e+03	5.276308109413810598e+03	2.611818203671474294e+03
3.548878039595292910e-01	1.786785099009053511e+03	2.164236262363223432e+03	5.208807508411717208e+03	2.529438027866254743e+03
3.624086399024666338e-01	1.741514649178322315e+03	2.126872077915092632e+03	5.141603726308726436e+03	2.449760595560573165e+03
3.700888585366366446e-01	1.697392506700492504e+03	2.089988722832699295e+03	5.074714840885627382e+03	2.372742658507951546e+03
3.779318375241043637e-01	1.654373975318553448e+03	2.053575416659763050e+03	5.008137199187320221e+03	2.298256633736319145e+03
3.859410261068597081e-01	1.612417821197406965e+03	2.017618441587646430e+03	4.941860242822579494e+03	2.226188481830885394e+03
3.941199466237500504e-01	1.571506009400127141e+03	1.982122299074035482e+03	4.875902459649435514e+03	2.156479097461286983e+03
4.024721960595590287e-01	1.531632821288810192e+03	1.947093115454019653e+03	4.810279555815429376e+03	2.089080782323143922e+03
4.110014476269163164e-01	1.492756804357565215e+03	1.912520370679344296e+03	4.744989163774494955e+03	2.023890335683125386e+03
4.197114523817274123e-01	1.454841449508996902e+03	1.878391315506821002e+03	4.680021335313503187e+03	1.960806338015724577e+03
4.286060408728412652e-01	1.417870513120484929e+03	1.844709632849984246e+03	4.615393008478408774e+03	1.899776966096073920e+03
4.376891248266767120e-01	1.381838960696367849e+03	1.811482268815011821e+03	4.551123476307627243e+03	1.840762285802480392e+03
4.469646988675492483e-01	1.346708409400278697e+03	1.778697014531329842e+03	4.487205620563116099e+03	1.783672269499247932e+03
4.564368422744575216e-01	1.312446536416088293e+03	1.746343155872935768e+03	4.423633521729561835e+03	1.728414895490989466e+03
4.661097207750954374e-01	1.279038713102351267e+03	1.714423525746028417e+03	4.360422481231974416e+03	1.674952354307228234e+03
4.759875883778879602e-01	1.246480493636610845e+03	1.682944678753451399e+03	4.297591984678537301e+03	1.623244599631923393e+03
4.860747892428489703e-01	1.214736383690494677e+03	1.651894979216714319e+03	4.235135836233574082e+03	1.573213240142798668e+03
4.963757595920870180e-01	1.183777768363664109e+03	1.621263553658087176e+03	4.173046417930449024e+03	1.524782847157504420e+03
5.068950296608012440e-01	1.153591474853338013e+03	1.591052994729092234e+03	4.111339782634036055e+03	1.477911619727460902e+03
5.176372256896176749e-01	1.124173565562954991e+03	1.561270731402486945e+03	4.050037204251113053e+03	1.432577838137891376e+03
5.286070719591531297e-01	1.095491256055703161e+03	1.531903253706660507e+03	3.989128423689854571e+03	1.388700697054154489e+03
5.398093928676924724e-01	1.067519215683323409e+03	1.502942836683761698e+03	3.928612585701542230e+03	1.346223611764322641e+03
5.512491150528981976e-01	1.040245584023607535e+03	1.474388556359893073e+03	3.868496018411005480e+03	1.305104861704684708e+03
5.629312695584811621e-01	1.013666862119941015e+03	1.446250346748740185e+03	3.808809362403305840e+03	1.265326753176800366e+03
5.748609940467923618e-01	9.877528031794271328e+02	1.418513272525293587e+03	3.749536452603726957e+03	1.226821465397480097e+03
5.870435350582976497e-01	9.624809850217345684e+02	1.391169618314293530e+03	3.690675720101429761e+03	1.189534333393540010e+03
5.994842503189414806e-01	9.378407289088111156e+02	1.364220779440237948e+03	3.632240966253261377e+03	1.153436713110002302e+03
6.121886110964055439e-01	9.138289166527684984e+02	1.337673063776222762e+03	3.574252035780472852e+03	1.118507894030743955e+03
6.251622046063020077e-01	8.904176722438957086e+02	1.311514262521357068e+03	3.516701546705242890e+03	1.084689451811087338e+03
6.384107364693620834e-01	8.675871485268039578e+02	1.285735492833315448e+03	3.459582012401180236e+03	1.051935741425208562e+03
6.519400332206916060e-01	8.453277321959631081e+02	1.260338879060996760e+03	3.402910111675320877e+03	1.020219466645066632e+03
6.657560448722088520e-01	8.236366331901667763e+02	1.235330125170630936e+03	3.346705622064684576e+03	9.895243799158125739e+02
6.798648475293831428e-01	8.024881889411454949e+02	1.210696547472596421e+03	3.290957393978654181e+03	9.597993553209601032e+02
6.942726460634290886e-01	7.818648310772904324e+02	1.186430891786593293e+03	3.235662989517415554e+03	9.310038015539353182e+02
7.089857768401280902e-01	7.617579062015047384e+02	1.162533648927171953e+03	3.180833332665431954e+03	9.031153073049474642e+02
7.240107105064845783e-01	7.421649083563837621e+02	1.139011556803759277e+03	3.126492854948506647e+03	8.761195517754709954e+02
7.393540548364295750e-01	7.230622373658494553e+02	1.115850735319558453e+03	3.072625462749108465e+03	8.499695899876932117e+02
7.550225576368376768e-01	7.044343409815519408e+02	1.093045130820736858e+03	3.019231356233087809e+03	8.246333979133569301e+02
7.710231097151263313e-01	6.862734305522516252e+02	1.070595224521129467e+03	2.966321503803328596e+03	8.000890880785995023e+02
7.873627479097432547e-01	6.685772471276543456e+02	1.048506719696900518e+03	2.913917727848378036e+03	7.763257532324249723e+02
8.040486581848822478e-01	6.513241086016007557e+02	1.026766548800675309e+03	2.862005582276039149e+03	7.533026313358307107e+02
8.210881787907730045e-01	6.345002465373324867e+02	1.005368649198853177e+03	2.810584009461078040e+03	7.309893729360616135e+02
8.384888034909533383e-01	6.180986515863488648e+02	9.843135412265887680e+02	2.759663858305259964e+03	7.093708931432286136e+02
8.562581848579297050e-01	6.021172771737710718e+02	9.636061504465546932e+02	2.709265558394064556e+03	6.884348337104439679e+02
8.744041376386801900e-01	5.865362260098663683e+02	9.432339303664256249e+02	2.659374744106541584e+03	6.681454537020010775e+02
8.929346421914835519e-01	5.713433064725743407e+02	9.231912452194171692e+02	2.609990533421101645e+03	6.484788954248674600e+02
9.118578479955742333e-01	5.565322094076151416e+02	9.034779807961742790e+02	2.561122016578040984e+03	6.294187255873542881e+02
9.311820772351820930e-01	5.421010757436432641e+02	8.840993776331923755e+02	2.512791105702975074e+03	6.109566336232835511e+02
9.509158284595223831e-01	5.280316626348616182e+02	8.650423732565741375e+02	2.464980211956204130e+03	5.930606290748088441e+02
9.710677803203476843e-01	5.143131722934463141e+02	8.463021715107141745e+02	2.417689974619611348e+03	5.757099768710094168e+02
9.916467953887124764e-01	5.009399266849498531e+02	8.278783338604980599e+02	2.370928475664176403e+03	5.588901497239197624e+02
1.012661924052612461e+00	4.879102313135369968e+02	8.097756982600944866e+02	2.324716707916088126e+03	5.425950606049015050e+02
1.034122408497234025e+00	4.752073751808826501e+02	7.919814848762947577e+02	2.279036599783394649e+03	5.267953544616090085e+02
1.056037686769547568e+00	4.628217928856542471e+02	7.744910335850152023e+02	2.233887786364471140e+03	5.114731145980331917e+02
1.078417396929040706e+00	4.507483747572680386e+02	7.573041428180067669e+02	2.189279491008380774e+03	4.966168252878882186e+02
1.101271381286411888e+00	4.389855696063157211e+02	7.404246340960932002e+02	2.145228971547127912e+03	4.822202670930340105e+02
1.124609690732098155e+00	4.275180858737348331e+02	7.238404292715495103e+02	2.101719371287450940e+03	4.682574915750601576e+02
1.148442589156521310e+00	4.163374463229689013e+02	7.075472034545963425e+02	2.058750369060436242e+03	4.547138651089106816e+02
1.172780557964020254e+00	4.054390527153254880e+02	6.915442907790309164e+02	2.016328828087311877e+03	4.415790152952682774e+02
1.197634300682437924e+00	3.948214803677095119e+02	6.758355574632798835e+02	1.974473103561731477e+03	4.288473141111101086e+02
1.223014747670394531e+00	3.844707501899385989e+02	6.604089968351004245e+02	1.933164283017638581e+03	4.164964228472408649e+02
1.248933060924324545e+00	3.743793458833039267e+02	6.452600907503750705e+02	1.892400519386683300e+03	4.045130890761334967e+02
1.275400638987373769e+00	3.645431291673623946e+02	6.303888253220875413e+02	1.852190460310142953e+03	3.928889058688459386e+02
1.302429121962336289e+00	3.549607873742959896e+02	6.157980456040562558e+02	1.812549250424358888e+03	3.816184085186149559e+02
1.330030396630823342e+00	3.456195541940952012e+02	6.014763647807524194e+02	1.773458280871649777e+03	3.706823254895546143e+02
1.358216601680917401e+00	3.365127614001006009e+02	5.874197186956562291e+02	1.734916319962216221e+03	3.600693077054927471e+02
1.387000133045610317e+00	3.276366839640807029e+02	5.736272607073096879e+02	1.696928402514381105e+03	3.497713009618184401e+02
1.416393649354382722e+00	3.189901096465933392e+02	5.601023899045383132e+02	1.659511899597917818e+03	3.397848464638274208e+02
1.446410077500298819e+00	3.105613910627015457e+02	5.468331242717611076e+02	1.622644154837496899e+03	3.300916353241732395e+02
1.477062618325094778e+00	3.023446082490822278e+02	5.338163056933632333e+02	1.586326002953137049e+03	3.206828512059304899e+02
1.508364752424737887e+00	2.943364067370709449e+02	5.210507526876504016e+02	1.550561104346347065e+03	3.115511487303156173e+02
1.540330246078020826e+00	2.865356668093307917e+02	5.085391330200874336e+02	1.515363821601813015e+03	3.026930465514504363e+02
1.572973157300799230e+00	2.789317705736743847e+02	4.962705857053767886e+02	1.480713988489900430e+03	2.940934277686915266e+02
1.606307842028519950e+00	2.715194583049154176e+02	4.842413571548182745e+02	1.446609088858353289e+03	2.857436107080512215e+02
1.640348960429783842e+00	2.642957096849362415e+02	4.724507596820496360e+02	1.413054246788289447e+03	2.776378998564667313e+02
1.675111483353698638e+00	2.572594860866187787e+02	4.609007306592147870e+02	1.380060587571435008e+03	2.697733185850720474e+02
1.710610698913865635e+00	2.504011203188080970e+02	4.495809575105441240e+02	1.347608782060747899e+03	2.621358670892546456e+02
1.746862219211904321e+00	2.437159335578292598e+02	4.384877289787711447e+02	1.315694791244207636e+03	2.547186218624666765e+02
1.783881987203444153e+00	2.372012054645086039e+02	4.276206682572423006e+02	1.284324652410144154e+03	2.475168310389465205e+02
1.821686283709640364e+00	2.308559724568522427e+02	4.169807818744504857e+02	1.253505983239733723e+03	2.405271240125519228e+02
1.860291734577268707e+00	2.246714410384446978e+02	4.065585030333947998e+02	1.223220127966362725e+03	2.337378110096973671e+02
1.899715317990559260e+00	2.186434445213976403e+02	3.963504635963716964e+02	1.193463601891183316e+03	2.271426312088634347e+02
1.939974371937992492e+00	2.127695307632979791e+02	3.863555011721339270e+02	1.164238528031934948e+03	2.207372918517923779e+02
1.981086601837313665e+00	2.070488071758823878e+02	3.765750496724052709e+02	1.135554341763849152e+03	2.145193015026253534e+02
2.023070088322156401e+00	2.014732821878449442e+02	3.669997306775924812e+02	1.107391075764934612e+03	2.084782420174664992e+02
2.065943295193674256e+00	1.960392400240304198e+02	3.576261438136333481e+02	1.079744327819289992e+03	2.026083799626764801e+02
2.109725077540682392e+00	1.907444697224493098e+02	3.484532548624108585e+02	1.052616002312799310e+03	1.969060771754253665e+02
2.154434690031884259e+00	1.855881432325626292e+02	3.394821584952459830e+02	1.026013954936350046e+03	1.913693220428733639e+02
2.200091795383838367e+00	1.805630070274518459e+02	3.307037291116707252e+02	9.999173957270561459e+02	1.859889092779883981e+02
2.246716473008353532e+00	1.756657412853806193e+02	3.221150601659013546e+02	9.743231850206673244e+02	1.807599018028006412e+02
2.294329227843169949e+00	1.708943507283238432e+02	3.137147000034941584e+02	9.492307537629709486e+02	1.756789087480471778e+02
2.342950999369765697e+00	1.662480692884780922e+02	3.055035905216034848e+02	9.246471759692041132e+02	1.707442727283236650e+02
2.392603170822269476e+00	1.617203195447373787e+02	2.974732683475612021e+02	9.005527848268843627e+02	1.659478736906218614e+02
2.443307578591545681e+00	1.573081298204419340e+02	2.896205783632825046e+02	8.769421422044601968e+02	1.612854909740837854e+02
2.495086521828544068e+00	1.530096977330566972e+02	2.819442988948658808e+02	8.538154584949395485e+02	1.567542021737033338e+02
2.547962772251191943e+00	1.488243163887229912e+02	2.744449765215398429e+02	8.311775951781996810e+02	1.523524680276781851e+02
2.601959584159102334e+00	1.447460281036659637e+02	2.671146585701714002e+02	8.090095733322226579e+02	1.480731281119702203e+02
2.657100704660517732e+00	1.407721666009694559e+02	2.599503815246401928e+02	7.873059512398101560e+02	1.439125128580452611e+02
2.713410384115983121e+00	1.369011022959353454e+02	2.529507227167617316e+02	7.660652837688395493e+02	1.398680372564077459e+02
2.770913386803353973e+00	1.331321841812251137e+02	2.461162817874343034e+02	7.452927249247854888e+02	1.359384845516537155e+02
2.829635001808795014e+00	1.294600231825841945e+02	2.394392258588310369e+02	7.249680893576705785e+02	1.321173298640937332e+02
2.889601054148607684e+00	1.258822202720217973e+02	2.329167538089932634e+02	7.050856709148971504e+02	1.284015210500116098e+02
2.950837916126738403e+00	1.223973000369004893e+02	2.265477288201242914e+02	6.856449868973053299e+02	1.247889318200970905e+02
3.013372518932980082e+00	1.190046656367627236e+02	2.203323078681918332e+02	6.666488368248524239e+02	1.212783355893584059e+02
3.077232364486974792e+00	1.156994486249769380e+02	2.142631349471232625e+02	6.480776814383931423e+02	1.178639443304335401e+02
3.142445537533192557e+00	1.124794837212270124e+02	2.083375896303774084e+02	6.299260894609095658e+02	1.145430338421743954e+02
3.209040717992251324e+00	1.093434328013793788e+02	2.025544303796555994e+02	6.121924257879592233e+02	1.113137801586595828e+02
3.277047193573979555e+00	1.062907512258042004e+02	1.969136634254197418e+02	5.948785562940067848e+02	1.081752229396282701e+02
3.346494872657771680e+00	1.033170479353598807e+02	1.914085391312193565e+02	5.779662674397845876e+02	1.051223014538575882e+02
3.417414297445926952e+00	1.004203611164258945e+02	1.860364363256128968e+02	5.614494019065745078e+02	1.021525380518771158e+02
3.489836657395697816e+00	9.759947508512811964e+01	1.807960450981945542e+02	5.453256298705230165e+02	9.926431877814192717e+01
3.563793802936028321e+00	9.485389539287764649e+01	1.756873437385484351e+02	5.295965630887430962e+02	9.645682452712308930e+01
3.639318259474964901e+00	9.217966881656154499e+01	1.707039609773327129e+02	5.142443176784519210e+02	9.372552125086636465e+01
3.716443241703908829e+00	8.957501007218712630e+01	1.658433462889440762e+02	4.992623729948510913e+02	9.106822829493154359e+01
3.795202668205029717e+00	8.703881250444513284e+01	1.611042898869793305e+02	4.846485086113875127e+02	8.848360968926579062e+01
3.875631176368202979e+00	8.457062975719964015e+01	1.564866946560499912e+02	4.704037778301620278e+02	8.597097579282224444e+01
3.957764137624104617e+00	8.216691079387061336e+01	1.519846221247520930e+02	4.565110266581423275e+02	8.352631593785218911e+01
4.041637673000112230e+00	7.982602272156015033e+01	1.475955901235423369e+02	4.429635357335232015e+02	8.114768218094377517e+01
4.127288669005872102e+00	7.754695589711306525e+01	1.433183229323011005e+02	4.297584387683537557e+02	7.883383903360011402e+01
4.214754793855508552e+00	7.532930899584164308e+01	1.391526774881534436e+02	4.168963761238591701e+02	7.658420733460724250e+01
4.304074514033643162e+00	7.316990222653583942e+01	1.350932052032102888e+02	4.043612885006666602e+02	7.439525797935722551e+01
4.395287111212434539e+00	7.106723283255261947e+01	1.311375179190480083e+02	3.921464877378185179e+02	7.226526456811592425e+01
4.488432699527177050e+00	6.902037746581983413e+01	1.272843458114618755e+02	3.802487997543746587e+02	7.019315787664147877e+01
4.583552243217979161e+00	6.702897669953169668e+01	1.235334712759763818e+02	3.686682879834236246e+02	6.817845064518274967e+01
4.680687574645305382e+00	6.509019430414214469e+01	1.198799936220526803e+02	3.573904201493907067e+02	6.621808734101563232e+01
4.779881412687339015e+00	6.320263756770828678e+01	1.163215424849387603e+02	3.464081950569849369e+02	6.431045735627978388e+01
4.881177381527165515e+00	6.136545992484388989e+01	1.128568501500098193e+02	3.357181704181393798e+02	6.245458155034882708e+01
4.984620029838152888e+00	5.957833970866513340e+01	1.094856184502909144e+02	3.253198874350252936e+02	6.065002729001366077e+01
5.090254850375883322e+00	5.783876084752679958e+01	1.062034294593656796e+02	3.152000866530316898e+02	5.889412345034013185e+01
5.198128299985286915e+00	5.614542194021625221e+01	1.030080329164599675e+02	3.053520377831993073e+02	5.718543968613263928e+01
5.308287820031761584e+00	5.449754530793871510e+01	9.989815151531377069e+01	2.957719984588895841e+02	5.552310043410476936e+01
5.420781857265304815e+00	5.289484054617044251e+01	9.687342583524696238e+01	2.864590659085558855e+02	5.390671651755196336e+01
5.535659885126738011e+00	5.133509373895050487e+01	9.392991888960817448e+01	2.774013065148931787e+02	5.233398758321016686e+01
5.652972425505520704e+00	4.981707684212376108e+01	9.106547393070907503e+01	2.685921809942447567e+02	5.080360225526173679e+01
5.772771070958623518e+00	4.834007366600937416e+01	8.827884037303752507e+01	2.600278934241342199e+02	4.931475314380821118e+01
5.895108507400270703e+00	4.690381855426232960e+01	8.556964751670166436e+01	2.517073927159726452e+02	4.786713413334236833e+01
6.020038537272556667e+00	4.550638488975044993e+01	8.293437913457867694e+01	2.436198252791297705e+02	4.645875397316250144e+01
6.147616103207036886e+00	4.414660113213408010e+01	8.037095254958271084e+01	2.357588387866066455e+02	4.508839462788722585e+01
6.277897312187818990e+00	4.282380629770035085e+01	7.787813599328585212e+01	2.281205237798035625e+02	4.375530667940753204e+01
6.410939460226692255e+00	4.153775125146672309e+01	7.545552523535607747e+01	2.207036108626205930e+02	4.245919651298179787e+01
6.546801057561175696e+00	4.028678641741889521e+01	7.310006124826581697e+01	2.134985818861904932e+02	4.119837268728465318e+01
6.685541854386596761e+00	3.906978033761021862e+01	7.080967666524648507e+01	2.064990186302259190e+02	3.997167951160778188e+01
6.827222867133428963e+00	3.788612187480932647e+01	6.858326579783060595e+01	1.997014430095210855e+02	3.877848614759534485e+01
6.971906405301561804e+00	3.673556824287976497e+01	6.642038305534921960e+01	1.931043896962684130e+02	3.761852149461009986e+01
7.119656098863218929e+00	3.561674158208748509e+01	6.431840279102034685e+01	1.866995371905379670e+02	3.649035928093726966e+01
7.270536926246596643e+00	3.452853413215776612e+01	6.227524879542090730e+01	1.804803435398974329e+02	3.539287841180885152e+01
7.424615242912579127e+00	3.347038053542101466e+01	6.028989222659121339e+01	1.744435677379209437e+02	3.432551282037599094e+01
7.581958810536977289e+00	3.244203074887221305e+01	5.836187433353008203e+01	1.685876964283080781e+02	3.328800327728477271e+01
7.742636826811277295e+00	3.144237972028956207e+01	5.648906441256354327e+01	1.629059374370691273e+02	3.227921816634532348e+01
7.906719955874896399e+00	3.047032631789051749e+01	5.466935657214660438e+01	1.573916114085491529e+02	3.129803987891649086e+01
8.074280359392364659e+00	2.952534686109001072e+01	5.290173094910676355e+01	1.520413961563402552e+02	3.034392485611911638e+01
8.245391728289099831e+00	2.860717050146300977e+01	5.118569023777802585e+01	1.468536665788417110e+02	2.941660732497120989e+01
8.420129315159766037e+00	2.771496908284623828e+01	4.951965303654579742e+01	1.418233798476566676e+02	2.851525971747595989e+01
8.598569967363353328e+00	2.684763099597164526e+01	4.790145842723106284e+01	1.369436465126250653e+02	2.763875859717082406e+01
8.780792160819700598e+00	2.600467171837764724e+01	4.633015028922646650e+01	1.322113262831094289e+02	2.678661362141834701e+01
8.966876034522190508e+00	2.518578235139295884e+01	4.480512928960222041e+01	1.276244291931600685e+02	2.595852625487949084e+01
9.156903425781846906e+00	2.439042204708907491e+01	4.332534321972978830e+01	1.231795454339788449e+02	2.515396333962415198e+01
9.350957906218383187e+00	2.361745105957944801e+01	4.188860806727820574e+01	1.188697645072694655e+02	2.437178627009739529e+01
9.549124818513869073e+00	2.286642049435915780e+01	4.049404250015894036e+01	1.146922310149573860e+02	2.361154105971679229e+01
9.751491313945386707e+00	2.213698441674265993e+01	3.914093713658121487e+01	1.106445650038182720e+02	2.287287905663267651e+01
9.958146390713055851e+00	2.142884775707717893e+01	3.782869312687520846e+01	1.067247390206621560e+02	2.215551127426843081e+01
1.016918093308028581e+01	2.074088052751734779e+01	3.655513449061587039e+01	1.029258899392710731e+02	2.145830807701221943e+01
1.038468775134352740e+01	2.007264817098226928e+01	3.531940713341018778e+01	9.924524867974422193e+01	2.078083599353800537e+01
1.060476162264905220e+01	1.942380080109676754e+01	3.412081593143328462e+01	9.568050901784864948e+01	2.012275301246512527e+01
1.082949933267470577e+01	1.879414768446332218e+01	3.295897409181886673e+01	9.223034120945254699e+01	1.948388313596549182e+01
1.105899971819510696e+01	1.818271114895829399e+01	3.183198529982653824e+01	8.888874358672450171e+01	1.886325134324859931e+01
1.129336371054865928e+01	1.758901457447349159e+01	3.073892022801086554e+01	8.565272654940291375e+01	1.826039647868669746e+01
1.153269438002595848e+01	1.701271653719595633e+01	2.967908365366275447e+01	8.251998762993289915e+01	1.767496946681513492e+01
1.177709698119876869e+01	1.645365007191060513e+01	2.865212736083736900e+01	7.948932538588071850e+01	1.710680314523116863e+01
1.202667899920963279e+01	1.591107573969294897e+01	2.765661523374093633e+01	7.655617577473921642e+01	1.655516021060969933e+01
1.228155019704247053e+01	1.538443703379883409e+01	2.669147362768591236e+01	7.371713483325427774e+01	1.601949290363134537e+01
1.254182266379493349e+01	1.487340731856549247e+01	2.575605552903713757e+01	7.097009666276771611e+01	1.549948027765839953e+01
1.280761086397376225e+01	1.437777960584651282e+01	2.484992781811673623e+01	6.831357361761703828e+01	1.499492283013890415e+01
1.307903168783481007e+01	1.389712612962678406e+01	2.397226430010546139e+01	6.574492924650620296e+01	1.450540452889836551e+01
1.335620450278989146e+01	1.343077622398938686e+01	2.312176491719471727e+01	6.326005788008539810e+01	1.403025359055212995e+01
1.363925120590300821e+01	1.297842182498061447e+01	2.229781497789204181e+01	6.085695680044683797e+01	1.356915805750591808e+01
1.392829627749924271e+01	1.253980176683528569e+01	2.149989989867528450e+01	5.853395070492081942e+01	1.312186224291519387e+01
1.422346683590943783e+01	1.211474228135746145e+01	2.072765737196493419e+01	5.628979840731504680e+01	1.268819574934368077e+01
1.452489269337533528e+01	1.170255315567112397e+01	1.997976681013803457e+01	5.412038113131174555e+01	1.226746823499428451e+01
1.483270641313931115e+01	1.130290344815754011e+01	1.925558134059616222e+01	5.202361690647170178e+01	1.185935433852964316e+01
1.514704336774399174e+01	1.091552882527834001e+01	1.855458746456405805e+01	4.999785287146735158e+01	1.146359795507734702e+01
1.546804179856737527e+01	1.054026968142639475e+01	1.787645588819961162e+01	4.804196756663604617e+01	1.108004206264763170e+01
1.579584287661962527e+01	1.017669242698429599e+01	1.722035101252172851e+01	4.615331938084681695e+01	1.070825807198272450e+01
1.613059076462826624e+01	9.824340092077575193e+00	1.658539200677029513e+01	4.432914738172450342e+01	1.034778364159873476e+01
1.647243268043913034e+01	9.482958833001440269e+00	1.597108092401409429e+01	4.256784733781324803e+01	9.998364085823896019e+00
1.682151896176083383e+01	9.152325776128147794e+00	1.537697386366804864e+01	4.086796934899145839e+01	9.659774342733168595e+00
1.717800313228151410e+01	8.832291837523323252e+00	1.480276780631706934e+01	3.922848952889501106e+01	9.331869716122612957e+00
1.754204196918641045e+01	8.522339372676205116e+00	1.424748825650055828e+01	3.764640642630011769e+01	9.014135495923254027e+00
1.791379557210657580e+01	8.222186422792331584e+00	1.371058675907970859e+01	3.611997146612007725e+01	8.706288661955140284e+00
1.829342743352862044e+01	7.931607616772769376e+00	1.319162471302096584e+01	3.464777432493534803e+01	8.408105304400823599e+00
1.868110451069663469e+01	7.650416480725840351e+00	1.269024294734105318e+01	3.322865336045213525e+01	8.119405320923588576e+00
1.907699729903783492e+01	7.378425058769611411e+00	1.220606406969903901e+01	3.186137330031163373e+01	7.839996136755348566e+00
1.948127990714428748e+01	7.115180775327724305e+00	1.173822856007670801e+01	3.054328009389792697e+01	7.569419657059933471e+00
1.989413013334363711e+01	6.860467307090247324e+00	1.128632255699602460e+01	2.927306457560836250e+01	7.307459833027535545e+00
2.031572954389253738e+01	6.614081762489240290e+00	1.084994914221553763e+01	2.804944902861037193e+01	7.053912624520165764e+00
2.074626355282718393e+01	6.375835570087864390e+00	1.042874282612239156e+01	2.687126371156494997e+01	6.808589256969478143e+00
2.118592150350598402e+01	6.145604371636073537e+00	1.002245239582270742e+01	2.573765820386075021e+01	6.571369598316040062e+00
2.163489675188052530e+01	5.922949379728090769e+00	9.630256192077753852e+00	2.464613716451741254e+01	6.341808701001787618e+00
2.209338675153079734e+01	5.707696703119890635e+00	9.251817646193712719e+00	2.359561893326053550e+01	6.119735634373026478e+00
2.256159314050291798e+01	5.499660942051966650e+00	8.886778326667897687e+00	2.258496019155019852e+01	5.904965251796811643e+00
2.303972182998693796e+01	5.298673297824545436e+00	8.534814628141186077e+00	2.161313125138797275e+01	5.697328407739335354e+00
2.352798309487394945e+01	5.104601835960283829e+00	8.195662619959179551e+00	2.067926394190609329e+01	5.496691482379685745e+00
2.402659166623228870e+01	4.917127904328286725e+00	7.868718826662703059e+00	1.978150431160703704e+01	5.302730420184328608e+00
2.453576682574353285e+01	4.736055064322495234e+00	7.553609809947161580e+00	1.891868545768915766e+01	5.115248079931208558e+00
2.505573250213976877e+01	4.561213797918084012e+00	7.250010685067386440e+00	1.808978153166231806e+01	4.934075091399739321e+00
2.558671736968459953e+01	4.392441162992030357e+00	6.957604482089876363e+00	1.729378330993693069e+01	4.759046639876792106e+00
2.612895494874115698e+01	4.229577484591077408e+00	6.676083945126729979e+00	1.652972008495357770e+01	4.590002097466440389e+00
2.668268370847132687e+01	4.072521480564395446e+00	6.405245154194925128e+00	1.579690680690414517e+01	4.426844119799335786e+00
2.724814717171165412e+01	3.920970890185435209e+00	6.144527788453824968e+00	1.509366394650348120e+01	4.269264382057911256e+00
2.782559402207125743e+01	3.774783361257471714e+00	5.893652353072158512e+00	1.441909611167220895e+01	4.117120005432392205e+00
2.841527821329990999e+01	3.633809049999615404e+00	5.652329687441315365e+00	1.377229175639155301e+01	3.970260729210341122e+00
2.901745908097360527e+01	3.497902021334794220e+00	5.420281636733145447e+00	1.315238048805233362e+01	3.828541730801608090e+00
2.963240145654703639e+01	3.366922054010330623e+00	5.197233758670057213e+00	1.255849205784620715e+01	3.691821633171095129e+00
3.026037578382308624e+01	3.240747530759510830e+00	4.982950233452921651e+00	1.198987669923769595e+01	3.559978793724360546e+00
3.090165823789054755e+01	3.119217337167030202e+00	4.777124973892782123e+00	1.144558942588727746e+01	3.432852448645945742e+00
3.155653084658241525e+01	3.002154185299087175e+00	4.579420527715495126e+00	1.092459368181898149e+01	3.310263563776042695e+00
3.222528161450811979e+01	2.889426762307282015e+00	4.389584637321201299e+00	1.042610137503739587e+01	3.192081695780320416e+00
3.290820464971425707e+01	2.780906564783583335e+00	4.207369554882638418e+00	9.949339379041436615e+00	3.078177849658093379e+00
3.360560029302952501e+01	2.676467918634858112e+00	4.032529670031924418e+00	9.493537650273204065e+00	2.968425445512588023e+00
3.431777525015100849e+01	2.575987878820017674e+00	3.864829955583353183e+00	9.057967795679880751e+00	2.862702698654556954e+00
3.504504272652905428e+01	2.479346484940947448e+00	3.704037145363758388e+00	8.641900894637208452e+00	2.760889717263339538e+00
3.578772256511129513e+01	2.386426885300978018e+00	3.549927409645134091e+00	8.244645126629277954e+00	2.662870451533022820e+00
3.654614138700539883e+01	2.297116660683164113e+00	3.402282883118597390e+00	7.865522536604828474e+00	2.568533363003679515e+00
3.732063273512289925e+01	2.211307961496423058e+00	3.260893100996350213e+00	7.503878357952861400e+00	2.477770724430841565e+00
3.811153722086707774e+01	2.128870622566978454e+00	3.125508239781765507e+00	7.158950512580972259e+00	2.390451474374290175e+00
3.891920267392951160e+01	2.049697973276181528e+00	2.995924177813638067e+00	6.830112500459697422e+00	2.306470496144247040e+00
3.974398429526115706e+01	1.973687646656786310e+00	2.871942752165246304e+00	6.516754388056044789e+00	2.225726584957386400e+00
4.058624481328516254e+01	1.900739936103585270e+00	2.753371287531757527e+00	6.218283675768711660e+00	2.148121215035025955e+00
4.144635464342010778e+01	1.830757804656877097e+00	2.640020302201239843e+00	5.934117843604933995e+00	2.073557381451577974e+00
4.232469205098434628e+01	1.763646893552859751e+00	2.531706973007862516e+00	5.663697402526973512e+00	2.001941979034797203e+00
4.322164331755172384e+01	1.699315526895410322e+00	2.428254265258598554e+00	5.406482080605108820e+00	1.933184795338842354e+00
4.413760291083362119e+01	1.637674709005484619e+00	2.329490413520022951e+00	5.161948790594288461e+00	1.867198694281556381e+00
4.507297365816076251e+01	1.578638110590940613e+00	2.235246328574526320e+00	4.929581469883356881e+00	1.803897965342501353e+00
4.602816692364147144e+01	1.522122040814958277e+00	2.145360268524810543e+00	4.708890387617419293e+00	1.743200423492248241e+00
4.700360278907441369e+01	1.468045403184166320e+00	2.059675217422406224e+00	4.499400321249527046e+00	1.685026698634251474e+00
4.799971023869517950e+01	1.416329635468356996e+00	1.978038803073097096e+00	4.300650801328777639e+00	1.629299991196183628e+00
4.901692734783804895e+01	1.366898634979472060e+00	1.900303290523773114e+00	4.112197044532883261e+00	1.575945546452634627e+00
5.005570147559598126e+01	1.319678671842866358e+00	1.826324991985422086e+00	3.933606563664391764e+00	1.524890746650984008e+00
5.111648946156338980e+01	1.274601377763469490e+00	1.755970948395134013e+00	3.764479994501328974e+00	1.476069529902915400e+00
5.219975782674825382e+01	1.231617288596047910e+00	1.689140096949441894e+00	3.604502561105211722e+00	1.429434929774452412e+00
5.330598297874255564e+01	1.190654976487901529e+00	1.625695796768952484e+00	3.453270453493495484e+00	1.384917595708448523e+00
5.443565142123959077e+01	1.151648448015958781e+00	1.565508518936907345e+00	3.310397504579290384e+00	1.342452662543954567e+00
5.558925996799251124e+01	1.114534809113034708e+00	1.508456887438792249e+00	3.175524540547740138e+00	1.301979220469969389e+00
5.676731596130657209e+01	1.079253251937856151e+00	1.454422659475762325e+00	3.048301948671440886e+00	1.263438181772047253e+00
5.797033749516177181e+01	1.045744642644788280e+00	1.403291064080888439e+00	2.928392040028811039e+00	1.226772198807660086e+00
5.919885364306400533e+01	1.013981771951330879e+00	1.355001308745517719e+00	2.815598836596290511e+00	1.191957285272287059e+00
6.045340469072480261e+01	9.839354396072210740e-01	1.309488715642292744e+00	2.709715690630236651e+00	1.158967117088677057e+00
6.173454237367209885e+01	9.555317290885788628e-01	1.266616672606006855e+00	2.610356138891288591e+00	1.127730020048235415e+00
6.304283011989645757e+01	9.287127368140365435e-01	1.226273329648626564e+00	2.517196810120251538e+00	1.098189232681245686e+00
6.437884329763940627e+01	9.034833038198906152e-01	1.188452177512132169e+00	2.430186515925158108e+00	1.070354174105802469e+00
6.574316946843353549e+01	8.798119739207173051e-01	1.153086846142761912e+00	2.349121430193839011e+00	1.044196811489096932e+00
6.713640864550379206e+01	8.576195577662817371e-01	1.120032079081717535e+00	2.273598795205561185e+00	1.019638657782502511e+00
6.855917355764610477e+01	8.369401289161301216e-01	1.089330418913581067e+00	2.203694975297711967e+00	9.967202150531483396e-01
7.001208991869765441e+01	8.177271219451119899e-01	1.060890394707055595e+00	2.139144968544109737e+00	9.753973134036233450e-01
7.149579670271769771e+01	7.999468797299637002e-01	1.034642800024883069e+00	2.079742944163366136e+00	9.556392247084635194e-01
7.301094642500031284e+01	7.836354593820878955e-01	1.010632655473238550e+00	2.025570751456054364e+00	9.374888995415099346e-01
7.455820542904223203e+01	7.687338915040529130e-01	9.887489298399866344e-01	1.976317580655965855e+00	9.208890457980299926e-01
7.613825417959219521e+01	7.552907732124291007e-01	9.690566526635888689e-01	1.932114847576449801e+00	9.058960864904346266e-01
7.775178756191070306e+01	7.432872536779372430e-01	9.515102284007451727e-01	1.892816524152171276e+00	8.924952977165736545e-01
7.939951518737163383e+01	7.327273244183297729e-01	9.361009674205491571e-01	1.858367995186296806e+00	8.806962859497921015e-01
8.108216170554010205e+01	7.236866028050054078e-01	9.229367410293753959e-01	1.829005369457662233e+00	8.705845636424058842e-01
8.280046712286477373e+01	7.161505725110757226e-01	9.119777608153197823e-01	1.804594690590034078e+00	8.621505243015267217e-01
8.455518712812224180e+01	7.101679366947567518e-01	9.032866225526854365e-01	1.785256160106388768e+00	8.554516861771057634e-01
8.634709342475994731e+01	7.058066932357532908e-01	8.969565605414109299e-01	1.771184371692390513e+00	8.505662545769863137e-01
8.817697407028136070e+01	7.031423923688101540e-01	8.930921925880566103e-01	1.762600162772019363e+00	8.475807309861159711e-01
9.004563382282356088e+01	7.022623782588530705e-01	8.918163108882491974e-01	1.759767160055784485e+00	8.465944285083338849e-01
9.195389449507966617e+01	7.032734952067813960e-01	8.932822939866772449e-01	1.763022320559248124e+00	8.477276600052457978e-01
9.390259531572145590e+01	7.063097612468807185e-01	8.976864647733433511e-01	1.772806331241582711e+00	8.511298862437437496e-01
9.589259329848152902e+01	7.115322304355771177e-01	9.052678348879503734e-01	1.789662793761319870e+00	8.569795925688474814e-01
9.792476361905691817e+01	7.191265753483029322e-01	9.163040872547828508e-01	1.814228123186014008e+00	8.654816785365627707e-01
