# Data associated with arXiv:2208.14002
# 
# Scale-free gravitational potential, Phi(r), of a nfw1-1rhos4e6 dark matter distribution (see Eq. 2.8 and the surrounding discussion)
# 
# Published: 8/25/22, Jack Runburg and Kenny Kiriu, contact: runburg@hawaii.edu
# 
# 
# -----------------------------------------------------------------
# 
# 	 tilde r 		 | 		 tilde Phi
# 
# -----------------------------------------------------------------
1.000000000000000082e-05	1.849274537751722771e-05
1.016902569856036418e-05	1.877382464545795606e-05
1.034090836579813217e-05	1.905917612591950095e-05
1.051569629182590727e-05	1.934886475260902980e-05
1.069343858298338107e-05	1.964295644613231543e-05
1.087418517563349352e-05	1.994151812899176896e-05
1.105798685019213608e-05	2.024461774081300221e-05
1.124489524539464294e-05	2.055232425380217612e-05
1.143496287280373749e-05	2.086470768843869556e-05
1.162824313156251011e-05	2.118183912940610334e-05
1.182479032339672186e-05	2.150379074176490720e-05
1.202465966787094358e-05	2.183063578737164942e-05
1.222790731790219642e-05	2.216244864154684821e-05
1.243459037553620304e-05	2.249930480999671030e-05
1.264476690798990365e-05	2.284128094599151472e-05
1.285849596396550032e-05	2.318845486780549261e-05
1.307583759024001738e-05	2.354090557642129312e-05
1.329685284853523648e-05	2.389871327350350747e-05
1.352160383267306994e-05	2.426195937964565605e-05
1.375015368602047702e-05	2.463072655289379604e-05
1.398256661922970337e-05	2.500509870755229276e-05
1.421890792827791775e-05	2.538516103327455986e-05
1.445924401281218556e-05	2.577100001444462336e-05
1.470364239480425140e-05	2.616270344985259917e-05
1.495217173752060936e-05	2.656036047266916665e-05
1.520490186481353606e-05	2.696406157072403872e-05
1.546190378073772831e-05	2.737389860709172213e-05
1.572324968949899453e-05	2.778996484099088311e-05
1.598901301573965207e-05	2.821235494900036785e-05
1.625926842516730133e-05	2.864116504659855916e-05
1.653409184553174079e-05	2.907649271002885101e-05
1.681356048795696318e-05	2.951843699849843051e-05
1.709775286863338809e-05	2.996709847671354877e-05
1.738674883087671066e-05	3.042257923775721682e-05
1.768062956756000055e-05	3.088498292631518098e-05
1.797947764392438726e-05	3.135441476225356609e-05
1.828337702077590442e-05	3.183098156455608759e-05
1.859241307807381921e-05	3.231479177562358363e-05
1.890667263891824960e-05	3.280595548594380563e-05
1.922624399394281931e-05	3.330458445913535000e-05
1.955121692611963820e-05	3.381079215737200941e-05
1.988168273598394005e-05	3.432469376719402151e-05
2.021773426728446277e-05	3.484640622571045718e-05
2.055946593306806188e-05	3.537604824720071714e-05
2.090697374220454717e-05	3.591374035011905364e-05
2.126035532636048084e-05	3.645960488451030284e-05
2.161970996742848953e-05	3.701376605984150374e-05
2.198513862542019826e-05	3.757634997325617963e-05
2.235674396683105304e-05	3.814748463825858710e-05
2.273463039348393747e-05	3.872730001383262166e-05
2.311890407186101566e-05	3.931592803400414855e-05
2.350967296293065580e-05	3.991350263785135291e-05
2.390704685247916156e-05	4.052015979997183729e-05
2.431113738195477895e-05	4.113603756141199586e-05
2.472205807983296721e-05	4.176127606106602426e-05
2.513992439351238667e-05	4.239601756755273748e-05
2.556485372174920653e-05	4.304040651157531837e-05
2.599696544764047972e-05	4.369458951877389032e-05
2.643638097216418787e-05	4.435871544307583357e-05
2.688322374828698802e-05	4.503293540055386054e-05
2.733761931564792142e-05	4.571740280379740665e-05
2.779969533582839453e-05	4.641227339680629484e-05
2.826958162821882354e-05	4.711770529041496808e-05
2.874741020649071774e-05	4.783385899825367291e-05
2.923331531568612113e-05	4.856089747325705670e-05
2.972743346993304866e-05	4.929898614472592487e-05
3.022990349079926684e-05	5.004829295595313553e-05
3.074086654629380722e-05	5.080898840242015050e-05
3.126046619052763072e-05	5.158124557057345823e-05
3.178884840404535552e-05	5.236524017719108729e-05
3.232616163483768439e-05	5.316115060934530913e-05
3.287255684004812447e-05	5.396915796497394420e-05
3.342818752838356790e-05	5.478944609406604467e-05
3.399320980324275641e-05	5.562220164047473403e-05
3.456778240657304527e-05	5.646761408436381700e-05
3.515206676346841592e-05	5.732587578529898826e-05
3.574622702752206616e-05	5.819718202599446859e-05
3.635043012694450139e-05	5.908173105672252215e-05
3.696484581146223093e-05	5.997972414039851301e-05
3.758964670000808795e-05	6.089136559834942928e-05
3.822500832921870388e-05	6.181686285677861397e-05
3.887110920275097572e-05	6.275642649393520028e-05
3.952813084143210176e-05	6.371027028799935066e-05
4.019625783425803943e-05	6.467861126569609328e-05
4.087567789025284005e-05	6.566166975164534534e-05
4.156658189120576708e-05	6.665966941846311231e-05
4.226916394529853092e-05	6.767283733762147961e-05
4.298362144164019741e-05	6.870140403108254842e-05
4.371015510572303796e-05	6.974560352371509775e-05
4.444896905581571312e-05	7.080567339650698313e-05
4.520027086031053377e-05	7.188185484058666182e-05
4.596427159603870473e-05	7.297439271206289759e-05
4.674118590757267352e-05	7.408353558769904378e-05
4.753123206752940771e-05	7.520953582143044254e-05
4.833463203789430644e-05	7.635264960174165062e-05
4.915161153238073493e-05	7.751313700991343928e-05
4.998240007984356624e-05	7.869126207915381197e-05
5.082723108876559525e-05	7.988729285462809664e-05
5.168634191283236288e-05	8.110150145439800609e-05
5.255997391761710167e-05	8.233416413128804353e-05
5.344837254839108326e-05	8.358556133568852326e-05
5.435178739908172257e-05	8.485597777931404458e-05
5.527047228239525742e-05	8.614570249992820658e-05
5.620468530112457639e-05	8.745502892705054243e-05
5.715468892066349253e-05	8.878425494866226133e-05
5.812075004274504757e-05	9.013368297892208740e-05
5.910314008042789533e-05	9.150362002691204998e-05
6.010213503434844385e-05	9.289437776642421650e-05
6.111801557026345553e-05	9.430627260680869651e-05
6.215106709790228898e-05	9.573962576489514155e-05
6.320157985115178797e-05	9.719476333800562988e-05
6.426984896959787321e-05	9.867201637807715094e-05
6.535617458144342038e-05	1.001717209669060764e-04
6.646086188782971240e-05	1.016942182925371961e-04
6.758422124858115099e-05	1.032398547268089886e-04
6.872656826940111863e-05	1.048089819040779196e-04
6.988822389054047174e-05	1.064019568011354726e-04
7.106951447696465861e-05	1.080191418183375066e-04
7.227077191004629639e-05	1.096609048619663380e-04
7.349233368080552791e-05	1.113276194278392214e-04
7.473454298472863809e-05	1.130196646861886137e-04
7.599774881818697982e-05	1.147374255678263767e-04
7.728230607648789517e-05	1.164812928516183199e-04
7.858857565358148443e-05	1.182516632532833395e-04
7.991692454345255051e-05	1.200489395155396799e-04
8.126772594322802224e-05	1.218735304996201884e-04
8.264135935802465773e-05	1.237258512781721522e-04
8.403821070757165439e-05	1.256063232295707435e-04
8.545867243463269578e-05	1.275153741336575413e-04
8.690314361526321394e-05	1.294534382689353530e-04
8.837203007092955202e-05	1.314209565112343795e-04
8.986574448252320402e-05	1.334183764338742813e-04
9.138470650630395851e-05	1.354461524093477601e-04
9.292934289180014931e-05	1.375047457125420263e-04
9.450008760170456993e-05	1.395946246255291075e-04
9.609738193379394305e-05	1.417162645439410979e-04
9.772167464491231779e-05	1.438701480849622781e-04
9.937342207704681467e-05	1.460567651969536644e-04
1.010530882855375953e-04	1.482766132707441932e-04
1.027611451694522251e-04	1.505301972526048584e-04
1.044980726041651943e-04	1.528180297589374606e-04
1.062643585761784858e-04	1.551406311927018740e-04
1.080604993202192510e-04	1.574985298616055215e-04
1.098869994586575572e-04	1.598922620980878552e-04
1.117443721432778697e-04	1.623223723811195198e-04
1.136331391994486811e-04	1.647894134598493763e-04
1.155538312727281931e-04	1.672939464791245933e-04
1.175069879779481330e-04	1.698365411069127000e-04
1.194931580508180820e-04	1.724177756636547114e-04
1.215128995020904455e-04	1.750382372535762147e-04
1.235667797743341897e-04	1.776985218979914357e-04
1.256553759013554958e-04	1.803992346706226205e-04
1.277792746703147969e-04	1.831409898349722453e-04
1.299390727865835948e-04	1.859244109837747806e-04
1.321353770413874452e-04	1.887501311805608059e-04
1.343688044822834680e-04	1.916187931033660563e-04
1.366399825865173903e-04	1.945310491906146737e-04
1.389495494373137348e-04	1.974875617892149894e-04
1.412981539031428761e-04	2.004890033048949431e-04
1.436864558200198782e-04	2.035360563548154107e-04
1.461151261768842277e-04	2.066294139224939127e-04
1.485848473041125864e-04	2.097697795150735604e-04
1.510963130652191798e-04	2.129578673229742651e-04
1.536502290517936125e-04	2.161944023819572732e-04
1.562473127817378576e-04	2.194801207376484550e-04
1.588882939008491742e-04	2.228157696125451206e-04
1.615739143878149021e-04	2.262021075755569967e-04
1.643049287626683534e-04	2.296399047141075460e-04
1.670821042987704773e-04	2.331299428088430645e-04
1.699062212383743503e-04	2.366730155109844126e-04
1.727780730118311508e-04	2.402699285223603039e-04
1.756984664605053779e-04	2.439214997781689344e-04
1.786682220634525510e-04	2.476285596324980659e-04
1.816881741679340619e-04	2.513919510466569606e-04
1.847591712238235014e-04	2.552125297803545093e-04
1.878820760219775598e-04	2.590911645857680592e-04
1.910577659366365815e-04	2.630287374045498601e-04
1.942871331719188508e-04	2.670261435678077762e-04
1.975710850124866975e-04	2.710842919991167214e-04
2.009105440784431595e-04	2.752041054205910152e-04
2.043064485845435532e-04	2.793865205620809202e-04
2.077597526037827484e-04	2.836324883735236125e-04
2.112714263354412516e-04	2.879429742405088658e-04
2.148424563776607336e-04	2.923189582031003771e-04
2.184738460046266035e-04	2.967614351779645056e-04
2.221666154484372088e-04	3.012714151838566780e-04
2.259218021857336319e-04	3.058499235705101817e-04
2.297404612291798821e-04	3.104980012509905027e-04
2.336236654238643619e-04	3.152167049375511482e-04
2.375725057487147664e-04	3.200071073810583375e-04
2.415880916230062926e-04	3.248702976140280924e-04
2.456715512180506823e-04	3.298073811973344354e-04
2.498240317741551374e-04	3.348194804706443165e-04
2.540466999229345113e-04	3.399077348066283826e-04
2.583407420150777146e-04	3.450733008690170319e-04
2.627073644536481322e-04	3.503173528745443096e-04
2.671477940330213769e-04	3.556410828588493583e-04
2.716632782835508839e-04	3.610457009463893612e-04
2.762550858220584886e-04	3.665324356244239372e-04
2.809245067082517420e-04	3.721025340211365248e-04
2.856728528071605542e-04	3.777572621879447443e-04
2.905014581577071149e-04	3.834979053860775294e-04
2.954116793474984839e-04	3.893257683774658650e-04
3.004048958939589458e-04	3.952421757200249783e-04
3.054825106319022541e-04	4.012484720673862573e-04
3.106459501076553839e-04	4.073460224731482331e-04
3.158966649798455200e-04	4.135362126997147131e-04
3.212361304269563162e-04	4.198204495317822433e-04
3.266658465617811426e-04	4.262001610945597352e-04
3.321873388528732334e-04	4.326767971767734883e-04
3.378021585531251671e-04	4.392518295585445647e-04
3.435118831355896260e-04	4.459267523442004199e-04
3.493181167366675791e-04	4.527030823001002664e-04
3.552224906067888996e-04	4.595823591975483789e-04
3.612266635687054364e-04	4.665661461608638667e-04
3.673323224835388411e-04	4.736560300206985800e-04
3.735411827246973185e-04	4.808536216726633792e-04
3.798549886598084251e-04	4.881605564413568198e-04
3.862755141407951480e-04	4.955784944498667832e-04
3.928045630022363724e-04	5.031091209948319485e-04
3.994439695681523583e-04	5.107541469271443700e-04
4.061955991673505371e-04	5.185153090383702980e-04
4.130613486574917070e-04	5.263943704529916489e-04
4.200431469580040238e-04	5.343931210265315474e-04
4.271429555920115370e-04	5.425133777496696534e-04
4.343627692374198417e-04	5.507569851584270685e-04
4.417046162873167637e-04	5.591258157505122218e-04
4.491705594198478857e-04	5.676217704079244454e-04
4.567626961777168084e-04	5.762467788258917841e-04
4.644831595574927248e-04	5.850027999482654457e-04
4.723341186088662533e-04	5.938918224094330177e-04
4.803177790440425624e-04	6.029158649828724207e-04
4.884363838574312710e-04	6.120769770364331216e-04
4.966922139558113680e-04	6.213772389944451080e-04
5.050875887991499369e-04	6.308187628067618785e-04
5.136248670522445235e-04	6.404036924248263530e-04
5.223064472473935762e-04	6.501342042848877456e-04
5.311347684582509721e-04	6.600125077984413937e-04
5.401123109850867847e-04	6.700408458500337885e-04
5.492415970516181150e-04	6.802214953025114124e-04
5.585251915136241153e-04	6.905567675098401269e-04
5.679657025795404723e-04	7.010490088376053735e-04
5.775657825432239500e-04	7.117006011912910919e-04
5.873281285291183634e-04	7.225139625524814452e-04
5.972554832499969713e-04	7.334915475230610301e-04
6.073506357775315233e-04	7.446358478775766355e-04
6.176164223258701069e-04	7.559493931238376371e-04
6.280557270484683893e-04	7.674347510719056221e-04
6.386714828483902292e-04	7.790945284115871963e-04
6.494666722022935214e-04	7.909313712985418599e-04
6.604443279983617009e-04	8.029479659491589117e-04
6.716075343883770371e-04	8.151470392442968383e-04
6.829594276542177208e-04	8.275313593420511801e-04
6.945031970889825731e-04	8.401037362996476932e-04
7.062420858930204982e-04	8.528670227046222449e-04
7.181793920851009278e-04	8.658241143154063804e-04
7.303184694289851413e-04	8.789779507114608070e-04
7.426627283756636558e-04	8.923315159531007785e-04
7.552156370215079703e-04	9.058878392511350271e-04
7.679807220826359018e-04	9.196499956464975704e-04
7.809615698857278474e-04	9.336211066999725722e-04
7.941618273756021005e-04	9.478043411921958147e-04
8.075852031398165869e-04	9.622029158340624508e-04
8.212354684505887787e-04	9.768200959876967293e-04
8.351164583243314002e-04	9.916591963981386242e-04
8.492320725990840828e-04	1.006723581935893954e-03
8.635862770301777234e-04	1.022016668350526989e-03
8.781831044043956558e-04	1.037541923035417528e-03
8.930266556729828109e-04	1.053302865803885284e-03
9.081211011037989590e-04	1.069303069676814412e-03
9.234706814529467173e-04	1.085546161681959871e-03
9.390797091562086895e-04	1.102035823665100224e-03
9.549525695406079406e-04	1.118775793113194715e-03
9.710937220564705170e-04	1.135769863989749334e-03
9.875077015302894702e-04	1.153021887582523922e-03
1.004199119438780371e-03	1.170535773363793469e-03
1.021172665204465608e-03	1.188315489863321032e-03
1.038433107513160114e-03	1.206365065554238945e-03
1.055985295653722377e-03	1.224688589752008549e-03
1.073834160880457900e-03	1.243290213526660089e-03
1.091984717798539194e-03	1.262174150628485184e-03
1.110442065772854507e-03	1.281344678427388936e-03
1.129211390360662605e-03	1.300806138866086436e-03
1.148297964768467102e-03	1.320562939427347929e-03
1.167707151333511727e-03	1.340619554115477603e-03
1.187444403030319794e-03	1.360980524452245870e-03
1.207515265002700490e-03	1.381650460487470746e-03
1.227925376121640280e-03	1.402634041824446292e-03
1.248680470569537605e-03	1.423936018660446881e-03
1.269786379451208914e-03	1.445561212842503109e-03
1.291249032432127903e-03	1.467514518938677461e-03
1.313074459404352896e-03	1.489800905325042255e-03
1.335268792180613557e-03	1.512425415288594496e-03
1.357838266217031810e-03	1.535393168146322084e-03
1.380789222364966172e-03	1.558709360380657093e-03
1.404128108652453718e-03	1.582379266791524930e-03
1.427861482095777682e-03	1.606408241665246766e-03
1.451996010541646868e-03	1.630801719960511646e-03
1.476538474540514635e-03	1.655565218511661140e-03
1.501495769251562883e-03	1.680704337249529830e-03
1.526874906379880551e-03	1.706224760440074300e-03
1.552683016146397385e-03	1.732132257941060380e-03
1.578927349291094897e-03	1.758432686477015517e-03
1.605615279110095620e-03	1.785131990932752001e-03
1.632754303527175332e-03	1.812236205665670747e-03
1.660352047200289172e-03	1.839751455837127306e-03
1.688416263663707062e-03	1.867683958763115748e-03
1.716954837506350865e-03	1.896040025284532592e-03
1.745975786586963620e-03	1.924826061157294431e-03
1.775487264286699802e-03	1.954048568462564677e-03
1.805497561799810540e-03	1.983714147037385876e-03
1.836015110463037458e-03	2.013829495925972563e-03
1.867048484124379315e-03	2.044401414851955683e-03
1.898606401551900620e-03	2.075436805711861326e-03
1.930697728883249645e-03	2.106942674090107621e-03
1.963331482116591892e-03	2.138926130795808841e-03
1.996516829643624896e-03	2.171394393421671211e-03
2.030263094825430960e-03	2.204354787925300908e-03
2.064579758611852570e-03	2.237814750233193140e-03
2.099476462205150749e-03	2.271781827867723653e-03
2.134963009768679927e-03	2.306263681597440617e-03
2.171049371181348660e-03	2.341268087110966959e-03
2.207745684838647703e-03	2.376802936714836681e-03
2.245062260500998302e-03	2.412876241055540542e-03
2.283009582190270292e-03	2.449496130866159280e-03
2.321598311135244109e-03	2.486670858737856284e-03
2.360839288766866315e-03	2.524408800773472392e-03
2.400743539764126078e-03	2.562718458958683845e-03
2.441322275151419988e-03	2.601608462218350012e-03
2.482586895448264750e-03	2.641087568799420186e-03
2.524548993872262424e-03	2.681164668049006074e-03
2.567220359596177753e-03	2.721848782342058994e-03
2.610612981060093842e-03	2.763149069036282667e-03
2.654739049339540410e-03	2.805074822454618148e-03
2.699610961570552640e-03	2.847635475895635669e-03
2.745241324432623389e-03	2.890840603672191651e-03
2.791642957690524101e-03	2.934699923178731192e-03
2.838828897796003177e-03	2.979223296987568246e-03
2.886812401550338004e-03	3.024420734974513861e-03
2.935606949828818354e-03	3.070302396474225426e-03
2.985226251368169013e-03	3.116878592465646431e-03
3.035684246617996723e-03	3.164159787787904510e-03
3.086995111657330013e-03	3.212156603387034213e-03
3.139173262177360861e-03	3.260879818593920461e-03
3.192233357531519197e-03	3.310340373433851274e-03
3.246190304853968818e-03	3.360549370968007182e-03
3.301059263247754609e-03	3.411518079667360051e-03
3.356855648043719550e-03	3.463257935819298756e-03
3.413595135131412741e-03	3.515780545967413240e-03
3.471293665363201029e-03	3.569097689384818136e-03
3.529967449032819348e-03	3.623221320581410197e-03
3.589632970429635240e-03	3.678163571845485813e-03
3.650306992469857896e-03	3.733936755820065588e-03
3.712006561406061729e-03	3.790553368114399097e-03
3.774749011616297320e-03	3.848026089951007631e-03
3.838551970474150202e-03	3.906367790848702497e-03
3.903433363301120080e-03	3.965591531341958360e-03
3.969411418402700453e-03	4.025710565737102183e-03
4.036504672189604979e-03	4.086738344905695500e-03
4.104731974385511864e-03	4.148688519115530278e-03
4.174112493322873658e-03	4.211574940899682866e-03
4.244665721328222743e-03	4.275411667964022430e-03
4.316411480198500787e-03	4.340212966133604085e-03
4.389369926769958255e-03	4.405993312338384732e-03
4.463561558581177410e-03	4.472767397638647592e-03
4.539007219631814756e-03	4.540550130290609866e-03
4.615728106238700494e-03	4.609356638705161893e-03
4.693745772990876204e-03	4.679202275161374949e-03
4.773082138805334954e-03	4.750102618177418946e-03
4.853759493085097083e-03	4.822073476266948260e-03
4.935800501981372872e-03	4.895130891084851013e-03
5.019228214761578891e-03	4.969291140742830397e-03
5.104066070284974874e-03	5.044570743168092994e-03
5.190337903587798063e-03	5.120986459505672342e-03
5.278067952579629761e-03	5.198555297564718194e-03
5.367280864853020243e-03	5.277294515309272765e-03
5.458001704608171807e-03	5.357221624393929474e-03
5.550255959694683563e-03	5.438354393744743685e-03
5.644069548772311269e-03	5.520710853185909796e-03
5.739468828592763153e-03	5.604309297112575021e-03
5.836480601404602127e-03	5.689168288210226174e-03
5.935132122483251921e-03	5.775306661221035406e-03
6.035451107788337120e-03	5.862743526757654110e-03
6.137465741750428375e-03	5.951498275164784565e-03
6.241204685189401941e-03	6.041590580429017678e-03
6.346697083366644419e-03	6.133040404137268115e-03
6.453972574173352621e-03	6.225867999484272636e-03
6.563061296457267831e-03	6.320093915329527169e-03
6.673993898490092683e-03	6.415739000304038209e-03
6.786801546578089504e-03	6.512824406967316140e-03
6.901515933818189001e-03	6.611371596014960043e-03
7.018169289002107285e-03	6.711402340537255505e-03
7.136794385670962304e-03	6.812938730329105505e-03
7.257424551322942327e-03	6.916003176251702897e-03
7.380093676776592997e-03	7.020618414646289697e-03
7.504836225692410046e-03	7.126807511800350124e-03
7.631687244255296390e-03	7.234593868466602552e-03
7.760682371020751966e-03	7.344001224435089611e-03
7.891857846927448697e-03	7.455053663158738540e-03
8.025250525479058969e-03	7.567775616432671076e-03
8.160897883098169533e-03	7.682191869127618505e-03
8.298838029655216872e-03	7.798327563977649167e-03
8.439109719175405186e-03	7.916208206422638630e-03
8.581752360726531761e-03	8.035859669505590955e-03
8.726806029490927208e-03	8.157308198825208301e-03
8.874311478024487360e-03	8.280580417543882341e-03
9.024310147706032098e-03	8.405703331314537050e-03
9.176844180380181251e-03	8.532704333925916762e-03
9.331956430197019259e-03	8.661611211718982239e-03
9.489690475651922641e-03	8.792452149307313988e-03
9.650090631828802876e-03	8.925255734747498948e-03
9.813201962850383320e-03	9.060050964884278427e-03
9.979070294538865127e-03	9.196867250752346901e-03
1.014774222729061814e-02	9.335734423035129542e-03
1.031926514916845991e-02	9.476682737580465615e-03
1.049368724921524200e-02	9.619742880973407642e-03
1.067105753099251327e-02	9.764945976166150218e-03
1.085142582634790812e-02	9.912323588165026025e-03
1.103484280941536416e-02	1.006190772977476160e-02
1.122136001085190064e-02	1.021373086739982457e-02
1.141102983231507065e-02	1.036782592690288496e-02
1.160390556118510476e-02	1.052422629952036448e-02
1.180004138553588516e-02	1.068296584783481711e-02
1.199949240935904021e-02	1.084407891180429358e-02
1.220231466804522213e-02	1.100760031484819372e-02
1.240856514412720830e-02	1.117356536998973318e-02
1.261830178328901021e-02	1.134200988605460307e-02
1.283158351064561664e-02	1.151297017392564556e-02
1.304847024729788307e-02	1.168648305285329043e-02
1.326902292716726148e-02	1.186258585688347578e-02
1.349330351411505598e-02	1.204131644104076276e-02
1.372137501935110325e-02	1.222271318814586484e-02
1.395330151913657356e-02	1.240681501512599406e-02
1.418914817278613301e-02	1.259366137965104229e-02
1.442898124097431733e-02	1.278329228677013707e-02
1.467286810435134044e-02	1.297574829560074056e-02
1.492087728247356443e-02	1.317107052606973638e-02
1.517307845305392207e-02	1.336930066570585565e-02
1.542954247153780281e-02	1.357048097648266838e-02
1.569034139100966910e-02	1.377465430171136151e-02
1.595554848243628532e-02	1.398186407298252984e-02
1.622523825525205854e-02	1.419215431715606206e-02
1.649948647829230924e-02	1.440556966339816974e-02
1.677837020108039270e-02	1.462215535026457902e-02
1.706196777547459506e-02	1.484195723282882504e-02
1.735035887768101442e-02	1.506502178985455812e-02
1.764362453063833894e-02	1.529139613101049636e-02
1.794184712678114843e-02	1.552112800417279788e-02
1.824511045118791530e-02	1.575426580254591508e-02
1.855349970512023758e-02	1.599085857225217983e-02
1.886710152996000367e-02	1.623095601954122405e-02
1.918600403155108769e-02	1.647460851823800282e-02
1.951029680495259405e-02	1.672186711718556817e-02
1.984007095961033348e-02	1.697278354772014872e-02
2.017541914495388916e-02	1.722741023117686440e-02
2.051643557642630553e-02	1.748580028642419959e-02
2.086321606195374462e-02	1.774800753742519430e-02
2.121585802886252412e-02	1.801408652082334486e-02
2.157446055125112477e-02	1.828409249355094496e-02
2.193912437782497352e-02	1.855808144045787214e-02
2.230995196020145455e-02	1.883611008195804071e-02
2.268704748169360005e-02	1.911823588169155388e-02
2.307051688658016617e-02	1.940451705419949172e-02
2.346046790987047978e-02	1.969501257260915933e-02
2.385701010757239338e-02	1.998978217632657595e-02
2.426025488747183059e-02	2.028888637873351580e-02
2.467031554043257191e-02	2.059238647488615542e-02
2.508730727222522119e-02	2.090034454921205209e-02
2.551134723589388795e-02	2.121282348320211938e-02
2.594255456467021298e-02	2.152988696309447031e-02
2.638105040544361582e-02	2.185159948347683775e-02
2.682695795279727360e-02	2.217802637529094067e-02
2.728040248361941061e-02	2.250923377277421616e-02
2.774151139229957819e-02	2.284528866176950557e-02
2.821041422651998296e-02	2.318625886696438348e-02
2.868724272365149111e-02	2.353221305594771148e-02
2.917213084776511603e-02	2.388322077601231358e-02
2.966521482726893269e-02	2.423935242874405288e-02
3.016663319318120540e-02	2.460067926755431927e-02
3.067652681805041123e-02	2.496727345280774779e-02
3.119503895553308453e-02	2.533920802392810451e-02
3.172231528064078931e-02	2.571655691684949716e-02
3.225850393066707206e-02	2.609939496679372292e-02
3.280375554680643041e-02	2.648779791977952727e-02
3.335822331647670530e-02	2.688184243767376830e-02
3.392206301635675159e-02	2.728160610131741617e-02
3.449543305615163091e-02	2.768716743392693122e-02
3.507849452309746291e-02	2.809860587910159233e-02
3.567141122721874391e-02	2.851600184131549559e-02
3.627434974735024853e-02	2.893943665802391901e-02
3.688747947793717674e-02	2.936899264211568009e-02
3.751097267662616142e-02	2.980475304803762576e-02
3.814500451266075037e-02	3.024680212289351799e-02
3.878975311609485915e-02	3.069522506470444626e-02
3.944539962783806530e-02	3.115010807158644437e-02
4.011212825054691344e-02	3.161153832953711440e-02
4.079012630037611581e-02	3.207960399707129873e-02
4.147958425960481671e-02	3.255439425174584678e-02
4.218069583015218033e-02	3.303599927607624859e-02
4.289365798799760210e-02	3.352451024131103408e-02
4.361867103852071215e-02	3.402001935813844802e-02
4.435593867277683178e-02	3.452261986682144540e-02
4.510566802472350950e-02	3.503240604281657872e-02
4.586806972941463723e-02	3.554947338171935561e-02
4.664335798217766893e-02	3.607392140156621269e-02
4.743175059879158745e-02	3.660583216842269033e-02
4.823346907668181471e-02	3.714532474180573529e-02
4.904873865714945436e-02	3.769248854291325224e-02
4.987778838865244979e-02	3.824742482585005710e-02
5.072085119115625484e-02	3.881023521735439685e-02
5.157816392157245355e-02	3.938102230810298920e-02
5.244996744030298863e-02	3.995988969661024709e-02
5.333650667890960095e-02	4.054694204896257953e-02
5.423803070892688205e-02	4.114228508229192394e-02
5.515479281183843091e-02	4.174602554739034049e-02
5.608705055023580077e-02	4.235827127107678197e-02
5.703506584018021297e-02	4.297913136521094857e-02
5.799910502478755614e-02	4.360871528194851243e-02
5.897943894905668949e-02	4.424713426984944187e-02
5.997634303596301869e-02	4.489450013490550034e-02
6.099009736383805003e-02	4.555092642223373262e-02
6.202098674505685666e-02	4.621652705799025873e-02
6.306930080605555045e-02	4.689141724366695241e-02
6.413533406870128295e-02	4.757571323182181733e-02
6.521938603303781279e-02	4.826953231125249294e-02
6.632176126142910744e-02	4.897299281176582114e-02
6.744276946412586238e-02	4.968621411303225655e-02
6.858272558627788451e-02	5.040931661261936064e-02
6.974194989641739617e-02	5.114242173141730213e-02
7.092076807643786507e-02	5.188565193271237747e-02
7.211951131309368712e-02	5.263913066498156212e-02
7.333851639104646547e-02	5.340298241527709211e-02
7.457812578748428123e-02	5.417733263720497100e-02
7.583868776833958825e-02	5.496230780136514976e-02
7.712055648613416747e-02	5.575803536200434063e-02
7.842409207947753647e-02	5.656464371775103001e-02
7.974966077424722188e-02	5.738226226861217749e-02
8.109763498647923341e-02	5.821102132625171482e-02
8.246839342699753550e-02	5.905105219362085517e-02
8.386232120781254851e-02	5.990248703959809295e-02
8.527980995031705924e-02	6.076545897656088907e-02
8.672125789531190398e-02	6.164010202928629778e-02
8.818707001489085873e-02	6.252655110838094277e-02
8.967765812621682209e-02	6.342494195993904349e-02
9.119344100722104329e-02	6.433541121471599011e-02
9.273484451425793862e-02	6.525809632876763966e-02
9.430230170174896953e-02	6.619313564136258821e-02
9.589625294384790388e-02	6.714066816568847740e-02
9.751714605816352854e-02	6.810083387770074492e-02
9.916543643157306465e-02	6.907377315289893460e-02
1.008415871481621734e-01	7.005962747703690929e-02
1.025460691193275653e-01	7.105853891718304227e-02
1.042793612160791694e-01	7.207065023628138334e-02
1.060419504035768068e-01	7.309610483050768548e-02
1.078343318779438342e-01	7.413504676915516622e-02
1.096570092053898021e-01	7.518762073358410680e-02
1.115104944636879369e-01	7.625397195868370559e-02
1.133953083860418237e-01	7.733424627308785326e-02
1.153119805073836990e-01	7.842859005115733473e-02
1.172610493131479026e-01	7.953715002726655103e-02
1.192430623905555293e-01	8.066007351172249651e-02
1.212585765824598510e-01	8.179750829655493827e-02
1.233081581437884267e-01	8.294960246279450833e-02
1.253923829006330093e-01	8.411650448900823140e-02
1.275118364120260972e-01	8.529836314617529613e-02
1.296671141344518663e-01	8.649532755107973425e-02
1.318588215891403626e-01	8.770754700870946052e-02
1.340875745321854495e-01	8.893517104442179300e-02
1.363539991275424801e-01	9.017834934487731213e-02
1.386587321229457159e-01	9.143723170616037399e-02
1.410024210288032542e-01	9.271196802328361686e-02
1.433857243001131487e-01	9.400270818550277019e-02
1.458093115214542101e-01	9.530960208956680557e-02
1.482738635951064698e-01	9.663279956660066061e-02
1.507800729323471867e-01	9.797245030087008144e-02
1.533286436479847636e-01	9.932870385044023642e-02
1.559202917581761494e-01	1.007017095105496862e-01
1.585557453815923112e-01	1.020916163363558976e-01
1.612357449439809631e-01	1.034985730912302559e-01
1.639610433861866667e-01	1.049227280136354745e-01
1.667324063756906449e-01	1.063642290406232593e-01
1.695506125217208226e-01	1.078232235751259704e-01
1.724164535940033438e-01	1.092998584210638363e-01
1.753307347452060516e-01	1.107942797984830530e-01
1.782942747371474568e-01	1.123066332432104686e-01
1.813079061708234574e-01	1.138370635020768268e-01
1.843724757203275000e-01	1.153857145471308132e-01
1.874888443707211083e-01	1.169527294695389963e-01
1.906578876599247796e-01	1.185382503704831697e-01
1.938804959247014126e-01	1.201424183726175487e-01
1.971575745507916644e-01	1.217653734956807288e-01
2.004900442272835592e-01	1.234072546185268487e-01
2.038788412052750798e-01	1.250681993284939175e-01
2.073249175609150063e-01	1.267483439731717787e-01
2.108292414628857858e-01	1.284478234579380374e-01
2.143927974444073958e-01	1.301667712660990184e-01
2.180165866798430274e-01	1.319053193413611269e-01
2.217016272659736997e-01	1.336635979732724300e-01
2.254489545080342605e-01	1.354417357991147819e-01
2.292596212105766917e-01	1.372398596455796926e-01
2.331346979732569213e-01	1.390580944760126392e-01
2.370752734916163618e-01	1.408965633397091799e-01
2.410824548629473540e-01	1.427553872114400157e-01
2.451573678973335835e-01	1.446346850089509639e-01
2.493011574339402958e-01	1.465345734002327371e-01
2.535149876626587306e-01	1.484551667866867986e-01
2.578000424511790456e-01	1.503965771904008930e-01
2.621575256775992568e-01	1.523589141573605255e-01
2.665886615686511307e-01	1.543422847258438257e-01
2.710946950436425307e-01	1.563467932365144031e-01
2.756768920642191367e-01	1.583725413355731304e-01
2.803365399900296095e-01	1.604196278140408161e-01
2.850749479404112718e-01	1.624881485814434479e-01
2.898934471621800180e-01	1.645781965032607486e-01
2.947933914036459657e-01	1.666898613846743149e-01
2.997761572949446118e-01	1.688232297970308771e-01
3.048431447347966228e-01	1.709783850708197217e-01
3.099957772838110026e-01	1.731554071127174854e-01
3.152355025644269504e-01	1.753543723939325061e-01
3.205637926676255800e-01	1.775753538426536882e-01
3.259821445665060935e-01	1.798184206337077040e-01
3.314920805368620771e-01	1.820836382892290217e-01
3.370951485848599494e-01	1.843710684711453718e-01
3.427929228819465157e-01	1.866807688664599563e-01
3.485870042071142483e-01	1.890127931772208891e-01
3.544790203966314834e-01	1.913671909892356582e-01
3.604706268013856407e-01	1.937440076380539389e-01
3.665635067519453227e-01	1.961432842039296520e-01
3.727593720314937853e-01	1.985650573806517771e-01
3.790599633567491855e-01	2.010093593434265635e-01
3.854670508670132723e-01	2.034762177478287581e-01
3.919824346214941246e-01	2.059656556004677841e-01
3.986079451050231759e-01	2.084776911306985558e-01
4.053454437423328338e-01	2.110123377923767141e-01
4.121968234210137139e-01	2.135696041381947297e-01
4.191640090233237359e-01	2.161494936973943903e-01
4.262489579669776485e-01	2.187520049787994858e-01
4.334536607550772414e-01	2.213771313508992034e-01
4.407801415353455599e-01	2.240248609278114589e-01
4.482304586688004022e-01	2.266951765719097678e-01
4.558067053080540054e-01	2.293880557818908372e-01
4.635110099853732013e-01	2.321034705891037997e-01
4.713455372106929997e-01	2.348413875679103702e-01
4.793124880797287601e-01	2.376017676856415906e-01
4.874141008923670304e-01	2.403845663151618073e-01
4.956526517815184607e-01	2.431897331280939711e-01
5.040304553525852826e-01	2.460172120063741086e-01
5.125498653337533517e-01	2.488669410816584382e-01
5.212132752372591327e-01	2.517388525996899773e-01
5.300231190318516195e-01	2.546328728789313822e-01
5.389818718266018438e-01	2.575489223532254623e-01
5.480920505662881803e-01	2.604869153840216889e-01
5.573562147385243692e-01	2.634467603050695828e-01
5.667769670928383130e-01	2.664283593988984733e-01
5.763569543719186949e-01	2.694316087965987205e-01
5.860988680552025043e-01	2.724563985248364406e-01
5.960054451150506027e-01	2.755026123949128602e-01
6.060794687856858598e-01	2.785701280546168390e-01
6.163237693451454335e-01	2.816588169361550764e-01
6.267412249104387101e-01	2.847685442009970092e-01
6.373347622461452699e-01	2.878991688140686844e-01
6.481073575866924674e-01	2.910505434321126184e-01
6.590620374725127961e-01	2.942225144903850564e-01
6.702018796003550438e-01	2.974149221625259631e-01
6.815300136879469672e-01	3.006276003201342473e-01
6.930496223532930378e-01	3.038603766235043468e-01
7.047639420088206430e-01	3.071130724912751186e-01
7.166762637706404204e-01	3.103855030707775020e-01
7.287899343831883980e-01	3.136774773444752640e-01
7.411083571594764274e-01	3.169887981101192631e-01
7.536349929372584411e-01	3.203192619632525551e-01
7.663733610513340233e-01	3.236686594177185516e-01
7.793270403223097054e-01	3.270367748826562559e-01
7.924996700620573487e-01	3.304233867324132823e-01
8.058949510961670448e-01	3.338282672911749294e-01
8.195166468036988450e-01	3.372511829711615228e-01
8.333685841744831180e-01	3.406918942806772543e-01
8.474546548843202576e-01	3.441501558384397752e-01
8.617788163883257635e-01	3.476257165212838784e-01
8.763450930327818522e-01	3.511183194860186263e-01
8.911575771857650485e-01	3.546277021997809031e-01
9.062204303868837130e-01	3.581535966062180387e-01
9.215378845164673427e-01	3.616957291028237154e-01
9.371142429844909749e-01	3.652538207071517884e-01
9.529538819396250471e-01	3.688275871059785715e-01
9.690612514986907122e-01	3.724167387244707861e-01
9.854408769969253967e-01	3.760209808502690820e-01
1.002097360259361913e+00	3.796400137528104235e-01
1.019035380893695386e+00	3.832735327013592208e-01
1.036259697605026009e+00	3.869212281691412625e-01
1.053775149532790278e+00	3.905827858840926758e-01
1.071586657610325677e+00	3.942578869537939901e-01
1.089699225947380778e+00	3.979462079710665012e-01
1.108117943236025305e+00	4.016474211669507910e-01
1.126847984180302076e+00	4.053611945060778821e-01
1.145894610950043413e+00	4.090871917878539099e-01
1.165263174659284751e+00	4.128250728333420771e-01
1.184959116869630069e+00	4.165744935878450406e-01
1.204987971119068746e+00	4.203351062183675046e-01
1.225355364476592435e+00	4.241065593329045313e-01
1.246067019123127118e+00	4.278884980222193435e-01
1.267128753959161580e+00	4.316805640907687147e-01
1.288546486239548816e+00	4.354823961590058023e-01
1.310326233235965754e+00	4.392936297734820750e-01
1.332474113927433867e+00	4.431138976336164714e-01
1.354996350719455345e+00	4.469428297024153895e-01
1.377899271192165376e+00	4.507800533127667708e-01
1.401189309878072775e+00	4.546251934092550573e-01
1.424873010069821255e+00	4.584778726596556719e-01
1.448957025658507369e+00	4.623377115641370549e-01
1.473448123003098242e+00	4.662043287045257167e-01
1.498353182831403840e+00	4.700773408572381795e-01
1.523679202173229497e+00	4.739563631051297854e-01
1.549433296326152343e+00	4.778410090909013253e-01
1.575622700854574010e+00	4.817308911311146136e-01
1.602254773622528550e+00	4.856256203305191477e-01
1.629336996860851317e+00	4.895248068360630311e-01
1.656876979269319872e+00	4.934280599517053556e-01
1.684882458154278284e+00	4.973349882552879353e-01
1.713361301602444930e+00	5.012451998492269967e-01
1.742321510691409836e+00	5.051583024760717411e-01
1.771771221737550084e+00	5.090739036380835802e-01
1.801718708581883988e+00	5.129916108405006003e-01
1.832172384914617203e+00	5.169110317080037875e-01
1.863140806638941216e+00	5.208317741070258577e-01
1.894632674274788098e+00	5.247534463881678990e-01
1.926656835403250945e+00	5.286756574514502871e-01
1.959222287152264430e+00	5.325980169837432054e-01
1.992338178724363251e+00	5.365201355551988405e-01
2.026013813967100230e+00	5.404416247724276312e-01
2.060258653986974053e+00	5.443620974738688778e-01
2.095082319807497040e+00	5.482811678445749237e-01
2.130494595072189856e+00	5.521984515675983918e-01
2.166505428793310539e+00	5.561135659748145388e-01
2.203124938146971523e+00	5.600261301763745925e-01
2.240363411315581477e+00	5.639357651908196711e-01
2.278231310378250996e+00	5.678420941987839532e-01
2.316739274250128933e+00	5.717447424772621467e-01
2.355898121671370138e+00	5.756433377069446466e-01
2.395718854246625451e+00	5.795375099934186869e-01
2.436212659535957670e+00	5.834268920881660048e-01
2.477390914197924676e+00	5.873111194176148242e-01
2.519265187185870225e+00	5.911898302939007088e-01
2.561847242998160024e+00	5.950626659999939116e-01
2.605149044983431139e+00	5.989292708592429682e-01
2.649182758701655427e+00	6.027892924401047070e-01
2.693960755342017954e+00	6.066423816226523824e-01
2.739495615198612732e+00	6.104881926629556199e-01
2.785800131204812846e+00	6.143263833863534806e-01
2.832887312527463397e+00	6.181566152465036712e-01
2.880770388221738365e+00	6.219785533776056585e-01
2.929462810947857765e+00	6.257918667815239866e-01
2.978978260750571039e+00	6.295962283750259347e-01
3.029330648902521350e+00	6.333913150317307394e-01
3.080534121812634751e+00	6.371768077608073177e-01
3.132603065000477027e+00	6.409523917430952622e-01
3.185552107137887834e+00	6.447177563637271902e-01
3.239396124158830492e+00	6.484725953799994613e-01
3.294150243438799031e+00	6.522166069472796757e-01
3.349829848044809655e+00	6.559494936435626977e-01
3.406450581057223204e+00	6.596709626238509427e-01
3.464028349964686004e+00	6.633807256370672922e-01
3.522579331133254943e+00	6.670784990439768691e-01
3.582119974351172242e+00	6.707640039553295352e-01
3.642667007450346439e+00	6.744369662412366129e-01
3.704237441006055231e+00	6.780971165438529624e-01
3.766848573116013732e+00	6.817441904071648295e-01
3.830517994260218551e+00	6.853779282283812835e-01
3.895263592243014550e+00	6.889980753785247547e-01
3.961103557218577542e+00	6.926043821809642065e-01
4.028056386801467603e+00	6.961966039419589247e-01
4.096140891263432948e+00	6.997745010366066554e-01
4.165376198818180775e+00	7.033378388765280098e-01
4.235781760995385170e+00	7.068863879538910266e-01
4.307377358105535237e+00	7.104199238912201064e-01
4.380183104797232829e+00	7.139382273738166251e-01
4.454219455708298803e+00	7.174410842262693988e-01
4.529507211212534301e+00	7.209282855014507163e-01
4.606067523263474683e+00	7.243996272939027259e-01
4.683921901337057214e+00	7.278549109183404253e-01
4.763092218474635153e+00	7.312939428023441657e-01
4.843600717428146574e+00	7.347165345651349710e-01
4.925470016909234694e+00	7.381225029817195527e-01
5.008723117943856273e+00	7.415116699373173192e-01
5.093383410334457295e+00	7.448838625111744438e-01
5.179474679231212519e+00	7.482389128549644663e-01
5.267021111814501388e+00	7.515766582818882435e-01
5.356047304090164829e+00	7.548969412067497720e-01
5.446578267799784712e+00	7.581996090844289604e-01
5.538639437447652192e+00	7.614845144774515795e-01
5.632256677446509485e+00	7.647515149910649734e-01
5.727456289384188715e+00	7.680004732025969005e-01
5.824265019412900202e+00	7.712312567261465635e-01
5.922710065763608256e+00	7.744437381239234197e-01
6.022819086387228182e+00	7.776377949068569162e-01
6.124620206725158056e+00	7.808133094397119445e-01
6.228142027611035303e+00	7.839701690011439128e-01
6.333413633306047785e+00	7.871082657013984685e-01
6.440464599670190360e+00	7.902274963982283129e-01
6.549325002471445778e+00	7.933277627512216323e-01
6.660025425835619295e+00	7.964089711346001854e-01
6.772596970838784536e+00	7.994710325504669202e-01
6.887071264245168578e+00	8.025138626748311577e-01
7.003480467392588338e+00	8.055373817699214012e-01
7.121857285228077927e+00	8.085415145949070848e-01
7.242234975496383065e+00	8.115261904519763814e-01
7.364647358083541206e+00	8.144913430393116993e-01
7.489128824518638261e+00	8.174369104867449387e-01
7.615714347635920589e+00	8.203628352609855234e-01
7.744439491400456177e+00	8.232690640962256889e-01
7.875340420899716420e+00	8.261555480000331020e-01
8.008453912504041483e+00	8.290222421514391593e-01
8.143817364199005482e+00	8.318691058383315129e-01
8.281468806092183499e+00	8.346961024582425503e-01
8.421446911097760335e+00	8.375031994243169464e-01
8.563791005801492773e+00	8.402903681001639979e-01
8.708541081509549642e+00	8.430575837797376071e-01
8.855737805483945735e+00	8.458048255554023731e-01
9.005422532367880706e+00	8.485320764128863047e-01
9.157637315804374012e+00	8.512393229582848608e-01
9.312424920251002547e+00	8.539265555555931586e-01
9.469828832994659606e+00	8.565937681450098706e-01
9.629893276369060118e+00	8.592409582250166711e-01
9.792663220179065320e+00	8.618681268040400134e-01
9.958184394334800515e+00	8.644752783033411436e-01
1.012650330169933710e+01	8.670624205561060505e-01
1.029766723115371541e+01	8.696295646851863737e-01
1.047172427088250757e+01	8.721767250558738471e-01
1.064872332188427428e+01	8.747039192651491213e-01
1.082871411171002762e+01	8.772111680197700601e-01
1.101174720843425447e+01	8.796984950818271809e-01
1.119787403486185262e+01	8.821659272668099794e-01
1.138714688297520183e+01	8.846134943156740427e-01
1.157961892862566167e+01	8.870412288430825631e-01
1.177534424647303979e+01	8.894491663371751899e-01
1.197437782517795135e+01	8.918373450276938508e-01
1.217677558285059547e+01	8.942058058391094688e-01
1.238259438276100788e+01	8.965545923896273139e-01
1.259189204931461603e+01	8.988837508571757562e-01
1.280472738429782709e+01	9.011933299364383032e-01
1.302116018339845027e+01	9.034833808439818315e-01
1.324125125300498418e+01	9.057539571660924160e-01
1.346506242729025793e+01	9.080051148440643205e-01
1.369265658558342480e+01	9.102369121536921792e-01
1.392409767003596599e+01	9.124494095767667901e-01
1.415945070358605307e+01	9.146426697713061493e-01
1.439878180822651998e+01	9.168167575576224859e-01
1.464215822358192653e+01	9.189717397982870573e-01
1.488964832579915942e+01	9.211076853649101670e-01
1.514132164675782732e+01	9.232246651047245622e-01
1.539724889360486770e+01	9.253227517510808076e-01
1.565750196861980470e+01	9.274020199075243553e-01
1.592215398941546312e+01	9.294625459587187999e-01
1.619127930948012661e+01	9.315044080178336294e-01
1.646495353906724546e+01	9.335276859094869817e-01
1.674325356643772622e+01	9.355324610950644937e-01
1.702625757946180585e+01	9.375188166046810601e-01
1.731404508758553007e+01	9.394868370275747393e-01
1.760669694416904463e+01	9.414366083827555576e-01
1.790429536920192888e+01	9.433682182174053521e-01
1.820692397240297211e+01	9.452817553888256397e-01
1.851466777671009822e+01	9.471773101164139286e-01
1.882761324216724574e+01	9.490549739068206980e-01
1.914584829021545431e+01	9.509148394942670279e-01
1.946946232839389879e+01	9.527570008610692920e-01
1.979854627545908841e+01	9.545815530556330808e-01
2.013319258692800773e+01	9.563885923085693186e-01
2.047349528105359084e+01	9.581782158761020796e-01
2.081954996523887758e+01	9.599505220154265217e-01
2.117145386289756814e+01	9.617056099987121298e-01
2.152930584076909071e+01	9.634435800010935358e-01
2.189320643669466548e+01	9.651645330731305483e-01
2.226325788786357052e+01	9.668685711543099082e-01
2.263956415953613899e+01	9.685557969621072516e-01
2.302223097425292053e+01	9.702263139685954885e-01
2.341136584153708355e+01	9.718802264170662841e-01
2.380707808809889059e+01	9.735176392072065754e-01
2.420947888855114627e+01	9.751386578816438888e-01
2.461868129664312121e+01	9.767433886259294651e-01
2.503480027702318367e+01	9.783319382222345206e-01
2.545795273753748944e+01	9.799044139069401638e-01
2.588825756207539186e+01	9.814609235132202292e-01
2.632583564396948717e+01	9.830015753351509789e-01
2.677080991996021808e+01	9.845264780348964573e-01
2.722330540473507554e+01	9.860357407580877531e-01
2.768344922605082559e+01	9.875294730153171274e-01
2.815137066045024739e+01	9.890077845933697986e-01
2.862720116958168148e+01	9.904707856666860044e-01
2.911107443713334675e+01	9.919185866484049319e-01
2.960312640639132908e+01	9.933512981946844844e-01
3.010349531843243653e+01	9.947690312268251400e-01
3.061232175096317221e+01	9.961718967932490232e-01
3.112974865781429301e+01	9.975600061564883214e-01
3.165592140910392160e+01	9.989334707045551820e-01
3.219098783207849834e+01	1.000292401902122430e+00
3.273509825264502382e+01	1.001636911345700209e+00
3.328840553760464616e+01	1.002967110643728565e+00
3.385106513760008085e+01	1.004283111470294365e+00
3.442323513078967778e+01	1.005585025512484076e+00
3.500507626725861599e+01	1.006872964388149327e+00
3.559675201418191648e+01	1.008147039703656711e+00
3.619842860174963306e+01	1.009407363053841156e+00
3.681027506986945497e+01	1.010654045878764729e+00
3.743246331565791252e+01	1.011887199563720197e+00
3.806516814173434682e+01	1.013106935301868683e+00
3.870856730533186152e+01	1.014313364213230262e+00
3.936284156823732872e+01	1.015506597205486639e+00
4.002817474757663518e+01	1.016686744994478309e+00
4.070475376745718421e+01	1.017853918132426427e+00
4.139276871148439341e+01	1.019008226910142589e+00
4.209241287616510618e+01	1.020149781369972253e+00
4.280388282521361276e+01	1.021278691346701573e+00
4.352737844477648110e+01	1.022395066317083101e+00
4.426310299958944938e+01	1.023499015534359957e+00
4.501126319008503884e+01	1.024590647941135080e+00
4.577206921046389709e+01	1.025670072086301676e+00
4.654573480774909910e+01	1.026737396250080980e+00
4.733247734183772337e+01	1.027792728342937556e+00
4.813251784656739574e+01	1.028836175897068106e+00
4.894608109181602629e+01	1.029867846040521728e+00
4.977339564664967497e+01	1.030887845561885507e+00
5.061469394353941453e+01	1.031896280799319943e+00
5.147021234366199849e+01	1.032893257663217934e+00
5.234019120330587782e+01	1.033878881678312434e+00
5.322487494139806330e+01	1.034853257889154499e+00
5.412451210817385316e+01	1.035816490875944851e+00
5.503935545500626603e+01	1.036768684797052531e+00
5.596966200541572789e+01	1.037709943299318871e+00
5.691569312728113772e+01	1.038640369539589603e+00
5.787771460626974118e+01	1.039560066225331481e+00
5.885599672051007758e+01	1.040469135482994023e+00
5.985081431652515249e+01	1.041367679001945712e+00
6.086244688645088985e+01	1.042255797905819348e+00
6.189117864655855783e+01	1.043133592793135778e+00
6.293729861710444595e+01	1.044001163739231242e+00
6.400110070353041181e+01	1.044858610252710873e+00
6.508288377903505761e+01	1.045706031309486139e+00
6.618295176854263673e+01	1.046543525298193389e+00
6.730161373408913050e+01	1.047371190072019287e+00
6.843918396165355489e+01	1.048189122885984981e+00
6.959598204945567090e+01	1.048997420442824069e+00
7.077233299774606223e+01	1.049796178804245361e+00
7.196856730011528214e+01	1.050585493533095605e+00
7.318502103634435230e+01	1.051365459527793700e+00
7.442203596682681166e+01	1.052136171105159335e+00
7.567995962858455528e+01	1.052897721978305778e+00
7.695914543290872700e+01	1.053650205247862237e+00
7.825995276464949768e+01	1.054393713411031941e+00
7.958274708318410262e+01	1.055128338325963755e+00
8.092790002509306646e+01	1.055854171268888697e+00
8.229578950856954123e+01	1.056571302866187612e+00
8.368679983959597735e+01	1.057279823106907157e+00
8.510132181991289713e+01	1.057979821384039454e+00
8.653975285681501362e+01	1.058671386439230311e+00
8.800249707480163863e+01	1.059354606362532092e+00
8.948996542911412178e+01	1.060029568648173770e+00
9.100257582119419908e+01	1.060696360126474280e+00
9.254075321609118987e+01	1.061355066971116923e+00
9.410492976185659586e+01	1.062005774757873500e+00
9.569554491095378523e+01	1.062648568389063852e+00
9.731304554372266580e+01	1.063283532110246954e+00
9.895788609392928947e+01	1.063910749563548475e+00
1.006305286764376348e+02	1.064530303715095938e+00
1.023314432170412118e+02	1.065142276869367466e+00
1.040611075844862796e+02	1.065746750734608561e+00
1.058200077247298054e+02	1.066343806325821708e+00
1.076086377974633734e+02	1.066933524012428247e+00
1.094275003149479204e+02	1.067515983552701941e+00
1.112771062831930067e+02	1.068091264021758358e+00
1.131579753455222743e+02	1.068659443845725088e+00
1.150706359285678531e+02	1.069220600837136104e+00
1.170156253907290136e+02	1.069774812134587139e+00
1.189934901731438543e+02	1.070322154230998191e+00
1.210047859532090087e+02	1.070862702987867898e+00
1.230500778006978635e+02	1.071396533605792456e+00
1.251299403365151335e+02	1.071923720667800950e+00
1.272449578941347568e+02	1.072444338084569626e+00
1.293957246837690604e+02	1.072958459153201316e+00
1.315828449593089147e+02	1.073466156524475856e+00
1.338069331880899426e+02	1.073967502189197232e+00
1.360686142235236389e+02	1.074462567538099655e+00
1.383685234806508220e+02	1.074951423310868126e+00
1.407073071146594430e+02	1.075434139580303761e+00
1.430856222024197280e+02	1.075910785876337705e+00
1.455041369270908831e+02	1.076381431029530766e+00
1.479635307658433305e+02	1.076846143265598466e+00
1.504644946807591168e+02	1.077304990183790556e+00
1.530077313129538652e+02	1.077758038752297143e+00
1.555939551799847322e+02	1.078205355355558392e+00
1.582238928765917478e+02	1.078647005728480490e+00
1.608982832788323662e+02	1.079083054997806101e+00
1.636178777516695106e+02	1.079513567688774378e+00
1.663834403600635596e+02	1.079938607698451847e+00
1.691957480836375396e+02	1.080358238351784239e+00
1.720555910349655733e+02	1.080772522347235975e+00
1.749637726815560939e+02	1.081181521770130161e+00
1.779211100715817793e+02	1.081585298149578156e+00
1.809284340634302453e+02	1.081983912391070612e+00
1.839865895591310334e+02	1.082377424797285270e+00
1.870964357417281576e+02	1.082765895126037936e+00
1.902588463166685528e+02	1.083149382517339721e+00
1.934747097572649466e+02	1.083527945520954328e+00
1.967449295543138987e+02	1.083901642137716337e+00
2.000704244699266781e+02	1.084270529810874795e+00
2.034521287956564777e+02	1.084634665324748504e+00
2.068909926149848104e+02	1.084994104985260721e+00
2.103879820702443340e+02	1.085348904507355439e+00
2.139440796340576298e+02	1.085699119032732973e+00
2.175602843853577042e+02	1.086044803134940784e+00
2.212376122900808468e+02	1.086386010884295761e+00
2.249770964865966505e+02	1.086722795719561319e+00
2.287797875759696069e+02	1.087055210613496747e+00
2.326467539171220835e+02	1.087383307947317634e+00
2.365790819269863619e+02	1.087707139565728509e+00
2.405778763857347258e+02	1.088026756815579033e+00
2.446442607471615247e+02	1.088342210448213887e+00
2.487793774543193308e+02	1.088653550738347908e+00
2.529843882604822340e+02	1.088960827408407050e+00
2.572604745555416912e+02	1.089264089677773661e+00
2.616088376979143391e+02	1.089563386244078780e+00
2.660306993520598553e+02	1.089858765261426443e+00
2.705273018317088258e+02	1.090150274406556763e+00
2.750999084488843778e+02	1.090437960861464939e+00
2.797498038688314637e+02	1.090721871251700392e+00
2.844782944709368735e+02	1.091002051729339728e+00
2.892867087157579817e+02	1.091278548002011961e+00
2.941763975182495869e+02	1.091551405217763282e+00
2.991487346272989498e+02	1.091820668088435031e+00
3.042051170116823755e+02	1.092086380772357979e+00
3.093469652525361084e+02	1.092348587031708007e+00
3.145757239424706313e+02	1.092607330100236807e+00
3.198928620914214775e+02	1.092862652741337648e+00
3.252998735393691732e+02	1.093114597280851141e+00
3.307982773760288637e+02	1.093363205559277906e+00
3.363896183676337728e+02	1.093608518943381958e+00
3.420754673909387975e+02	1.093850578390578088e+00
3.478574218745504822e+02	1.094089424330327853e+00
3.537371062477265582e+02	1.094325096810664144e+00
3.597161723967509488e+02	1.094557635417612529e+00
3.657963001290331135e+02	1.094787079288341847e+00
3.719791976450445077e+02	1.095013467101219273e+00
3.782666020182322768e+02	1.095236837145245001e+00
3.846602796830517832e+02	1.095457227256523280e+00
3.911620269312371079e+02	1.095674674821346839e+00
3.977736704164719868e+02	1.095889216858024540e+00
4.044970676675784489e+02	1.096100889927568822e+00
4.113341076103915839e+02	1.096309730163961493e+00
4.182867110984475403e+02	1.096515773339040267e+00
4.253568314526407903e+02	1.096719054782318903e+00
4.325464550100122665e+02	1.096919609408029572e+00
4.398576016817999061e+02	1.097117471773582320e+00
4.472923255209361173e+02	1.097312676008479038e+00
4.548527152991227354e+02	1.097505255842093019e+00
4.625408950936740666e+02	1.097695244662320047e+00
4.703590248842695019e+02	1.097882675398830443e+00
4.783093011597930513e+02	1.098067580668392385e+00
4.863939575354394265e+02	1.098249992675606634e+00
4.946152653802362238e+02	1.098429943252545948e+00
5.029755344551887219e+02	1.098607463874494927e+00
5.114771135621948588e+02	1.098782585628194974e+00
5.201223912039447441e+02	1.098955339254553021e+00
5.289137962549582426e+02	1.099125755137257965e+00
5.378537986439790757e+02	1.099293863279648731e+00
5.469449100478946093e+02	1.099459693346241274e+00
5.561896845973827794e+02	1.099623274669319750e+00
5.655907195944980685e+02	1.099784636176680319e+00
5.751506562423700188e+02	1.099943806546482827e+00
5.848721803872531382e+02	1.100100814046669706e+00
5.947580232731010028e+02	1.100255686628919261e+00
6.048109623089127354e+02	1.100408451912029184e+00
6.150338218490370537e+02	1.100559137182694824e+00
6.254294739866654709e+02	1.100707769411237047e+00
6.360008393607505468e+02	1.100854375221932857e+00
6.467508879765434813e+02	1.100998980960261164e+00
6.576826400400219654e+02	1.101141612626333810e+00
6.687991668064009900e+02	1.101282295898515562e+00
6.801035914430051434e+02	1.101421056182257274e+00
6.915990899067132887e+02	1.101557918552113824e+00
7.032888918362326649e+02	1.101692907764032503e+00
7.151762814594706015e+02	1.101826048315031947e+00
7.272645985162197348e+02	1.101957364382172511e+00
7.395572391964639110e+02	1.102086879829322630e+00
7.520576570945196409e+02	1.102214618275421110e+00
7.647693641793268853e+02	1.102340603022440746e+00
7.776959317811260917e+02	1.102464857074626270e+00
7.908409915948119533e+02	1.102587403196358951e+00
8.042082367002620913e+02	1.102708263846251091e+00
8.178014225998882694e+02	1.102827461190646119e+00
8.316243682737505196e+02	1.102945017174792541e+00
8.456809572524798568e+02	1.103060953431771241e+00
8.599751387083596228e+02	1.103175291327349150e+00
8.745109285648341029e+02	1.103288052000851671e+00
8.892924106247685359e+02	1.103399256297357356e+00
9.043237377177986218e+02	1.103508924801196445e+00
9.196091328670457870e+02	1.103617077874005314e+00
9.351528904755820122e+02	1.103723735601190192e+00
9.509593775329200298e+02	1.103828917814961397e+00
9.670330348419231541e+02	1.103932644114524964e+00
9.833783782664356750e+02	1.104034933842148014e+00
1.000000000000000000e+03	1.104135806118946572e+00
