# Data associated with arXiv:2208.14002
# 
# Scale-free velocity distribution, f(E), of a nfw1-7rhos4e6 dark matter distribution (see Eq. 2.7 and the surrounding discussion)
# 
# Published: 8/25/22, Jack Runburg and Kenny Kiriu, contact: runburg@hawaii.edu
# 
# 
# -----------------------------------------------------------------
# 
# 	 tilde E 		 | 		 tilde f
# 
# -----------------------------------------------------------------
8.108585280692699737e-02	1.216713488313142014e+10
8.149460876069498927e-02	1.175221386821409035e+10
8.190542501462778902e-02	1.134430933702038002e+10
8.231831195717938254e-02	1.094505666923963356e+10
8.273328002908959811e-02	1.056114449709034729e+10
8.315033972364767323e-02	1.018447938369853592e+10
8.356950158695972131e-02	9.821215982904842377e+09
8.399077621820841277e-02	9.470878738096410751e+09
8.441417426992926798e-02	9.133007489802656174e+09
8.483970644828128793e-02	8.807159833067766190e+09
8.526738351330155619e-02	8.492908717041040421e+09
8.569721627919969775e-02	8.189842211225211143e+09
8.612921561461475695e-02	7.897562908041148186e+09
8.656339244289036616e-02	7.615687460214992523e+09
8.699975774236447246e-02	7.343846262661005020e+09
8.743832254663277959e-02	7.081682854104638100e+09
8.787909794482876014e-02	6.828853229575037956e+09
8.832209508191003755e-02	6.585025710039806366e+09
8.876732515894010522e-02	6.349880399662694931e+09
8.921479943336292628e-02	6.123108813280345917e+09
8.966452921929538022e-02	5.904413237035460472e+09
9.011652588780295903e-02	5.693506629261524200e+09
9.057080086720321888e-02	5.490112171119106293e+09
9.102736564333797908e-02	5.293962820050668716e+09
9.148623175987120881e-02	5.104801042397419930e+09
9.194741081858051612e-02	4.922378430623107910e+09
9.241091447964168426e-02	4.746455329409693718e+09
9.287675446193917328e-02	4.576800675475563049e+09
9.334494254334531338e-02	4.413191639449256897e+09
9.381549056102758688e-02	4.255413222692566872e+09
9.428841041173709192e-02	4.103258049061499119e+09
9.476371405212487276e-02	3.956526178983697414e+09
9.524141349902917608e-02	3.815024767835917473e+09
9.572152082977798682e-02	3.678567765423498154e+09
9.620404818251013235e-02	3.546975742725879669e+09
9.668900775645841716e-02	3.420075612450561047e+09
9.717641181227355818e-02	3.297700543175539494e+09
9.766627267233282672e-02	3.179689546401498795e+09
9.815860272103500705e-02	3.065887320435518742e+09
9.865341440513465676e-02	2.956144156353136063e+09
9.915072023403810608e-02	2.850315636470936298e+09
9.965053278012699078e-02	2.748262453036727905e+09
1.001528646790728755e-01	2.649850250889554024e+09
1.006577286301576779e-01	2.554949455245467186e+09
1.011651373965850725e-01	2.463435121404745102e+09
1.016751038058198719e-01	2.375186703722113132e+09
1.021876407498870792e-01	2.290087933319924831e+09
1.027027611857200401e-01	2.208026714579328060e+09
1.032204781354697093e-01	2.128894910955609322e+09
1.037408046868415201e-01	2.052588221699745417e+09
1.042637539934157115e-01	1.979006068473047495e+09
1.047893392749938007e-01	1.908051434259321213e+09
1.053175738179159132e-01	1.839630752241926670e+09
1.058484709754026892e-01	1.773653789990308523e+09
1.063820441678896139e-01	1.710033510897041798e+09
1.069183068833650802e-01	1.648685981389129400e+09
1.074572726777090065e-01	1.589530249949733019e+09
1.079989551750360766e-01	1.532488230219130278e+09
1.085433680680313040e-01	1.477484620359389067e+09
1.090905251183028751e-01	1.424446799048645020e+09
1.096404401567278725e-01	1.373304732166291714e+09
1.101931270837918780e-01	1.323990863072041512e+09
1.107485998699450774e-01	1.276440036766583443e+09
1.113068725559513000e-01	1.230589420255163670e+09
1.118679592532430267e-01	1.186378420659961462e+09
1.124318741442674324e-01	1.143748592748334885e+09
1.129986314828589494e-01	1.102643566718635559e+09
1.135682455945829228e-01	1.063008985240250826e+09
1.141407308770951562e-01	1.024792422542600632e+09
1.147161018005181804e-01	9.879433128857409954e+08
1.152943729077882812e-01	9.524128943952559233e+08
1.158755588150289367e-01	9.181541378658640385e+08
1.164596742119171358e-01	8.851216890232459307e+08
1.170467338620447412e-01	8.532718045387622118e+08
1.176367526033045424e-01	8.225623011850168705e+08
1.182297453482464428e-01	7.929524924562807083e+08
1.188257270844599450e-01	7.644031415282453299e+08
1.194247128749480052e-01	7.368764087720724344e+08
1.200267178585053413e-01	7.103358016249024868e+08
1.206317572500973517e-01	6.847461250084286928e+08
1.212398463412437677e-01	6.600734380691387653e+08
1.218510005003937274e-01	6.362850057713361979e+08
1.224652351733266503e-01	6.133492590786581039e+08
1.230825658835237452e-01	5.912357557432368994e+08
1.237030082325645403e-01	5.699151363936183453e+08
1.243265779005164468e-01	5.493590836029689312e+08
1.249532906463269449e-01	5.295402919027669430e+08
1.255831623082204473e-01	5.104324277130891681e+08
1.262162088040878205e-01	4.920100955329130888e+08
1.268524461318930874e-01	4.742488013041890860e+08
1.274918903700754391e-01	4.571249262104799747e+08
1.281345576779369944e-01	4.406156966190152764e+08
1.287804642960616863e-01	4.246991404967489243e+08
1.294296265467209384e-01	4.093540790391185880e+08
1.300820608342681817e-01	3.945600778625465035e+08
1.307377836455644593e-01	3.802974411046304107e+08
1.313968115503823808e-01	3.665471679812964797e+08
1.320591612018227334e-01	3.532909372126340270e+08
1.327248493367292614e-01	3.405110797241623998e+08
1.333938927761079418e-01	3.281905564322958589e+08
1.340663084255462600e-01	3.163129370042299032e+08
1.347421132756358719e-01	3.048623748436980247e+08
1.354213244023965423e-01	2.938235907315707207e+08
1.361039589677021933e-01	2.831818462463522553e+08
1.367900342197093944e-01	2.729229339255909920e+08
1.374795674932874079e-01	2.630331490344766080e+08
1.381725762104507316e-01	2.534992770561884344e+08
1.388690778807933068e-01	2.443085750003148913e+08
1.395690901019251695e-01	2.354487537968210578e+08
1.402726305599110435e-01	2.269079634997802675e+08
1.409797170297105440e-01	2.186747765663444400e+08
1.416903673756216564e-01	2.107381733516626060e+08
1.424045995517249363e-01	2.030875276151965261e+08
1.431224316023310406e-01	1.957125921283386350e+08
1.438438816624291461e-01	1.886034852777913213e+08
1.445689679581389220e-01	1.817506797003169954e+08
1.452977088071636114e-01	1.751449857509205341e+08
1.460301226192450563e-01	1.687775436144691408e+08
1.467662278966223866e-01	1.626398093394646347e+08
1.475060432344907080e-01	1.567235439515134990e+08
1.482495873214641768e-01	1.510208031344327629e+08
1.489968789400392957e-01	1.455239267610924244e+08
1.497479369670618177e-01	1.402255261474520862e+08
1.505027803741953718e-01	1.351184796657525897e+08
1.512614282283915312e-01	1.301959182213188112e+08
1.520238996923637675e-01	1.254512186590495259e+08
1.527902140250616825e-01	1.208779946096670777e+08
1.535603905821494031e-01	1.164700879956052154e+08
1.543344488164840878e-01	1.122215608482921869e+08
1.551124082785989844e-01	1.081266872562162876e+08
1.558942886171868769e-01	1.041799464989703298e+08
1.566801095795862520e-01	1.003760149146396369e+08
1.574698910122707962e-01	9.670975942465934157e+07
1.582636528613393934e-01	9.317623051616615057e+07
1.590614151730101733e-01	8.977065605368933082e+07
1.598631980941151165e-01	8.648843403987582028e+07
1.606690218725986552e-01	8.332512740514387190e+07
1.614789068580169407e-01	8.027645818782606721e+07
1.622928735020409963e-01	7.733830120908473432e+07
1.631109423589608698e-01	7.450667915089559555e+07
1.639331340861926167e-01	7.177775685646849871e+07
1.647594694447881702e-01	6.914783656780377030e+07
1.655899692999460993e-01	6.661335325963743031e+07
1.664246546215266409e-01	6.417086931553933024e+07
1.672635464845670661e-01	6.181707027785784006e+07
1.681066660698011528e-01	5.954876055226150900e+07
1.689540346641796587e-01	5.736285882991832495e+07
1.698056736613940132e-01	5.525639450929144025e+07
1.706616045624022859e-01	5.322650332696732879e+07
1.715218489759567089e-01	5.127042364619635046e+07
1.723864286191349182e-01	4.938549294498136640e+07
1.732553653178724729e-01	4.756914420438495278e+07
1.741286810074983149e-01	4.581890248566201329e+07
1.750063977332724507e-01	4.413238123736963421e+07
1.758885376509259635e-01	4.250728015385438502e+07
1.767751230272039675e-01	4.094138108529505134e+07
1.776661762404098954e-01	3.943254555955711007e+07
1.785617197809535595e-01	3.797871183618287742e+07
1.794617762519004900e-01	3.657789227688948065e+07
1.803663683695242714e-01	3.522817052883462608e+07
1.812755189638613762e-01	3.392769912506433576e+07
1.821892509792679971e-01	3.267469692373361811e+07
1.831075874749799881e-01	3.146744677846891060e+07
1.840305516256743046e-01	3.030429311518111080e+07
1.849581667220341619e-01	2.918364015177582949e+07
1.858904561713151382e-01	2.810394918794929609e+07
1.868274434979154408e-01	2.706373696150661260e+07
1.877691523439470045e-01	2.606157351272865757e+07
1.887156064698101432e-01	2.509608034694288671e+07
1.896668297547705329e-01	2.416592848628143966e+07
1.906228461975378596e-01	2.326983681342360750e+07
1.915836799168482429e-01	2.240657030291640013e+07
1.925493551520478241e-01	2.157493846560943127e+07
1.935198962636801301e-01	2.077379346019365638e+07
1.944953277340747688e-01	2.000202896450679749e+07
1.954756741679378462e-01	1.925857838979133591e+07
1.964609602929519305e-01	1.854241366467555612e+07
1.974512109603637489e-01	1.785254363619147986e+07
1.984464511455899249e-01	1.718801298244368657e+07
1.994467059488161109e-01	1.654790072840670124e+07
2.004520005956020590e-01	1.593131916075479425e+07
2.014623604374878030e-01	1.533741254131016321e+07
2.024778109526027825e-01	1.476535599833170138e+07
2.034983777462777421e-01	1.421435442223670147e+07
2.045240865516586848e-01	1.368364140746151842e+07
2.055549632303237118e-01	1.317247822744460963e+07
2.065910337729017499e-01	1.268015268889125064e+07
2.076323242996947205e-01	1.220597849707988091e+07
2.086788610613013184e-01	1.174929407264652103e+07
2.097306704392437882e-01	1.130946169843389839e+07
2.107877789465969209e-01	1.088586673922761157e+07
2.118502132286197159e-01	1.047791675716103986e+07
2.129180000633898173e-01	1.008504074034847319e+07
2.139911663624393390e-01	9.706688331712808460e+06
2.150697391713947415e-01	9.342329056092776358e+06
2.161537456706179305e-01	8.991451667745796964e+06
2.172432131758502971e-01	8.653563378438092768e+06
2.183381691388593671e-01	8.328189277096914127e+06
2.194386411480876709e-01	8.014871620999333449e+06
2.205446569293043335e-01	7.713169265536292456e+06
2.216562443462584964e-01	7.422657032089105807e+06
2.227734314013362915e-01	7.142925155842087232e+06
2.238962462362190931e-01	6.873578724640313536e+06
2.250247171325449880e-01	6.614237141353804618e+06
2.261588725125724120e-01	6.364533619078444317e+06
2.272987409398459502e-01	6.124114671939792112e+06
2.284443511198654686e-01	5.892639643136947416e+06
2.295957319007560227e-01	5.669780240984669887e+06
2.307529122739421512e-01	5.455220094975056127e+06
2.319159213748228920e-01	5.248654323732133023e+06
2.330847884834500172e-01	5.049789128270276822e+06
2.342595430252085997e-01	4.858341380140813999e+06
2.354402145714994676e-01	4.674038251887794584e+06
2.366268328404249888e-01	4.496616830285442062e+06
2.378194276974753552e-01	4.325823768922285177e+06
2.390180291562198078e-01	4.161414943877910729e+06
2.402226673789976397e-01	4.003155117117407266e+06
2.414333726776128619e-01	3.850817610543982591e+06
2.426501755140310912e-01	3.704184011743598618e+06
2.438731065010781573e-01	3.563043859435307328e+06
2.451021964031417644e-01	3.427194369958905969e+06
2.463374761368738730e-01	3.296440145252698567e+06
2.475789767718976908e-01	3.170592934696951881e+06
2.488267295315142735e-01	3.049471328567170072e+06
2.500807657934130401e-01	2.932900556588335428e+06
2.513411170903841474e-01	2.820712234501007013e+06
2.526078151110321968e-01	2.712744124014256988e+06
2.538808917004908294e-01	2.608839896827880759e+06
2.551603788611494505e-01	2.508848973252136260e+06
2.564463087533616625e-01	2.412626249972308055e+06
2.577387136961754588e-01	2.320031955043406226e+06
2.590376261680564229e-01	2.230931420366766397e+06
2.603430788076139812e-01	2.145194911751056556e+06
2.616551044143300420e-01	2.062697441795800580e+06
2.629737359492899107e-01	1.983318612381769344e+06
2.642990065359139273e-01	1.906942432294812985e+06
2.656309494606928223e-01	1.833457164592866320e+06
2.669695981739227952e-01	1.762755175997097511e+06
2.683149862904445904e-01	1.694732778725391719e+06
2.696671475903825721e-01	1.629290090717026498e+06
2.710261160198865205e-01	1.566330909714821493e+06
2.723919256918752030e-01	1.505762559351426782e+06
2.737646108867807238e-01	1.447495771917787846e+06
2.751442060532959810e-01	1.391444568951371359e+06
2.765307458091220694e-01	1.337526126849597553e+06
2.779242649417189570e-01	1.285660681400229689e+06
2.793247984090562186e-01	1.235771399550403235e+06
2.807323813403660995e-01	1.187784282959473785e+06
2.821470490368982453e-01	1.141628059687931323e+06
2.835688369726745428e-01	1.097234088797428878e+06
2.849977807952474018e-01	1.054536258576133987e+06
2.864339163264568722e-01	1.013470906734689488e+06
2.878772795631915904e-01	9.739767105583128287e+05
2.893279066781488940e-01	9.359946250300873071e+05
2.907858340205970449e-01	8.994677813580682268e+05
2.922510981171386746e-01	8.643414182822731091e+05
2.937237356724747839e-01	8.305627984334800858e+05
2.952037835701704638e-01	7.980811440476475982e+05
2.966912788734202278e-01	7.668475503589389846e+05
2.981862588258164526e-01	7.368149304631715640e+05
2.996887608521160984e-01	7.079379446874877904e+05
3.011988225590100932e-01	6.801729335829141783e+05
3.027164817358926618e-01	6.534778609512625262e+05
3.042417763556313215e-01	6.278122498094972689e+05
3.057747445753380422e-01	6.031371349263392622e+05
3.073154247371390757e-01	5.794149904980072752e+05
3.088638553689483923e-01	5.566096934980617370e+05
3.104200751852381757e-01	5.346864657195751788e+05
3.119841230877976046e-01	5.136118229497326538e+05
3.135560381665577490e-01	4.933535309472350054e+05
3.151358597002901774e-01	4.738805573743708082e+05
3.167236271574263573e-01	4.551630281562445452e+05
3.183193801968185466e-01	4.371721854970785789e+05
3.199231586685130080e-01	4.198803456862306339e+05
3.215350026145220030e-01	4.032608612092080875e+05
3.231549522695956189e-01	3.872880804970876197e+05
3.247830480619935956e-01	3.719373135453005671e+05
3.264193306142560980e-01	3.571847949317909079e+05
3.280638407439744886e-01	3.430076503344932571e+05
3.297166194645613224e-01	3.293838633634644793e+05
3.313777079860187880e-01	3.162922443581256666e+05
3.330471477157073701e-01	3.037123995298850932e+05
3.347249802591127366e-01	2.916247018345207325e+05
3.364112474206117920e-01	2.800102624557805248e+05
3.381059912042377325e-01	2.688509033854912268e+05
3.398092538144428798e-01	2.581291315180458769e+05
3.415210776568615159e-01	2.478281128848961962e+05
3.432415053390696635e-01	2.379316487734282273e+05
3.449705796713438688e-01	2.284241518276958086e+05
3.467083436674183727e-01	2.192906230413956509e+05
3.484548405452396191e-01	2.105166309945755929e+05
3.502101137277192078e-01	2.020882897857520438e+05
3.519742068434846272e-01	1.939922391520579113e+05
3.537471637276265457e-01	1.862156250044223561e+05
3.555290284224459918e-01	1.787460806610697764e+05
3.573198451781957052e-01	1.715717080574809515e+05
3.591196584538210446e-01	1.646810620062394592e+05
3.609285129176966200e-01	1.580631307357752230e+05
3.627464534483608172e-01	1.517073223242700042e+05
3.645735251352461015e-01	1.456034473816623213e+05
3.664097732794056039e-01	1.397417042172250221e+05
3.682552433942378189e-01	1.341126656471951574e+05
3.701099812062053074e-01	1.287072633602955320e+05
3.719740326555502352e-01	1.235167754177441675e+05
3.738474438970062486e-01	1.185328128748877352e+05
3.757302613006276437e-01	1.137473080310761143e+05
3.776225314520413323e-01	1.091525011706146615e+05
3.795243011537764444e-01	1.047409303028577560e+05
3.814356174255633114e-01	1.005054191850454081e+05
3.833565275051111221e-01	9.643906680944026448e+04
3.852870788488091947e-01	9.253523720974040043e+04
3.872273191324085984e-01	8.878754942078987369e+04
3.891772962517451862e-01	8.518986758493589878e+04
3.911370583237108733e-01	8.173629199263740156e+04
3.931066536911219100e-01	7.842115134527048212e+04
3.950861308817044670e-01	7.523899163551120728e+04
3.970755387282281501e-01	7.218456817375795799e+04
3.990749262076465631e-01	6.925284132502545253e+04
4.010843425530236650e-01	6.643896579953958280e+04
4.031038372187926155e-01	6.373828248038506717e+04
4.051334598841991874e-01	6.114631338091921498e+04
4.071732604541529188e-01	5.865875405260641855e+04
4.092232890598752615e-01	5.627146669057910913e+04
4.112835960595038198e-01	5.398047449864297960e+04
4.133542320398770897e-01	5.178195500020735926e+04
4.154352478122839698e-01	4.967223447300880798e+04
4.175266944203194774e-01	4.764778207118132559e+04
4.196286231355307872e-01	4.570520455690889503e+04
4.217410854592003600e-01	4.384124099957417639e+04
4.238641331228759079e-01	4.205275777895759529e+04
4.259978180888922550e-01	4.033674362167368236e+04
4.281421925508788195e-01	3.869030509724533476e+04
4.302973089342576052e-01	3.711066192252417386e+04
4.324632198967289787e-01	3.559514272943830292e+04
4.346399783287442919e-01	3.414118092825949861e+04
4.368276373539661805e-01	3.274631068162318843e+04
4.390262503297161500e-01	3.140816286532733284e+04
4.412358708474083957e-01	3.012446171842349941e+04
4.434565527329690782e-01	2.889302079829576905e+04
4.456883500472427206e-01	2.771173992081819233e+04
4.479313170863826188e-01	2.657860169443298946e+04
4.501855083822266512e-01	2.549166831684065255e+04
4.524509787026573804e-01	2.444907850842353946e+04
4.547277830519452224e-01	2.344904459191957721e+04
4.570159766712286742e-01	2.248984962710013497e+04
4.593156150382824987e-01	2.156984469171188175e+04
4.616267538685658867e-01	2.068744620293834305e+04
4.639494491150386035e-01	1.984113341020057851e+04
4.662837569686493211e-01	1.902944603145548899e+04
4.686297338592292361e-01	1.825098183191570206e+04
4.709874364416805625e-01	1.750439425861031850e+04
4.733569216489995624e-01	1.678839036247237891e+04
4.757382466045461666e-01	1.610172899081311334e+04
4.781314686948894832e-01	1.544321837159574898e+04
4.805366455451273722e-01	1.481171421958276187e+04
4.829538350154052861e-01	1.420611812872012888e+04
4.853830952042306190e-01	1.362537561808313512e+04
4.878244844550530535e-01	1.306847439587706322e+04
4.902780613428471268e-01	1.253444276717331559e+04
4.927438846901871505e-01	1.202234802504095933e+04
4.952220135501850251e-01	1.153129491771196081e+04
4.977125072218147595e-01	1.106042415880584304e+04
5.002154252439309223e-01	1.060891102489298646e+04
5.027308273864097288e-01	1.017596405475970641e+04
5.052587736692134568e-01	9.760823596563121100e+03
5.077993243391020206e-01	9.362760705334874729e+03
5.103525398907643451e-01	8.981075818825727765e+03
5.129184810574377584e-01	8.615097657968455678e+03
5.154972088017318876e-01	8.264182110670175462e+03
5.180887843327707243e-01	7.927711094033606969e+03
5.206932690978055556e-01	7.605091578970987939e+03
5.233107247721451305e-01	7.295754599168235472e+03
5.259412132770481252e-01	6.999154241991774143e+03
5.285847967706335249e-01	6.714766775713829702e+03
5.312415376378001319e-01	6.442089773208365841e+03
5.339114985081797604e-01	6.180641216675840042e+03
5.365947422467524097e-01	5.929958719640638265e+03
5.392913319438632502e-01	5.689598739576551452e+03
5.420013309328090001e-01	5.459135837900110346e+03
5.447248027803778259e-01	5.238161882004686049e+03
5.474618112771753031e-01	5.026285456239232190e+03
5.502124204543544783e-01	4.823131119855236648e+03
5.529766945744195583e-01	4.628338790121376405e+03
5.557546981218393078e-01	4.441563129208147984e+03
5.585464958188007811e-01	4.262472936945173387e+03
5.613521526170655029e-01	4.090750597436515818e+03
5.641717336747534839e-01	3.926091507532070864e+03
5.670053044308245305e-01	3.768203562096600763e+03
5.698529304805665108e-01	3.616806699751772612e+03
5.727146776891095525e-01	3.471632336797038079e+03
5.755906121306495482e-01	3.332422927751532825e+03
5.784808001047317960e-01	3.198931545576625922e+03
5.813853081303502757e-01	3.070921428886107606e+03
5.843042029471942067e-01	2.948165572258973953e+03
5.872375515128270829e-01	2.830446335288876071e+03
5.901854209982981825e-01	2.717555051800961337e+03
5.931478787982874534e-01	2.609291676915539483e+03
5.961249925108048631e-01	2.505464424701380267e+03
5.991168299573862432e-01	2.405889441537192852e+03
6.021234591576107853e-01	2.310390474557247671e+03
6.051449483530408902e-01	2.218798564890631042e+03
6.081813659786238224e-01	2.130951748697986204e+03
6.112327806884684245e-01	2.046694772879166749e+03
6.142992613250745082e-01	1.965878818127467866e+03
6.173808769429743881e-01	1.888361240514102064e+03
6.204776967969097834e-01	1.814005284525799880e+03
6.235897903252990426e-01	1.742679920813979152e+03
6.267172271737599942e-01	1.674259520379179094e+03
6.298600771809778065e-01	1.608623687972344896e+03
6.330184103614421298e-01	1.545657029744687861e+03
6.361922969306001985e-01	1.485248944506151474e+03
6.393818072893849846e-01	1.427293434857376269e+03
6.425870120062536772e-01	1.371688912144284814e+03
6.458079818431959884e-01	1.318338014024285030e+03
6.490447877393522580e-01	1.267147430328761629e+03
6.522975007927305224e-01	1.218027740282486093e+03
6.555661922862280333e-01	1.170893241861543402e+03
6.588509336707483177e-01	1.125661806391816071e+03
6.621517965469573275e-01	1.082254729731816269e+03
6.654688526905728763e-01	1.040596584887692188e+03
6.688021740352509958e-01	1.000615089491889989e+03
6.721518326547761824e-01	9.622409777597152924e+02
6.755179007869044350e-01	9.254078711163923572e+02
6.789004508163936080e-01	8.900521575103381338e+02
6.822995552577713063e-01	8.561128827943651913e+02
6.857152867808585794e-01	8.235316326605753829e+02
6.891477181760039539e-01	7.922524317101247107e+02
6.925969223742176606e-01	7.622216388642971197e+02
6.960629724332638713e-01	7.333878521134242874e+02
6.995459415230992350e-01	7.057018152365783408e+02
7.030459029433604456e-01	6.791163264342216053e+02
7.065629300979899829e-01	6.535861524566507796e+02
7.100970965015862557e-01	6.290679509412532298e+02
7.136484757733293494e-01	6.055201857000350856e+02
7.172171416297317137e-01	5.829030528181939417e+02
7.208031678799355912e-01	5.611784117359302400e+02
7.244066284173047432e-01	5.403097101040758616e+02
7.280275972266044837e-01	5.202619207233094585e+02
7.316661483604364191e-01	5.010014785688817369e+02
7.353223559410219101e-01	4.824962168582411550e+02
7.389962941624719228e-01	4.647153105346237680e+02
7.426880372790384266e-01	4.476292136266987995e+02
7.463976595844002970e-01	4.312096220092876706e+02
7.501252354357806906e-01	4.154294010258208232e+02
7.538708392122065449e-01	4.002625510441985739e+02
7.576345453388980689e-01	3.856841517576343676e+02
7.614164282681898932e-01	3.716703227077805991e+02
7.652165624559886803e-01	3.581981722025909676e+02
7.690350223848728684e-01	3.452457664848412833e+02
7.728718825427610684e-01	3.327920789779471988e+02
7.767272173977725069e-01	3.208169591752204610e+02
7.806011014231033496e-01	3.093010915494164692e+02
7.844936090738546808e-01	2.982259632682090000e+02
7.884048147608506696e-01	2.875738302920734668e+02
7.923347928761782510e-01	2.773276827615546836e+02
7.962836177686795081e-01	2.674712164499322853e+02
8.002513637171990712e-01	2.579888034172524840e+02
8.042381049557637551e-01	2.488654611685663838e+02
8.082439156481929787e-01	2.400868277927426107e+02
8.122688698612013924e-01	2.316391356821566774e+02
8.163130415883005364e-01	2.235091845301820115e+02
8.203765047239262032e-01	2.156843204210227896e+02
8.244593330367467887e-01	2.081524116575997709e+02
8.285616001915019346e-01	2.009018256035675165e+02
8.326833797230035472e-01	1.939214095762704346e+02
8.368247450098775797e-01	1.872004703952072191e+02
8.409857692936886231e-01	1.807287541696293545e+02
8.451665256533048565e-01	1.744964281091749854e+02
8.493670869788546574e-01	1.684940645159023802e+02
8.535875259920726599e-01	1.627126213881807928e+02
8.578279152007564079e-01	1.571434280230462264e+02
8.620883269166139673e-01	1.517781683819618195e+02
8.663688332180943252e-01	1.466088672833284079e+02
8.706695059535445314e-01	1.416278751905134072e+02
8.749904167211083328e-01	1.368278552045434537e+02
8.793316368586848730e-01	1.322017697594244225e+02
8.836932374280167535e-01	1.277428680612300695e+02
8.880752891983214603e-01	1.234446743837436600e+02
8.924778626455364128e-01	1.193009761091365846e+02
8.969010279146752973e-01	1.153058134325842445e+02
9.013448548331108867e-01	1.114534681631632083e+02
9.058094128651824617e-01	1.077384538591176835e+02
9.102947711294581135e-01	1.041555069435651006e+02
9.148009983486288244e-01	1.006995757002300707e+02
9.193281628696873264e-01	9.736581319618559860e+01
9.238763326103965889e-01	9.414956796482158552e+01
9.284455750756691605e-01	9.104637577310127483e+01
9.330359573277356988e-01	8.805195215208144077e+01
9.376475459514816979e-01	8.516218516714843645e+01
9.422804070690117273e-01	8.237312748552564301e+01
9.469346063069025154e-01	7.968099023095629718e+01
9.516102087595325054e-01	7.708213639275315643e+01
9.563072790049326199e-01	7.457307389227672445e+01
9.610258810697640541e-01	7.215045049468068328e+01
9.657660783910430036e-01	6.981104748006255534e+01
9.705279338321444182e-01	6.755177409303456670e+01
9.753115096460640565e-01	6.536966259769093313e+01
9.801168674359330701e-01	6.326186287745809267e+01
9.849440681703195422e-01	6.122563791536908440e+01
9.897931721448899323e-01	5.925835873077227944e+01
9.946642389425882635e-01	5.735750047204205515e+01
9.995573274468493308e-01	5.552063745691681618e+01
1.004472495802477994e+00	5.374543971742565418e+01
1.009409801375442894e+00	5.202966881408959665e+01
1.014369300763547921e+00	5.037117400806904755e+01
1.019351049756673566e+00	4.876788876867856004e+01
1.024355103296555658e+00	4.721782740109212995e+01
1.029381515484220078e+00	4.571908153444179845e+01
1.034430339539879729e+00	4.426981706635783809e+01
1.039501627762917213e+00	4.286827110734773782e+01
1.044595431539722785e+00	4.151274965529342609e+01
1.049711801282624535e+00	4.020162323993375253e+01
1.054850786435092225e+00	3.893332600703187296e+01
1.060012435419053656e+00	3.770635219295793661e+01
1.065196795624346882e+00	3.651925385584258521e+01
1.070403913373799698e+00	3.537063866181357952e+01
1.075633833898474112e+00	3.425916749952244800e+01
1.080886601306738637e+00	3.318355222818858152e+01
1.086162258552994864e+00	3.214255388446720474e+01
1.091460847421733771e+00	3.113498040593706406e+01
1.096782408474247905e+00	3.015968492772299570e+01
1.102126981046859910e+00	2.921556383824421488e+01
1.107494603189493665e+00	2.830155508431665368e+01
1.112885311667595856e+00	2.741663648774138906e+01
1.118299141895726656e+00	2.655982410148547501e+01
1.123736127942083884e+00	2.573017071353917373e+01
1.129196302458514101e+00	2.492676433332776398e+01
1.134679696680902961e+00	2.414872676754343317e+01
1.140186340382870034e+00	2.339521224198903937e+01
1.145716261824501370e+00	2.266540625600633874e+01
1.151269487750530285e+00	2.195852401787985997e+01
1.156846043340904240e+00	2.127380963566098160e+01
1.162445952157110884e+00	2.061053460609485199e+01
1.168069236141471512e+00	1.996799691001749721e+01
1.173715915565111123e+00	1.934551994340955616e+01
1.179386008972342248e+00	1.874245144484643433e+01
1.185079533180206646e+00	1.815816262615716425e+01
1.190796503224180736e+00	1.759204693621289550e+01
1.196536932301574430e+00	1.704351971913074237e+01
1.202300831769772316e+00	1.651201685372792127e+01
1.208088211090575292e+00	1.599699409208976064e+01
1.213899077773058055e+00	1.549792638829992342e+01
1.219733437369598494e+00	1.501430701212937358e+01
1.225591293419480809e+00	1.454564680538405597e+01
1.231472647391281816e+00	1.409147364347143316e+01
1.237377498676504928e+00	1.365133164698383439e+01
1.243305844532500037e+00	1.322478051964687218e+01
1.249257680024996153e+00	1.281139510460700137e+01
1.255232998018557922e+00	1.241076456128709715e+01
1.261231789119388269e+00	1.202249198578978806e+01
1.267254041618218086e+00	1.164619383900886262e+01
1.273299741481413561e+00	1.128149940870382295e+01
1.279368872273079161e+00	1.092805032017736266e+01
1.285461415143650310e+00	1.058549993388319876e+01
1.291577348760620358e+00	1.025351325964797411e+01
1.297716649280732604e+00	9.931766158099220476e+00
1.303879290303801008e+00	9.619945011099636289e+00
1.310065242821921050e+00	9.317746430979921612e+00
1.316274475179768144e+00	9.024876853703148072e+00
1.322506953037924760e+00	8.741052058160880378e+00
1.328762639312245808e+00	8.465996953412721737e+00
1.335041494135647211e+00	8.199445160270366628e+00
1.341343474826898863e+00	7.941138722110141934e+00
1.347668535816780588e+00	7.690827809943908022e+00
1.354016628636966590e+00	7.448270396435634488e+00
1.360387701838491115e+00	7.213231996972145232e+00
1.366781700978814573e+00	6.985485424703758106e+00
1.373198568563706923e+00	6.764810449020338901e+00
1.379638243983404511e+00	6.550993654875350458e+00
1.386100663506229846e+00	6.343828131091925115e+00
1.392585760188512323e+00	6.143113267351560047e+00
1.399093463867700171e+00	5.948654549555425497e+00
1.405623701101545775e+00	5.760263311061963876e+00
1.412176395104042248e+00	5.577756615125399442e+00
1.418751465735727857e+00	5.400956956361158134e+00
1.425348829439690768e+00	5.229692162640246167e+00
1.431968399179754714e+00	5.063795207611763161e+00
1.438610084435036018e+00	4.903103928937790457e+00
1.445273791128266261e+00	4.747461093386969644e+00
1.451959421576237919e+00	4.596714062423214564e+00
1.458666874466900687e+00	4.450714608816442208e+00
1.465396044808954024e+00	4.309318992335514409e+00
1.472146823884524780e+00	4.172387592707246462e+00
1.478919099189913267e+00	4.039784916724927122e+00
1.485712754434964644e+00	3.911379404415651795e+00
1.492527669467507367e+00	3.787043341282575248e+00
1.499363720231059682e+00	3.666652748970623321e+00
1.506220778745669175e+00	3.550087213831701671e+00
1.513098713059187972e+00	3.437229860412565952e+00
1.519997387190796134e+00	3.327967187379274439e+00
1.526916661123393970e+00	3.222188993764079523e+00
1.533856390720865548e+00	3.119788267492883183e+00
1.540816427750351991e+00	3.020661116476457853e+00
1.547796619788210704e+00	2.924706643520615934e+00
1.554796810218427305e+00	2.831826893893300667e+00
1.561816838178777367e+00	2.741926749550816833e+00
1.568856538551854030e+00	2.654913856694405272e+00
1.575915741893038957e+00	2.570698545805220725e+00
1.582994274444117888e+00	2.489193756284546755e+00
1.590091958063125421e+00	2.410314971651889238e+00
1.597208610208572299e+00	2.333980125938058148e+00
1.604344043927055319e+00	2.260109554809389021e+00
1.611498067797006550e+00	2.188625933758819198e+00
1.618670485917568902e+00	2.119454198316759630e+00
1.625861097889743423e+00	2.052521474873080898e+00
1.633069698778631507e+00	1.987757059913423774e+00
1.640296079096812409e+00	1.925092301762312941e+00
1.647540024791434909e+00	1.864460606537523546e+00
1.654801317213249856e+00	1.805797333553205597e+00
1.662079733085396471e+00	1.749039769131948807e+00
1.669375044537374952e+00	1.694127051683645524e+00
1.676687019044010185e+00	1.641000149176869316e+00
1.684015419401295288e+00	1.589601793219826753e+00
1.691360003781832821e+00	1.539876416198204812e+00
1.698720525663568237e+00	1.491770141265086114e+00
1.706096733821845124e+00	1.445230704616296213e+00
1.713488372380510771e+00	1.400207423074419921e+00
1.720895180758365228e+00	1.356651150597192768e+00
1.728316893657383613e+00	1.314514238999640483e+00
1.735753241117516943e+00	1.273750483496031149e+00
1.743203948482354271e+00	1.234315100125302322e+00
1.750668736376292278e+00	1.196164685503180225e+00
1.758147320784416712e+00	1.159257154473348761e+00
1.765639412999743918e+00	1.123551726604877343e+00
1.773144719648009016e+00	1.089008901787109185e+00
1.780662942719469566e+00	1.055590367513493000e+00
1.788193779571018105e+00	1.023259047737519190e+00
1.795736922925490697e+00	9.919790004146337159e-01
1.803292060933692431e+00	9.617154151457515399e-01
1.810858877167273118e+00	9.324345715979528437e-01
1.818437050638002983e+00	9.041038247026086383e-01
1.826026255851824764e+00	8.766915431819084503e-01
1.833626162821795802e+00	8.501671180205815359e-01
1.841236437095520539e+00	8.245009043781109659e-01
1.848856739809569660e+00	7.996642030127785183e-01
1.856486727704666828e+00	7.756292410044528518e-01
1.864126053176436759e+00	7.523691325063415203e-01
1.871774364339482855e+00	7.298578509544414450e-01
1.879431305023563814e+00	7.080702279433405133e-01
1.887096514853960461e+00	6.869818919158632298e-01
1.894769629331360505e+00	6.665692792365629504e-01
1.902450279805461220e+00	6.468095844392710569e-01
1.910138093613653831e+00	6.276807516554673283e-01
1.917832694099416146e+00	6.091614505364165710e-01
1.925533700648814239e+00	5.912310497339441362e-01
1.933240728835037503e+00	5.738695973721407162e-01
1.940953390399286604e+00	5.570578102546510646e-01
1.948671293361965651e+00	5.407770335344980195e-01
1.956394042105750408e+00	5.250092424727379470e-01
1.964121237428083422e+00	5.097370170324946326e-01
1.971852476611584803e+00	4.949435158237714405e-01
1.979587353531470528e+00	4.806124575401616861e-01
1.987325458746343143e+00	4.667281255842196108e-01
1.995066379527616451e+00	4.532753252111769160e-01
2.002809699994414494e+00	4.402393851472393704e-01
2.010555001227825933e+00	4.276061151590608844e-01
2.018301861281019072e+00	4.153618390274659844e-01
2.026049855345402051e+00	4.034933299128599660e-01
2.033798555857624812e+00	3.919878154130623238e-01
2.041547532519460972e+00	3.808329796412778800e-01
2.049296352481038141e+00	3.700169230259843789e-01
2.057044580434844061e+00	3.595281563427051297e-01
2.064791778665159505e+00	3.493556031884426094e-01
2.072537507236765997e+00	3.394885674243225959e-01
2.080281324064622961e+00	3.299167317570083635e-01
2.088022784998256220e+00	3.206301446142562073e-01
2.095761444029175191e+00	3.116192049273216469e-01
2.103496853316181969e+00	3.028746554597862572e-01
2.111228563346714715e+00	2.943875698908794414e-01
2.118956123077476494e+00	2.861493407055238913e-01
2.126679080019936219e+00	2.781516727801952582e-01
2.134396980372934127e+00	2.703865699334158657e-01
2.142109369186158130e+00	2.628463259937079410e-01
2.149815790453564190e+00	2.555235167869631119e-01
2.157515787227838988e+00	2.484109898915681791e-01
2.165208901821158882e+00	2.415018544246510523e-01
2.172894675861987590e+00	2.347894749348823640e-01
2.180572650473603602e+00	2.282674615263501627e-01
2.188242366391431659e+00	2.219296602380561034e-01
2.195903364117093304e+00	2.157701491886754031e-01
2.203555184025198788e+00	2.097832222310804240e-01
2.211197366552365651e+00	2.039633932804899297e-01
2.218829452268690883e+00	1.983053800848826043e-01
2.226450982065627304e+00	1.928040983408436104e-01
2.234061497308188482e+00	1.874546537678794533e-01
2.241660539909820393e+00	1.822523415785445577e-01
2.249247652532615049e+00	1.771926319498348390e-01
2.256822378727027623e+00	1.722711656940321412e-01
2.264384263034389111e+00	1.674837505269316795e-01
2.271932851136496900e+00	1.628263517138088534e-01
2.279467690058402773e+00	1.582950880584997333e-01
2.286988328222307132e+00	1.538862173775163988e-01
2.294494315621931513e+00	1.495961522312070080e-01
2.301985204007886754e+00	1.454214273182525552e-01
2.309460546946786152e+00	1.413587125199401995e-01
2.316919900011597644e+00	1.374048016656051474e-01
2.324362820940074847e+00	1.335565994332816586e-01
2.331788869697074329e+00	1.298111368003711519e-01
2.339197608675310125e+00	1.261655441149645840e-01
2.346588602836098048e+00	1.226170577717194954e-01
2.353961419776569919e+00	1.191630132808314674e-01
2.361315629929017224e+00	1.158008418668449030e-01
2.368650806680964838e+00	1.125280623991682799e-01
2.375966526489535546e+00	1.093422817756010690e-01
2.383262368981111212e+00	1.062411882359343140e-01
2.390537917173528371e+00	1.032225483777900882e-01
2.397792757500755378e+00	1.002842028921960560e-01
2.405026479987876442e+00	9.742406281110828348e-02
2.412238678369564404e+00	9.464010774780312607e-02
2.419428950206817142e+00	9.193037965367278908e-02
2.426596896989970276e+00	8.929298305929959934e-02
2.433742124277303187e+00	8.672607998854564570e-02
2.440864241802040091e+00	8.422788717551676907e-02
2.447962863569684622e+00	8.179667449060230855e-02
2.455037607996018334e+00	7.943076082994128539e-02
2.462088097964239441e+00	7.712851424447741966e-02
2.469113961003956081e+00	7.488834702411929778e-02
2.476114829315146260e+00	7.270871437145687288e-02
2.483090339922637391e+00	7.058811371166190396e-02
2.490040134727645516e+00	6.852508112624586256e-02
2.496963860662007484e+00	6.651819116909532537e-02
2.503861169702241707e+00	6.456605340666039805e-02
2.510731719029732467e+00	6.266731210680974440e-02
2.517575171071835705e+00	6.082064406789081806e-02
2.524391193576997150e+00	5.902476057730344366e-02
2.531179459740760862e+00	5.727840015200493656e-02
2.537939648249228686e+00	5.558033164350856953e-02
2.544671443327932714e+00	5.392935386807708176e-02
2.551374534872844713e+00	5.232429117938811741e-02
2.558048618475282865e+00	5.076399503518180811e-02
2.564693395478128579e+00	4.924734276796056270e-02
2.571308573081917626e+00	4.777323691100138214e-02
2.577893864353526077e+00	4.634060137989605421e-02
2.584448988283419180e+00	4.494839053275200003e-02
2.590973669900831666e+00	4.359557488173292084e-02
2.597467640243115827e+00	4.228114996357684036e-02
2.603930636409661492e+00	4.100413316355039361e-02
2.610362401677440936e+00	3.976356272019931914e-02
2.616762685455773951e+00	3.855849836383697105e-02
2.623131243331767948e+00	3.738802030215515604e-02
2.629467837168965261e+00	3.625122836808375437e-02
2.635772235068111868e+00	3.514724255135608794e-02
2.642044211386478381e+00	3.407520229711562959e-02
2.648283546834367730e+00	3.303426555562820333e-02
2.654490028431186310e+00	3.202360938018120745e-02
2.660663449505230815e+00	3.104242922125880280e-02
2.666803609788520824e+00	3.008993821363151189e-02
2.672910315354882105e+00	2.916536752933296048e-02
2.678983378640146462e+00	2.826796583549444006e-02
2.685022618470408240e+00	2.739699874065849861e-02
2.691027860050053455e+00	2.655174897775454748e-02
2.696998934936426728e+00	2.573151580218439871e-02
2.702935681081352293e+00	2.493561477591968098e-02
2.708837942790504272e+00	2.416337757573364109e-02
2.714705570708670912e+00	2.341415174536719962e-02
2.720538421835366538e+00	2.268730023156395603e-02
2.726336359488441996e+00	2.198220132499956528e-02
2.732099253281527140e+00	2.129824833850264831e-02
2.737826979124862170e+00	2.063484928813026989e-02
2.743519419175082685e+00	1.999142678118725688e-02
2.749176461821848605e+00	1.936741750858149425e-02
2.754798001681241892e+00	1.876227215199724810e-02
2.760383939513180174e+00	1.817545525359624131e-02
2.765934182221139626e+00	1.760644466104075226e-02
2.771448642847170074e+00	1.705473136054135377e-02
2.776927240459756252e+00	1.651981951182976069e-02
2.782369900155949427e+00	1.600122581052092902e-02
2.787776553063150420e+00	1.549847931670377162e-02
2.793147136184280122e+00	1.501112144326464254e-02
2.798481592474471480e+00	1.453870543643096848e-02
2.803779870699998789e+00	1.408079631183169027e-02
2.809041925427055997e+00	1.363697049830419651e-02
2.814267716981400103e+00	1.320681560943919551e-02
2.819457211380091088e+00	1.278993021767494374e-02
2.824610380250823116e+00	1.238592377316545014e-02
2.829727200821237521e+00	1.199441602738787575e-02
2.834807655858585296e+00	1.161503707917435450e-02
2.839851733555805779e+00	1.124742712429784540e-02
2.844859427517259842e+00	1.089123608206259142e-02
2.849830736719526136e+00	1.054612343900741996e-02
2.854765665364054961e+00	1.021175818487152394e-02
2.859664222883432139e+00	9.887818334554281455e-03
2.864526423882675310e+00	9.573990796495629105e-03
2.869352287992388728e+00	9.269971389052229782e-03
2.874141839879337912e+00	8.975464277196615326e-03
2.878895109167272981e+00	8.690181936017254971e-03
2.883612130306763000e+00	8.413845083424490931e-03
2.888292942583674972e+00	8.146182184831134848e-03
2.892937590005674409e+00	7.886929523225507180e-03
2.897546121198025126e+00	7.635830890938295062e-03
2.902118589423131834e+00	7.392637347637866924e-03
2.906655052412361329e+00	7.157107187892875963e-03
2.911155572332930763e+00	6.929005619503538979e-03
2.915620215732221965e+00	6.708104632255066334e-03
2.920049053422979490e+00	6.494182873686166202e-03
2.924442160414478131e+00	6.287025418285553668e-03
2.928799615873332485e+00	6.086423561419712462e-03
2.933121503010897690e+00	5.892174794663538988e-03
2.937407908990161243e+00	5.704082518283182072e-03
2.941658924925261154e+00	5.521955906228379930e-03
2.945874645696539229e+00	5.345609800034512027e-03
2.950055169979014291e+00	5.174864508874987661e-03
2.954200600084403217e+00	5.009545681097089115e-03
2.958311041936212415e+00	4.849484171242961911e-03
2.962386604950681956e+00	4.694515867735837844e-03
2.966427402012862924e+00	4.544481569372693479e-03
2.970433549332640144e+00	4.399226891006114380e-03
2.974405166414140655e+00	4.258602052288250339e-03
2.978342375990859381e+00	4.122461778861981861e-03
2.982245303886731591e+00	3.990665259762994979e-03
2.986114078994238863e+00	3.863075881724574966e-03
2.989948833200282152e+00	3.739561168593932405e-03
2.993749701270115526e+00	3.619992743876445512e-03
2.997516820779796642e+00	3.504246124563541263e-03
3.001250332104492102e+00	3.392200557921168196e-03
3.004950378255167642e+00	3.283739082979004239e-03
3.008617104837844280e+00	3.178748306955564169e-03
3.012250660019404336e+00	3.077118268697453824e-03
3.015851194404281177e+00	2.978742441058583254e-03
3.019418860950793260e+00	2.883517592418662241e-03
3.022953814980665843e+00	2.791343636370765928e-03
3.026456214001287837e+00	2.702123626258548777e-03
3.029926217704760116e+00	2.615763612634216476e-03
3.033363987902036651e+00	2.532172526776631499e-03
3.036769688386411925e+00	2.451262199175071460e-03
3.040143484929805684e+00	2.372947165918363500e-03
3.043485545201199738e+00	2.297144602930485148e-03
3.046796038685559260e+00	2.223774345617807353e-03
3.050075136584111668e+00	2.152758706583553661e-03
3.053323011844170320e+00	2.084022399297038620e-03
3.056539838992025970e+00	2.017492541360129971e-03
3.059725794118905995e+00	1.953098543298278878e-03
3.062881054813659798e+00	1.890772001059879163e-03
3.066005800097351575e+00	1.830446698352994252e-03
3.069100210335677481e+00	1.772058500673179965e-03
3.072164467220702466e+00	1.715545283405166916e-03
3.075198753681954500e+00	1.660846904938725411e-03
3.078203253822829222e+00	1.607905116268894437e-03
3.081178152888086164e+00	1.556663520563288236e-03
3.084123637155868902e+00	1.507067519356500686e-03
3.087039893954681258e+00	1.459064214173304893e-03
3.089927111529430448e+00	1.412602421494656667e-03
3.092785479036927132e+00	1.367632579395303138e-03
3.095615186464245383e+00	1.324106691076045589e-03
3.098416424599570895e+00	1.281978293358297313e-03
3.101189384945607141e+00	1.241202426137800454e-03
3.103934259682946895e+00	1.201735545270493687e-03
3.106651241654962980e+00	1.163535483971231627e-03
3.109340524233941139e+00	1.126561461883894512e-03
3.112002301355778933e+00	1.090773966565961343e-03
3.114636767431288256e+00	1.056134778720536861e-03
3.117244117269514447e+00	1.022606891984121670e-03
3.119824546113988184e+00	9.901544796353145723e-04
3.122378249509044856e+00	9.587428780578568415e-04
3.124905423292844819e+00	9.283385315860247797e-04
3.127406263575125855e+00	8.989089569292637140e-04
3.129880966649237539e+00	8.704227236451670454e-04
3.132329728953334502e+00	8.428494183612265283e-04
3.134752747092304670e+00	8.161595745195764475e-04
3.137150217713183142e+00	7.903247146954358801e-04
3.139522337486344128e+00	7.653172633486152177e-04
3.141869303127028168e+00	7.411105125535694766e-04
3.144191311280338574e+00	7.176786436245550420e-04
3.146488558502622102e+00	6.949966717085790833e-04
3.148761241245358722e+00	6.730403987471341278e-04
3.151009555837702258e+00	6.517864097184569803e-04
3.153233698362453374e+00	6.312120672338104518e-04
3.155433864736589378e+00	6.112954358142793938e-04
3.157610250599832025e+00	5.920153139053919034e-04
3.159763051280939372e+00	5.733511780454252386e-04
3.161892461831168788e+00	5.552831555760149099e-04
3.163998676929899556e+00	5.377920281769571226e-04
3.166081890864860249e+00	5.208592026889198286e-04
3.168142297527548390e+00	5.044666763414999136e-04
3.170180090373568405e+00	4.885970376523848021e-04
3.172195462357050300e+00	4.732334391040358339e-04
3.174188605977621869e+00	4.583595686685835568e-04
3.176159713192665546e+00	4.439596493411132236e-04
3.178108975400993241e+00	4.300184217821817739e-04
3.180036583443278886e+00	4.165211081706458266e-04
3.181942727557310224e+00	4.034534158055831763e-04
3.183827597349957017e+00	3.908015162234143038e-04
3.185691381795898725e+00	3.785520231154809821e-04
3.187534269188456726e+00	3.666919931992854999e-04
3.189356447131006522e+00	3.552088925487485922e-04
3.191158102537191343e+00	3.440905955607191972e-04
3.192939421559360724e+00	3.333253779647689504e-04
3.194700589601859431e+00	3.229018876453899748e-04
3.196441791331352977e+00	3.128091345361936476e-04
3.198163210585945659e+00	3.030365032447767597e-04
3.199865030397163412e+00	2.935737058505443983e-04
3.201547433017338573e+00	2.844107879504069849e-04
3.203210599793322455e+00	2.755381301182096947e-04
3.204854711270726852e+00	2.669464110867213603e-04
3.206479947086867455e+00	2.586266162212742304e-04
3.208086486003901783e+00	2.505700336876414162e-04
3.209674505858331361e+00	2.427682182223407821e-04
3.211244183618866099e+00	2.352129991237301445e-04
3.212795695285290964e+00	2.278964793819803207e-04
3.214329215908628523e+00	2.208110148143559973e-04
3.215844919625195697e+00	2.139492021338355019e-04
3.217342979563216687e+00	2.073038871419980366e-04
3.218823567882235892e+00	2.008681410085508799e-04
3.220286855786237190e+00	1.946352555868838740e-04
3.221733013430275516e+00	1.885987519312175124e-04
3.223162209981028870e+00	1.827523506437732956e-04
3.224574613614757723e+00	1.770899740709601063e-04
3.225970391429939355e+00	1.716057506946593698e-04
3.227349709516127874e+00	1.662939910956306425e-04
3.228712732936488194e+00	1.611491879005864730e-04
3.230059625661059197e+00	1.561660200291734241e-04
3.231390550637686321e+00	1.513393293449554508e-04
3.232705669744426302e+00	1.466641294604513013e-04
3.234005143753558187e+00	1.421355973092760085e-04
3.235289132408093238e+00	1.377490579684994654e-04
3.236557794335197524e+00	1.334999914843505167e-04
3.237811287097370538e+00	1.293840234659872845e-04
3.239049767144181136e+00	1.253969208356418450e-04
3.240273389844298357e+00	1.215345874282484787e-04
3.241482309444354559e+00	1.177930587729431793e-04
3.242676679114126159e+00	1.141684936387179372e-04
3.243856650906179251e+00	1.106571806326735674e-04
3.245022375736541509e+00	1.072555267476521312e-04
3.246174003458230928e+00	1.039600519251459058e-04
3.247311682751524486e+00	1.007673894089669651e-04
3.248435561227419832e+00	9.767428079136050018e-05
3.249545785343026960e+00	9.467757139619065914e-05
3.250642500463475582e+00	9.177421050536988228e-05
3.251725850797791306e+00	8.896124257047884434e-05
3.252795979472427934e+00	8.623580756223818097e-05
3.253853028453455476e+00	8.359513842176965375e-05
3.254897138597537154e+00	8.103655665888995067e-05
3.255928449651520395e+00	7.855746727216138042e-05
3.256947100214294011e+00	7.615536234079180254e-05
3.257953227768382476e+00	7.382781201203795531e-05
3.258946968693884116e+00	7.157246172374353373e-05
3.259928458227947967e+00	6.938703837164360896e-05
3.260897830472706538e+00	6.726933847302372026e-05
3.261855218460614214e+00	6.521722500794922600e-05
3.262800754067421760e+00	6.322863603646497661e-05
3.263734568048012097e+00	6.130157354801077634e-05
3.264656790077021586e+00	5.943409891428897118e-05
3.265567548702413614e+00	5.762434154281033269e-05
3.266466971333479741e+00	5.587048822072452812e-05
3.267355184331884654e+00	5.417078076727906773e-05
3.268232312903224912e+00	5.252352190135755130e-05
3.269098481169566472e+00	5.092706667812739744e-05
3.269953812172285978e+00	4.937981822571214273e-05
3.270798427847553924e+00	4.788023707865225124e-05
3.271632449014551636e+00	4.642683088033463319e-05
3.272455995446627242e+00	4.501815160083524664e-05
3.273269185821876093e+00	4.365280023506467688e-05
3.274072137702126017e+00	4.232942313699131404e-05
3.274864967633090984e+00	4.104670571063670379e-05
3.275647791047729296e+00	3.980337773709734353e-05
3.276420722320396273e+00	3.859821115750844905e-05
3.277183874768909266e+00	3.743001237464918312e-05
3.277937360656820065e+00	3.629762888959458373e-05
3.278681291172763412e+00	3.519994456611050813e-05
3.279415776479093658e+00	3.413587701567151559e-05
3.280140925688372455e+00	3.310437919852160239e-05
3.280856846865370269e+00	3.210443670913050375e-05
3.281563647058504785e+00	3.113506776206420172e-05
3.282261432258253286e+00	3.019532224217396572e-05
3.282950307464785666e+00	2.928427792243473319e-05
3.283630376640027659e+00	2.840104364813551892e-05
3.284301742740848962e+00	2.754475541210578906e-05
3.284964507709673409e+00	2.671457731447637437e-05
3.285618772502276297e+00	2.590969825849899697e-05
3.286264637063364358e+00	2.512933469091600298e-05
3.286902200341563773e+00	2.437272705639781698e-05
3.287531560338167402e+00	2.363913807694437738e-05
3.288152814026905624e+00	2.292785642844762581e-05
3.288766057444590718e+00	2.223819066702923628e-05
3.289371385657586799e+00	2.156947263443992642e-05
3.289968892739763007e+00	2.092105508594879456e-05
3.290558671860798423e+00	2.029231004611914779e-05
3.291140815206492043e+00	1.968263053443524728e-05
3.291715414022097885e+00	1.909142776573419513e-05
3.292282558641791645e+00	1.851813123483572019e-05
3.292842338450346684e+00	1.796218923947316720e-05
3.293394841893610092e+00	1.742306756775928529e-05
3.293940156548559539e+00	1.690024608056164962e-05
3.294478369046637045e+00	1.639322391927430407e-05
3.295009565101627569e+00	1.590151597166483420e-05
3.295533829575579166e+00	1.542464882353392495e-05
3.296051246412241564e+00	1.496216714347106933e-05
3.296561898659079226e+00	1.451362983555954251e-05
3.297065868496725560e+00	1.407860734406963007e-05
3.297563237263261282e+00	1.365668416463626805e-05
3.298054085379607869e+00	1.324745979401186551e-05
3.298538492435934000e+00	1.285054392602417636e-05
3.299016537189758402e+00	1.246555887835196489e-05
3.299488297502945144e+00	1.209213966638890959e-05
3.299953850447710391e+00	1.172993139619118136e-05
3.300413272243691853e+00	1.137859069789056983e-05
3.300866638275314902e+00	1.103778576079306723e-05
3.301314023123293584e+00	1.070719333849846103e-05
3.301755500560569878e+00	1.038650153101915665e-05
3.302191143521990835e+00	1.007540813966971434e-05
3.302621024184646981e+00	9.773619170818477546e-06
3.303045213914163281e+00	9.480850572640978625e-06
3.303463783280578436e+00	9.196827445340027092e-06
3.303876802090757625e+00	8.921282537079598335e-06
3.304284339374765178e+00	8.653957207231653296e-06
3.304686463388446960e+00	8.394601146973594688e-06
3.305083241641492364e+00	8.142971058229285517e-06
3.305474740878132422e+00	7.898831780819385112e-06
3.305861027095937210e+00	7.661955183456752594e-06
3.306242165574227787e+00	7.432119738452969276e-06
3.306618220829598442e+00	7.209111781025891680e-06
3.306989256655404219e+00	6.992723403406884413e-06
3.307355336157538073e+00	6.782752470296965778e-06
3.307716521688902400e+00	6.579004966979676233e-06
3.308072874896092586e+00	6.381291444342429254e-06
3.308424456769545774e+00	6.189427757974623405e-06
3.308771327550278141e+00	6.003237076893937180e-06
3.309113546811965456e+00	5.822546768853708392e-06
3.309451173464186713e+00	5.647189543358009257e-06
3.309784265718591190e+00	5.477003923135821070e-06
3.310112881103512539e+00	5.311832911636866461e-06
3.310437076532797285e+00	5.151523814341393162e-06
3.310756908224442796e+00	4.995929597446043735e-06
3.311072431740058164e+00	4.844907042010112628e-06
3.311383702036693855e+00	4.698317364288719088e-06
3.311690773392237830e+00	4.556026354789666552e-06
3.311993699461916574e+00	4.417903370146869402e-06
3.312292533306981035e+00	4.283821830719640206e-06
3.312587327320461128e+00	4.153659660247949760e-06
3.312878133301297101e+00	4.027297693981642113e-06
3.313165002468029474e+00	3.904620106585388434e-06
3.313447985386954286e+00	3.785516005793445347e-06
3.313727132054689495e+00	3.669876442860453014e-06
3.314002491894820768e+00	3.557595987813586569e-06
3.314274113712246894e+00	3.448573162148927190e-06
3.314542045739510723e+00	3.342708701379200026e-06
3.314806335675932747e+00	3.239906401040087449e-06
3.315067030590189923e+00	3.140073680770620452e-06
3.315324177044457699e+00	3.043119916107758646e-06
3.315577821012310800e+00	2.948957103288753092e-06
3.315828007940751387e+00	2.857500545074698912e-06
3.316074782711783797e+00	2.768667591305966219e-06
3.316318189684789974e+00	2.682378331433808979e-06
3.316558272664923201e+00	2.598554776134149530e-06
3.316795074957365141e+00	2.517121452201238832e-06
3.317028639335628526e+00	2.438005066795406872e-06
3.317259008031624656e+00	2.361134664535840347e-06
3.317486222814122421e+00	2.286441014178624588e-06
3.317710324892396923e+00	2.213857188797350034e-06
3.317931355021243256e+00	2.143317929753585317e-06
3.318149353426938397e+00	2.074759856864907975e-06
3.318364359874036218e+00	2.008121549091394450e-06
3.318576413608597342e+00	1.943343256791719038e-06
3.318785553437366254e+00	1.880366685300459938e-06
3.318991817655739140e+00	1.819135522095028181e-06
3.319195244103958942e+00	1.759594762380169680e-06
3.319395870172137109e+00	1.701690753460129014e-06
3.319593732766435323e+00	1.645371585063571412e-06
3.319788868348020117e+00	1.590586611598816393e-06
3.319981312939882745e+00	1.537286104588897617e-06
3.320171102111726391e+00	1.485422239748339731e-06
3.320358270970916070e+00	1.434948205818391661e-06
3.320542854240946085e+00	1.385817505975220379e-06
3.320724886176175339e+00	1.337985947272386837e-06
3.320904400600402262e+00	1.291409741927852075e-06
3.321081430949863744e+00	1.246045683758219241e-06
3.321256010229804545e+00	1.201852026093588163e-06
3.321428171004294772e+00	1.158787832585792673e-06
3.321597945482578584e+00	1.116812173092097734e-06
3.321765365446255558e+00	1.075885559598880634e-06
3.321930462255362926e+00	1.035968962898862442e-06
3.322093266921583687e+00	9.970231669163652545e-07
3.322253810049062395e+00	9.590099193269506214e-07
3.322412121832005738e+00	9.218914109544718615e-07
3.322568232125194587e+00	8.856290063654551353e-07
3.322722170396264829e+00	8.501850980128431080e-07
3.322873965704820520e+00	8.155213946223064910e-07
3.323023646802040876e+00	7.815990365492695869e-07
3.323171242035008799e+00	7.483787796246422232e-07
3.323316779400391940e+00	7.158206657456554818e-07
3.323460286545883324e+00	6.838829587233582390e-07
3.323601790772386710e+00	6.525226401621105291e-07
3.323741319010602879e+00	6.216945689946269599e-07
3.323878897879603223e+00	5.908450542384801990e-07
3.324014553642562042e+00	5.609473955387257431e-07
3.324148312219225243e+00	5.314248859508775608e-07
3.324280199220940979e+00	5.022145035592936560e-07
3.324410239916217424e+00	4.732451561206506685e-07
3.324538459252141198e+00	4.444347419559088773e-07
3.324664881858143684e+00	4.156860936985937061e-07
3.324789532049836627e+00	3.868813184733625070e-07
3.324912433820895075e+00	3.578727607097720199e-07
3.325033610881344970e+00	3.284689325543645016e-07
3.325153086605917796e+00	2.984108362928609518e-07
3.325270884072398569e+00	2.673282107310240203e-07
3.325387026095010246e+00	2.345104295542778413e-07
3.325501535144836041e+00	1.992897232796216505e-07
3.325614433437682038e+00	1.596383847323290225e-07
3.325725742898090420e+00	1.106700064151972531e-07
3.325835485135142822e+00	0.000000000000000000e+00
