# Data associated with arXiv:2208.14002
# 
# Scale-free J-factor angular distribution, J_S(theta), of a nfw1-7rhos4e6 dark matter distribution (see Eq. 2.4 and the surrounding discussion)
# 
# Published: 8/25/22, Jack Runburg and Kenny Kiriu, contact: runburg@hawaii.edu
# 
# 
# -----------------------------------------------------------------
# 
# 	 tilde theta 		 | 	 tilde J s-wave 		 | 	 tilde J p-wave 		 | 	 tilde J d-wave 		 | 	 tilde J sommerfeld 
# 
# -----------------------------------------------------------------
1.000000000000000021e-03	1.620559561078225586e+12	1.783168530839735107e+11	3.915681006185921478e+10	7.171178585190464844e+12
1.021192151037671062e-03	1.580629313370390137e+12	1.743399295879740295e+11	3.839296314765579224e+10	6.986994115854455078e+12
1.042833409340945643e-03	1.539944290577838623e+12	1.702857432317605896e+11	3.761381235959003448e+10	6.799370957048216797e+12
1.064933292458827233e-03	1.498525944283253906e+12	1.661561907810867004e+11	3.681966937224371338e+10	6.608412986625264648e+12
1.087501519637659123e-03	1.456400938382690674e+12	1.619536625783267212e+11	3.601093517537825775e+10	6.414248653173974609e+12
1.110548016095517111e-03	1.413601942904472656e+12	1.576811182617270813e+11	3.518811392795544434e+10	6.217034707189291016e+12
1.134082917387199208e-03	1.370168590892246338e+12	1.533421781396220398e+11	3.435182970668094635e+10	6.016960696695719727e+12
1.158116573861711456e-03	1.326148651061332520e+12	1.489412353452546692e+11	3.350284711379310608e+10	5.814254473101197266e+12
1.182659555214217667e-03	1.281599494847520508e+12	1.444835964615925598e+11	3.264209720208062363e+10	5.609189072974790039e+12
1.207722655134462354e-03	1.236589980651512451e+12	1.399756627114307251e+11	3.177071103066170120e+10	5.402091545248540039e+12
1.233316896053688856e-03	1.191202958448363281e+12	1.354251718926478424e+11	3.089006475114634323e+10	5.193354662607289062e+12
1.259453533992170365e-03	1.145538756428865234e+12	1.308415373414794159e+11	3.000184331872965240e+10	4.983453180899351562e+12
1.286144063509461061e-03	1.099720358383343262e+12	1.262363558512291412e+11	2.910813708039893723e+10	4.772967890250654297e+12
1.313400222759557485e-03	1.053901854821655151e+12	1.216242473198921051e+11	2.821160396348659897e+10	4.562624660627222656e+12
1.341233998653187541e-03	1.008284437951516846e+12	1.170244714526395264e+11	2.731578815060601044e+10	4.353367786720439453e+12
1.369657632129505243e-03	9.631554874083990479e+11	1.124649661851856232e+11	2.642593585596173859e+10	4.146537457921122559e+12
1.398683623539492566e-03	9.190543831942493896e+11	1.079999138581046448e+11	2.555263781419699097e+10	3.944614036334423828e+12
1.428324738143458596e-03	8.752859404070866699e+11	1.035484595553946686e+11	2.467761201165769196e+10	3.744618642525418457e+12
1.458594011725036863e-03	8.330037116768626709e+11	9.922093472213256836e+10	2.382119811176807404e+10	3.551960068232108887e+12
1.489504756324154782e-03	7.920776154202835693e+11	9.499943390519076538e+10	2.297868488317185593e+10	3.366162389986802734e+12
1.521070566091505720e-03	7.534565847380560303e+11	9.099069465757272339e+10	2.217341099288384247e+10	3.191378762618217773e+12
1.553305323267072666e-03	7.168247236110400391e+11	8.716375084889134216e+10	2.139947232502759552e+10	3.026107862146590820e+12
1.586223204285366938e-03	6.816264804254661865e+11	8.345988589067993164e+10	2.064457382872451782e+10	2.867870520424416992e+12
1.619838686010041055e-03	6.481712789144660645e+11	7.991546934789581299e+10	1.991698558271269608e+10	2.717969629791410156e+12
1.654166552100628336e-03	6.163687365071798096e+11	7.652314644690756226e+10	1.921562830310980225e+10	2.575936520926837402e+12
1.689221899514206692e-03	5.861107003901207275e+11	7.327404568791546631e+10	1.853913171596911621e+10	2.441252665581801270e+12
1.725020145144853453e-03	5.573308338618731689e+11	7.016281799607618713e+10	1.788672906915087128e+10	2.313571204080778320e+12
1.761577032603788440e-03	5.299767433952502441e+11	6.718541471787886810e+10	1.725787788414931488e+10	2.192613243220641846e+12
1.798908639143220224e-03	5.039730762549458008e+11	6.433581438560850525e+10	1.665168877743956947e+10	2.078015542976381348e+12
1.837031382726912916e-03	4.792324123505302124e+11	6.160631703134736633e+10	1.606691210317524529e+10	1.969336848716154053e+12
1.875962029250603357e-03	4.557005483869426270e+11	5.899253078747735596e+10	1.550290951763117599e+10	1.866305728298836182e+12
1.915717699915417882e-03	4.333349213562303467e+11	5.649137930869730377e+10	1.495930404525422096e+10	1.768716892185512207e+12
1.956315878757565116e-03	4.120727766284893799e+11	5.409726490355842590e+10	1.443518558503111458e+10	1.676248266237714844e+12
1.997774420337589726e-03	3.918434309334277344e+11	5.180406774629936218e+10	1.392956680367319679e+10	1.588560553895730225e+12
2.040111557592579582e-03	3.726026044071387939e+11	4.960811793535658264e+10	1.344189471600706482e+10	1.505436485948259766e+12
2.083345909854779961e-03	3.543157112029121704e+11	4.750662608567063904e+10	1.297179763039574242e+10	1.426693530708895264e+12
2.127496491040134757e-03	3.369305219824224243e+11	4.549501740799874115e+10	1.251851968266666794e+10	1.352084914106732178e+12
2.172582718010372237e-03	3.203898864907804565e+11	4.356820942100381470e+10	1.208123027161484337e+10	1.281338746021395508e+12
2.218624419112281976e-03	3.046576325882207031e+11	4.172295835474974823e+10	1.165940172918393898e+10	1.214269772669391357e+12
2.265641842897974604e-03	2.897056484758298950e+11	3.995717998499114227e+10	1.125278467909556007e+10	1.150744911435689209e+12
2.313655667029933423e-03	2.754904919716237793e+11	3.826679695034069824e+10	1.086066647506670380e+10	1.090551693188226562e+12
2.362687007374795686e-03	2.619659549071186218e+11	3.664755006123323822e+10	1.048233062806911469e+10	1.033469439126364502e+12
2.412757427289825233e-03	2.491024898113941956e+11	3.509692132895449829e+10	1.011737751987232018e+10	9.793622293804488525e+11
2.463888947106213784e-03	2.368772388823553772e+11	3.361295271417272186e+10	9.765529765799993515e+09	9.281126232200837402e+11
2.516104053813336943e-03	2.252540918460395508e+11	3.219229547004319382e+10	9.426209487396810532e+09	8.795499519547351074e+11
2.569425710948245768e-03	2.141956873442826233e+11	3.083145019904429245e+10	9.098803753345638275e+09	8.335022451270917969e+11
2.623877368694733318e-03	2.036778894113526306e+11	2.952817102078248215e+10	8.782940874507947922e+09	7.898499562570306396e+11
2.679482974196439188e-03	1.936821078686717834e+11	2.828090486070888519e+10	8.478396822680094719e+09	7.485045874653189697e+11
2.736266982088478034e-03	1.841783431453943481e+11	2.708683819659647369e+10	8.184686219285864830e+09	7.093295200408850098e+11
2.794254365252289707e-03	1.751363874857346802e+11	2.594290039346790695e+10	7.901228182570652962e+09	6.721800877827864990e+11
2.853470625798387814e-03	1.665365260517363281e+11	2.484742238565726471e+10	7.627778744379101753e+09	6.369675257181943359e+11
2.913941806281861776e-03	1.583636336602896729e+11	2.379898785116417313e+10	7.364099267036954880e+09	6.036166976991080322e+11
2.975694501155571117e-03	1.505928026778623047e+11	2.279515945179450226e+10	7.109757317594822884e+09	5.720120966896535645e+11
3.038755868466027146e-03	1.431996086009913025e+11	2.183353203385938263e+10	6.864303607144911766e+09	5.420459734643201294e+11
3.103153641797168783e-03	1.361679480335367889e+11	2.091254409000226974e+10	6.627469418256235123e+09	5.136410812184068604e+11
3.168916142467233243e-03	1.294855122840536957e+11	2.003110583752323532e+10	6.399093706915856361e+09	4.867386163353051147e+11
3.236072291984112663e-03	1.231316311829272308e+11	1.918714459193309402e+10	6.178781607016873360e+09	4.612470542988198242e+11
3.304651624764658874e-03	1.170865566519110870e+11	1.837859949429963684e+10	5.966143672841678619e+09	4.370744555042011108e+11
3.374684301123556836e-03	1.113371357833888550e+11	1.760420271062774658e+10	5.760952327537002563e+09	4.141618378668101196e+11
3.446201120537424525e-03	1.058733479169161682e+11	1.686307629455723190e+10	5.563084800463038445e+09	3.924637922896300049e+11
3.519233535190044709e-03	1.006780491950581512e+11	1.615337049230472565e+10	5.372169608740406036e+09	3.719011711825366211e+11
3.593813663804625805e-03	9.573527218156883240e+10	1.547345797039445686e+10	5.187895731239015579e+09	3.524048101263222656e+11
3.669974305769219299e-03	9.103427428525050354e+10	1.482225329652186584e+10	5.010069539819101334e+09	3.339251802378861084e+11
3.747748955561452412e-03	8.656689453913493347e+10	1.419896170773399162e+10	4.838554052526780128e+09	3.164234300704121094e+11
3.827171817478984984e-03	8.231892127520903015e+10	1.360211765110747528e+10	4.673070424320166588e+09	2.998394045574030762e+11
3.908277820682117681e-03	7.827744372052017212e+10	1.303026557267565155e+10	4.513312038087647438e+09	2.841148259247368164e+11
3.991102634555192957e-03	7.443368824704666138e+10	1.248253378272117043e+10	4.359125711473972321e+09	2.692103324649388123e+11
4.075682684393532908e-03	7.078100590859579468e+10	1.195831139560577011e+10	4.210419611609838009e+09	2.550964983835349121e+11
4.162055167422817371e-03	6.730762174855283356e+10	1.145623651398706627e+10	4.066897269321548462e+09	2.417206720117349243e+11
4.250258069157961290e-03	6.400309629852145386e+10	1.097521531057598877e+10	3.928350061835631371e+09	2.290389177452070618e+11
4.340330180108637088e-03	6.086026419737125397e+10	1.051446109376935577e+10	3.794617442022231102e+09	2.170193309943752747e+11
4.432311112838861061e-03	5.787370650725009918e+10	1.007343791058644867e+10	3.665612884972515583e+09	2.056370301888112793e+11
4.526241319388085715e-03	5.503367182416608429e+10	9.651068549742647171e+09	3.541113489561601639e+09	1.948508453125751648e+11
4.622162109061505458e-03	5.233171881216805267e+10	9.246353793366025925e+09	3.420896807169337749e+09	1.846238731175199890e+11
4.720115666597336779e-03	4.976199579020915985e+10	8.858689478561456680e+09	3.304855686123759270e+09	1.749308009532150574e+11
4.820145070719144588e-03	4.732008452436074066e+10	8.487634362994424820e+09	3.192913754449328899e+09	1.657525619333753052e+11
4.922294313081310678e-03	4.499791334384371185e+10	8.132210154387209892e+09	3.084849058387606621e+09	1.570544156932045898e+11
5.026608317615998724e-03	4.278865640064910126e+10	7.791662657956854820e+09	2.980509638157576561e+09	1.488079535845008240e+11
5.133132960290130720e-03	4.068753510205975342e+10	7.465437877445299149e+09	2.879775739838181496e+09	1.409923014477006226e+11
5.241915089281041530e-03	3.869094545515522766e+10	7.153160211376000404e+09	2.782583171876716614e+09	1.335913193107581482e+11
5.353002545579732367e-03	3.679220956190059662e+10	6.854049403290616035e+09	2.688761557254697800e+09	1.265778710842266083e+11
5.466444184030696055e-03	3.498580761566950989e+10	6.567417252854780197e+09	2.598148907148388386e+09	1.199285249732128601e+11
5.582289894817666839e-03	3.326783745550645447e+10	6.292834559745601654e+09	2.510662086449457169e+09	1.136267744613319244e+11
5.700590625404708227e-03	3.163535821301682663e+10	6.030000868039173126e+09	2.426252963460948467e+09	1.076599917115368195e+11
5.821398402942216249e-03	3.008284746566640472e+10	5.778203203787281990e+09	2.344745245797091007e+09	1.020050646752425995e+11
5.944766357147824969e-03	2.860584145743579483e+10	5.536918514732028961e+09	2.266026262315166950e+09	9.664404196917358398e+10
6.070748743672167193e-03	2.720115386400892258e+10	5.305768783043282509e+09	2.190017895956446648e+09	9.156344184609797668e+10
6.199400967959818945e-03	2.586638384949142456e+10	5.084482898224917412e+09	2.116663915904378414e+09	8.675292830394955444e+10
6.330779609615908021e-03	2.459696665917306137e+10	4.872491803880447388e+09	2.045831246528713703e+09	8.219418889505335999e+10
6.464942447289089879e-03	2.338929238826178360e+10	4.669331702946659088e+09	1.977412403939045668e+09	7.787219456255909729e+10
6.601948484081890736e-03	2.224075936954021454e+10	4.474698482853287697e+09	1.911339747378783464e+09	7.377643217427709961e+10
6.741857973499477616e-03	2.114940666622752380e+10	4.288365039503441334e+09	1.847568994348837614e+09	6.989854453031700134e+10
6.884732445948405985e-03	2.011146292824516678e+10	4.109839196398301125e+09	1.785981525008039474e+09	6.622349696157041931e+10
7.030634735796891313e-03	1.912400857892294312e+10	3.938750292096355438e+09	1.726487832977889538e+09	6.273964876833966827e+10
7.179629009008595825e-03	1.818491942509052658e+10	3.774823910352609158e+09	1.669022536161196470e+09	5.943810233981526947e+10
7.331780791361950343e-03	1.729259281033333206e+10	3.617885003968109131e+09	1.613556027157356977e+09	5.631226398643459320e+10
7.487156997267587974e-03	1.644391522457827950e+10	3.467516370996077538e+09	1.559983947875851154e+09	5.334997986820113373e+10
7.645825959196438613e-03	1.563652428141763878e+10	3.323393365427613258e+09	1.508221421938184023e+09	5.054177890621788025e+10
7.807857457731475631e-03	1.486868605258738327e+10	3.185306857616432190e+09	1.458222067001952171e+09	4.788082045344361877e+10
7.973322752256328111e-03	1.413909037914452362e+10	3.053095425413378716e+09	1.409954384534640551e+09	4.536148105789312744e+10
8.142294612294233985e-03	1.344516710685545921e+10	2.926407345919854164e+09	1.363327759405528545e+09	4.297391841302536774e+10
8.314847349511189298e-03	1.278500540531827354e+10	2.804980904329579830e+09	1.318273459752035141e+09	4.071064614914579773e+10
8.491056850397209546e-03	1.215718970838863373e+10	2.688625513383952618e+09	1.274744656871630430e+09	3.856597939572816467e+10
8.671000609640279119e-03	1.156064845755908394e+10	2.577222300752480507e+09	1.232721389716217756e+09	3.653574482166965485e+10
8.854757764207504128e-03	1.099326094825093842e+10	2.470459961801795483e+09	1.192118539193079472e+09	3.461158935767258453e+10
9.042409128148579806e-03	1.045348149377147484e+10	2.368125700580730438e+09	1.152880552172745228e+09	3.278766810119632721e+10
9.234037228136720080e-03	9.940154518712499619e+09	2.270066222034175873e+09	1.114969711356369495e+09	3.105943759640443039e+10
9.429726339762870002e-03	9.452403106037557602e+09	2.176166933780880451e+09	1.078361264531867981e+09	2.942332415883087540e+10
9.629562524599030379e-03	8.988478237209733963e+09	2.086176242691047668e+09	1.042986232731242776e+09	2.787288306725458145e+10
9.833633668047030499e-03	8.547129469950220108e+09	1.999911877573215246e+09	1.008796005005265355e+09	2.640318173128177261e+10
1.004202951798940403e-02	8.127413506815199852e+09	1.917245029324480057e+09	9.757582030754324198e+08	2.501062961674613571e+10
1.025484172425938229e-02	7.728612417152555466e+09	1.838085438722548723e+09	9.438532178185002804e+08	2.369240617708076859e+10
1.047216387894729824e-02	7.349284273103871346e+09	1.762208519667579174e+09	9.130151848043540716e+08	2.244308616148641586e+10
1.069409155756119272e-02	6.988417421708417892e+09	1.689472612091626644e+09	8.832072459672626257e+08	2.125900373440137863e+10
1.092072236105970547e-02	6.645241904016501427e+09	1.619764769859340906e+09	8.544001086522864103e+08	2.013705974808588409e+10
1.115215595877575537e-02	6.319169619603809357e+09	1.553009154780536413e+09	8.265773963232994080e+08	1.907502666815976334e+10
1.138849413224978825e-02	6.009012346408101082e+09	1.489020084936730385e+09	7.996826033670853376e+08	1.806856886863995743e+10
1.162984081999205582e-02	5.713951539768155098e+09	1.427670508346906900e+09	7.736795537454879284e+08	1.711457063060387230e+10
1.187630216319339981e-02	5.433358768492041588e+09	1.368876102864138126e+09	7.485482189781736135e+08	1.621082290942144775e+10
1.212798655240480798e-02	5.166752013908629417e+09	1.312565389582426548e+09	7.242711327120532990e+08	1.535529355922237206e+10
1.238500467520621366e-02	4.913152554687035561e+09	1.258584376707299709e+09	7.008012668420164585e+08	1.454455365990043449e+10
1.264746956488544717e-02	4.671898019719617844e+09	1.206828742968405485e+09	6.781075670060402155e+08	1.377613483409248734e+10
1.291549665014883955e-02	4.442475531188646317e+09	1.157220953190849543e+09	6.561689853551959991e+08	1.304810933698340988e+10
1.318920380588532899e-02	4.224489796718689442e+09	1.109710619582915545e+09	6.349754905661675930e+08	1.235908608660527039e+10
1.346871140500627631e-02	4.017135002737568855e+09	1.064158095897747636e+09	6.144814199765895605e+08	1.170606168806463432e+10
1.375414237138396570e-02	3.819875096450632572e+09	1.020482764462952375e+09	5.946640730254517794e+08	1.108719207485947227e+10
1.404562223391196511e-02	3.632291537815998554e+09	9.786177566195095778e+08	5.755041199649907351e+08	1.050087926406906128e+10
1.434327918171109106e-02	3.454059973104633331e+09	9.385168536026474237e+08	5.569903219548320770e+08	9.945932076146640778e+09
1.464724412050539583e-02	3.284517234881192207e+09	9.000679260093210936e+08	5.390860407665573359e+08	9.420067283089588165e+09
1.495765073019278586e-02	3.123229447779127598e+09	8.631974721805063486e+08	5.217684605830271244e+08	8.921660245104061127e+09
1.527463552363575450e-02	2.969855085782254696e+09	8.278557496602414846e+08	5.050248077351063490e+08	8.449545365528014183e+09
1.559833790669801906e-02	2.824127842350983143e+09	7.939999954963060617e+08	4.888435065483363867e+08	8.002680136441443443e+09
1.592890023955338338e-02	2.685502188831777096e+09	7.615357308879022598e+08	4.731923319369746447e+08	7.579226748584066391e+09
1.626646789929399317e-02	2.553626903241782665e+09	7.304032395144784451e+08	4.580524038768293858e+08	7.177936861143679619e+09
1.661118934386526108e-02	2.428223325751525402e+09	7.005570060750247240e+08	4.434105038193858266e+08	6.797794460958771706e+09
1.696321617735579643e-02	2.309072677893180847e+09	6.719657642548507452e+08	4.292595270832778811e+08	6.438033872719747543e+09
1.732270321667098503e-02	2.195726399973771095e+09	6.445453720906515121e+08	4.155693039491984844e+08	6.097092905711884499e+09
1.768980855961942850e-02	2.087900135597651482e+09	6.182489027181434631e+08	4.023251787933877707e+08	5.774024104551697731e+09
1.806469365444235767e-02	1.985366546627696276e+09	5.930368469651536942e+08	3.895146880178406239e+08	5.468002137178354263e+09
1.844752337081655841e-02	1.887945778916977167e+09	5.688824106377972364e+08	3.771314082106667161e+08	5.178389317116629601e+09
1.883846607236187159e-02	1.795269177444970131e+09	5.457158021311593056e+08	3.651498044729531407e+08	4.903946728480650902e+09
1.923769369068539445e-02	1.707106485457530260e+09	5.234961850405146480e+08	3.535564871312474012e+08	4.643880796662366867e+09
1.964538180099485026e-02	1.623272245175743103e+09	5.021924198433660865e+08	3.423420979521015286e+08	4.397564383873578072e+09
2.006170969931423895e-02	1.543618520893336535e+09	4.817796196673684716e+08	3.314994341037727594e+08	4.164458266400974274e+09
2.048686048133601528e-02	1.467842456287504435e+09	4.622002901351943016e+08	3.210070286254881620e+08	3.943573695852856159e+09
2.092102112294418406e-02	1.395757572413867474e+09	4.434192087883013487e+08	3.108526814044346213e+08	3.734264504128683567e+09
2.136438256244391209e-02	1.327212595692493916e+09	4.254115023350082040e+08	3.010291958916281462e+08	3.536031358866573334e+09
2.181713978453380873e-02	1.262085758987783432e+09	4.081553981464869976e+08	2.915300396723768711e+08	3.348441673727902889e+09
2.227949190605761978e-02	1.200128381108291864e+09	3.916019262438597083e+08	2.823362157308527231e+08	3.170688082920535088e+09
2.275164226357336353e-02	1.141189408770215750e+09	3.757225905122607350e+08	2.734375685984995961e+08	3.002263517741419315e+09
2.323379850277806913e-02	1.085145465511255264e+09	3.604949040264291167e+08	2.648268400773418546e+08	2.842748215325033665e+09
2.372617266982774559e-02	1.031896255861390948e+09	3.459024596470611095e+08	2.564996902128310204e+08	2.691811178025236130e+09
2.422898130459259780e-02	9.812376811435428858e+08	3.319021958033325672e+08	2.484385175786243975e+08	2.548790005794121265e+09
2.474244553588843265e-02	9.330473587200753689e+08	3.184713501365291476e+08	2.406354817178649902e+08	2.413283889779500961e+09
2.526679117872631872e-02	8.872246787233518362e+08	3.055905676418225169e+08	2.330837821307601631e+08	2.284951205399233818e+09
2.580224883362318075e-02	8.436869711257256269e+08	2.932460984929463863e+08	2.257796905318338871e+08	2.163525007638003349e+09
2.634905398801689475e-02	8.022668113393857479e+08	2.814011731253866553e+08	2.187075735877971053e+08	2.048466996161796570e+09
2.690744711983068457e-02	7.628650234644539356e+08	2.700372400314455628e+08	2.118610185732283890e+08	1.939467479703018188e+09
2.747767380323228384e-02	7.253995742414515018e+08	2.591379282833192647e+08	2.052342520597831607e+08	1.836241787085645914e+09
2.805998481663422514e-02	6.898022733021243811e+08	2.486911290487522483e+08	1.988235983849267066e+08	1.738572397164679527e+09
2.865463625298309350e-02	6.559358492010878325e+08	2.386664129432959557e+08	1.926157315920703411e+08	1.646030568872336388e+09
2.926188963238583740e-02	6.237199137187839746e+08	2.290474524602074027e+08	1.866045682173797190e+08	1.558361400142143250e+09
2.988201201712300387e-02	5.930875902723101377e+08	2.198214316216978133e+08	1.807858318590928316e+08	1.475347954839284658e+09
3.051527612909937445e-02	5.639825887566337585e+08	2.109774110818695724e+08	1.751559488355419338e+08	1.396802209937206507e+09
3.116196046978347151e-02	5.362924214260731936e+08	2.024901368487170339e+08	1.697036443271955550e+08	1.322384406531409502e+09
3.182234944268905880e-02	5.099519112223988771e+08	1.943454335245780647e+08	1.644231441324953437e+08	1.251885731630374670e+09
3.249673347845206950e-02	4.849065459946036339e+08	1.865329956696928442e+08	1.593110344987755120e+08	1.185139221388854980e+09
3.318540916255835471e-02	4.611098257931140065e+08	1.790430175336743295e+08	1.543638002300236523e+08	1.121984915032715559e+09
3.388867936577820428e-02	4.384696200677350760e+08	1.718545041987037659e+08	1.495719636287208200e+08	1.062152593249327183e+09
3.460685337736497946e-02	4.169330707984681129e+08	1.649556345180788040e+08	1.449306661551550925e+08	1.005472782198117137e+09
3.534024704107661952e-02	3.964557529616230726e+08	1.583376756997880042e+08	1.404367531464501917e+08	9.518140644656020403e+08
3.608918289407971741e-02	3.769992209685847163e+08	1.519921825764110386e+08	1.360870493543036878e+08	9.010464159902373552e+08
3.685399030879719234e-02	3.584880630923777819e+08	1.459014424710395932e+08	1.318733125608692616e+08	8.529494979428892136e+08
3.763500563776207147e-02	3.408793979717401266e+08	1.400556474038612843e+08	1.277914199722704440e+08	8.073901228676165342e+08
3.843257236154112161e-02	3.241370292427530289e+08	1.344473417909440696e+08	1.238386360356709063e+08	7.642608148353836536e+08
3.924704123979310538e-02	3.082291425619162321e+08	1.290695596680371314e+08	1.200122752269689739e+08	7.234586852344784737e+08
4.007877046552850431e-02	2.930940495769524574e+08	1.239070237260828763e+08	1.163048123219286054e+08	6.848038499365236759e+08
4.092812582263813392e-02	2.786969507962426543e+08	1.189516827099990547e+08	1.127128430967380404e+08	6.481909060096566677e+08
4.179548084676026898e-02	2.650083612669641078e+08	1.141972169602940381e+08	1.092340534932828993e+08	6.135315006392589808e+08
4.268121698955689575e-02	2.520019296808085442e+08	1.096377897990391105e+08	1.058661634951422065e+08	5.807448683309112787e+08
4.358572378647117967e-02	2.396272277032547593e+08	1.052603734324285686e+08	1.026023987818474174e+08	5.496853278804342747e+08
4.450939902804028347e-02	2.278560040836793482e+08	1.010583188661093414e+08	9.943992806716774404e+07	5.202679191659507155e+08
4.545264893483848267e-02	2.166642461537809372e+08	9.702617343173021078e+07	9.637658112969832122e+07	4.924215619676882625e+08
4.641588833612779463e-02	2.060301076754798293e+08	9.315906529755383730e+07	9.341051008609804511e+07	4.660813838983570337e+08
4.739954085229469011e-02	1.959123938622839749e+08	8.944604438457407057e+07	9.053590800126521289e+07	4.411300190245201588e+08
4.840403908115278181e-02	1.862881600493994355e+08	8.588138803314183652e+07	8.775006722352586687e+07	4.174991520519685149e+08
4.942982478819387543e-02	1.771378565708744228e+08	8.246058669670169055e+07	8.505120580181279778e+07	3.951316629983653426e+08
5.047734910087089966e-02	1.684433524565792680e+08	7.917947622004507482e+07	8.243769133618411422e+07	3.739748752225481868e+08
5.154707270699779992e-02	1.601710225237244070e+08	7.602873487980262935e+07	7.990438838520465791e+07	3.539345456241628528e+08
5.263946605735428386e-02	1.523022232538037598e+08	7.300368899274884164e+07	7.744910720130014420e+07	3.349560726542110443e+08
5.375500957258409762e-02	1.448210440824599564e+08	7.010047942521646619e+07	7.507017844856122136e+07	3.169936030927888751e+08
5.489419385447772554e-02	1.377124201557230055e+08	6.731548116539695859e+07	7.276610424861055613e+07	3.000037629294382930e+08
5.605751990173300781e-02	1.309489289369868636e+08	6.464094043832252920e+07	7.053253907013352215e+07	2.839116279252101183e+08
5.724549933028778848e-02	1.245154139429443032e+08	6.207282581456880271e+07	6.836747644268758595e+07	2.686727463642191887e+08
5.845865459832211286e-02	1.183989315948848277e+08	5.960802934480387717e+07	6.626959143379000574e+07	2.542511216492078006e+08
5.969751923602879817e-02	1.125869484704990983e+08	5.724328147656089813e+07	6.423737162033269554e+07	2.406106166877140999e+08
6.096263808025296355e-02	1.070571228652015626e+08	5.497210104593954235e+07	6.226708834444840252e+07	2.276916741923673451e+08
6.225456751410456124e-02	1.017971256224516332e+08	5.279111890374711156e+07	6.035706150631561130e+07	2.154583419491351843e+08
6.357387571164835327e-02	9.679643309375694394e+07	5.069777351831232011e+07	5.850616548509696871e+07	2.038823150495407283e+08
6.492114288777969811e-02	9.204460018310901523e+07	4.868915591680715233e+07	5.671294471281661093e+07	1.929334844783868194e+08
6.629696155339574737e-02	8.752344786161150038e+07	4.675981387973733991e+07	5.497413243134740740e+07	1.825643665869067907e+08
6.770193677597398374e-02	8.322293915861536562e+07	4.490694753631973267e+07	5.328833704303193837e+07	1.727461894253646731e+08
6.913668644567325106e-02	7.913424481251107156e+07	4.312828851733380556e+07	5.165447686620002240e+07	1.634556098994191885e+08
7.060184154707406512e-02	7.524948058200715482e+07	4.142167867077004910e+07	5.007158159365405142e+07	1.546698537214302421e+08
7.209804643667737378e-02	7.155303939476215839e+07	3.978218596944901347e+07	4.853646506871300936e+07	1.463492948403827548e+08
7.362595912628441819e-02	6.803702204704543948e+07	3.820752975632335991e+07	4.704796015061425418e+07	1.384712835954001248e+08
7.518625157238204015e-02	6.469449298047953099e+07	3.669593946049077809e+07	4.560531909574249387e+07	1.310175959724594206e+08
7.677960997166025092e-02	6.151813768061566353e+07	3.524521604175934941e+07	4.420729040616587549e+07	1.239682774819873124e+08
7.840673506279315086e-02	5.849599366048017144e+07	3.385153592141607404e+07	4.285145132581749558e+07	1.172930546770854741e+08
8.006834243461452560e-02	5.562138458810527623e+07	3.251291094324031100e+07	4.153671794107894599e+07	1.109735003503217697e+08
8.176516284082480102e-02	5.288868868732332438e+07	3.122774906455302238e+07	4.026230630289550126e+07	1.049944848223289698e+08
8.349794252136732986e-02	5.029176248604263365e+07	2.999424611791678146e+07	3.902722870380855352e+07	9.934018323496961594e+07
8.526744353061486981e-02	4.782093216741247475e+07	2.880910535197490826e+07	3.782925284563830495e+07	9.398597984505191445e+07
8.707444407251174745e-02	4.547074270662592351e+07	2.767075996965313703e+07	3.666759299748767167e+07	8.891774527378231287e+07
8.891973884281766105e-02	4.323663635028374940e+07	2.657777584621626884e+07	3.554143999526511878e+07	8.412282855640791357e+07
9.080413937860487561e-02	4.111345872890407592e+07	2.552864578120853752e+07	3.444997075727148354e+07	7.958859791476835310e+07
9.272847441516200717e-02	3.909338702746900171e+07	2.452055983704836667e+07	3.339119020109139010e+07	7.529517482758906484e+07
9.469359025046093781e-02	3.717196423392441124e+07	2.355219560804125294e+07	3.236440902310314402e+07	7.123123955725565553e+07
9.670035111734798239e-02	3.534549445697809756e+07	2.262238282980618626e+07	3.136898489027824625e+07	6.738687234462526441e+07
9.874963956362264872e-02	3.360965761560062319e+07	2.172977611414067075e+07	3.040411147119269520e+07	6.375158256816525757e+07
1.008423568401705106e-01	3.195812784002282843e+07	2.087206986488032714e+07	2.946813293138767034e+07	6.030966260166454315e+07
1.029794232973221257e-01	3.038726359622480348e+07	2.004806180404017493e+07	2.856032540802348033e+07	5.705172766627438366e+07
1.051617787896111378e-01	2.889406740494548529e+07	1.925686081128956750e+07	2.768025207190291584e+07	5.397029494150769711e+07
1.073903830891107247e-01	2.747492175088761374e+07	1.849720991631317139e+07	2.682707279179995880e+07	5.105639796781029552e+07
1.096662163075285135e-01	2.612471142850796506e+07	1.776722854427734390e+07	2.599942514001433179e+07	4.829766378743316233e+07
1.119902793272475605e-01	2.484046117847762257e+07	1.706587971772892401e+07	2.519664620701738074e+07	4.568651220335575193e+07
1.143635942415015677e-01	2.361973966538218781e+07	1.639243109541221708e+07	2.441835872601715103e+07	4.321714365121896565e+07
1.167872048038782751e-01	2.245952019674372673e+07	1.574578104615018889e+07	2.366381724347106740e+07	4.088199987805894017e+07
1.192621768873494831e-01	2.135566671146376804e+07	1.512434715960695408e+07	2.293182005678221211e+07	3.867133335489083081e+07
1.217895989530276418e-01	2.030574842557355016e+07	1.452728224614818394e+07	2.222182838757147267e+07	3.657915129817782342e+07
1.243705825288575900e-01	1.930779264284521714e+07	1.395391379322401062e+07	2.153343030819692835e+07	3.460066532692981511e+07
1.270062626984522769e-01	1.835926934057850391e+07	1.340332952602129802e+07	2.086602182107485458e+07	3.272976853266500682e+07
1.296977986002878502e-01	1.745683419388395548e+07	1.287418066901593655e+07	2.021853141015439108e+07	3.095863019877471775e+07
1.324463739374786009e-01	1.659850127730508521e+07	1.236576278901661932e+07	1.959048523450307548e+07	2.928261716033573449e+07
1.352531974983535168e-01	1.578266974516567029e+07	1.187749868802111410e+07	1.898152845214054734e+07	2.769776738449423015e+07
1.381195036880665805e-01	1.500722639042345248e+07	1.140861974169777520e+07	1.839114725836114585e+07	2.619915049319737405e+07
1.410465530714722360e-01	1.426946736164294928e+07	1.095798353122570924e+07	1.781838404682715610e+07	2.478055203931761906e+07
1.440356329275057634e-01	1.356776960153514519e+07	1.052495934621345252e+07	1.726277117610247061e+07	2.343817470495235175e+07
1.470880578153118678e-01	1.290083431506567635e+07	1.010911627225936204e+07	1.672409549442758597e+07	2.216897526190945506e+07
1.502051701523716420e-01	1.226689766030867212e+07	9.709739141196578741e+06	1.620181340097678080e+07	2.096877032909074798e+07
1.533883408048797858e-01	1.166377345061785728e+07	9.325879533174440265e+06	1.569509361500144936e+07	1.983272651869241521e+07
1.566389696906345663e-01	1.109013574529429339e+07	8.957018008157555014e+06	1.520357055586438999e+07	1.875781769687513635e+07
1.599584863947036695e-01	1.054493005694586225e+07	8.602795475250760093e+06	1.472706151343363710e+07	1.774155794084427133e+07
1.633483507981373095e-01	1.002668541342311166e+07	8.262570527565605938e+06	1.426502353712249361e+07	1.678055475627178699e+07
1.668100537200059019e-01	9.533634229673927650e+06	7.935554998389254324e+06	1.381676122599349543e+07	1.587098292613285966e+07
1.703451175730422984e-01	9.064693321797709912e+06	7.621330152251281776e+06	1.338199072145447694e+07	1.501046050557996146e+07
1.739550970331800450e-01	8.619006319337004796e+06	7.319548160227091983e+06	1.296046583763489127e+07	1.419687020383744873e+07
1.776415797232799298e-01	8.195347403850679286e+06	7.029690386176416650e+06	1.255176701255993545e+07	1.342755867702087015e+07
1.814061869113461622e-01	7.792287444426277652e+06	6.751083957695958205e+06	1.215527817370508611e+07	1.269947298800180666e+07
1.852505742235391883e-01	7.408941587686520070e+06	6.483359936659913510e+06	1.177071183859528042e+07	1.201063847550958768e+07
1.891764323722997243e-01	7.044614199107071385e+06	6.226241656612605788e+06	1.139788385048091970e+07	1.135942881966243312e+07
1.931854878999012814e-01	6.698284442540360615e+06	5.979276303926536813e+06	1.103642489619870856e+07	1.074367450322117656e+07
1.972795039377621684e-01	6.368796853059443645e+06	5.741897800855451263e+06	1.068577745321255736e+07	1.016096113513366133e+07
2.014602809818480389e-01	6.055428622217718512e+06	5.513778284066738561e+06	1.034566567989637516e+07	9.609652702970864251e+06
2.057296576845067948e-01	5.757614520911892876e+06	5.294721025161596015e+06	1.001601362363665178e+07	9.088526738473538309e+06
2.100895116630852322e-01	5.474504990874219686e+06	5.084293921626763418e+06	9.696391005728974938e+06	8.595771413846874610e+06
2.145417603256798700e-01	5.205165833329150453e+06	4.882034133792201988e+06	9.386344058391371742e+06	8.129466666148900986e+06
2.190883617143895290e-01	4.949006633225428872e+06	4.687682147024440579e+06	9.085677961526235566e+06	7.688326302796517499e+06
2.237313153664367560e-01	4.705567978063243441e+06	4.501033136693682522e+06	8.794233017079448327e+06	7.271331676912957802e+06
2.284726631935388719e-01	4.474143318225072697e+06	4.321744088151672855e+06	8.511691085094800219e+06	6.877066671873181127e+06
2.333144903799153069e-01	4.253977354381328449e+06	4.149417276257661637e+06	8.237644770407973789e+06	6.503957110532748513e+06
2.382589262993237145e-01	4.044587828033229802e+06	3.983827420253394172e+06	7.971899922255956568e+06	6.151000904041845351e+06
2.433081454515323150e-01	3.845601210968195926e+06	3.824808076254443731e+06	7.714341298850456253e+06	5.817395567182757892e+06
2.484643684186368384e-01	3.656430275861186441e+06	3.672061614030425437e+06	7.464677081407565624e+06	5.501966439595162868e+06
2.537298628416438939e-01	3.476464354490899015e+06	3.525251074431334157e+06	7.222542412954276428e+06	5.203477563670115545e+06
2.591069444177515613e-01	3.305309546480967198e+06	3.384180257259812206e+06	6.987765974823437631e+06	4.921111964858185500e+06
2.645979779187619951e-01	3.142662067389592528e+06	3.248723185629243031e+06	6.760267834508026019e+06	4.654265409304959700e+06
2.702053782310787078e-01	2.988034146780471317e+06	3.118601700848498382e+06	6.539745252850904129e+06	4.401929339523857459e+06
2.759316114177428059e-01	2.840932054521995597e+06	2.993543813907691278e+06	6.325908807590872049e+06	4.163149200369983912e+06
2.817791958029755572e-01	2.701034057896271814e+06	2.873380834773361217e+06	6.118593023852397688e+06	3.937292875642472412e+06
2.877507030797054055e-01	2.568093051870185882e+06	2.758004754078266677e+06	5.917735154095717706e+06	3.723838843212175183e+06
2.938487594405665426e-01	2.441704083270157222e+06	2.647178685722083785e+06	5.723066021280163899e+06	3.521995137774325907e+06
3.000760467328633108e-01	2.321467974634663668e+06	2.540667716369114351e+06	5.534316064675489441e+06	3.331004330302251503e+06
3.064353036380134121e-01	2.207121959238323849e+06	2.438341188213825691e+06	5.351378305321168154e+06	3.150361388527745381e+06
3.129293268759847368e-01	2.098464943722508382e+06	2.340088490681327414e+06	5.174142112605870701e+06	2.979630730065131560e+06
3.195609724352570513e-01	1.995160951252606465e+06	2.245719724755225237e+06	5.002406093399195001e+06	2.818191660346851218e+06
3.263331568288500573e-01	1.896887238949035760e+06	2.155031825396266766e+06	4.835923364524078555e+06	2.665439531317088753e+06
3.332488583769670498e-01	1.803429201956439530e+06	2.067907488903775113e+06	4.674578891725271009e+06	2.520955218372692354e+06
3.403111185168231634e-01	1.714623140619982500e+06	1.984264769251645543e+06	4.518311596924711019e+06	2.384405511262583081e+06
3.475230431402304698e-01	1.630190462422961835e+06	1.903927933500678279e+06	4.366905638113106601e+06	2.255283880678910296e+06
3.548878039595292910e-01	1.549870217014571186e+06	1.826735055828220909e+06	4.220170619743671268e+06	2.133114252565746196e+06
3.624086399024666338e-01	1.473487141229384579e+06	1.752579061438059900e+06	4.077985613671306521e+06	2.017551817732818192e+06
3.700888585366366446e-01	1.400907931965747382e+06	1.681398240964733995e+06	3.940316933135082014e+06	1.908346232787915273e+06
3.779318375241043637e-01	1.331901703642811626e+06	1.613033095723153325e+06	3.806950634260372259e+06	1.805077022468188312e+06
3.859410261068597081e-01	1.266257464144303929e+06	1.547349451647293055e+06	3.677726957749178633e+06	1.707364747929696459e+06
3.941199466237500504e-01	1.203832087901584571e+06	1.484257533443349879e+06	3.552541354626102839e+06	1.614937070651118876e+06
4.024721960595590287e-01	1.144516979289547307e+06	1.423701923767749220e+06	3.431355464027049486e+06	1.527595972799555166e+06
4.110014476269163164e-01	1.088120900314369937e+06	1.365549517082543578e+06	3.313992836367138196e+06	1.445000615494438680e+06
4.197114523817274123e-01	1.034473244866671390e+06	1.309681810350179207e+06	3.200293782195688225e+06	1.366845170365367783e+06
4.286060408728412652e-01	9.834571357737834333e+05	1.256028821569576394e+06	3.090189209139629733e+06	1.292921205740649020e+06
4.376891248266767120e-01	9.349840772255676566e+05	1.204535963585614227e+06	2.983619644875884987e+06	1.223064099831574596e+06
4.469646988675492483e-01	8.888957506675533950e+05	1.155093157747477526e+06	2.880442160913528409e+06	1.156997684320900124e+06
4.564368422744575216e-01	8.450542023607846349e+05	1.107598715392371872e+06	2.780512649195209146e+06	1.094480839557539206e+06
4.661097207750954374e-01	8.033639941075167153e+05	1.061994228646473959e+06	2.683770864057281055e+06	1.035352500500683323e+06
4.759875883778879602e-01	7.637529795835636323e+05	1.018232051140921772e+06	2.590163718862240668e+06	9.794736500269796234e+05
4.860747892428489703e-01	7.260901661861651810e+05	9.762176910547306761e+05	2.499560881614914164e+06	9.266253751429727999e+05
4.963757595920870180e-01	6.902639960609441623e+05	9.358646022335322341e+05	2.411836433645021636e+06	8.766154424519453896e+05
5.068950296608012440e-01	6.561965411765208701e+05	8.971225735843280563e+05	2.326934426971342880e+06	8.293150790263464442e+05
5.176372256896176749e-01	6.238289611401999136e+05	8.599521830284736352e+05	2.244811147943226621e+06	7.846116907864864916e+05
5.286070719591531297e-01	5.930529299219485838e+05	8.242712205883043353e+05	2.165348248607421760e+06	7.423300647808093345e+05
5.398093928676924724e-01	5.637782296116797952e+05	7.900074800737410551e+05	2.088436497059895424e+06	7.023208151509902673e+05
5.512491150528981976e-01	5.359412328033891972e+05	7.571167916079066927e+05	2.014023271332645090e+06	6.644762682930526789e+05
5.629312695584811621e-01	5.094939318123027915e+05	7.255668308209732641e+05	1.942072732765283203e+06	6.287089785243367078e+05
5.748609940467923618e-01	4.843467920604448300e+05	6.952853294709798647e+05	1.872475187077190029e+06	5.948766000184434233e+05
5.870435350582976497e-01	4.604268482798541081e+05	6.662124553941438207e+05	1.805137764858451905e+06	5.628622585691628046e+05
5.994842503189414806e-01	4.376821511208309676e+05	6.383092359191358555e+05	1.740009220957841258e+06	5.325773583869320573e+05
6.121886110964055439e-01	4.160735167451165617e+05	6.115492427033543354e+05	1.677061711966469651e+06	5.039541488118403358e+05
6.251622046063020077e-01	3.955269799196855165e+05	5.858692584655801766e+05	1.616193294682237785e+06	4.768778854691251763e+05
6.384107364693620834e-01	3.759835239800317213e+05	5.612195456391280750e+05	1.557325781902201474e+06	4.512552725474529434e+05
6.519400332206916060e-01	3.574007366331769153e+05	5.375663969436530024e+05	1.500411458278257865e+06	4.270152305730191874e+05
6.657560448722088520e-01	3.397466222901743604e+05	5.148874038596132305e+05	1.445426386905741645e+06	4.041038577454793849e+05
6.798648475293831428e-01	3.229601101782203768e+05	4.931279124109992990e+05	1.392277994259705767e+06	3.824295055361056584e+05
6.942726460634290886e-01	3.069934607797866338e+05	4.722454527307355311e+05	1.340896154869253514e+06	3.619167978632743470e+05
7.089857768401280902e-01	2.918120498247168725e+05	4.522126487644258887e+05	1.291243515431405511e+06	3.425102867979853763e+05
7.240107105064845783e-01	2.773897403303686879e+05	4.330087720156753785e+05	1.243292404720424674e+06	3.241663938471660949e+05
7.393540548364295750e-01	2.636761344892853522e+05	4.145878750200126669e+05	1.196964322450840613e+06	3.068115820346962428e+05
7.550225576368376768e-01	2.506326106962797639e+05	3.969132471769838012e+05	1.152194713957713451e+06	2.903850518547646934e+05
7.710231097151263313e-01	2.382309036869680858e+05	3.799620167108164751e+05	1.108951412180410931e+06	2.748436428275528597e+05
7.873627479097432547e-01	2.264496542077753984e+05	3.637163660620597075e+05	1.067210065132375574e+06	2.601522853468327085e+05
8.040486581848822478e-01	2.152472934510454943e+05	3.481364453440541984e+05	1.026898649670941872e+06	2.462515982187063491e+05
8.210881787907730045e-01	2.045925721828818496e+05	3.331916044646195369e+05	9.879622680082126753e+05	2.330931926404475525e+05
8.384888034909533383e-01	1.944624178809453733e+05	3.188623053990283515e+05	9.503718101495761657e+05	2.206430257491587254e+05
8.562581848579297050e-01	1.848393634784690803e+05	3.051333578634237638e+05	9.141057183238000143e+05	2.088730604735415545e+05
8.744041376386801900e-01	1.756891529313171341e+05	2.919700089959387551e+05	8.790978266842371086e+05	1.977349974023995746e+05
8.929346421914835519e-01	1.669864869320614380e+05	2.793471027453478891e+05	8.453023963237017160e+05	1.871912102416823327e+05
9.118578479955742333e-01	1.587125355478939018e+05	2.672466641929633915e+05	8.126888631210735766e+05	1.772132511894019553e+05
9.311820772351820930e-01	1.508530130831684510e+05	2.556572888221863250e+05	7.812434832400109153e+05	1.677804099500388838e+05
9.509158284595223831e-01	1.433796948731826269e+05	2.445477728348062665e+05	7.509024470600085333e+05	1.588523566929136869e+05
9.710677803203476843e-01	1.362721038839328976e+05	2.338976496221155976e+05	7.216282043835921213e+05	1.504001227428105776e+05
9.916467953887124764e-01	1.295148706975274108e+05	2.236916455199198972e+05	6.933943282184965210e+05	1.424007834934760758e+05
1.012661924052612461e+00	1.230963068109775631e+05	2.139191787438319298e+05	6.661846255372978048e+05	1.348373880217617261e+05
1.034122408497234025e+00	1.169931694746614521e+05	2.045545068157892674e+05	6.399464567192508839e+05	1.276783205131841678e+05
1.056037686769547568e+00	1.111888814638048352e+05	1.955792928387403954e+05	6.146429579300674377e+05	1.208995222340562759e+05
1.078417396929040706e+00	1.056708984376918670e+05	1.869814498980986536e+05	5.902536829202987719e+05	1.144838186732325703e+05
1.101271381286411888e+00	1.004296531605725759e+05	1.787512324049937597e+05	5.667618999192219926e+05	1.084167629525673838e+05
1.124609690732098155e+00	9.544601616716140416e+04	1.708667453750761924e+05	5.441211494703713106e+05	1.026731945095162955e+05
1.148442589156521310e+00	9.070656412499939324e+04	1.633129344411249040e+05	5.223009657850912772e+05	9.723449861535677337e+04
1.172780557964020254e+00	8.620105872815390467e+04	1.560785680994900176e+05	5.012793391914700624e+05	9.208607177314734145e+04
1.197634300682437924e+00	8.192166646523719828e+04	1.491564066793157544e+05	4.810455900533557287e+05	8.721729052779724589e+04
1.223014747670394531e+00	7.785265190957259620e+04	1.425267484474661178e+05	4.615547357756302808e+05	8.260711532920453465e+04
1.248933060924324545e+00	7.398314261312260351e+04	1.361773181039510819e+05	4.427817004456005525e+05	7.824124418314239301e+04
1.275400638987373769e+00	7.030478298648455529e+04	1.300986924348612083e+05	4.247075689393320354e+05	7.410810973101659329e+04
1.302429121962336289e+00	6.681115622264493140e+04	1.242840896495910856e+05	4.073203162937164307e+05	7.019863320393690083e+04
1.330030396630823342e+00	6.348932681872232206e+04	1.187172486182305729e+05	3.905823663795269676e+05	6.649642771426493709e+04
1.358216601680917401e+00	6.033048558343196783e+04	1.133875508730853326e+05	3.744707785464635817e+05	6.298999930590688746e+04
1.387000133045610317e+00	5.732781310299949837e+04	1.082867651454777661e+05	3.589678145473930053e+05	5.966995031949396071e+04
1.416393649354382722e+00	5.447605254836237873e+04	1.034096022857661883e+05	3.440648925013664411e+05	5.652938528457933717e+04
1.446410077500298819e+00	5.176457550392314442e+04	9.874169568442704622e+04	3.297266837550452910e+05	5.355474063613573526e+04
1.477062618325094778e+00	4.918624217315494025e+04	9.427411305193557928e+04	3.159332427971831639e+05	5.073683592586887971e+04
1.508364752424737887e+00	4.673548712255891587e+04	9.000029795640928205e+04	3.026707147775424528e+05	4.806870302556327078e+04
1.540330246078020826e+00	4.440800242060799064e+04	8.591514386283731437e+04	2.899289095358561608e+05	4.554431655271501950e+04
1.572973157300799230e+00	4.219506082017797598e+04	8.200667025740948156e+04	2.776778817503984319e+05	4.315290255428339879e+04
1.606307842028519950e+00	4.009087309307872056e+04	7.826744219848011562e+04	2.659003827784212772e+05	4.088734129188401130e+04
1.640348960429783842e+00	3.809089708025679283e+04	7.469164293224592984e+04	2.545833760350550583e+05	3.874170088539418794e+04
1.675111483353698638e+00	3.619160216838707856e+04	7.127494223444287491e+04	2.437176481074991752e+05	3.671143097860217676e+04
1.710610698913865635e+00	3.438582629140668723e+04	6.800732613480005239e+04	2.332777686400451639e+05	3.478791703855643573e+04
1.746862219211904321e+00	3.266887322330163079e+04	6.488233946951809048e+04	2.232478697091882350e+05	3.296531786047079368e+04
1.783881987203444153e+00	3.103703593964099855e+04	6.189499274355360831e+04	2.136160869983943121e+05	3.123892429842959973e+04
1.821686283709640364e+00	2.948742036158133124e+04	5.904182600188488868e+04	2.043754274024067854e+05	2.960512304525982836e+04
1.860291734577268707e+00	2.801415285875598420e+04	5.631410984502328938e+04	1.955023736810765986e+05	2.805702468545085867e+04
1.899715317990559260e+00	2.661342173083695525e+04	5.370646125193228363e+04	1.869835896397551405e+05	2.658992595170689674e+04
1.939974371937992492e+00	2.528220129252928746e+04	5.121463874462588865e+04	1.788084015783072682e+05	2.520009093664761531e+04
1.981086601837313665e+00	2.401811954274746677e+04	4.883572380130723468e+04	1.709707009129692451e+05	2.388466352851840929e+04
2.023070088322156401e+00	2.281636233736246868e+04	4.656227048283189652e+04	1.634499140566267015e+05	2.263797115101126474e+04
2.065943295193674256e+00	2.167383411171354237e+04	4.438964443204731651e+04	1.562337170970542356e+05	2.145630387911822618e+04
2.109725077540682392e+00	2.058806511448639139e+04	4.231446811451365647e+04	1.493139574156872695e+05	2.033677583146507459e+04
2.154434690031884259e+00	1.955711139164134875e+04	4.033408447225200507e+04	1.426842408176285971e+05	1.927705843545573953e+04
2.200091795383838367e+00	1.857702991971181109e+04	3.844217014692269004e+04	1.363265878455578350e+05	1.827254534867899929e+04
2.246716473008353532e+00	1.764530492537353348e+04	3.663494930975275201e+04	1.302309338302154501e+05	1.732031286316540718e+04
2.294329227843169949e+00	1.675992018325092067e+04	3.490942835128186562e+04	1.243893842949510436e+05	1.641800052686929848e+04
2.342950999369765697e+00	1.591928304942213072e+04	3.326339521775521280e+04	1.187965518842333840e+05	1.556375425802172504e+04
2.392603170822269476e+00	1.512016614412181298e+04	3.169155553215198597e+04	1.134371138027249399e+05	1.475391515331652590e+04
2.443307578591545681e+00	1.436052327876359232e+04	3.019062672535414458e+04	1.083017104638931924e+05	1.398612473351296649e+04
2.495086521828544068e+00	1.363870822349750051e+04	2.875813525641076922e+04	1.033837661469920422e+05	1.325851005089899991e+04
2.547962772251191943e+00	1.295341665993569768e+04	2.739221018472169453e+04	9.867863380848197266e+04	1.256956128519094455e+04
2.601959584159102334e+00	1.230200893497608922e+04	2.608832060294723851e+04	9.417254797490028432e+04	1.191632215281350182e+04
2.657100704660517732e+00	1.168281923845597885e+04	2.484379278304530089e+04	8.985799093660383369e+04	1.129692673880019174e+04
2.713410384115983121e+00	1.109450316571535950e+04	2.365648659388594751e+04	8.572894557404614170e+04	1.070985386621454381e+04
2.770913386803353973e+00	1.053599313157474353e+04	2.252474823546728294e+04	8.178088433151069330e+04	1.015388378660471790e+04
2.829635001808795014e+00	1.000513188808519772e+04	2.144488590342757743e+04	7.800264350124180783e+04	9.626709433816766250e+03
2.889601054148607684e+00	9.500561834531899876e+03	2.041460017342908395e+04	7.438740622669966251e+04	9.126800880169101220e+03
2.950837916126738403e+00	9.021184775249579616e+03	1.943204550373984603e+04	7.092972452335715934e+04	8.652914267490650673e+03
3.013372518932980082e+00	8.566127495340742826e+03	1.849585161623035310e+04	6.762585067650866404e+04	8.204068719856775715e+03
3.077232364486974792e+00	8.133628573288029656e+03	1.760292053748583930e+04	6.446616024671526247e+04	7.778406154909051111e+03
3.142445537533192557e+00	7.722580181815004835e+03	1.675131515311900876e+04	6.144470291194333549e+04	7.374721225464671988e+03
3.209040717992251324e+00	7.332084952739127402e+03	1.593949912725982540e+04	5.855691075805886067e+04	6.992015460540492313e+03
3.277047193573979555e+00	6.961429323321583070e+03	1.516629749743690081e+04	5.579939970591417659e+04	6.629496133785753955e+03
3.346494872657771680e+00	6.609176462783270836e+03	1.442908021667513276e+04	5.316373574109985930e+04	6.285656312463063841e+03
3.417414297445926952e+00	6.274421037636333494e+03	1.372624655709876242e+04	5.064495519069232250e+04	5.959538998410365821e+03
3.489836657395697816e+00	5.956429505892906491e+03	1.305652430832417303e+04	4.823918832977343845e+04	5.650353197729170461e+03
3.563793802936028321e+00	5.654619355564228499e+03	1.241892210558336228e+04	4.594350289291037916e+04	5.357456083903542094e+03
3.639318259474964901e+00	5.367819919771731293e+03	1.181121985754118032e+04	4.375058860010216449e+04	5.079621062462896589e+03
3.716443241703908829e+00	5.095290041416089480e+03	1.123206929724297333e+04	4.165616542827803642e+04	4.816071176096224917e+03
3.795202668205029717e+00	4.836429842158188876e+03	1.068040508907724688e+04	3.965692001910747058e+04	4.566175839681571233e+03
3.875631176368202979e+00	4.590764290542904746e+03	1.015538529991465839e+04	3.775024910691737750e+04	4.329425653995265748e+03
3.957764137624104617e+00	4.357340981557234045e+03	9.655193547171933460e+03	3.593013083619473764e+04	4.104846419962795153e+03
4.041637673000112230e+00	4.135551878461258639e+03	9.178683760312484083e+03	3.419282196734590980e+04	3.891804747087130636e+03
4.127288669005872102e+00	3.924906176887190213e+03	8.724956205560134549e+03	3.253545383321072586e+04	3.689787849485684546e+03
4.214754793855508552e+00	3.725016884388236122e+03	8.293296674098171934e+03	3.095573498807808573e+04	3.498385844638073650e+03
4.304074514033643162e+00	3.535110623456479971e+03	7.882192618404574205e+03	2.944855344116447668e+04	3.316811003350153896e+03
4.395287111212434539e+00	3.354687293497146129e+03	7.490691408575117748e+03	2.801076110885986782e+04	3.144549878606902439e+03
4.488432699527177050e+00	3.183345104065591840e+03	7.118040276728214849e+03	2.663990087406778548e+04	2.981194325492914686e+03
4.583552243217979161e+00	3.020769097296461496e+03	6.763652924773654377e+03	2.533407360014246660e+04	2.826420298217869913e+03
4.680687574645305382e+00	2.866332772237662994e+03	6.426267006263349685e+03	2.408891699597431943e+04	2.679590719942926171e+03
4.779881412687339015e+00	2.719623546908031130e+03	6.105079705119446771e+03	2.290173447947859313e+04	2.540288928804024636e+03
4.881177381527165515e+00	2.580312341526049750e+03	5.799458116513700588e+03	2.177041920705232042e+04	2.408180126719747022e+03
4.984620029838152888e+00	2.448142862540601072e+03	5.508905436750475928e+03	2.069330722944377339e+04	2.283000499807094002e+03
5.090254850375883322e+00	2.322609349346742874e+03	5.232396004094451200e+03	1.966682310856868207e+04	2.164248587075873729e+03
5.198128299985286915e+00	2.203370114419881702e+03	4.969252473165146512e+03	1.868864971533212884e+04	2.051585887861860101e+03
5.308287820031761584e+00	2.090155482257956464e+03	4.718946071652550927e+03	1.775699794072519944e+04	1.944742242719893738e+03
5.420781857265304815e+00	1.982756859387636723e+03	4.481067434475844493e+03	1.687048266003435856e+04	1.843504868324244171e+03
5.535659885126738011e+00	1.880767711727476581e+03	4.254771459556848640e+03	1.602610566588921210e+04	1.747470281801506871e+03
5.652972425505520704e+00	1.783903880226124784e+03	4.039478620161163235e+03	1.522184025875390580e+04	1.656356766398922218e+03
5.772771070958623518e+00	1.691944222159000446e+03	3.834745299297291695e+03	1.445615674918453442e+04	1.569945279215121900e+03
5.895108507400270703e+00	1.604718633744896351e+03	3.640235441414048637e+03	1.372791268462558764e+04	1.488065392585534937e+03
6.020038537272556667e+00	1.521902562288353465e+03	3.455272045935378628e+03	1.303469428156446338e+04	1.410400710197595572e+03
6.147616103207036886e+00	1.443258248346852952e+03	3.279362221735299954e+03	1.237474928021581036e+04	1.336719208985435898e+03
6.277897312187818990e+00	1.368604302159348663e+03	3.112131054838809177e+03	1.174675304957350818e+04	1.266842292877010095e+03
6.410939460226692255e+00	1.297801509348851823e+03	2.953297790851642276e+03	1.114973531851532971e+04	1.200631971433563194e+03
6.546801057561175696e+00	1.230593148106373974e+03	2.802320156663883608e+03	1.058174729234410370e+04	1.137838297011092891e+03
6.685541854386596761e+00	1.166778918161158117e+03	2.658773471289488043e+03	1.004125683305586062e+04	1.078265736610598879e+03
6.827222867133428963e+00	1.106209988191859793e+03	2.522347286315715792e+03	9.527156879984420812e+03	1.021769016628554937e+03
6.971906405301561804e+00	1.048771712976842082e+03	2.392804407386377534e+03	9.038608610212831991e+03	9.682358476547677810e+02
7.119656098863218929e+00	9.942637189324962037e+02	2.269718510188461096e+03	8.574068725032830116e+03	9.174739307954121159e+02
7.270536926246596643e+00	9.425158720319730037e+02	2.152730812843700278e+03	8.132245407916178920e+03	8.693214515462984764e+02
7.424615242912579127e+00	8.934060324924984116e+02	2.041580488013569038e+03	7.712190745789700486e+03	8.236596158158212120e+02
7.581958810536977289e+00	8.468388764638631301e+02	1.936064999358633486e+03	7.313173825167346877e+03	7.803942201811045152e+02
7.742636826811277295e+00	8.026610652290780763e+02	1.835853725542918710e+03	6.933986979837969557e+03	7.393779119323438636e+02
7.906719955874896399e+00	7.607266792724468587e+02	1.740631240796971952e+03	6.573475053811636826e+03	7.004709261385687569e+02
8.074280359392364659e+00	7.209354800077496748e+02	1.650183002138682241e+03	6.230857491692580879e+03	6.635770731564952030e+02
8.245391728289099831e+00	6.832071166206864063e+02	1.564339269841512078e+03	5.905522464245465017e+03	6.286194508948793782e+02
8.420129315159766037e+00	6.474277354303336551e+02	1.482851965717810344e+03	5.596555740044598679e+03	5.954890308043067080e+02
8.598569967363353328e+00	6.134707686945513387e+02	1.405444198110864363e+03	5.302932047242115004e+03	5.640657214245073874e+02
8.780792160819700598e+00	5.812539644125732821e+02	1.331939462067823570e+03	5.024006132562570201e+03	5.342717123484782178e+02
8.966876034522190508e+00	5.507083511272062424e+02	1.262187585194273424e+03	4.759224875368028734e+03	5.060406358477260937e+02
9.156903425781846906e+00	5.217534399069837718e+02	1.196012682288780979e+03	4.507939240621093631e+03	4.792956072928685671e+02
9.350957906218383187e+00	4.942780312269089222e+02	1.133170170963479677e+03	4.269241474347924850e+03	4.539317393904240703e+02
9.549124818513869073e+00	4.682146795346575345e+02	1.073512151302539451e+03	4.042583266970701970e+03	4.298847997652800927e+02
9.751491313945386707e+00	4.435038015287665871e+02	1.016907501072923878e+03	3.827476822528008597e+03	4.070978428285227437e+02
9.958146390713055851e+00	4.200903442447071825e+02	9.632356269655425649e+02	3.623475001777359921e+03	3.855186230257551756e+02
1.016918093308028581e+01	3.978782062012463143e+02	9.122834006940944391e+02	3.429780723790183856e+03	3.650571353936749119e+02
1.038468775134352740e+01	3.768111016758692244e+02	8.639263653937405252e+02	3.245929448353510452e+03	3.456603192399836075e+02
1.060476162264905220e+01	3.568388811753478080e+02	8.180547906073959439e+02	3.071514007412751198e+03	3.272813225356883322e+02
1.082949933267470577e+01	3.379205727554323175e+02	7.745782993092331026e+02	2.906197544523851320e+03	3.098811399093455634e+02
1.105899971819510696e+01	3.199798109253403027e+02	7.333256735949730682e+02	2.749335738239699822e+03	2.933878595103791440e+02
1.129336371054865928e+01	3.029668939647323214e+02	6.941859393650166794e+02	2.600511682505879890e+03	2.777546421694270293e+02
1.153269438002595848e+01	2.868400309323197348e+02	6.570657906681807390e+02	2.459374734827308657e+03	2.629420274187554014e+02
1.177709698119876869e+01	2.715663268299649644e+02	6.218924391943924093e+02	2.325651993061146186e+03	2.489191047835662118e+02
1.202667899920963279e+01	2.570897120343564097e+02	5.885398280792782089e+02	2.198867743080663331e+03	2.356334355314572804e+02
1.228155019704247053e+01	2.433643655702766182e+02	5.569049018347634501e+02	2.078632440623483490e+03	2.230422268964395016e+02
1.254182266379493349e+01	2.303556861282978616e+02	5.269106994098860923e+02	1.964657152686422933e+03	2.111133321253749386e+02
1.280761086397376225e+01	2.180349264964562792e+02	4.984928952911644728e+02	1.856698634195895920e+03	1.998198943206608078e+02
1.307903168783481007e+01	2.063657772047273511e+02	4.715698246255103072e+02	1.754448211017933318e+03	1.891279998738192774e+02
1.335620450278989146e+01	1.953044194496598891e+02	4.460419236256644240e+02	1.657527724780332392e+03	1.789966353938103509e+02
1.363925120590300821e+01	1.848223464260694016e+02	4.218448027338725410e+02	1.565692858006879078e+03	1.693991692861573597e+02
1.392829627749924271e+01	1.748937270789937486e+02	3.989200367429090761e+02	1.478721526815538709e+03	1.603113929902819734e+02
1.422346683590943783e+01	1.654966029904482241e+02	3.772184572901899742e+02	1.396428082606008275e+03	1.517128349478061580e+02
1.452489269337533528e+01	1.565922458177716692e+02	3.566519113185474339e+02	1.318476997560182781e+03	1.435676107663934431e+02
1.483270641313931115e+01	1.481557693658458561e+02	3.371638291099529283e+02	1.244652485853174312e+03	1.358526203308717015e+02
1.514704336774399174e+01	1.401653827680846689e+02	3.187049408362239546e+02	1.174767398217534037e+03	1.285476923740479549e+02
1.546804179856737527e+01	1.326033299613500844e+02	3.012348940445647827e+02	1.108667382004376350e+03	1.216362989114698081e+02
1.579584287661962527e+01	1.254439940576464068e+02	2.846952549580676077e+02	1.046129462706179766e+03	1.150946715251515400e+02
1.613059076462826624e+01	1.186622330117016730e+02	2.690288148470753526e+02	9.869357050820061659e+02	1.088996194883126805e+02
1.647243268043913034e+01	1.122399958168820717e+02	2.541942489032564936e+02	9.309278203057738210e+02	1.030343263448773712e+02
1.682151896176083383e+01	1.061607680946329424e+02	2.401538266753034065e+02	8.779615838731788244e+02	9.748342424734059364e+01
1.717800313228151410e+01	1.004106474443028674e+02	2.268756293165525335e+02	8.279141650921804967e+02	9.223396607364070121e+01
1.754204196918641045e+01	9.496615422741025725e+01	2.143057428416325934e+02	7.805792327288962724e+02	8.726431223034622064e+01
1.791379557210657580e+01	8.981124978221930633e+01	2.024073816977073648e+02	7.358157511853553387e+02	8.255963875153607034e+01
1.829342743352862044e+01	8.493199646123824209e+01	1.911487063635703407e+02	6.935019220541273626e+02	7.810711834700653355e+01
1.868110451069663469e+01	8.031594170975466795e+01	1.805010919350779943e+02	6.535275609281469542e+02	7.389524582806349429e+01
1.907699729903783492e+01	7.595101982156600684e+01	1.704367143592962179e+02	6.157854257545063774e+02	6.991286244260753335e+01
1.948127990714428748e+01	7.181921578408262974e+01	1.609140335225686158e+02	5.801163320938878769e+02	6.614340163027634389e+01
1.989413013334363711e+01	6.790899160615016683e+01	1.519064837659616956e+02	5.464181642241666168e+02	6.257623293903630213e+01
2.031572954389253738e+01	6.420954454404110834e+01	1.433891472553729045e+02	5.145949142680773321e+02	5.920142664630936480e+01
2.074626355282718393e+01	6.071098801779680798e+01	1.353391364549084983e+02	4.845582004921241719e+02	5.600988908883643802e+01
2.118592150350598402e+01	5.740440871973959958e+01	1.277359075195522706e+02	4.562287842695516247e+02	5.299344333336031809e+01
2.163489675188052530e+01	5.427560602203910634e+01	1.205465996584267430e+02	4.294807096922356209e+02	5.013906034321374960e+01
2.209338675153079734e+01	5.131590764115032499e+01	1.137510407960396606e+02	4.042358538187440899e+02	4.743876173273447705e+01
2.256159314050291798e+01	4.851690064016769810e+01	1.073297202675129967e+02	3.804189571713681630e+02	4.488482417540178915e+01
2.303972182998693796e+01	4.587081655184093876e+01	1.012646145323259930e+02	3.579604147901064266e+02	4.247012930776272555e+01
2.352798309487394945e+01	4.337088492345337443e+01	9.553996479242840678e+01	3.367991187020429038e+02	4.018847527972032907e+01
2.402659166623228870e+01	4.100700274696885117e+01	9.013227268743888487e+01	3.168447008658445156e+02	3.803062526295283874e+01
2.453576682574353285e+01	3.877184119811541052e+01	8.502446291774212739e+01	2.980312553445655794e+02	3.598985323458907715e+01
2.505573250213976877e+01	3.665885299565708522e+01	8.020118978109965724e+01	2.802992183178002392e+02	3.406014804161205234e+01
2.558671736968459953e+01	3.466185757971086900e+01	7.564807516123804021e+01	2.635931108006874979e+02	3.223587397542967636e+01
2.612895494874115698e+01	3.277506686803521774e+01	7.135163708818197392e+01	2.478608706496279694e+02	3.051175802832653616e+01
2.668268370847132687e+01	3.099349604624427457e+01	6.730014456140941093e+01	2.330566798313926142e+02	2.888324305936795611e+01
2.724814717171165412e+01	2.930957742856864101e+01	6.347601505741480565e+01	2.191132885812367874e+02	2.734343535747948906e+01
2.782559402207125743e+01	2.771833595735708045e+01	5.986756258412544440e+01	2.059853644048607180e+02	2.588779947946700233e+01
2.841527821329990999e+01	2.621495567524540249e+01	5.646349892120419867e+01	1.936292437702151403e+02	2.451195130292067148e+01
2.901745908097360527e+01	2.479486739722689137e+01	5.325307780879400354e+01	1.820032610785724216e+02	2.321172559148104853e+01
2.963240145654703639e+01	2.345376307727595133e+01	5.022618713733361062e+01	1.710682979045614616e+02	2.198320385749953587e+01
3.026037578382308624e+01	2.218777495755432483e+01	4.737379270729026359e+01	1.607894991543813319e+02	2.082288320249219993e+01
3.090165823789054755e+01	2.099259894976696117e+01	4.468574838974078034e+01	1.511276062578798474e+02	1.972684191157366485e+01
3.155653084658241525e+01	1.986388225386793493e+01	4.215185500998411072e+01	1.420434413073877238e+02	1.869112834366629272e+01
3.222528161450811979e+01	1.879810414347777581e+01	3.976381105498764157e+01	1.335048938032157082e+02	1.771254657878263572e+01
3.290820464971425707e+01	1.779191650871254637e+01	3.751375263312792185e+01	1.254816488010195030e+02	1.678806388804948213e+01
3.360560029302952501e+01	1.684213849621366066e+01	3.539419721798816454e+01	1.179448431946999989e+02	1.591480523505364708e+01
3.431777525015100849e+01	1.594574788581066827e+01	3.339802989797899357e+01	1.108670760399083832e+02	1.509003147075492102e+01
3.504504272652905428e+01	1.509987692708324047e+01	3.151844807266538595e+01	1.042220179837887741e+02	1.431113497848004634e+01
3.578772256511129513e+01	1.430180736419227472e+01	2.974908329268350116e+01	9.798525869951610900e+01	1.357566507866811811e+01
3.654614138700539883e+01	1.354897989922291579e+01	2.808389194933291577e+01	9.213351312673594862e+01	1.288130386357982538e+01
3.732063273512289925e+01	1.283898809338279001e+01	2.651720076910840973e+01	8.664497015050953621e+01	1.222587881063646265e+01
3.811153722086707774e+01	1.216925273074035907e+01	2.504291028716745870e+01	8.149624678097472952e+01	1.160704875199594710e+01
3.891920267392951160e+01	1.153757513519284572e+01	2.365585616135906477e+01	7.666759842013409809e+01	1.102283231324393675e+01
3.974398429526115706e+01	1.094188924526952356e+01	2.235117261261791555e+01	7.214039628870962417e+01	1.047136848648493057e+01
4.058624481328516254e+01	1.038023677100492392e+01	2.112422370073830891e+01	6.789686377046089660e+01	9.950883718949109280e+00
4.144635464342010778e+01	9.850763417164102975e+00	1.997063025555750571e+01	6.392027092500776320e+01	9.459703359989918070e+00
4.232469205098434628e+01	9.351712767438350227e+00	1.888627470984953405e+01	6.019494698495391560e+01	8.996251897919089302e+00
4.322164331755172384e+01	8.881422849525961283e+00	1.786723499225491452e+01	5.670594095507325250e+01	8.559030300359701471e+00
4.413760291083362119e+01	8.438321514124979217e+00	1.690979163373132010e+01	5.343908110979915449e+01	8.146619773049877722e+00
4.507297365816076251e+01	8.020922142005687761e+00	1.601045436777234343e+01	5.038113269391411109e+01	7.757685865093438160e+00
4.602816692364147144e+01	7.627819397798347723e+00	1.516591999211501118e+01	4.751957775867711575e+01	7.390964016852182183e+00
4.700360278907441369e+01	7.257685197569719193e+00	1.437305133681669034e+01	4.484253263564929171e+01	7.045254608254484907e+00
4.799971023869517950e+01	6.909263854696046536e+00	1.362890367414692072e+01	4.233888984260652677e+01	6.719430529483547687e+00
4.901692734783804895e+01	6.581369060057664200e+00	1.293068978687102089e+01	3.999814200776732065e+01	6.412426185612442708e+00
5.005570147559598126e+01	6.272879203079271271e+00	1.227576296149279500e+01	3.781031173903741660e+01	6.123228576317044869e+00
5.111648946156338980e+01	5.982761441928566626e+00	1.166169411576438542e+01	3.576627445040337250e+01	5.850905521935412246e+00
5.219975782674825382e+01	5.710187789377696888e+00	1.108652601916977076e+01	3.385862294012749629e+01	5.594715852110301313e+00
5.330598297874255564e+01	5.454160830997428100e+00	1.054792445555537306e+01	3.207863780728201419e+01	5.353763370500956853e+00
5.443565142123959077e+01	5.213766857456861636e+00	1.004375112391133307e+01	3.041835431158717284e+01	5.127227133282522331e+00
5.558925996799251124e+01	4.988150967400092561e+00	9.572011494985208202e+00	2.887035285925419714e+01	4.914342142370644595e+00
5.676731596130657209e+01	4.776505637592787679e+00	9.130814640049107922e+00	2.742760770222589173e+01	4.714380476784137741e+00
5.797033749516177181e+01	4.578064818822292992e+00	8.718374906474302577e+00	2.608351651375653191e+01	4.526653672787426252e+00
5.919885364306400533e+01	4.392349273364740903e+00	8.333550257308475651e+00	2.483376234130677673e+01	4.350736958436253410e+00
6.045340469072480261e+01	4.218870887657365287e+00	7.975177164547330833e+00	2.367395813319652831e+01	4.186197604000930994e+00
6.173454237367209174e+01	4.056800459414006355e+00	7.641334330903165828e+00	2.259709232869626661e+01	4.032280982755964693e+00
6.304283011989645757e+01	3.905466405207063563e+00	7.330471363541191998e+00	2.159751023233175360e+01	3.888382715300519710e+00
6.437884329763940627e+01	3.764704839758669763e+00	7.042157337974233045e+00	2.067345857944494725e+01	3.754366301116110360e+00
6.574316946843353549e+01	3.634067230917743530e+00	6.775330954844236864e+00	1.982099303823232361e+01	3.629832740550928083e+00
6.713640864550379206e+01	3.512760749608959898e+00	6.528184887403965853e+00	1.903363227038729022e+01	3.514063481257251098e+00
6.855917355764610477e+01	3.400867788142856174e+00	6.300832168257889165e+00	1.831153125144452076e+01	3.407148519817302379e+00
7.001208991869765441e+01	3.297856897592942538e+00	6.092048652003121845e+00	1.765025459347577552e+01	3.308613918031013679e+00
7.149579670271769771e+01	3.203314427231526818e+00	5.900865155266183493e+00	1.704625939433316617e+01	3.218088691008807789e+00
7.301094642500031284e+01	3.117336111825754319e+00	5.727419098903836492e+00	1.649978081624557902e+01	3.135674282037741456e+00
7.455820542904223203e+01	3.039330816333992935e+00	5.570362846212795205e+00	1.600600845794407334e+01	3.060837088060043509e+00
7.613825417959219521e+01	2.969485587184163666e+00	5.430035957148699133e+00	1.556587768274847505e+01	2.993765242671499571e+00
7.775178756191070306e+01	2.907504913458653917e+00	5.305730860670526461e+00	1.517676646494980908e+01	2.934198139604822231e+00
7.939951518737163383e+01	2.853251992102819212e+00	5.197081672607487768e+00	1.483720738384996807e+01	2.882023045764371183e+00
8.108216170554010205e+01	2.807096339153531961e+00	5.104816855570478040e+00	1.454944342701890925e+01	2.837597962351615433e+00
8.280046712286477373e+01	2.768764637554527841e+00	5.028275153034241107e+00	1.431100339192563631e+01	2.800685154419187750e+00
8.455518712812224180e+01	2.738421594108756185e+00	4.967736784226020497e+00	1.412259156353288070e+01	2.771453987845641898e+00
8.634709342475994731e+01	2.716357928788115661e+00	4.923749859982029520e+00	1.398580532388338327e+01	2.750191576400451421e+00
8.817697407028136070e+01	2.702906125052475073e+00	4.896947804221904121e+00	1.390251382076254316e+01	2.737224795273194289e+00
9.004563382282356088e+01	2.698468226481110843e+00	4.888108584936922796e+00	1.387505524076140162e+01	2.732946217773704056e+00
9.195389449507966617e+01	2.703567507330507880e+00	4.898265256569149351e+00	1.390660690287910661e+01	2.737862400253748607e+00
9.390259531572145590e+01	2.718900303706375254e+00	4.928816856829234538e+00	1.400155676341580424e+01	2.752641968175339571e+00
9.589259329848152902e+01	2.745333751255858434e+00	4.981523081431745048e+00	1.416548332382433628e+01	2.778113818883962693e+00
9.792476361905691817e+01	2.783888099218259971e+00	5.058465925836974186e+00	1.440502535754448665e+01	2.815250595437139403e+00
