# Data associated with arXiv:2208.14002
# 
# Scale-free velocity distribution, f(E), of a nfw1-3rhos8e6 dark matter distribution (see Eq. 2.7 and the surrounding discussion)
# 
# Published: 8/25/22, Jack Runburg and Kenny Kiriu, contact: runburg@hawaii.edu
# 
# 
# -----------------------------------------------------------------
# 
# 	 tilde E 		 | 		 tilde f
# 
# -----------------------------------------------------------------
2.657368327459346327e-04	4.654092910442104340e+10
2.688730436243690763e-04	4.468920743422840881e+10
2.720462674146819412e-04	4.286473213588309479e+10
2.752569409293227198e-04	4.107793373526108551e+10
2.785055061354913377e-04	3.936206840172471619e+10
2.817924102159595099e-04	3.769303286389975739e+10
2.851181056306134175e-04	3.609443588958049774e+10
2.884830501787174865e-04	3.456332119440940857e+10
2.918877070619174847e-04	3.309684495087738800e+10
2.953325449479831527e-04	3.169228871465122604e+10
2.988180380353035962e-04	3.034705655100955200e+10
3.023446661181451982e-04	2.905866131376298523e+10
3.059129146526754113e-04	2.782471026255695724e+10
3.095232748237710784e-04	2.664290568117860794e+10
3.131762436126065124e-04	2.551105986347274780e+10
3.168723238650478962e-04	2.442707412128075409e+10
3.206120243608477161e-04	2.338893278524574280e+10
3.243958598836563581e-04	2.239470090910499191e+10
3.282243512918632273e-04	2.144253473069134140e+10
3.320980255902676072e-04	2.053066746723265457e+10
3.360174160026007262e-04	1.965739568613777542e+10
3.399830620448967004e-04	1.882109271364455414e+10
3.439955095997353912e-04	1.802020479441986084e+10
3.480553109913562572e-04	1.725323817540740585e+10
3.521630250616575655e-04	1.651876450641045570e+10
3.563192172470973883e-04	1.581541505158347702e+10
3.605244596564937277e-04	1.514187137931789780e+10
3.647793311497499538e-04	1.449687837422385597e+10
3.690844174175005130e-04	1.387923586969554329e+10
3.734403110617046627e-04	1.328778699258393669e+10
3.778476116771808599e-04	1.272142364640811920e+10
3.823069259341123783e-04	1.217908985954842567e+10
3.868188676615191661e-04	1.165977246089246750e+10
3.913840579317135089e-04	1.116249751276779175e+10
3.960031251457590135e-04	1.068633268511981201e+10
4.006767051199266777e-04	1.023038639674451828e+10
4.054054411731812784e-04	9.793805991478197098e+09
4.101899842156879385e-04	9.375772298916826248e+09
4.150309928383738405e-04	8.975499453351455688e+09
4.199291334035370072e-04	8.592237566060195923e+09
4.248850801365260045e-04	8.225268205655802727e+09
4.298995152185044956e-04	7.873901258579620361e+09
4.349731288803015700e-04	7.537475598801180840e+09
4.401066194973778795e-04	7.215359151486652374e+09
4.453006936859019963e-04	6.906947530406917572e+09
4.505560663999679492e-04	6.611659696487956047e+09
4.558734610299527978e-04	6.328938716544467926e+09
4.612536095020347907e-04	6.058253316996467590e+09
4.666972523788895637e-04	5.799093645510882378e+09
4.722051389615643247e-04	5.550970858685317993e+09
4.777780273925637949e-04	5.313417395934778214e+09
4.834166847601400509e-04	5.085984842075305939e+09
4.891218872038219324e-04	4.868243991626215935e+09
4.948944200211825026e-04	4.659784032934194565e+09
5.007350777758633143e-04	4.460210995586970329e+09
5.066446644068797701e-04	4.269148000417359829e+09
5.126239933392048647e-04	4.086233950830299854e+09
5.186738875956668727e-04	3.911122578557499886e+09
5.247951799101539328e-04	3.743482433332967758e+09
5.309887128421656452e-04	3.582996379572731495e+09
5.372553388927049601e-04	3.429360847325886250e+09
5.435959206215378947e-04	3.282284641764145851e+09
5.500113307658408132e-04	3.141488726068180084e+09
5.565024523602370024e-04	3.006706192176915646e+09
5.630701788582570229e-04	2.877681605743830204e+09
5.697154142552208816e-04	2.754170068230021477e+09
5.764390732125778067e-04	2.635936915248160362e+09
5.832420811837051413e-04	2.522757704274745464e+09
5.901253745411867398e-04	2.414417452647655010e+09
5.970899007056031755e-04	2.310710098443010330e+09
6.041366182758231345e-04	2.211438414337936401e+09
6.112664971608460862e-04	2.116413601550545692e+09
6.184805187131827862e-04	2.025454777602967024e+09
6.257796758638224004e-04	1.938388732101308823e+09
6.331649732587780110e-04	1.855049671301010847e+09
6.406374273972436804e-04	1.775278709707117319e+09
6.481980667713860582e-04	1.698923767031120300e+09
6.558479320077696640e-04	1.625839239496397018e+09
6.635880760104635517e-04	1.555885629404080391e+09
6.714195641058174268e-04	1.488929442038325787e+09
6.793434741889588279e-04	1.424842834411444187e+09
6.873608968720048640e-04	1.363503328631755829e+09
6.954729356340206030e-04	1.304793640335446119e+09
7.036807069727527312e-04	1.248601584257804632e+09
7.119853405581361020e-04	1.194819707355096579e+09
7.203879793876230434e-04	1.143345004630619526e+09
7.288897799433274047e-04	1.094078949948913097e+09
7.374919123510329964e-04	1.046927224404179811e+09
7.461955605410651232e-04	1.001799476320537686e+09
7.550019224110549173e-04	9.586091803843334913e+08
7.639122099906331181e-04	9.172735048855811357e+08
7.729276496080452743e-04	8.777131891150991917e+08
7.820494820587451821e-04	8.398523053389341831e+08
7.912789627759596192e-04	8.036181454616258144e+08
8.006173620032720805e-04	7.689411286217873096e+08
8.100659649692320196e-04	7.357546218526685238e+08
8.196260720640164863e-04	7.039948263681432009e+08
8.292989990181849234e-04	6.736006771960227489e+08
8.390860770835184513e-04	6.445136895383714437e+08
8.489886532160082584e-04	6.166778821621402502e+08
8.590080902609790016e-04	5.900396805561417341e+08
8.691457671404061993e-04	5.645477609806594849e+08
8.794030790424297835e-04	5.401529995705727339e+08
8.897814376130943866e-04	5.168083878337798715e+08
9.002822711503610320e-04	4.944688994575250745e+08
9.109070248003830724e-04	4.730914331725649238e+08
9.216571607561065485e-04	4.526347382110231519e+08
9.325341584581988731e-04	4.330593165032291412e+08
9.435395147983432432e-04	4.143273593920497894e+08
9.546747443249278386e-04	3.964026725621021390e+08
9.659413794511463938e-04	3.792506062384375334e+08
9.773409706655624037e-04	3.628379964438728690e+08
9.888750867451294793e-04	3.471330910620749593e+08
1.000545314970738113e-03	3.321054963286627531e+08
1.012353261345278442e-03	3.177261229807040691e+08
1.024300550814283631e-03	3.039671209443197846e+08
1.036388827489160593e-03	2.908018322536121011e+08
1.048619754873037976e-03	2.782047390247567296e+08
1.060995016089291698e-03	2.661514172826539874e+08
1.073516314112728937e-03	2.546184871249557137e+08
1.086185372003519931e-03	2.435835681640706956e+08
1.099003933143849823e-03	2.330252414653635621e+08
1.111973761477381625e-03	2.229230036278486252e+08
1.125096641751512951e-03	2.132572297914760411e+08
1.138374379762482902e-03	2.040091365043818057e+08
1.151808802603377681e-03	1.951607426085790992e+08
1.165401758915020174e-03	1.866948404413958192e+08
1.179155119139842396e-03	1.785949614634419084e+08
1.193070775778707834e-03	1.708453401602107882e+08
1.207150643650778659e-03	1.634308864292462468e+08
1.221396660156422176e-03	1.563371610357390940e+08
1.235810785543199879e-03	1.495503416625491083e+08
1.250395003175003728e-03	1.430571996290631592e+08
1.265151319804325766e-03	1.368450760552639365e+08
1.280081765847752157e-03	1.309018542070404887e+08
1.295188395664666030e-03	1.252159347866482288e+08
1.310473287839251499e-03	1.197762201376219988e+08
1.325938545465780646e-03	1.145720895455942899e+08
1.341586296437276716e-03	1.095933776434201151e+08
1.357418693737544400e-03	1.048303553127582669e+08
1.373437915736639651e-03	1.002737114817716777e+08
1.389646166489811110e-03	9.591453648589964211e+07
1.406045676039933533e-03	9.174430355787058175e+07
1.422638700723514310e-03	8.775485157159011066e+07
1.439427523480267448e-03	8.393837276074025035e+07
1.456414454166337410e-03	8.028739304529668391e+07
1.473601829871188425e-03	7.679476072902302444e+07
1.490992015238213481e-03	7.345363159187030792e+07
1.508587402789109827e-03	7.025745698500220478e+07
1.526390413252041826e-03	6.719996953479149938e+07
1.544403495893680901e-03	6.427517177425320446e+07
1.562629128855107848e-03	6.147732521745871753e+07
1.581069819491676392e-03	5.880093768438562751e+07
1.599728104716850556e-03	5.624075417806001008e+07
1.618606551350074401e-03	5.379174638368870318e+07
1.637707756468725732e-03	5.144910232313799858e+07
1.657034347764177202e-03	4.920821763283237815e+07
1.676588983902055005e-03	4.706468664795402437e+07
1.696374354886695610e-03	4.501429349876386672e+07
1.716393182429884218e-03	4.305300434734768420e+07
1.736648220323913118e-03	4.117695943845545501e+07
1.757142254819001135e-03	3.938246549642512202e+07
1.777878105005148337e-03	3.766598872074864060e+07
1.798858623198434665e-03	3.602414790509291738e+07
1.820086695331880888e-03	3.445370772618757933e+07
1.841565241350841091e-03	3.295157265154165030e+07
1.863297215613065683e-03	3.151478092509937286e+07
1.885285607293406317e-03	3.014049862662300840e+07
1.907533440793290642e-03	2.882601442744161934e+07
1.930043776154962993e-03	2.756873412692894414e+07
1.952819709480582092e-03	2.636617568338874727e+07
1.975864373356229966e-03	2.521596437913713232e+07
1.999180937280848561e-03	2.411582809991407022e+07
2.022772608100232867e-03	2.306359307427960634e+07
2.046642630446057331e-03	2.205717959919946641e+07
2.070794287180063083e-03	2.109459787780736014e+07
2.095230899843430247e-03	2.017394427429061010e+07
2.119955829111378701e-03	1.929339758394787088e+07
2.144972475253125680e-03	1.845121524399431050e+07
2.170284278597155950e-03	1.764573043606540561e+07
2.195894720001989337e-03	1.687534833213046193e+07
2.221807321332391807e-03	1.613854318923153356e+07
2.248025645941179301e-03	1.543385540197727643e+07
2.274553299156629061e-03	1.475988860824832506e+07
2.301393928775586923e-03	1.411530694540213607e+07
2.328551225562332152e-03	1.349883245971617475e+07
2.356028923753237126e-03	1.290924257930764928e+07
2.383830801567352834e-03	1.234536773312804662e+07
2.411960681722911514e-03	1.180608908990290947e+07
2.440422431959873937e-03	1.129033635600483790e+07
2.469219965568555161e-03	1.079708563657933474e+07
2.498357241924415491e-03	1.032535745955258980e+07
2.527838267029092981e-03	9.874214883934458718e+06
2.557667094057704347e-03	9.442761615426180884e+06
2.587847823912567836e-03	9.030140253249311820e+06
2.618384605783333294e-03	8.635530635970413685e+06
2.649281637713648673e-03	8.258148226661550812e+06
2.680543167174425419e-03	7.897242542154786177e+06
2.712173491643760873e-03	7.552095686946511269e+06
2.744176959193626950e-03	7.222020980857394636e+06
2.776557969083345064e-03	6.906361564497114159e+06
2.809320972360012953e-03	6.604489123592332937e+06
2.842470472465859991e-03	6.315802655590892769e+06
2.876011025852693182e-03	6.039727281974433921e+06
2.909947242603465063e-03	5.775713120530003682e+06
2.944283787061069326e-03	5.523234195418959484e+06
2.979025378464437903e-03	5.281787408901656978e+06
3.014176791592000203e-03	5.050891549694947898e+06
3.049742857412649378e-03	4.830086339627964422e+06
3.085728463744222532e-03	4.618931514667287469e+06
3.122138555919638878e-03	4.417005988251646981e+06
3.158978137460749600e-03	4.223906991657809354e+06
3.196252270760009586e-03	4.039249291413507890e+06
3.233966077770044755e-03	3.862664424238459207e+06
3.272124740701183501e-03	3.693799967339256313e+06
3.310733502727116178e-03	3.532318851226939354e+06
3.349797668698662693e-03	3.377898682148963213e+06
3.389322605865850279e-03	3.230231112601205241e+06
3.429313744608310146e-03	3.089021234377134591e+06
3.469776579174135237e-03	2.953986980085555464e+06
3.510716668427293647e-03	2.824858578624482732e+06
3.552139636603628050e-03	2.701378018649756908e+06
3.594051174075662321e-03	2.583298535217811354e+06
3.636457038126171114e-03	2.470384120723099913e+06
3.679363053730717089e-03	2.362409056559933349e+06
3.722775114349211305e-03	2.259157470834308304e+06
3.766699182726588723e-03	2.160422905531190336e+06
3.811141291702751458e-03	2.066007908532989211e+06
3.856107545031770695e-03	1.975723642125831218e+06
3.901604118210644755e-03	1.889389507296139374e+06
3.947637259317482786e-03	1.806832787539643701e+06
3.994213289859393362e-03	1.727888298309378792e+06
4.041338605630126132e-03	1.652398074792258907e+06
4.089019677577572336e-03	1.580211040037369356e+06
4.137263052681241712e-03	1.511182717010534834e+06
4.186075354839788668e-03	1.445174935753513593e+06
4.235463285768801059e-03	1.382055559601904592e+06
4.285433625908802169e-03	1.321698224417733960e+06
4.335993235343765101e-03	1.263982085409416584e+06
4.387149054730088427e-03	1.208791573747172020e+06
4.438908106236249054e-03	1.156016175847443286e+06
4.491277494493239875e-03	1.105550200883117039e+06
4.544264407555828611e-03	1.057292580320280744e+06
4.597876117874906757e-03	1.011146662044233177e+06
4.652119983280862681e-03	9.670200187514738645e+05
4.707003447978286813e-03	9.248242622218691977e+05
4.762534043551975085e-03	8.844748701338822721e+05
4.818719389984448334e-03	8.458910139896377223e+05
4.875567196685104757e-03	8.089954012711609248e+05
4.933085263531040987e-03	7.737141189070596593e+05
4.991281481919845366e-03	7.399764863719715504e+05
5.050163835834259318e-03	7.077149151010855567e+05
5.109740402919085017e-03	6.768647731535715284e+05
5.170019355570241310e-03	6.473642561865150928e+05
5.231008962036268889e-03	6.191542633868331322e+05
5.292717587532328946e-03	5.921782805855195038e+05
5.355153695366846218e-03	5.663822673752033152e+05
5.418325848080962973e-03	5.417145468309425050e+05
5.482242708600867237e-03	5.181257047816970735e+05
5.546913041403248555e-03	4.955684902808857732e+05
5.612345713693877788e-03	4.739977199661589693e+05
5.678549696599576382e-03	4.533701893563380581e+05
5.745534066373646220e-03	4.336445851722552325e+05
5.813308005614910116e-03	4.147814031885701115e+05
5.881880804500552902e-03	3.967428690616029198e+05
5.951261862032791727e-03	3.794928622900564806e+05
6.021460687299720789e-03	3.629968449767201673e+05
6.092486900750227266e-03	3.472217916016553645e+05
6.164350235483351433e-03	3.321361229016920552e+05
6.237060538552105689e-03	3.177096433773690369e+05
6.310627772281937262e-03	3.039134801759616821e+05
6.385062015604025393e-03	2.907200251898770803e+05
6.460373465403465056e-03	2.781028800009725965e+05
6.536572437882658126e-03	2.660368028680304415e+05
6.613669369939859100e-03	2.544976580328741111e+05
6.691674820563225760e-03	2.434623672740157635e+05
6.770599472240384359e-03	2.329088638381223718e+05
6.850454132383779031e-03	2.228160478272815235e+05
6.931249734771877460e-03	2.131637441730935534e+05
7.012997341006466968e-03	2.039326620688597613e+05
7.095708141986126899e-03	1.951043560844005260e+05
7.179393459396123632e-03	1.866611893586275110e+05
7.264064747214827970e-03	1.785862981091657421e+05
7.349733593236857862e-03	1.708635576209390420e+05
7.436411720613074830e-03	1.634775501293577836e+05
7.524110989407651814e-03	1.564135336704268411e+05
7.612843398172366820e-03	1.496574126047683822e+05
7.702621085538219510e-03	1.431957092106830096e+05
7.793456331824691677e-03	1.370155363871191221e+05
7.885361560666633365e-03	1.311045724501227087e+05
7.978349340659112929e-03	1.254510353800033918e+05
8.072432387020407954e-03	1.200436602344580315e+05
8.167623563273060730e-03	1.148716755180988985e+05
8.263935882943601943e-03	1.099247822012701072e+05
8.361382511280627747e-03	1.051931326640586922e+05
8.459976766991729805e-03	1.006673111192455544e+05
8.559732123999604439e-03	9.633831458319282683e+04
8.660662213217000874e-03	9.219753471786373120e+04
8.762780824341129607e-03	8.823674059044533351e+04
8.866101907667576013e-03	8.444806228199909674e+04
8.970639575867930468e-03	8.082397442616646003e+04
9.076408106055292371e-03	7.735728223940523458e+04
9.183421941354878368e-03	7.404110579046343628e+04
9.291695692990634484e-03	7.086886706627483363e+04
9.401244142153169017e-03	6.783427625478045957e+04
9.512082241934586777e-03	6.493131932971857896e+04
9.624225119283893667e-03	6.215424579227410140e+04
9.737688076983457355e-03	5.949755731353130250e+04
9.852486595646985437e-03	5.695599649869620043e+04
9.968636335738230089e-03	5.452453633022419672e+04
1.008615313961172023e-02	5.219837018189880473e+04
1.020505303357504591e-02	4.997290203808787192e+04
1.032535222997310077e-02	4.784373728182270861e+04
1.044706712929432436e-02	4.580667379685289779e+04
1.057021432229948883e-02	4.385769385854932625e+04
1.069481059217274911e-02	4.199295535915109213e+04
1.082087291669544572e-02	4.020878480318167567e+04
1.094841847044281287e-02	3.850166952956379828e+04
1.107746462700368549e-02	3.686825076971363887e+04
1.120802896122365284e-02	3.530531680711200170e+04
1.134012925147121799e-02	3.380979665651474352e+04
1.147378348192811155e-02	3.237875378315068156e+04
1.160900984490324632e-02	3.100938022660862771e+04
1.174582674317033344e-02	2.969899098908487213e+04
1.188425279233030173e-02	2.844501860169617430e+04
1.202430682319766651e-02	2.724500798997433230e+04
1.216600788421179184e-02	2.609661154460091348e+04
1.230937524387248037e-02	2.499758437704222888e+04
1.245442839320106028e-02	2.394577985817752415e+04
1.260118704822636888e-02	2.293914524775326936e+04
1.274967115249583428e-02	2.197571763669029679e+04
1.289990087961251190e-02	2.105361995825510166e+04
1.305189663579766311e-02	2.017105725347201951e+04
1.320567906247889674e-02	1.932631303605470384e+04
1.336126903890494551e-02	1.851774588379552370e+04
1.351868768478625867e-02	1.774378611400240698e+04
1.367795636296218094e-02	1.700293270713943639e+04
1.383909668209476647e-02	1.629375014687331895e+04
1.400213049938924849e-02	1.561486570910412775e+04
1.416707992328491289e-02	1.496496662136006671e+04
1.433396731644519945e-02	1.434279743975602469e+04
1.450281529825115170e-02	1.374715755963803895e+04
1.467364674782772882e-02	1.317689878653708547e+04
1.484648480685349034e-02	1.263092306031330190e+04
1.502135288244546216e-02	1.210818022385030963e+04
1.519827465007189335e-02	1.160766596366249723e+04
1.537727405649321616e-02	1.112841976524944766e+04
1.555837532273103563e-02	1.066952302142733788e+04
1.574160294706586014e-02	1.023009716675431810e+04
1.592698170806319119e-02	9.809301948655036540e+03
1.611453666762832637e-02	9.406333725845814115e+03
1.630429317409018419e-02	9.020423888594938035e+03
1.649627686531389067e-02	8.650837302791755064e+03
1.669051367184269663e-02	8.296870847749945824e+03
1.688702982006905912e-02	7.957852021037248960e+03
1.708585183543508135e-02	7.633137594181479471e+03
1.728700654566255393e-02	7.322112330069974632e+03
1.749052108401250374e-02	7.024187750243154369e+03
1.769642289257456966e-02	6.738800978531606233e+03
1.790473972558614263e-02	6.465413607355248132e+03
1.811549965278148530e-02	6.203510629853922183e+03
1.832873106277087272e-02	5.952599418456529747e+03
1.854446266644983396e-02	5.712208745362925583e+03
1.876272350043867165e-02	5.481887842720669141e+03
1.898354293055210668e-02	5.261205508019638728e+03
1.920695065529942971e-02	5.049749258062607623e+03
1.943297670941503130e-02	4.847124493709444323e+03
1.966165146741925135e-02	4.652953729955198469e+03
1.989300564720992287e-02	4.466875844996267006e+03
2.012707031368436705e-02	4.288545365423105068e+03
2.036387688239199925e-02	4.117631780145529774e+03
2.060345712321749040e-02	3.953818888423385943e+03
2.084584316409458793e-02	3.796804177022712338e+03
2.109106749475061354e-02	3.646298214119425666e+03
2.133916297048134639e-02	3.502024092837200897e+03
2.159016281595677739e-02	3.363716741243018532e+03
2.184410062905726632e-02	3.231123049584655746e+03
2.210101038474024393e-02	3.104000085669376404e+03
2.236092643893747983e-02	2.982115904551284530e+03
2.262388353242677716e-02	2.865248443290335217e+03
2.288991679500253229e-02	2.753185215871441869e+03
2.315906174915952770e-02	2.645722898628548137e+03
2.343135431430569057e-02	2.542666926785718715e+03
2.370683081076397844e-02	2.443831115374579440e+03
2.398552796385065855e-02	2.349037293698077519e+03
2.426748290798355981e-02	2.258114955948912666e+03
2.455273319081984276e-02	2.170900928639803169e+03
2.484131677742335703e-02	2.087239049131606862e+03
2.513327205446309887e-02	2.006979864888813381e+03
2.542863783443136128e-02	1.929980337431111820e+03
2.572745335990898885e-02	1.856103565694182862e+03
2.602975830784172093e-02	1.785218520260242713e+03
2.633559279385318252e-02	1.717199785084662153e+03
2.664499737658468717e-02	1.651927316669404718e+03
2.695801306206245529e-02	1.589286212013334534e+03
2.727468130809268185e-02	1.529166473846153167e+03
2.759504402868345752e-02	1.471462821537852506e+03
2.791914359849370642e-02	1.416074463556811224e+03
2.824702285730848125e-02	1.362904912253855855e+03
2.857872511454032788e-02	1.311861798804196951e+03
2.891429415375616763e-02	1.262856691508080758e+03
2.925377423722945458e-02	1.215804927392792706e+03
2.959721011051703876e-02	1.170625447836370768e+03
2.994464700706005872e-02	1.127240643640092912e+03
3.029613065280872472e-02	1.085576205181427667e+03
3.065170727087011132e-02	1.045560979788858731e+03
3.101142358617855338e-02	1.007126836201883748e+03
3.137532683018789958e-02	9.702085334062579705e+02
3.174346474558524533e-02	9.347435956984925269e+02
3.211588559102515616e-02	9.006721945877031885e+02
3.249263814588389948e-02	8.679370319967370051e+02
3.287377171503286233e-02	8.364832345989925670e+02
3.325933613363048214e-02	8.062582474772690375e+02
3.364938177193182306e-02	7.772117340374098831e+02
3.404395954011493058e-02	7.492954819499859695e+02
3.444312089312317332e-02	7.224633104745349783e+02
3.484691783552274630e-02	6.966709836521455372e+02
3.525540292703504414e-02	6.718761241413228618e+02
3.566862928989003589e-02	6.480381390313756356e+02
3.608665060196860480e-02	6.251181424675703511e+02
3.650952111684985929e-02	6.030788794006415401e+02
3.693729565414996530e-02	5.818846519100833348e+02
3.737002963078621398e-02	5.615012580369829038e+02
3.780777902261126672e-02	5.418959304869540574e+02
3.825060042183719283e-02	5.230372695713792837e+02
3.869855098480115552e-02	5.048951865003637067e+02
3.915168849841416804e-02	4.874408483674415038e+02
3.961007131971035905e-02	4.706466260159146486e+02
4.007375844006577648e-02	4.544860335185780968e+02
4.054280946624459064e-02	4.389336899882781609e+02
4.101728459381517866e-02	4.239652736805948621e+02
4.149724468168946440e-02	4.095574666122758458e+02
4.198275117664816009e-02	3.956879206165366440e+02
4.247386618935566210e-02	3.823352069566597606e+02
4.297065247014970890e-02	3.694787869766474273e+02
4.347317337940231202e-02	3.570989766479899004e+02
4.398149295824251709e-02	3.451768920701203456e+02
4.449567590192089056e-02	3.336944339031837785e+02
4.501578752906670866e-02	3.226342528743110734e+02
4.554189385496113657e-02	3.119797029159517479e+02
4.607406156328327368e-02	3.017148260624439331e+02
4.661235797514635265e-02	2.918243244260841038e+02
4.715685112315740751e-02	2.822935168657417648e+02
4.770760972237783615e-02	2.731083275691381118e+02
4.826470313999452200e-02	2.642552602760947593e+02
4.882820146842980352e-02	2.557213612382794850e+02
4.939817549632078558e-02	2.474942084649305798e+02
4.997469667970895479e-02	2.395618892849949759e+02
5.055783721242677192e-02	2.319129689188841894e+02
5.114766999793818325e-02	2.245364787144173420e+02
5.174426862285354256e-02	2.174218989447310832e+02
5.234770742291960238e-02	2.105591295812405690e+02
5.295806145653766256e-02	2.039384813658182054e+02
5.357540648124974048e-02	1.975506584035545075e+02
5.419981902181767591e-02	1.913867369119331556e+02
5.483137630653264760e-02	1.854381532223325451e+02
5.547015633246307753e-02	1.796966874763128601e+02
5.611623781918746723e-02	1.741544506795077325e+02
5.676970024340311644e-02	1.688038693420695040e+02
5.743062383924075337e-02	1.636376729388713329e+02
5.809908958409499419e-02	1.586488832831513776e+02
5.877517921523087857e-02	1.538307988622980815e+02
5.945897525384543497e-02	1.491769844084099930e+02
6.015056096602011682e-02	1.446812638902662513e+02
6.085002038338477998e-02	1.403377047977658947e+02
6.155743834416055327e-02	1.361406092109353381e+02
6.227290041879807170e-02	1.320845061287604096e+02
6.299649300543767871e-02	1.281641409126438589e+02
6.372830323479385106e-02	1.243744669128599440e+02
6.446841906198357008e-02	1.207106343688189725e+02
6.521692923342745085e-02	1.171679860725315763e+02
6.597392324224077287e-02	1.137420487714511950e+02
6.673949143505841786e-02	1.104285236962760735e+02
6.751372489389054210e-02	1.072232814018111355e+02
6.829671554484917362e-02	1.041223520953613644e+02
6.908855611654306228e-02	1.011219225801269062e+02
6.988934009027039651e-02	9.821833040312496621e+01
7.069916180030035024e-02	9.540805198746612348e+01
7.151811638822912209e-02	9.268770281581871018e+01
7.234629975110579148e-02	9.005403168165572936e+01
7.318380864499830774e-02	8.750390991570255039e+01
7.403074063649152381e-02	8.503433187593326181e+01
7.488719405003603502e-02	8.264241003498563032e+01
7.575326807212968971e-02	8.032536568318170112e+01
7.662906268363367523e-02	7.808052681422681474e+01
7.751467869529006516e-02	7.590532711744474170e+01
7.841021767449697644e-02	7.379729881191204299e+01
7.931578205322899200e-02	7.175406641521453821e+01
8.023147507421619917e-02	6.977334719356285575e+01
8.115740073736098237e-02	6.785294718212928444e+01
8.209366390272380964e-02	6.599075388982063828e+01
8.304037023751420499e-02	6.418473665008070839e+01
8.399762616562396478e-02	6.243294345373400489e+01
8.496553897730478588e-02	6.073349534918870063e+01
8.594421670669911972e-02	5.908458548362520446e+01
8.693376824032007788e-02	5.748447573156980184e+01
8.793430321304052111e-02	5.593149405304197330e+01
8.894593209612887408e-02	5.442403193777368386e+01
8.996876611345092090e-02	5.296054170746168666e+01
9.100291730978730953e-02	5.153953436538245114e+01
9.204849848661850187e-02	5.015957758889852158e+01
9.310562323025564635e-02	4.881929329608745860e+01
9.417440589458750400e-02	4.751735483986198005e+01
9.525496162520037668e-02	4.625248564735186818e+01
9.634740630459211197e-02	4.502345811445295709e+01
9.745185656605132030e-02	4.382909032884136735e+01
9.856842983081935683e-02	4.266824454507104036e+01
9.969724421159595340e-02	4.153982619411826249e+01
1.008384186119743314e-01	4.044278178177714977e+01
1.019920726053890614e-01	3.937609754095813486e+01
1.031583265297076613e-01	3.833879654487922295e+01
1.043373014372099977e-01	3.732993942443232527e+01
1.055291190309543548e-01	3.634862238055615080e+01
1.067339017574358284e-01	3.539397419442843074e+01
1.079517727486775935e-01	3.446515631859129059e+01
1.091828557521032778e-01	3.356136216258473581e+01
1.104272752515792350e-01	3.268181446158672543e+01
1.116851563048842227e-01	3.182576521712798012e+01
1.129566246635229920e-01	3.099249368605912736e+01
1.142418066852809305e-01	3.018130552581262194e+01
1.155408293608093939e-01	2.939153275794269859e+01
1.168538202152631655e-01	2.862253217639806735e+01
1.181809074188193698e-01	2.787368288725317456e+01
1.195222197111429630e-01	2.714438782873848766e+01
1.208778863204838239e-01	2.643407190462367140e+01
1.222480370737767108e-01	2.574217999907687826e+01
1.236328023179750074e-01	2.506817769612226598e+01
1.250323128385769089e-01	2.441155040604336079e+01
1.264466999660702196e-01	2.377180112988368066e+01
1.278760954955251439e-01	2.314845118036899052e+01
1.293206316060790950e-01	2.254103942506103664e+01
1.307804409604298723e-01	2.194912031985066392e+01
1.322556566241453180e-01	2.137226443402473919e+01
1.337464119875040602e-01	2.081005779069789696e+01
1.352528408714028796e-01	2.026210055511435115e+01
1.367750773654126117e-01	1.972800698827607135e+01
1.383132559178567866e-01	1.920740443573987832e+01
1.398675112621217131e-01	1.869993324926466727e+01
1.414379783499229437e-01	1.820524606665428280e+01
1.430247924193616960e-01	1.772300722563079844e+01
1.446280888784032548e-01	1.725289235984960357e+01
1.462480033239138832e-01	1.679458792467924155e+01
1.478846715092993203e-01	1.634779056162124888e+01
1.495382293036091048e-01	1.591220692444851892e+01
1.512088126635191265e-01	1.548755323471404211e+01
1.528965575902946628e-01	1.507355466959774581e+01
1.546016001456455569e-01	1.466994513563594182e+01
1.563240763338159256e-01	1.427646673709204528e+01
1.580641221691156395e-01	1.389286982533425707e+01
1.598218735297837756e-01	1.351891215123951895e+01
1.615974662409266627e-01	1.315435882462597839e+01
1.633910359106820753e-01	1.279898193493211878e+01
1.652027180253493044e-01	1.245256029975792700e+01
1.670326477714711710e-01	1.211487903106409725e+01
1.688809601198763277e-01	1.178572939671114383e+01
1.707477897341231066e-01	1.146490849436195347e+01
1.726332708656141135e-01	1.115221927847412786e+01
1.745375374293769433e-01	1.084746966814918956e+01
1.764607229037388481e-01	1.055047292872613696e+01
1.784029602186960051e-01	1.026104743303436884e+01
1.803643818368466933e-01	9.979015927083842996e+00
1.823451196454919654e-01	9.704205852005246768e+00
1.843453048400121863e-01	9.436449100529287648e+00
1.863650680066022136e-01	9.175581523067565470e+00
1.884045390083755878e-01	8.921443004413610822e+00
1.904638468654470951e-01	8.673877531602578017e+00
1.925431198360938179e-01	8.432732400129850703e+00
1.946424852984953713e-01	8.197858640645888428e+00
1.967620696292020910e-01	7.969110843922949883e+00
1.989019982794280883e-01	7.746346602889270017e+00
2.010623956540338875e-01	7.529426819646788616e+00
2.032433849901278122e-01	7.318215606706248266e+00
2.054450884251725340e-01	7.112579756509016526e+00
2.076676268749056420e-01	6.912389058084370319e+00
2.099111199137096151e-01	6.717516176116784088e+00
2.121756858314431393e-01	6.527836237537206543e+00
2.144614415119728834e-01	6.343227061792491739e+00
2.167685023166768810e-01	6.163569066061938884e+00
2.190969821425644004e-01	5.988745016515403030e+00
2.214469932271233843e-01	5.818640086736647454e+00
2.238186461993539045e-01	5.653141763840904943e+00
2.262120499164681775e-01	5.492139809044010335e+00
2.286273114576871934e-01	5.335526192953158109e+00
2.310645360284847294e-01	5.183195008359732014e+00
2.335238269030920633e-01	5.035042454199886386e+00
2.360052853449425558e-01	4.890966840125201109e+00
2.385090105268669047e-01	4.750868422133911473e+00
2.410350995077667480e-01	4.614649455431714564e+00
2.435836470743785731e-01	4.482214135109730435e+00
2.461547457712665032e-01	4.353468545702671832e+00
2.487484857141092354e-01	4.228320648630691458e+00
2.513649546359097986e-01	4.106680250831797885e+00
2.540042376829286241e-01	3.988458951164189248e+00
2.566664174551693267e-01	3.873570077907807274e+00
2.593515738827449901e-01	3.761928755175632855e+00
2.620597840868955641e-01	3.653451842756003209e+00
2.647911224389468132e-01	3.548057862584380384e+00
2.675456603245044418e-01	3.445667030214359272e+00
2.703234662044104453e-01	3.346201155916556758e+00
2.731246054787527244e-01	3.249583715878348045e+00
2.759491403401450049e-01	3.155739826725490804e+00
2.787971298232482797e-01	3.064596093336399818e+00
2.816686296633842956e-01	2.976080727088911804e+00
2.845636921472577963e-01	2.890123523793802995e+00
2.874823661668867714e-01	2.806655703942697588e+00
2.904246970749866374e-01	2.725610029684653046e+00
2.933907265352826976e-01	2.646920784217466682e+00
2.963804925780173516e-01	2.570523623169836291e+00
2.993940294542390967e-01	2.496355679308852604e+00
3.024313674879968161e-01	2.424355544302949195e+00
3.054925331305989866e-01	2.354463130360213263e+00
3.085775488159926971e-01	2.286619762992780025e+00
3.116864328171800036e-01	2.220768164098590347e+00
3.148191992964181618e-01	2.156852324180593250e+00
3.179758581639878234e-01	2.094817593246494081e+00
3.211564149410557900e-01	2.034610637259208765e+00
3.243608708032678090e-01	1.976179359247702383e+00
3.275892224451832369e-01	1.919472942101505097e+00
3.308414619515437916e-01	1.864441820646950854e+00
3.341175768476074559e-01	1.811037639284312606e+00
3.374175498944347873e-01	1.759213242827524004e+00
3.407413591359605420e-01	1.708922652801955877e+00
3.440889777306797015e-01	1.660121052501299710e+00
3.474603739413898995e-01	1.612764778277062216e+00
3.508555110587535664e-01	1.566811271743680400e+00
3.542743473071442439e-01	1.522219088896085593e+00
3.577168357983982472e-01	1.478947854220241664e+00
3.611829244999701372e-01	1.436958247217557494e+00
3.646725561109668834e-01	1.396212024871033908e+00
3.681856679863282356e-01	1.356671924241963367e+00
3.717221922728886074e-01	1.318301691084294625e+00
3.752820555106402001e-01	1.281066090620915698e+00
3.788651788940546328e-01	1.244930771410667214e+00
3.824714782138246560e-01	1.209862377460842797e+00
3.861008632994774592e-01	1.175828515010769237e+00
3.897532388665912451e-01	1.142797627426349161e+00
3.934285034432186690e-01	1.110739073362931206e+00
3.971265503652240403e-01	1.079623054776675639e+00
4.008472667826220581e-01	1.049420620597758314e+00
4.045905344219506983e-01	1.020103673293612845e+00
4.083562288970074006e-01	9.916449300933012356e-01
4.121442200859326555e-01	9.640178811711423990e-01
4.159543720523315447e-01	9.371967942120976724e-01
4.197865427163458563e-01	9.111566758991263004e-01
4.236405844829891909e-01	8.858732578523047518e-01
4.275163433464571061e-01	8.613230995018963387e-01
4.314136594189437734e-01	8.374833555118282868e-01
4.353323672227378816e-01	8.143318416831580864e-01
4.392722947480089402e-01	7.918471925491007424e-01
4.432332641035616194e-01	7.700085758773489442e-01
4.472150918020382226e-01	7.487957699859726368e-01
4.512175877605809626e-01	7.281893309724136731e-01
4.552405560176994714e-01	7.081702803040719196e-01
4.592837951380365769e-01	6.887202242227767890e-01
4.633470968995765382e-01	6.698215346990326058e-01
4.674302472015472998e-01	6.514569110266604790e-01
4.715330271675982066e-01	6.336096045797096066e-01
4.756552101256218412e-01	6.162636736004988292e-01
4.797965646106683857e-01	5.994034930980807196e-01
4.839568530027186788e-01	5.830138928230855777e-01
4.881358318763078241e-01	5.670803350935410547e-01
4.923332515298642353e-01	5.515886312243590828e-01
4.965488577382848323e-01	5.365250744704805896e-01
5.007823887967965959e-01	5.218766006317786532e-01
5.050335782277554086e-01	5.076304158959411561e-01
5.093021540052410367e-01	4.937741320261196387e-01
5.135878379210672140e-01	4.802958328854450287e-01
5.178903471239842959e-01	4.671839918984654338e-01
5.222093921687287477e-01	4.544275340279784747e-01
5.265446789819341333e-01	4.420157033526327939e-01
5.308959078216869409e-01	4.299381166888597283e-01
5.352627736810081638e-01	4.181847674659198710e-01
5.396449665101339388e-01	4.067459621800799119e-01
5.440421711096425916e-01	3.956123993060590149e-01
5.484540668502776439e-01	3.847751057473328129e-01
5.528803286296588571e-01	3.742253503482544930e-01
5.573206264972800916e-01	3.639547523320441069e-01
5.617746252374496985e-01	3.539552593083148957e-01
5.662419855855406192e-01	3.442190703942962782e-01
5.707223630541788939e-01	3.347386404418857819e-01
5.752154096847743592e-01	3.255067018682009650e-01
5.797207720426357236e-01	3.165163115121107928e-01
5.842380929895359953e-01	3.077607078474314806e-01
5.887670114546208477e-01	2.992333217583293403e-01
5.933071623704304631e-01	2.909279401725452519e-01
5.978581755515073315e-01	2.828385381801659104e-01
6.024196791597661305e-01	2.749592161141033997e-01
6.069912957085690230e-01	2.672842900067996519e-01
6.115726467409804412e-01	2.598083184944836033e-01
6.161633472932227518e-01	2.525261461924890871e-01
6.207630111507700388e-01	2.454326801336884079e-01
6.253712486252261948e-01	2.385229581005082200e-01
6.299876670143493840e-01	2.317922616965497062e-01
6.346118709280660353e-01	2.252360438755965366e-01
6.392434615683505461e-01	2.188498833838080082e-01
6.438820388861894450e-01	2.126294564864280590e-01
6.485271995805714784e-01	2.065706452789163872e-01
6.531785380732944013e-01	2.006694561672238142e-01
6.578356472679220968e-01	1.949219783127247585e-01
6.624981177201779703e-01	1.893244623017425465e-01
6.671655381409110630e-01	1.838732612458696680e-01
6.718374960610674629e-01	1.785648145406468212e-01
6.765135772261272606e-01	1.733956983547056685e-01
6.811933658739728337e-01	1.683625789145826723e-01
6.858764457122749070e-01	1.634622050637990209e-01
6.905623985710156454e-01	1.586914006696184265e-01
6.952508070141673047e-01	1.540470817578744878e-01
6.999412509826681283e-01	1.495262983694268522e-01
7.046333109254520055e-01	1.451261237773217583e-01
7.093265672086844775e-01	1.408436955029479798e-01
7.140205991079568992e-01	1.366762568122960320e-01
7.187149868013984477e-01	1.326210867848733321e-01
7.234093100522811515e-01	1.286755423011325117e-01
7.281031490218462521e-01	1.248370508080258873e-01
7.327960842326026736e-01	1.211030842640413580e-01
7.374876969425885331e-01	1.174711657723485903e-01
7.421775692678512781e-01	1.139388824830154523e-01
7.468652836762204039e-01	1.105038661977099518e-01
7.515504248284400335e-01	1.071638092390009983e-01
7.562325765984492243e-01	1.039164509839851785e-01
7.609113268051601597e-01	1.007595457636380060e-01
7.655862626614569066e-01	9.769092588039482439e-02
7.702569742508821315e-01	9.470846419284717488e-02
7.749230528279604790e-01	9.181006346307522825e-02
7.795840919819405634e-01	8.899367035968321071e-02
7.842396873552324177e-01	8.625727009430519954e-02
7.888894365613802195e-01	8.359890043587754616e-02
7.935329399821640095e-01	8.101661880425109485e-02
7.981698002815602599e-01	7.850853290670464779e-02
8.027996226277901437e-01	7.607278331940267591e-02
8.074220154446751785e-01	7.370753884929587274e-02
8.120365897137709066e-01	7.141101657805984382e-02
8.166429593678302679e-01	6.918146381427291158e-02
8.212407419746986514e-01	6.701715526955077940e-02
8.258295579704399980e-01	6.491641163872158282e-02
8.304090312023275633e-01	6.287758061005387089e-02
8.349787895017797279e-01	6.089903901951188026e-02
8.395384637882737922e-01	5.897920808182400415e-02
8.440876889129768079e-01	5.711653332958892965e-02
8.486261038781512944e-01	5.530948979168732321e-02
8.531533512340209180e-01	5.355659433642163264e-02
8.576690776836612962e-01	5.185638769689147887e-02
8.621729344565016717e-01	5.020743971933035177e-02
8.666645765647438271e-01	4.860836089432646334e-02
8.711436634512443877e-01	4.705778485577803705e-02
8.756098594060448548e-01	4.555437214560344172e-02
8.800628327678419183e-01	4.409682296600441614e-02
8.845022565207132370e-01	4.268386169173071093e-02
8.889278087329713918e-01	4.131423844051597405e-02
8.933391717200582782e-01	3.998673691810126357e-02
8.977360330698418434e-01	3.870016772259250726e-02
9.021180848825782750e-01	3.745336993200570203e-02
9.064850244955517944e-01	3.624520952180237954e-02
9.108365541113861985e-01	3.507457867074591229e-02
9.151723811749281623e-01	3.394039844895934549e-02
9.194922180080822294e-01	3.284161667859861189e-02
9.237957823179792083e-01	3.177720380496853320e-02
9.280827971678139443e-01	3.074615792768108785e-02
9.323529904522264156e-01	2.974750421601783656e-02
9.366060959188873269e-01	2.878029012953460183e-02
9.408418521501779042e-01	2.784358815816050103e-02
9.450600036369461998e-01	2.693649444624353351e-02
9.492602998403680825e-01	2.605812815566718385e-02
9.534424960620094813e-01	2.520763001469606204e-02
9.576063530621646835e-01	2.438417038642870169e-02
9.617516360351978655e-01	2.358693897304237064e-02
9.658781175412124442e-01	2.281513776017240688e-02
9.699855742343416187e-01	2.206799817357836535e-02
9.740737891615992572e-01	2.134477556962024319e-02
9.781425500141396334e-01	2.064474238503965359e-02
9.821916509492272240e-01	1.996718670263475381e-02
9.862208914478818311e-01	1.931141964151246102e-02
9.902300761982572030e-01	1.867677609981647363e-02
9.942190155568784160e-01	1.806260357090009802e-02
9.981875259308748971e-01	1.746826771057748140e-02
1.002135428632500158e+00	1.689315707126502059e-02
1.006062550643226361e+00	1.633667279935290678e-02
1.009968725151469959e+00	1.579823366035378387e-02
1.013853789838137454e+00	1.527728274321717324e-02
1.017717587763238063e+00	1.477326601117627536e-02
1.021559970247352123e+00	1.428564696882086635e-02
1.025380789720722108e+00	1.381391989736181769e-02
1.029179907384215609e+00	1.335758620616291255e-02
1.032957187128132670e+00	1.291615640672787169e-02
1.036712501292625044e+00	1.248915349368679914e-02
1.040445725452370684e+00	1.207612014933643479e-02
1.044156741030036972e+00	1.167661803548205798e-02
1.047845434804219655e+00	1.129023196160289580e-02
1.051511694474052794e+00	1.091652620897012350e-02
1.055155426111157313e+00	1.055505792392697102e-02
1.058776529648577158e+00	1.020547135800744729e-02
1.062374907298597959e+00	9.867414888356769789e-03
1.065950473881221772e+00	9.540490079464124945e-03
1.069503147500755036e+00	9.224330309150827537e-03
1.073032850122334958e+00	8.918596275773472623e-03
1.076539509481457380e+00	8.622950641573232794e-03
1.080023057814764043e+00	8.337066338360709858e-03
1.083483432341260322e+00	8.060628445815209639e-03
1.086920574625890978e+00	7.793331310864194325e-03
1.090334431351881017e+00	7.534876660585744339e-03
1.093724954063152621e+00	7.284976497508421911e-03
1.097092098229682344e+00	7.043353366749521838e-03
1.100435824606131208e+00	6.809737797257269486e-03
1.103756097482385901e+00	6.583866266004435343e-03
1.107052887592679502e+00	6.365484619639163143e-03
1.110326167413316245e+00	6.154351189842659567e-03
1.113575915280962558e+00	5.950227727085317074e-03
1.116802113723145196e+00	5.752882364760835213e-03
1.120004749094804186e+00	5.562093941694724528e-03
1.123183811904031604e+00	5.377646490246268743e-03
1.126339297261076178e+00	5.199330493779037894e-03
1.129471203650968869e+00	5.026944767740194539e-03
1.132579533794676463e+00	4.860293649472983112e-03
1.135664294246524486e+00	4.699186752030379971e-03
1.138725495858056158e+00	4.543443100802685951e-03
1.141763151113026398e+00	4.392886044477549608e-03
1.144777279529006542e+00	4.247340376284692263e-03
1.147767902005951246e+00	4.106641556219300937e-03
1.150735043149048176e+00	3.970630464447910853e-03
1.153678731881126795e+00	3.839150054846412075e-03
1.156598999930523064e+00	3.712050557409187542e-03
1.159495882352394203e+00	3.589186715334946078e-03
1.162369417958059925e+00	3.470416922652585449e-03
1.165219648385884987e+00	3.355605840426089184e-03
1.168046618418623561e+00	3.244624112602538177e-03
1.170850374778445335e+00	3.137341712811747216e-03
1.173630971560959191e+00	3.033632053287797867e-03
1.176388460933302849e+00	2.933379655573407907e-03
1.179122900116669204e+00	2.836470573435357148e-03
1.181834348633619358e+00	2.742792088512438671e-03
1.184522869046217064e+00	2.652236226136304650e-03
1.187188526625755136e+00	2.564697486549298577e-03
1.189831390006640843e+00	2.480076300212773806e-03
1.192451527853647164e+00	2.398277292579609286e-03
1.195049013804404092e+00	2.319204370569808837e-03
1.197623923533650325e+00	2.242765129267018393e-03
1.200176334776633658e+00	2.168872514264267963e-03
1.202706327467439218e+00	2.097441754743533098e-03
1.205213983965135904e+00	2.028390256394714628e-03
1.207699388910443927e+00	1.961638169686802293e-03
1.210162629052314420e+00	1.897108749640556008e-03
1.212603792917595236e+00	1.834727566765566092e-03
1.215022971727089951e+00	1.774422724734398037e-03
1.217420257612771728e+00	1.716124837551901610e-03
1.219795745852261915e+00	1.659766413272007997e-03
1.222149532517204928e+00	1.605282714777322810e-03
1.224481716068843040e+00	1.552610976009857627e-03
1.226792396497102589e+00	1.501690161624786874e-03
1.229081675710139043e+00	1.452461714145805369e-03
1.231349656788871760e+00	1.404869255506866962e-03
1.233596444574512452e+00	1.358857873456761770e-03
1.235822145627476276e+00	1.314374349320906283e-03
1.238026867744101978e+00	1.271367724739296164e-03
1.240210720004629952e+00	1.229788544048957466e-03
1.242373813245921443e+00	1.189588752875805422e-03
1.244516259311181594e+00	1.150722329955177837e-03
1.246638171164026643e+00	1.113144644092671932e-03
1.248739663430343594e+00	1.076812336322852505e-03
1.250820851465602956e+00	1.041683881870495527e-03
1.252881851750558884e+00	1.007718872633954141e-03
1.254922782257295477e+00	9.748782465565143402e-04
1.256943761405787452e+00	9.431250519942680020e-04
1.258944908048917233e+00	9.124224087057002238e-04
1.260926344452342640e+00	8.827342670529641968e-04
1.262888191038215924e+00	8.540275937923159227e-04
1.264830569969856988e+00	8.262697579779799961e-04
1.266753604591408289e+00	7.994285574688807672e-04
1.268657418394481207e+00	7.734736154732917970e-04
1.270542135728655042e+00	7.483752205908906227e-04
1.272407882015089253e+00	7.241045578233590557e-04
1.274254782754019599e+00	7.006341863537366961e-04
1.276082964131627362e+00	6.779373849907351307e-04
1.277892553210390858e+00	6.559881485397635326e-04
1.279683677106292494e+00	6.347613524515078286e-04
1.281456464229131287e+00	6.142330819479401320e-04
1.283211041682818410e+00	5.943804233332123819e-04
1.284947538592999150e+00	5.751805099006331154e-04
1.286666083851901066e+00	5.566113147074578348e-04
1.288366806888281202e+00	5.386520023022890345e-04
1.290049836978805819e+00	5.212823640787279684e-04
1.291715303933984371e+00	5.044826047398761216e-04
1.293363338073147073e+00	4.882337101667887373e-04
1.294994069120634306e+00	4.725174914564978282e-04
1.296607627720739897e+00	4.573161716189930344e-04
1.298204144065388199e+00	4.426125885040796122e-04
1.299783748925792848e+00	4.283902010670319034e-04
1.301346572704655147e+00	4.146329937965175828e-04
1.302892746218461406e+00	4.013254609745902702e-04
1.304422400114728431e+00	3.884527881332717667e-04
1.305935664600543111e+00	3.760005774148502322e-04
1.307432670707165290e+00	3.639546593917846557e-04
1.308913548824245376e+00	3.523015914943833805e-04
1.310378429305661285e+00	3.410284918176486745e-04
1.311827442269232868e+00	3.301228009078464127e-04
1.313260717762712693e+00	3.195722220759398408e-04
1.314678386100292862e+00	3.093649219101410699e-04
1.316080576747526987e+00	2.994896913659454013e-04
1.317467419116107319e+00	2.899355010146906263e-04
1.318839042893824143e+00	2.806917355966562460e-04
1.320195576444779695e+00	2.717482354854928008e-04
1.321537148986810406e+00	2.630948131472571686e-04
1.322863889361368672e+00	2.547219056873165554e-04
1.324175924983103991e+00	2.466205446578060732e-04
1.325473383804523397e+00	2.387816809520921884e-04
1.326756393294254321e+00	2.311965391899878516e-04
1.328025080492815313e+00	2.238567695280448892e-04
1.329279572179842273e+00	2.167544016861221547e-04
1.330519993975436188e+00	2.098816359660331504e-04
1.331746472369488288e+00	2.032307620616312642e-04
1.332959132421137616e+00	1.967945427298849594e-04
1.334158099041832912e+00	1.905659741331492698e-04
1.335343496731756563e+00	1.845382184592183402e-04
1.336515449237440034e+00	1.787046680909114662e-04
1.337674080263369092e+00	1.730588521413118275e-04
1.338819512868180350e+00	1.675947448292181810e-04
1.339951868644383426e+00	1.623065063077441849e-04
1.341071269966512380e+00	1.571881791628554229e-04
1.342177838231226605e+00	1.522341814820920018e-04
1.343271693930234489e+00	1.474392673441098989e-04
1.344352957215943167e+00	1.427981814702261316e-04
1.345421747852576955e+00	1.383057984374757470e-04
1.346478184975030912e+00	1.339573434217333032e-04
1.347522386419187868e+00	1.297482251505818046e-04
1.348554470056535060e+00	1.256737816286138034e-04
1.349574553414104594e+00	1.217295881007819398e-04
1.350582752430554034e+00	1.179114771706273008e-04
1.351579183377502824e+00	1.142153029061754061e-04
1.352563961199070963e+00	1.106371105016050905e-04
1.353537200456494949e+00	1.071730698190269691e-04
1.354499015097976100e+00	1.038194576116662014e-04
1.355449518158225342e+00	1.005726890834884158e-04
1.356388822339299471e+00	9.742926729646521323e-05
1.357317039443253881e+00	9.438588593467787155e-05
1.358234280304810415e+00	9.143930183831863831e-05
1.359140655712787638e+00	8.858628393323340596e-05
1.360036275586437249e+00	8.582390624257868234e-05
1.360921247936004663e+00	8.314927723086460722e-05
1.361795682140323871e+00	8.055938707062133570e-05
1.362659685594318271e+00	7.805158894597398196e-05
1.363513364519366222e+00	7.562330085030876737e-05
1.364356825798332729e+00	7.327182679489444050e-05
1.365190174631146336e+00	7.099474499313343208e-05
1.366013515413062596e+00	6.878969149967075131e-05
1.366826952467393275e+00	6.665428060016490518e-05
1.367630588864624741e+00	6.458630600659435311e-05
1.368424526910977379e+00	6.258360259345930991e-05
1.369208868593862372e+00	6.064401588229489340e-05
1.369983714950387510e+00	5.876556305187201720e-05
1.370749165719537421e+00	5.694631104099386439e-05
1.371505320799530914e+00	5.518430271505158529e-05
1.372252278818477667e+00	5.347772038640522191e-05
1.372990137577640990e+00	5.182479058127286169e-05
1.373718994599760101e+00	5.022373739163023628e-05
1.374438946515947446e+00	4.867297973362298317e-05
1.375150087997587534e+00	4.717093161888738501e-05
1.375852515175412627e+00	4.571592847113037459e-05
1.376546321698201014e+00	4.430651464991675070e-05
1.377231601030840302e+00	4.294126435027891149e-05
1.377908445981823160e+00	4.161871599183477748e-05
1.378576948603112085e+00	4.033751604885098035e-05
1.379237199912681344e+00	3.909636537845353295e-05
1.379889290415870384e+00	3.789398781818983334e-05
1.380533309686127863e+00	3.672914398881867799e-05
1.381169346725754865e+00	3.560062969443274369e-05
1.381797489758288977e+00	3.450729643064329687e-05
1.382417825997132699e+00	3.344802567917786872e-05
1.383030442445365882e+00	3.242173291339075093e-05
1.383635424593854912e+00	3.142737885427201929e-05
1.384232858046929637e+00	3.046393784198253300e-05
1.384822826913586935e+00	2.953043452386831653e-05
1.385405415141491625e+00	2.862592632451956663e-05
1.385980705414417535e+00	2.774948048389852626e-05
1.386548780360965072e+00	2.690020387808837206e-05
1.387109721123062522e+00	2.607726240217585247e-05
1.387663608456540576e+00	2.527981738808752959e-05
1.388210522544222503e+00	2.450704210618519127e-05
1.388750542617112504e+00	2.375817639034687686e-05
1.389283747088921661e+00	2.303246588164531325e-05
1.389810214027974666e+00	2.232916402170180179e-05
1.390330020474868089e+00	2.164758054045871089e-05
1.390843242659151269e+00	2.098702872986481504e-05
1.391349956600113291e+00	2.034683176313499913e-05
1.391850237050747952e+00	1.972636977613226778e-05
1.392344158201904936e+00	1.912501438334784936e-05
1.392831793940968232e+00	1.854215110695148184e-05
1.393313216878690142e+00	1.797722356465342064e-05
1.393788499090562905e+00	1.742965340229396312e-05
1.394257712512023906e+00	1.689888406889364296e-05
1.394720927464413451e+00	1.638442213300306702e-05
1.395178214035179831e+00	1.588573907525623740e-05
1.395629642065692400e+00	1.540232179497507889e-05
1.396075279912305067e+00	1.493372287064434898e-05
1.396515195618277971e+00	1.447946971771865089e-05
1.396949456861690475e+00	1.403909473198222833e-05
1.397378130162546528e+00	1.361217719497909719e-05
1.397801281659842410e+00	1.319831249152070843e-05
1.398218976377695544e+00	1.279708874915477198e-05
1.398631279452791976e+00	1.240808805313562651e-05
1.399038254968710371e+00	1.203093902110272675e-05
1.399439966094092158e+00	1.166528585780746781e-05
1.399836475841316208e+00	1.131075575681947494e-05
1.400227846335235782e+00	1.096700414401998827e-05
1.400614139013065973e+00	1.063370471390165216e-05
1.400995414730552335e+00	1.031052737808748728e-05
1.401371733837742051e+00	9.997153457900269618e-06
1.401743155910130101e+00	9.693284301665558387e-06
1.402109739874685346e+00	9.398622185984864273e-06
1.402471544334528808e+00	9.112878967213363434e-06
1.402828626818319879e+00	8.835782760389161134e-06
1.403181044721044879e+00	8.567063217561242736e-06
1.403528854440954099e+00	8.306458290517366988e-06
1.403872112149557427e+00	8.053713257183923663e-06
1.404210873180797625e+00	7.808593427885365484e-06
1.404545192081969374e+00	7.570866047389214164e-06
1.404875123379133894e+00	7.340296564723568234e-06
1.405200720354943700e+00	7.116654792767290191e-06
1.405522036732305136e+00	6.899724233071449249e-06
1.405839124392686657e+00	6.689319983604702557e-06
1.406152035260567867e+00	6.485230492425863856e-06
1.406460821131365613e+00	6.287246310763570750e-06
1.406765532455798606e+00	6.095198790700713673e-06
1.407066219381692296e+00	5.908895756292446319e-06
1.407362932105658881e+00	5.728150925798415186e-06
1.407655719375759951e+00	5.552819324975957097e-06
1.407944629423096616e+00	5.382712203310100933e-06
1.408229711707431164e+00	5.217648310042642116e-06
1.408511012494752190e+00	5.057505280951625376e-06
1.408788579453417400e+00	4.902139296073660813e-06
1.409062458274218166e+00	4.751387718241496364e-06
1.409332695907102195e+00	4.605092262517777957e-06
1.409599337461538315e+00	4.463132030664438930e-06
1.409862427601697554e+00	4.325379892793204456e-06
1.410122011235858341e+00	4.191685112116450327e-06
1.410378132371845394e+00	4.061938134754767841e-06
1.410630833759417557e+00	3.936024930800884580e-06
1.410880159170407655e+00	3.813809513171939122e-06
1.411126150663257528e+00	3.695178237503983269e-06
1.411368850603088587e+00	3.580022024713806823e-06
1.411608300369910474e+00	3.468245933998636348e-06
1.411844540515824642e+00	3.359748858425961208e-06
1.412077612152199402e+00	3.254406753124474413e-06
1.412307555586569396e+00	3.152125690296809323e-06
1.412534410043104094e+00	3.052824840823198416e-06
1.412758214942088308e+00	2.956405565450667632e-06
1.412979009000774555e+00	2.862775183197925566e-06
1.413196830527231995e+00	2.771851332954759600e-06
1.413411717349099650e+00	2.683553939436922795e-06
1.413623706625203091e+00	2.597790061743317766e-06
1.413832836267884918e+00	2.514478891783925182e-06
1.414039141753536732e+00	2.433556281587053545e-06
1.414242659940053271e+00	2.354937037179978925e-06
1.414443426399964121e+00	2.278555888010306858e-06
1.414641475796959424e+00	2.204347868812211645e-06
1.414836843797344201e+00	2.132229077176793580e-06
1.415029564489998171e+00	2.062136777750691866e-06
1.415219672126950989e+00	1.994009394892708218e-06
1.415407200310630609e+00	1.927785787594293771e-06
1.415592182100010810e+00	1.863404911749264113e-06
1.415774650627760867e+00	1.800800133217793490e-06
1.415954638427125323e+00	1.739920529873546447e-06
1.416132177074591159e+00	1.680712050915058525e-06
1.416307298848552998e+00	1.623108955313055279e-06
1.416480034969775703e+00	1.567064629619068973e-06
1.416650415998822909e+00	1.512530183989233296e-06
1.416818473003083279e+00	1.459445423255975133e-06
1.416984236046873402e+00	1.407765520456826852e-06
1.417147734771664114e+00	1.357443569010671861e-06
1.417308998982584889e+00	1.308425865341379007e-06
1.417468057701307238e+00	1.260669289775690049e-06
1.417624939567440068e+00	1.214127983057726694e-06
1.417779673271516216e+00	1.168751884594983985e-06
1.417932286841837586e+00	1.124500165875981417e-06
1.418082807801826162e+00	1.081329207203390072e-06
1.418231263858374280e+00	1.039190351331056666e-06
1.418377681990101280e+00	9.980431119046428520e-07
1.418522088784051505e+00	9.578434320032625210e-07
1.418664510951401780e+00	9.185422154665685175e-07
1.418804974570244015e+00	8.801006662189431210e-07
1.418943504987334014e+00	8.424755767801622405e-07
1.419080128156266607e+00	8.056145734225630230e-07
1.419214868980322120e+00	7.694711561703512218e-07
1.419347752490645487e+00	7.339986011499464199e-07
1.419478802961149810e+00	6.991449129446494476e-07
1.419608044878087894e+00	6.648535139086510067e-07
1.419735502040974540e+00	6.310658801013884500e-07
1.419861198161763260e+00	5.977189897175465641e-07
1.419985156482057143e+00	5.647414189922470799e-07
1.420107400124240193e+00	5.315497678623867102e-07
1.420227951914328601e+00	4.990701056000107091e-07
1.420346834142912629e+00	4.666765489757856796e-07
1.420464069294524068e+00	4.342361108884715196e-07
1.420579678937848422e+00	4.015836850178086561e-07
1.420693685074690515e+00	3.685032624793535458e-07
1.420806108797236789e+00	3.347048369380038812e-07
1.420916971460096878e+00	2.997747107605942701e-07
1.421026293551913122e+00	2.630746281467811669e-07
1.421134096321429396e+00	2.235284099572276352e-07
1.421240399509323904e+00	1.790357740875685061e-07
1.421345223271605063e+00	1.241276332617161378e-07
1.421448587605729674e+00	0.000000000000000000e+00
