# Data associated with arXiv:2208.14002
# 
# Scale-free J-factor angular distribution, J_S(theta), of a nfw1-3rhos8e6 dark matter distribution (see Eq. 2.4 and the surrounding discussion)
# 
# Published: 8/25/22, Jack Runburg and Kenny Kiriu, contact: runburg@hawaii.edu
# 
# 
# -----------------------------------------------------------------
# 
# 	 tilde theta 		 | 	 tilde J s-wave 		 | 	 tilde J p-wave 		 | 	 tilde J d-wave 		 | 	 tilde J sommerfeld 
# 
# -----------------------------------------------------------------
1.000000000000000021e-03	1.745715666560476422e+08	1.291619485512983985e+06	1.771227177430099109e+05	4.407671233018338203e+09
1.021192151037671062e-03	1.713458342657453120e+08	1.278872159054365940e+06	1.762518413716474606e+05	4.310656839522058487e+09
1.042833409340945643e-03	1.680545833750907779e+08	1.265840782087300206e+06	1.753604898444903083e+05	4.211748834355227470e+09
1.064933292458827233e-03	1.646990293475686014e+08	1.252527387408838840e+06	1.744486883503400604e+05	4.110992459565143108e+09
1.087501519637659123e-03	1.612807542401552200e+08	1.238935185687584570e+06	1.735165324070677452e+05	4.008444884808609009e+09
1.110548016095517111e-03	1.578017639963674545e+08	1.225068761512226425e+06	1.725642003963708994e+05	3.904177038896411419e+09
1.134082917387199208e-03	1.542645576503384709e+08	1.210934313343831571e+06	1.715919690968133509e+05	3.798275820242570877e+09
1.158116573861711456e-03	1.506722125790790021e+08	1.196539953397140838e+06	1.706002333853006130e+05	3.690846810498669147e+09
1.182659555214217667e-03	1.470284919253528714e+08	1.181896092457024846e+06	1.695895319688753516e+05	3.582017677988484859e+09
1.207722655134462354e-03	1.433379839452462792e+08	1.167015950751949102e+06	1.685605822714089882e+05	3.471942564819299698e+09
1.233316896053688856e-03	1.396062897980070710e+08	1.151916266972981626e+06	1.675143300672968326e+05	3.360807948658509254e+09
1.259453533992170365e-03	1.358402899865205884e+08	1.136618342256550910e+06	1.664520246971033339e+05	3.248840863437661171e+09
1.286144063509461061e-03	1.320485504869570285e+08	1.121149706475055544e+06	1.653753430813118466e+05	3.136321235405409813e+09
1.313400222759557485e-03	1.282420095852854848e+08	1.105547097026349278e+06	1.642866193528596777e+05	3.023602318291961193e+09
1.341233998653187541e-03	1.244353395730210990e+08	1.089862752681655576e+06	1.631893477584623324e+05	2.911150153444887638e+09
1.369657632129505243e-03	1.206504694165023863e+08	1.074181830255310982e+06	1.620896216907425842e+05	2.799642508350866318e+09
1.398683623539492566e-03	1.169324852021545023e+08	1.058706080621443456e+06	1.610032384831400996e+05	2.690401117440994263e+09
1.428324738143458596e-03	1.131988784709511548e+08	1.042923570922871353e+06	1.598840414257775701e+05	2.581404911284500122e+09
1.458594011725036863e-03	1.095339046769845635e+08	1.027141037743600202e+06	1.587529648106834502e+05	2.475317375932719231e+09
1.489504756324154782e-03	1.059154551563631594e+08	1.011181459406450740e+06	1.575923412406453572e+05	2.371704363016362190e+09
1.521070566091505720e-03	1.024471535333702862e+08	9.956401011856232071e+05	1.564544181198511214e+05	2.273207991602989197e+09
1.553305323267072666e-03	9.910462331581555307e+07	9.804090499922563322e+05	1.553304573819517100e+05	2.179091024664761543e+09
1.586223204285366938e-03	9.583348480440407991e+07	9.651830744647263782e+05	1.541932130193389603e+05	2.087898472267075062e+09
1.619838686010041055e-03	9.267134349281950295e+07	9.501941458540643798e+05	1.530633046501632780e+05	2.000555311469076395e+09
1.654166552100628336e-03	8.961428468921566010e+07	9.354364227758499328e+05	1.519406152851749212e+05	1.916881774020655632e+09
1.689221899514206692e-03	8.665692279373441637e+07	9.208992730652431492e+05	1.508247320944007661e+05	1.836659276190269470e+09
1.725020145144853453e-03	8.379663152419030666e+07	9.065822802141378634e+05	1.497157435363085824e+05	1.759765764568566322e+09
1.761577032603788440e-03	8.103168905120058358e+07	8.924879955240660347e+05	1.486139116933489859e+05	1.686120050844313383e+09
1.798908639143220224e-03	7.835856770905828476e+07	8.786115015107438667e+05	1.475191161813599756e+05	1.615569790068711042e+09
1.837031382726912916e-03	7.577263077826684713e+07	8.649422790485379519e+05	1.464309563777146104e+05	1.547930713315484285e+09
1.875962029250603357e-03	7.327158587211154401e+07	8.514796828385868575e+05	1.453495161501167750e+05	1.483099578929141283e+09
1.915717699915417882e-03	7.085395006262296438e+07	8.382261340247201733e+05	1.442750540614847851e+05	1.421007679520911932e+09
1.956315878757565116e-03	6.851654793585336208e+07	8.251774809993321542e+05	1.432074464343818545e+05	1.361525992438619852e+09
1.997774420337589726e-03	6.625538814106580615e+07	8.123241465604552068e+05	1.421463162425084738e+05	1.304501311531255245e+09
2.040111557592579582e-03	6.406846984918954223e+07	7.996647153915588278e+05	1.410917321470986353e+05	1.249845075130001783e+09
2.083345909854779961e-03	6.195451521031150967e+07	7.872014761993971188e+05	1.400439512173633848e+05	1.197498501090344429e+09
2.127496491040134757e-03	5.991066968374037743e+07	7.749306197200804017e+05	1.390028391430788033e+05	1.147352112229081154e+09
2.172582718010372237e-03	5.793349822471149266e+07	7.628440718170391629e+05	1.379680547102575365e+05	1.099279896204808712e+09
2.218624419112281976e-03	5.602125316894041747e+07	7.509397207313663093e+05	1.369396511116856418e+05	1.053205400503787041e+09
2.265641842897974604e-03	5.417283399012036622e+07	7.392194525238175411e+05	1.359178776971690531e+05	1.009077908901571631e+09
2.313655667029933423e-03	5.238567756965634227e+07	7.276795246261673747e+05	1.349025886297554825e+05	9.668044289638699293e+08
2.362687007374795686e-03	5.065682733007045835e+07	7.163135471944678575e+05	1.338934828321550158e+05	9.262818439898771048e+08
2.412757427289825233e-03	4.898475802444484830e+07	7.051191336848682258e+05	1.328906043909620785e+05	8.874443790792175531e+08
2.463888947106213784e-03	4.736852037453848869e+07	6.940975624620706076e+05	1.318941897366388002e+05	8.502485280544276237e+08
2.516104053813336943e-03	4.580581568447138369e+07	6.832449480950121069e+05	1.309040767815620493e+05	8.146145249248833656e+08
2.569425710948245768e-03	4.429409950930713862e+07	6.725558232868751511e+05	1.299199926779173111e+05	7.804572521907737255e+08
2.623877368694733318e-03	4.283204082753829658e+07	6.620288874864132376e+05	1.289419990704130178e+05	7.477226735861396790e+08
2.679482974196439188e-03	4.141882024407975376e+07	6.516643986042218748e+05	1.279703074061088701e+05	7.163724661597579718e+08
2.736266982088478034e-03	4.005237854295538366e+07	6.414582020984923001e+05	1.270047386863995198e+05	6.863376626894379854e+08
2.794254365252289707e-03	3.873052612721133977e+07	6.314054105057406705e+05	1.260450412133395439e+05	6.575478579244275093e+08
2.853470625798387814e-03	3.745210148770632595e+07	6.215055495720567415e+05	1.250912944596731395e+05	6.299584451865202188e+08
2.913941806281861776e-03	3.621639689695200324e+07	6.117590318705742247e+05	1.241437094392552681e+05	6.035371670439772606e+08
2.975694501155571117e-03	3.502156962012419105e+07	6.021608725150700193e+05	1.232020747973630496e+05	5.782239709711683989e+08
3.038755868466027146e-03	3.386573552992636710e+07	5.927066319010162260e+05	1.222661572881172469e+05	5.539600666710751057e+08
3.103153641797168783e-03	3.274788114117468894e+07	5.833960134249886032e+05	1.213360386738237430e+05	5.307083241626614928e+08
3.168916142467233243e-03	3.166739468926239014e+07	5.742304774136854103e+05	1.204119534138993622e+05	5.084425360263520479e+08
3.236072291984112663e-03	3.062262884298705310e+07	5.652043602612458635e+05	1.194936584938333108e+05	4.871105715017533898e+08
3.304651624764658874e-03	2.961196242709717900e+07	5.563131950561591657e+05	1.185809254195941176e+05	4.666626157573505640e+08
3.374684301123556836e-03	2.863451122001496702e+07	5.475568074741642922e+05	1.176738387926489959e+05	4.470682065525022745e+08
3.446201120537424525e-03	2.768974587248831987e+07	5.389369399668013211e+05	1.167726403204875678e+05	4.283049496405358315e+08
3.519233535190044709e-03	2.677619527077757195e+07	5.304488722818586975e+05	1.158771003214299708e+05	4.103293705287279487e+08
3.593813663804625805e-03	2.589246453714179993e+07	5.220875211421475396e+05	1.149869784526945150e+05	3.930985126685451865e+08
3.669974305769219299e-03	2.503778217507448792e+07	5.138526230889941216e+05	1.141023544854054053e+05	3.765876144124056101e+08
3.747748955561452412e-03	2.421169008561687917e+07	5.057458844245987711e+05	1.132234691911418486e+05	3.607769866714866161e+08
3.827171817478984984e-03	2.341287540788487718e+07	4.977634150024595438e+05	1.123501034746548976e+05	3.456302270969997644e+08
3.908277820682117681e-03	2.264013813831324130e+07	4.899005773936744663e+05	1.114820330663951900e+05	3.311115915885368586e+08
3.991102634555192957e-03	2.189280525668567419e+07	4.821564255600776523e+05	1.106193142668497312e+05	3.172000315324447751e+08
4.075682684393532908e-03	2.117047979122647643e+07	4.745325032919034711e+05	1.097621823344377335e+05	3.038784466684157848e+08
4.162055167422817371e-03	2.047199133200206980e+07	4.670251525277115288e+05	1.089104182446525811e+05	2.911157973014692664e+08
4.250258069157961290e-03	1.979630751950789616e+07	4.596310612109322683e+05	1.080638428733937471e+05	2.788833825071486831e+08
4.340330180108637088e-03	1.914284124839993566e+07	4.523487327540238039e+05	1.072224917197819741e+05	2.671626329296709299e+08
4.432311112838861061e-03	1.851124830390970036e+07	4.451792997201668331e+05	1.063865824794826622e+05	2.559392736675726175e+08
4.526241319388085715e-03	1.790048605432119220e+07	4.381190458033569739e+05	1.055558829232330172e+05	2.451863955211654007e+08
4.622162109061505458e-03	1.730966643678266555e+07	4.311652510609650635e+05	1.047302395980241417e+05	2.348803326662789285e+08
4.720115666597336779e-03	1.673827733318553492e+07	4.243173977039412130e+05	1.039097193716853653e+05	2.250061250676058233e+08
4.820145070719144588e-03	1.618601998854097351e+07	4.175756947499198141e+05	1.030945042499266128e+05	2.155511760558603108e+08
4.922294313081310678e-03	1.565196636054470390e+07	4.109363258584803552e+05	1.022843509277515841e+05	2.064924592846557498e+08
5.026608317615998724e-03	1.513535254325704277e+07	4.043968112991328817e+05	1.014791173066277988e+05	1.978099469547394216e+08
5.133132960290130720e-03	1.463573188184444606e+07	3.979570542984059430e+05	1.006788840566653089e+05	1.894914368651999831e+08
5.241915089281041530e-03	1.415284477373190038e+07	3.916179126413694466e+05	9.988385485699845594e+04	1.815267903032219708e+08
5.353002545579732367e-03	1.368586586660614796e+07	3.853747835563606350e+05	9.909374412205989938e+04	1.738960453958783448e+08
5.466444184030696055e-03	1.323413805979174189e+07	3.792252917366744950e+05	9.830841774829961651e+04	1.665819943901384771e+08
5.582289894817666839e-03	1.279727181383842975e+07	3.731694198468558025e+05	9.752795928611683485e+04	1.595744625964939892e+08
5.700590625404708227e-03	1.237504136636679247e+07	3.672084750370802358e+05	9.675259029895815183e+04	1.528654789118093848e+08
5.821398402942216249e-03	1.196671319230677374e+07	3.613383498041347484e+05	9.598203423807868967e+04	1.464379156790274382e+08
5.944766357147824969e-03	1.157172209816656634e+07	3.555561165972195449e+05	9.521613332867596182e+04	1.402771947649585903e+08
6.070748743672167193e-03	1.118972838929770328e+07	3.498616712156636058e+05	9.445496483016904676e+04	1.343744916443258822e+08
6.199400967959818945e-03	1.082053551493401825e+07	3.442563391076957923e+05	9.369874961530216387e+04	1.287234103929374367e+08
6.330779609615908021e-03	1.046349204756909423e+07	3.387367639847723185e+05	9.294723871259299631e+04	1.233093728268086761e+08
6.464942447289089879e-03	1.011811185604049265e+07	3.333002929715257487e+05	9.220028787245806598e+04	1.181206077635258287e+08
6.601948484081890736e-03	9.784098747887641191e+06	3.279462152147982270e+05	9.145794249919839785e+04	1.131490577929836065e+08
6.741857973499477616e-03	9.461281384144175798e+06	3.226757282738243812e+05	9.072041588086973934e+04	1.083893626911535412e+08
6.884732445948405985e-03	9.149081691712981090e+06	3.174856938470791210e+05	8.998746093198636663e+04	1.038292053879926205e+08
7.030634735796891313e-03	8.847081536016473547e+06	3.123743446778487996e+05	8.925897816330163914e+04	9.945918891599676013e+07
7.179629009008595825e-03	8.555022674782589078e+06	3.073407623682206031e+05	8.853499897085134580e+04	9.527220533578462899e+07
7.331780791361950343e-03	8.272755602479940280e+06	3.023856228625457152e+05	8.781570860980878933e+04	9.126363695003226399e+07
7.487156997267587974e-03	7.999767666420849040e+06	2.975058975773388520e+05	8.710085785676268279e+04	8.742297078619340062e+07
7.645825959196438613e-03	7.735699230433427729e+06	2.927000469346431782e+05	8.639035828004838550e+04	8.374246807780481875e+07
7.807857457731475631e-03	7.480325159668502398e+06	2.879679402278356720e+05	8.568428334264284058e+04	8.021639205691361427e+07
7.973322752256328111e-03	7.233514854892815463e+06	2.833097898688162095e+05	8.498278977811888035e+04	7.684076010634768009e+07
8.142294612294233985e-03	6.994813979827810079e+06	2.787223151214816608e+05	8.428560526686928642e+04	7.360632366888070107e+07
8.314847349511189298e-03	6.763913214317990467e+06	2.742041648885433096e+05	8.359265336425908026e+04	7.050678039919036627e+07
8.491056850397209546e-03	6.540616307856898755e+06	2.697553103798599914e+05	8.290401322145940503e+04	6.753726999322189391e+07
8.671000609640279119e-03	6.324809040136503056e+06	2.653765969947843114e+05	8.221987586447229842e+04	6.469480766347911209e+07
8.854757764207504128e-03	6.116089021864091046e+06	2.610643950576205098e+05	8.153993734568277432e+04	6.197111848248936236e+07
9.042409128148579806e-03	5.914190209016386420e+06	2.568172332610371232e+05	8.086411535115886363e+04	5.936097625413468480e+07
9.234037228136720080e-03	5.718941557870998979e+06	2.526350984697841341e+05	8.019248632385245583e+04	5.686038767773295194e+07
9.429726339762870002e-03	5.530243013676344417e+06	2.485189357148896670e+05	7.952524858569788921e+04	5.446680302372417599e+07
9.629562524599030379e-03	5.347738464365911670e+06	2.444657957273519132e+05	7.886213348678741022e+04	5.217337559696312249e+07
9.833633668047030499e-03	5.171199068041986786e+06	2.404739079135806533e+05	7.820303728031969513e+04	4.997555909159439057e+07
1.004202951798940403e-02	5.000475755679515190e+06	2.365430372670161887e+05	7.754801988089265069e+04	4.786997968702837080e+07
1.025484172425938229e-02	4.835480814541264437e+06	2.326740741021980648e+05	7.689727275100578845e+04	4.585449222324210405e+07
1.047216387894729824e-02	4.675899241613437422e+06	2.288643697196393332e+05	7.625054095937835518e+04	4.392336819780076295e+07
1.069409155756119272e-02	4.521534204330986366e+06	2.251127630602851568e+05	7.560776251515533659e+04	4.207286134191460162e+07
1.092072236105970547e-02	4.372255807053714991e+06	2.214185758697673155e+05	7.496896255202899920e+04	4.030001288286944479e+07
1.115215595877575537e-02	4.227987039607097395e+06	2.177824715287823929e+05	7.433431460667451029e+04	3.860299666118092835e+07
1.138849413224978825e-02	4.088449455850461964e+06	2.142019422117844224e+05	7.370356664614936744e+04	3.697700196905502677e+07
1.162984081999205582e-02	3.953473740867258515e+06	2.106760987254407955e+05	7.307667765333266289e+04	3.541888606149632484e+07
1.187630216319339981e-02	3.822946713814328890e+06	2.072047780944611295e+05	7.245371088561750366e+04	3.392633678379422426e+07
1.212798655240480798e-02	3.696800700513448101e+06	2.037880463941255002e+05	7.183478924887794710e+04	3.249755970563029870e+07
1.238500467520621366e-02	3.574789692150513642e+06	2.004234258828409947e+05	7.121965344116406050e+04	3.112856567212183401e+07
1.264746956488544717e-02	3.456768048695270438e+06	1.971101334388221148e+05	7.060827101577083522e+04	2.981670463531216606e+07
1.291549665014883955e-02	3.342637181258179713e+06	1.938481758392758202e+05	7.000071922486077528e+04	2.856011263342846930e+07
1.318920380588532899e-02	3.232337482897629496e+06	1.906380479371811962e+05	6.939715517228978570e+04	2.735726155026412010e+07
1.346871140500627631e-02	3.125651800082447007e+06	1.874768395774490491e+05	6.879727070035866927e+04	2.620470830001682043e+07
1.375414237138396570e-02	3.022454825219469145e+06	1.843637978493453993e+05	6.820103339676582254e+04	2.510025177528772876e+07
1.404562223391196511e-02	2.922660688219870441e+06	1.812989342245782027e+05	6.760851901872460439e+04	2.404233748275474086e+07
1.434327918171109106e-02	2.826216841306314338e+06	1.782829258646056987e+05	6.701990318176483561e+04	2.302969030245526880e+07
1.464724412050539583e-02	2.732931691279988736e+06	1.753132610676017066e+05	6.643490734817998600e+04	2.205942972779190913e+07
1.495765073019278586e-02	2.642697424422787502e+06	1.723888694685764785e+05	6.585346528014790965e+04	2.112963597783538327e+07
1.527463552363575450e-02	2.555439261127994396e+06	1.695097034071784583e+05	6.527564403174855397e+04	2.023903141142076254e+07
1.559833790669801906e-02	2.471110810100856237e+06	1.666763831031607988e+05	6.470161463095780346e+04	1.938652949401763082e+07
1.592890023955338338e-02	2.389543137313175015e+06	1.638868075518697442e+05	6.413113103857937676e+04	1.856972984349210933e+07
1.626646789929399317e-02	2.310643469361911062e+06	1.611400840440730972e+05	6.356414451179291063e+04	1.778702577856287360e+07
1.661118934386526108e-02	2.234346691219610162e+06	1.584358753768641327e+05	6.300068884375499329e+04	1.703730372024586052e+07
1.696321617735579643e-02	2.160611803088177927e+06	1.557746951610048418e+05	6.244092008644952875e+04	1.631965798394456878e+07
1.732270321667098503e-02	2.089289929321172414e+06	1.531545333949786436e+05	6.188459311379098654e+04	1.563204170070814714e+07
1.768980855961942850e-02	2.020301231564632151e+06	1.505748923705464695e+05	6.133170099322463648e+04	1.497318982611854747e+07
1.806469365444235767e-02	1.953589033271636814e+06	1.480354668176462292e+05	6.078228235673229210e+04	1.434208936518980563e+07
1.844752337081655841e-02	1.889117017034152988e+06	1.455364556265181163e+05	6.023645566298361518e+04	1.373799595410599001e+07
1.883846607236187159e-02	1.826754094908475410e+06	1.430759233577756386e+05	5.969397282939821162e+04	1.315915828932328336e+07
1.923769369068539445e-02	1.766431541369580897e+06	1.406534463877299277e+05	5.915483402670249052e+04	1.260454484470964223e+07
1.964538180099485026e-02	1.708100023273098748e+06	1.382690253887975123e+05	5.861911164217170881e+04	1.207331066991141438e+07
2.006170969931423895e-02	1.651727353607659694e+06	1.359227695724435034e+05	5.808690970585759351e+04	1.156483415824921057e+07
2.048686048133601528e-02	1.597198153488010867e+06	1.336126065184742620e+05	5.755795564596269105e+04	1.107758661705998145e+07
2.092102112294418406e-02	1.544453260799569311e+06	1.313381631995530624e+05	5.703225134514091042e+04	1.061073263447692245e+07
2.136438256244391209e-02	1.493449745932451217e+06	1.290994880464619782e+05	5.650987619624975196e+04	1.016355951863667183e+07
2.181713978453380873e-02	1.444159036284797126e+06	1.268969524167779455e+05	5.599097217862941761e+04	9.735573941134987399e+06
2.227949190605761978e-02	1.396479648966734530e+06	1.247284375560304034e+05	5.547524795769716002e+04	9.325442611375888810e+06
2.275164226357336353e-02	1.350360642573635560e+06	1.225934633229006431e+05	5.496269002715708484e+04	8.932473795838581398e+06
2.323379850277806913e-02	1.305764674217749387e+06	1.204920809891261597e+05	5.445337539986814954e+04	8.556069146422779188e+06
2.372617266982774559e-02	1.262666327838475117e+06	1.184247011270162329e+05	5.394744955888285767e+04	8.195820980162818916e+06
2.422898130459259780e-02	1.220976416037419112e+06	1.163895268355249864e+05	5.344465822538994689e+04	7.850618311503234319e+06
2.474244553588843265e-02	1.180651061196345137e+06	1.143859177319758601e+05	5.294496064965457481e+04	7.519850458530057222e+06
2.526679117872631872e-02	1.141657784863183508e+06	1.124138613877211465e+05	5.244842448935490393e+04	7.203024335162064061e+06
2.580224883362318075e-02	1.103973954249686562e+06	1.104737337503102608e+05	5.195519090888455685e+04	6.899792857066379860e+06
2.634905398801689475e-02	1.067521233103493927e+06	1.085639607981057925e+05	5.146502633749809320e+04	6.609232296217566356e+06
2.690744711983068457e-02	1.032261822633418022e+06	1.066840523210036336e+05	5.097790884968017781e+04	6.330829954679992981e+06
2.747767380323228384e-02	9.981674752333395882e+05	1.048337929674211482e+05	5.049387177867305581e+04	6.064162650848340243e+06
2.805998481663422514e-02	9.652180158217464341e+05	1.030135029558459646e+05	5.001304702148269280e+04	5.808927498453347012e+06
2.865463625298309350e-02	9.333446826920846943e+05	1.012217176840216707e+05	4.953521323249790294e+04	5.564354621902119368e+06
2.926188963238583740e-02	9.025148995025313925e+05	9.945818659164615383e+04	4.906038939533795201e+04	5.330023233675695956e+06
2.988201201712300387e-02	8.727041211586359423e+05	9.772265271607124305e+04	4.858859749181412190e+04	5.105587449196036905e+06
3.051527612909937445e-02	8.438943197084431304e+05	9.601524855236119765e+04	4.811993376135692961e+04	4.890752687501022592e+06
3.116196046978347151e-02	8.160251880483182613e+05	9.433460337245748087e+04	4.765418307140798424e+04	4.684891104899357073e+06
3.182234944268905880e-02	7.890686423986118753e+05	9.268053195507223427e+04	4.719137287651102088e+04	4.487648488465746865e+06
3.249673347845206950e-02	7.630033544282136718e+05	9.105298359308303043e+04	4.673156299420681898e+04	4.298750782917019911e+06
3.318540916255835471e-02	7.378132016515319701e+05	8.945188906545552891e+04	4.627480942877645430e+04	4.117928927530273795e+06
3.388867936577820428e-02	7.134453251866011415e+05	8.787591497640495072e+04	4.582089374368235440e+04	3.944654690677810926e+06
3.460685337736497946e-02	6.898755062119850190e+05	8.632490494485292584e+04	4.536984646493707260e+04	3.778631001737602986e+06
3.534024704107661952e-02	6.670852193393302150e+05	8.479889947619324084e+04	4.492174256420890015e+04	3.619636264552087989e+06
3.608918289407971741e-02	6.450600219255085103e+05	8.329788398385423352e+04	4.447665054348282138e+04	3.467444099759579170e+06
3.685399030879719234e-02	6.237536219622143544e+05	8.182047210320968588e+04	4.403433067744929576e+04	3.321599779291017912e+06
3.763500563776207147e-02	6.031451234495682875e+05	8.036650857087527402e+04	4.359481102273982106e+04	3.181853822194848675e+06
3.843257236154112161e-02	5.832184433982835617e+05	7.893607319110182289e+04	4.315817429627646925e+04	3.048023492785064504e+06
3.924704123979310538e-02	5.639606228895689128e+05	7.752925565770961111e+04	4.272450811886564770e+04	2.919924473046311177e+06
4.007877046552850431e-02	5.453311550124617061e+05	7.614462704677076545e+04	4.229354949723873142e+04	2.797164407742388546e+06
4.092812582263813392e-02	5.273120017502852716e+05	7.478204987107650959e+04	4.186532808036089409e+04	2.679542412404180039e+06
4.179548084676026898e-02	5.098892072730909567e+05	7.344157438761623052e+04	4.143991877838999062e+04	2.566891280000780243e+06
4.268121698955689575e-02	4.930511248916335753e+05	7.212334617947190418e+04	4.101742290569373290e+04	2.459066860172103625e+06
4.358572378647117967e-02	4.767623420230577467e+05	7.082604475645460479e+04	4.059759038308938034e+04	2.355736024947682396e+06
4.450939902804028347e-02	4.610072790521599236e+05	6.954946636173919251e+04	4.018043415810124861e+04	2.256731177276105154e+06
4.545264893483848267e-02	4.457738311957468395e+05	6.829369181475639925e+04	3.976603809735572577e+04	2.161908148171559907e+06
4.641588833612779463e-02	4.310515157680622651e+05	6.705884661061015504e+04	3.935450002777261398e+04	2.071146090592914261e+06
4.739954085229469011e-02	4.168094024094261695e+05	6.584374486723079463e+04	3.894558724285883363e+04	1.984166621667983010e+06
4.840403908115278181e-02	4.030340270141071524e+05	6.464813206101288233e+04	3.853929418894920673e+04	1.900828058763493085e+06
4.942982478819387543e-02	3.897148953144994448e+05	6.347207196165924688e+04	3.813569844594390452e+04	1.821009035835628631e+06
5.047734910087089966e-02	3.768425573361922870e+05	6.231570182291898527e+04	3.773490341425062797e+04	1.744610015202632872e+06
5.154707270699779992e-02	3.643900256511808839e+05	6.117792582259019400e+04	3.733669098946344457e+04	1.671390727313297102e+06
5.263946605735428386e-02	3.523456543046116713e+05	6.005850546745835163e+04	3.694105750499569695e+04	1.601236961907410296e+06
5.375500957258409762e-02	3.407003551202046219e+05	5.895748753498348378e+04	3.654807616224742378e+04	1.534045668872656533e+06
5.489419385447772554e-02	3.294455924200734007e+05	5.787498354969142383e+04	3.615784223679018032e+04	1.469732659245591378e+06
5.605751990173300781e-02	3.185578443649415276e+05	5.680999056080411538e+04	3.577014817948908603e+04	1.408095587184370263e+06
5.724549933028778848e-02	3.080270310678732931e+05	5.576226221561776038e+04	3.538498309045985661e+04	1.349036797923696460e+06
5.845865459832211286e-02	2.978452888294172008e+05	5.473185747977995925e+04	3.500242580544399243e+04	1.292473272692859871e+06
5.969751923602879817e-02	2.880048880113641499e+05	5.371885664424541756e+04	3.462256099324169190e+04	1.238329971972561674e+06
6.096263808025296355e-02	2.784853600216418272e+05	5.272233689945175138e+04	3.424519166651394335e+04	1.186440872813311405e+06
6.225456751410456124e-02	2.692779696154686972e+05	5.174206853844473517e+04	3.387030885907863558e+04	1.136720746072582202e+06
6.357387571164835327e-02	2.603759203129693633e+05	5.077809800177299621e+04	3.349798666606946790e+04	1.089100880863581086e+06
6.492114288777969811e-02	2.517721960919689736e+05	4.983049155133504973e+04	3.312830726790903282e+04	1.043516769654811011e+06
6.629696155339574737e-02	2.434490130071776512e+05	4.889838069678721513e+04	3.276107826149119501e+04	9.998304722412143601e+05
6.770193677597398374e-02	2.353987920906459622e+05	4.798156765970800916e+04	3.239629709828173509e+04	9.579693833080304321e+05
6.913668644567325106e-02	2.276150422824328416e+05	4.708001614672403230e+04	3.203400042292367652e+04	9.178740455671409145e+05
7.060184154707406512e-02	2.200932535554706701e+05	4.619403724521527329e+04	3.167439540121310347e+04	8.794962511807830306e+05
7.209804643667737378e-02	2.128161279182278959e+05	4.532253284018206614e+04	3.131715383068285519e+04	8.427131077744311187e+05
7.362595912628441819e-02	2.057777055334247998e+05	4.446541817749293841e+04	3.096231759822024105e+04	8.074658788344557397e+05
7.518625157238204015e-02	1.989729397570079600e+05	4.362276145251311391e+04	3.060997223034385752e+04	7.737094393214704469e+05
7.677960997166025092e-02	1.923959777189638116e+05	4.279457593541852111e+04	3.026018967395275467e+04	7.413914165870863944e+05
7.840673506279315086e-02	1.860334985152395384e+05	4.198007739610932185e+04	2.991277523779471812e+04	7.104177260722970823e+05
8.006834243461452560e-02	1.798797628793636977e+05	4.117911758443756116e+04	2.956773276105421974e+04	6.807363109584156191e+05
8.176516284082480102e-02	1.739304376485497341e+05	4.039178438830788946e+04	2.922515097879254608e+04	6.523120944968181429e+05
8.349794252136732986e-02	1.681801444280769792e+05	3.961803008612245321e+04	2.888507663739709824e+04	6.250967510734666139e+05
8.526744353061486981e-02	1.626174062953992398e+05	3.885712118215272494e+04	2.854732322811951235e+04	5.990119828644981608e+05
8.707444407251174745e-02	1.572372119109667838e+05	3.810896384117715206e+04	2.821191467624228972e+04	5.740155762560709845e+05
8.891973884281766105e-02	1.520358398412797251e+05	3.737364972614126600e+04	2.787894310153723927e+04	5.500781714423813391e+05
9.080413937860487561e-02	1.470083625841038593e+05	3.665108105817294563e+04	2.754843628828622604e+04	5.271577889113523997e+05
9.272847441516200717e-02	1.421448927986314520e+05	3.594056699113408831e+04	2.722020980734019395e+04	5.051880673670473043e+05
9.469359025046093781e-02	1.374410547798505577e+05	3.524208348884984298e+04	2.689431820214352047e+04	4.841351015760732116e+05
9.670035111734798239e-02	1.328936521372159477e+05	3.455569710043894156e+04	2.657084089028442759e+04	4.639740204777571489e+05
9.874963956362264872e-02	1.284981822267734096e+05	3.388123656365058559e+04	2.624977108982183563e+04	4.446677286319977138e+05
1.008423568401705106e-01	1.242461280327312124e+05	3.321813026697967143e+04	2.593096266553324313e+04	4.261619497100343578e+05
1.029794232973221257e-01	1.201336691345829895e+05	3.256635836364025818e+04	2.561446745925503274e+04	4.084284637417999329e+05
1.051617787896111378e-01	1.161580590527052555e+05	3.192595473618790493e+04	2.530035080276839290e+04	3.914455278078781557e+05
1.073903830891107247e-01	1.123151938448352448e+05	3.129670791702478164e+04	2.498858235469616920e+04	3.751812674405933358e+05
1.096662163075285135e-01	1.085977374458017730e+05	3.067816891579408912e+04	2.467906034550757977e+04	3.595915920273308293e+05
1.119902793272475605e-01	1.050023543285388878e+05	3.007030473688630445e+04	2.437183142175731700e+04	3.446523976435908698e+05
1.143635942415015677e-01	1.015266840834638715e+05	2.947306734348435566e+04	2.406692411628734772e+04	3.303438106340314844e+05
1.167872048038782751e-01	9.816699438814612222e+04	2.888633713140879263e+04	2.376435035015207541e+04	3.166404847292681807e+05
1.192621768873494831e-01	9.491696698595315684e+04	2.830971640716036927e+04	2.346402390141555588e+04	3.035056584348636097e+05
1.217895989530276418e-01	9.177368974758320837e+04	2.774307959749738438e+04	2.316594197479955619e+04	2.909178099486162537e+05
1.243705825288575900e-01	8.873513366851565661e+04	2.718643424974428126e+04	2.287015749396650426e+04	2.788608813102368731e+05
1.270062626984522769e-01	8.579791114003810799e+04	2.663969346160192435e+04	2.257669755745941802e+04	2.673137361255689757e+05
1.296977986002878502e-01	8.295658106372997281e+04	2.610242463930627491e+04	2.228544315382926652e+04	2.562449867809124698e+05
1.324463739374786009e-01	8.020860111556864285e+04	2.557450589765222321e+04	2.199639020145535687e+04	2.456364465894614696e+05
1.352531974983535168e-01	7.755222642095194897e+04	2.505602220784283418e+04	2.170963744108353058e+04	2.354755417456983996e+05
1.381195036880665805e-01	7.498438826210961270e+04	2.454683497322736730e+04	2.142518133224415214e+04	2.257435558975357562e+05
1.410465530714722360e-01	7.250040127204876626e+04	2.404650114520914212e+04	2.114288324409280540e+04	2.164136889053152408e+05
1.440356329275057634e-01	7.009804603807593230e+04	2.355499372544043945e+04	2.086279170614814939e+04	2.074718966821498761e+05
1.470880578153118678e-01	6.777582155931773013e+04	2.307237472154766510e+04	2.058499229824175563e+04	1.989073724475544877e+05
1.502051701523716420e-01	6.553095278458913526e+04	2.259841619798541069e+04	2.030942304026082638e+04	1.907030282815182873e+05
1.533883408048797858e-01	6.335940548253337329e+04	2.213280317343341449e+04	2.003600763923367049e+04	1.828377093454461428e+05
1.566389696906345663e-01	6.125924231309370225e+04	2.167550603684649468e+04	1.976479261297773701e+04	1.752995798791757552e+05
1.599584863947036695e-01	5.922917128145622701e+04	2.122648917634491227e+04	1.949580394218594301e+04	1.680783746196866268e+05
1.633483507981373095e-01	5.726668726306252211e+04	2.078564075247126675e+04	1.922905433287566120e+04	1.611607640306029934e+05
1.668100537200059019e-01	5.536831687503059220e+04	2.035265161583296140e+04	1.896446033943119983e+04	1.545289176091762492e+05
1.703451175730422984e-01	5.353236895989445475e+04	1.992741930380502890e+04	1.870201761027228349e+04	1.481719829182055837e+05
1.739550970331800450e-01	5.175773127715078590e+04	1.950999956680718242e+04	1.844180441673488167e+04	1.420824503040475538e+05
1.776415797232799298e-01	5.004214546725810214e+04	1.910024550803114107e+04	1.818380586219395627e+04	1.362484857822343765e+05
1.814061869113461622e-01	4.838262137710710522e+04	1.869781967302539852e+04	1.792790675442400607e+04	1.306548335856724734e+05
1.852505742235391883e-01	4.677768283344955125e+04	1.830270911217695175e+04	1.767416441527075222e+04	1.252930277496097842e+05
1.891764323722997243e-01	4.522637183606046892e+04	1.791494195702041543e+04	1.742264314900395402e+04	1.201566840857337520e+05
1.931854878999012814e-01	4.372665545477867272e+04	1.753432646771820509e+04	1.717329560426456010e+04	1.152349988132986909e+05
1.972795039377621684e-01	4.227595971597751486e+04	1.716063581696062829e+04	1.692606860962426072e+04	1.105161810298024066e+05
2.014602809818480389e-01	4.087299619304185762e+04	1.679378027668425057e+04	1.668095888964570986e+04	1.059923714343751199e+05
2.057296576845067948e-01	3.951693924050248461e+04	1.643379972210665437e+04	1.643804146061250867e+04	1.016584929047265323e+05
2.100895116630852322e-01	3.820596138397081813e+04	1.608055520159555635e+04	1.619729843127244021e+04	9.750573501140222652e+04
2.145417603256798977e-01	3.693784737193007459e+04	1.573377332383081557e+04	1.595863833909653658e+04	9.352348931903162156e+04
2.190883617143895290e-01	3.571147172141960618e+04	1.539341957870810256e+04	1.572209432911096519e+04	8.970565969832031988e+04
2.237313153664367560e-01	3.452612344630988810e+04	1.505953210367294923e+04	1.548773699214858607e+04	8.604810037333743821e+04
2.284726631935388719e-01	3.338016151047169114e+04	1.473191669320053370e+04	1.525550579924472368e+04	8.254267199055253877e+04
2.333144903799153069e-01	3.227167925026796729e+04	1.441039190503727878e+04	1.502536712909366543e+04	7.918122523784813529e+04
2.382589262993237145e-01	3.119969441540864864e+04	1.409488011029901827e+04	1.479732043904531383e+04	7.595817250654006784e+04
2.433081454515323150e-01	3.016359358326743313e+04	1.378542443559938511e+04	1.457144445587472546e+04	7.287021560230196337e+04
2.484643684186368384e-01	2.916190517640081089e+04	1.348187094197831175e+04	1.434769809040132532e+04	6.991055549102823716e+04
2.537298628416438939e-01	2.819298824334712845e+04	1.318398683536654607e+04	1.412599390572175434e+04	6.707191059359526844e+04
2.591069444177515613e-01	2.725598559621453387e+04	1.289176394891463497e+04	1.390638787946615412e+04	6.435016167327422590e+04
2.645979779187619951e-01	2.635036763848545525e+04	1.260520515321359562e+04	1.368892501394862484e+04	6.174227033028678852e+04
2.702053782310787078e-01	2.547481625780612740e+04	1.232416707121035142e+04	1.347357697649344300e+04	5.924231252791982843e+04
2.759316114177428059e-01	2.462791927354929794e+04	1.204846057589730663e+04	1.326027844326086233e+04	5.684452908324242162e+04
2.817791958029755572e-01	2.380892869101693213e+04	1.177802962006020061e+04	1.304903698518557940e+04	5.454517461464427470e+04
2.877507030797054055e-01	2.301738690919811052e+04	1.151292707427991263e+04	1.283994320898882870e+04	5.234189706513594865e+04
2.938487594405665426e-01	2.225211462852425393e+04	1.125297365749392702e+04	1.263293029091034259e+04	5.022948946388539480e+04
3.000760467328633108e-01	2.151189657818122214e+04	1.099801883461077159e+04	1.242795854630783469e+04	4.820329112426665961e+04
3.064353036380134121e-01	2.079608006643882982e+04	1.074800680630765055e+04	1.222503545545262932e+04	4.626010827191044518e+04
3.129293268759847368e-01	2.010426950654468965e+04	1.050296875241497037e+04	1.202423175945947150e+04	4.439778680232440820e+04
3.195609724352570513e-01	1.943541077428233621e+04	1.026276541325817016e+04	1.182551172821935324e+04	4.261226298723231594e+04
3.263331568288500573e-01	1.878845815194446914e+04	1.002722006456645431e+04	1.162879881747155014e+04	4.089922856540851353e+04
3.332488583769670498e-01	1.816284212002846107e+04	9.796317571137598861e+03	1.143413597488726191e+04	3.925639373168228485e+04
3.403111185168231634e-01	1.755822042230483930e+04	9.570056010268608588e+03	1.124156255945822704e+04	3.768166207358995598e+04
3.475230431402304698e-01	1.697365180419604076e+04	9.348315207758854740e+03	1.105105822490914397e+04	3.617170020899322117e+04
3.548878039595292910e-01	1.640823645229392059e+04	9.130933930796871209e+03	1.086255229616535689e+04	3.472287925720382918e+04
3.624086399024666338e-01	1.586147748748704544e+04	8.917887596516397025e+03	1.067607343503291122e+04	3.333326185509633069e+04
3.700888585366366446e-01	1.533307849408573929e+04	8.709188913539433997e+03	1.049167646939933002e+04	3.200115757161034708e+04
3.779318375241043637e-01	1.482219984613725137e+04	8.504704895237744495e+03	1.030931853463394873e+04	3.072360065085782844e+04
3.859410261068597081e-01	1.432806729319631631e+04	8.304298957463666738e+03	1.012894628928032580e+04	2.949771764713617085e+04
3.941199466237500504e-01	1.385024731234771025e+04	8.107940580237651375e+03	9.950585125669558693e+03	2.832166915590288409e+04
4.024721960595590287e-01	1.338848307510639279e+04	7.915651838917234272e+03	9.774296140856073180e+03	2.719430988044388505e+04
4.110014476269163164e-01	1.294202620201082755e+04	7.727289795078977477e+03	9.600015861079973547e+03	2.611286260330805089e+04
4.197114523817274123e-01	1.251021052206848071e+04	7.542736707345371542e+03	9.427704061389329581e+03	2.507505047575150820e+04
4.286060408728412652e-01	1.209265783137510334e+04	7.361967580424779953e+03	9.257391826387822221e+03	2.407932130706723547e+04
4.376891248266767120e-01	1.168914537356792971e+04	7.184995459858428148e+03	9.089128740550169823e+03	2.312466532698664741e+04
4.469646988675492483e-01	1.129900671687571776e+04	7.011684704421220886e+03	8.922851947890450901e+03	2.220877145363079399e+04
4.564368422744575216e-01	1.092166868317811713e+04	6.841932087852654149e+03	8.758530511153112457e+03	2.132971208998719521e+04
4.661097207750954374e-01	1.055680135123640139e+04	6.675708320089052904e+03	8.596184539756823142e+03	2.048620633902620830e+04
4.759875883778879602e-01	1.020421131579263420e+04	6.513022549844059540e+03	8.435859968019940425e+03	1.967734024180089909e+04
4.860747892428489703e-01	9.863305658089208009e+03	6.353756229090510715e+03	8.277511181692985701e+03	1.890125512479669123e+04
4.963757595920870180e-01	9.533591198487452857e+03	6.197803996706447833e+03	8.121090637532754954e+03	1.815621812059445438e+04
5.068950296608012440e-01	9.214780153284451444e+03	6.045142232879824405e+03	7.966622377562106522e+03	1.744127585946674299e+04
5.176372256896176749e-01	8.906704436948657531e+03	5.895779684852648643e+03	7.814156673804252932e+03	1.675556735000179106e+04
5.286070719591531297e-01	8.608836978889426973e+03	5.749598567728255148e+03	7.663636362167385414e+03	1.609752439067754312e+04
5.398093928676924724e-01	8.320753421551318752e+03	5.606503674530276840e+03	7.515019234524580497e+03	1.546574631687200235e+04
5.512491150528981976e-01	8.042202754704391737e+03	5.466479220006774085e+03	7.368339924853641605e+03	1.485935539724530645e+04
5.629312695584811621e-01	7.773038748821807530e+03	5.329523487936475249e+03	7.223628939102535696e+03	1.427773725729772559e+04
5.748609940467923618e-01	7.512793254434823211e+03	5.195527798582830656e+03	7.080837290257363748e+03	1.371943773608745505e+04
5.870435350582976497e-01	7.261101118298099209e+03	5.064409548326441836e+03	6.939930896969096466e+03	1.318336776842545623e+04
5.994842503189414806e-01	7.017743408935012667e+03	4.936138428298849249e+03	6.800919595218658287e+03	1.266874122062457718e+04
6.121886110964055439e-01	6.782592794848517769e+03	4.810731872473007570e+03	6.663862355243385537e+03	1.217505241627724354e+04
6.251622046063020077e-01	6.555233785032478409e+03	4.688070234807719316e+03	6.528684106440431606e+03	1.170109057883628338e+04
6.384107364693620834e-01	6.335352152423868574e+03	4.568085641378430410e+03	6.395365199047275382e+03	1.124591382322206118e+04
6.519400332206916060e-01	6.122756960975221773e+03	4.450751658157872953e+03	6.263918931109148616e+03	1.080888077432267164e+04
6.657560448722088520e-01	5.917337207863738513e+03	4.336074347691359435e+03	6.134383494083418555e+03	1.038956999501626706e+04
6.798648475293831428e-01	5.718724438429781003e+03	4.223950076592974256e+03	6.006702139478476056e+03	9.986922181569585518e+03
6.942726460634290886e-01	5.526648223006396620e+03	4.114309174311280003e+03	5.880843727066593601e+03	9.600173979645447616e+03
7.089857768401280902e-01	5.340942051472994535e+03	4.007133286177993796e+03	5.756830267166908925e+03	9.228792091584717127e+03
7.240107105064845783e-01	5.161509049923478415e+03	3.902419839767116628e+03	5.634685307272397949e+03	8.872384667250815255e+03
7.393540548364295750e-01	4.988022732536185686e+03	3.800075336177261306e+03	5.514360722702186649e+03	8.530100854969929060e+03
7.550225576368376768e-01	4.820250334582440701e+03	3.700037745375629129e+03	5.395829806905231635e+03	8.201263066707717371e+03
7.710231097151263313e-01	4.658046652270422783e+03	3.602279959281632273e+03	5.279094505517658035e+03	7.885418826982484461e+03
7.873627479097432547e-01	4.501327059003068825e+03	3.506811947412213158e+03	5.164201168522250555e+03	7.582286290440676567e+03
8.040486581848822478e-01	4.349802473286055829e+03	3.413534471585757274e+03	5.051082226626324882e+03	7.291079749703716516e+03
8.210881787907730045e-01	4.203272522495599333e+03	3.322394481226418065e+03	4.939716734433099191e+03	7.011277343270758138e+03
8.384888034909533383e-01	4.061610596015831561e+03	3.233367623339583588e+03	4.830109666464843031e+03	6.742485414632341417e+03
8.562581848579297050e-01	3.924742664125183182e+03	3.146460797551895666e+03	4.722302162156785016e+03	6.484449119797294770e+03
8.744041376386801900e-01	3.792412983862366218e+03	3.061580245151171312e+03	4.616223922868289264e+03	6.236526978122030414e+03
8.929346421914835519e-01	3.664449030023619798e+03	2.978676826163880378e+03	4.511856516432305398e+03	5.998256613841200306e+03
9.118578479955742333e-01	3.540740397677560850e+03	2.897730685171079131e+03	4.409207872269166728e+03	5.769325295859699509e+03
9.311820772351820930e-01	3.421222276500047428e+03	2.818741920164678049e+03	4.308305513718155453e+03	5.549515449099428224e+03
9.509158284595223831e-01	3.305668576889611813e+03	2.741627257146336433e+03	4.209090918167522432e+03	5.338275502417674943e+03
9.710677803203476843e-01	3.193930717876296967e+03	2.666339638069854118e+03	4.111540489273122148e+03	5.135217344389403479e+03
9.916467953887124764e-01	3.085912434618662701e+03	2.592858491106028396e+03	4.015657811746469179e+03	4.940088149335858361e+03
1.012661924052612461e+00	2.981556928338808575e+03	2.521186011191173748e+03	3.921474721264879918e+03	4.752688857288589134e+03
1.034122408497234025e+00	2.880664472766581639e+03	2.451240909073590501e+03	3.828925350782017631e+03	4.572551184439960707e+03
1.056037686769547568e+00	2.783107075659927887e+03	2.382982994003466047e+03	3.737993236684229942e+03	4.399372357954348445e+03
1.078417396929040706e+00	2.688800803766273475e+03	2.316390975524028363e+03	3.648677748366123069e+03	4.232908993741305494e+03
1.101271381286411888e+00	2.597695824331385666e+03	2.251465864648232582e+03	3.561004969078388058e+03	4.073013089939638121e+03
1.124609690732098155e+00	2.509615842032897945e+03	2.188132386762528768e+03	3.474914921284766933e+03	3.919283181276443429e+03
1.148442589156521310e+00	2.424450567964192487e+03	2.126352179383678049e+03	3.390385433703107537e+03	3.771456835589458024e+03
1.172780557964020254e+00	2.342126802889581086e+03	2.066107384058278967e+03	3.307421189155259526e+03	3.629334121712725391e+03
1.197634300682437924e+00	2.262600802236492200e+03	2.007396269538349543e+03	3.226040863721146252e+03	3.492793674698221821e+03
1.223014747670394531e+00	2.185717067393864909e+03	1.950148220283650289e+03	3.146184349852887408e+03	3.361489058252187533e+03
1.248933060924324545e+00	2.111380516444541172e+03	1.894330103761873943e+03	3.067835385766317813e+03	3.235198629379183330e+03
1.275400638987373769e+00	2.039527348244024779e+03	1.839921585731950699e+03	2.990988178941938713e+03	3.113757298646899926e+03
1.302429121962336289e+00	1.970119076398206744e+03	1.786923218665669765e+03	2.915666840984832106e+03	2.997063839484008895e+03
1.330030396630823342e+00	1.903018684978236479e+03	1.735268128179062842e+03	2.841808889115101010e+03	2.884817709629220190e+03
1.358216601680917401e+00	1.838144161242888231e+03	1.684924808608350304e+03	2.769396440944950882e+03	2.776834205442731673e+03
1.387000133045610317e+00	1.775439869570013343e+03	1.635876838947519218e+03	2.698428224277004574e+03	2.672982255653636457e+03
1.416393649354382722e+00	1.714871967659173379e+03	1.588119877783361517e+03	2.628916860237504352e+03	2.573162311236558253e+03
1.446410077500298819e+00	1.656319785641102271e+03	1.541595289494701319e+03	2.560808759249401191e+03	2.477128768927672809e+03
1.477062618325094778e+00	1.599712555797743562e+03	1.496271728693647447e+03	2.494081462430081956e+03	2.384720343741259057e+03
1.508364752424737887e+00	1.545001755129703952e+03	1.452135142671678750e+03	2.428734466699537734e+03	2.295833496189932248e+03
1.540330246078020826e+00	1.492157611674147120e+03	1.409180907848890001e+03	2.364779457606336564e+03	2.210378556473029221e+03
1.572973157300799230e+00	1.441073932838094834e+03	1.367352965674361258e+03	2.302160337399952823e+03	2.128144899642463770e+03
1.606307842028519950e+00	1.391689615081424108e+03	1.326623933297875737e+03	2.240856946158224218e+03	2.049002982214025451e+03
1.640348960429783842e+00	1.343962344478159821e+03	1.286979367320953088e+03	2.180866918863168394e+03	1.972856224248805347e+03
1.675111483353698638e+00	1.297865889878316011e+03	1.248415597301996513e+03	2.122200055504665670e+03	1.899639643621112555e+03
1.710610698913865635e+00	1.253306900351875811e+03	1.210879251137397887e+03	2.064800497487046414e+03	1.829164805725764836e+03
1.746862219211904321e+00	1.210232571797324226e+03	1.174346902378262939e+03	2.008651816862574606e+03	1.761326871873807704e+03
1.783881987203444153e+00	1.168605990584930623e+03	1.138803515270408752e+03	1.953746338397051204e+03	1.696044594648783459e+03
1.821686283709640364e+00	1.128404047832673996e+03	1.104244593181585515e+03	1.900092056055514604e+03	1.633257975333078321e+03
1.860291734577268707e+00	1.089544744785167495e+03	1.070622473376768994e+03	1.847637150822716421e+03	1.572813557626607462e+03
1.899715317990559260e+00	1.051982405653501019e+03	1.037914317742959611e+03	1.796363277528432718e+03	1.514617154084834056e+03
1.939974371937992492e+00	1.015684827222529407e+03	1.006105770624890852e+03	1.746260994440425065e+03	1.458600587671535322e+03
1.981086601837313665e+00	9.806316584529433840e+02	9.751944665484088546e+02	1.697341652592714581e+03	1.404719409185606082e+03
2.023070088322156401e+00	9.467509147679602393e+02	9.451338846042332307e+02	1.649549820181842279e+03	1.352834900340217246e+03
2.065943295193674256e+00	9.140030563075659984e+02	9.159036172674620957e+02	1.602867799325706301e+03	1.302870761188671167e+03
2.109725077540682392e+00	8.823599827037049863e+02	8.874921689138764123e+02	1.557290937582590686e+03	1.254771051300529962e+03
2.154434690031884259e+00	8.518037563750601748e+02	8.598932700811934637e+02	1.512819607484308563e+03	1.208492554703289443e+03
2.200091795383838367e+00	8.222712616427510284e+02	8.330667425859541027e+02	1.469406862900336137e+03	1.163922560882834205e+03
2.246716473008353532e+00	7.937282219029848420e+02	8.069934100506503682e+02	1.427033990781274724e+03	1.120995541577222639e+03
2.294329227843169949e+00	7.661501048898435329e+02	7.816617022556055190e+02	1.385694356070560389e+03	1.079660505991740820e+03
2.342950999369765697e+00	7.395211170144474409e+02	7.570659806828163028e+02	1.345387585231061848e+03	1.039883495295238163e+03
2.392603170822269476e+00	7.137859592350964704e+02	7.331700879536571165e+02	1.306070612091637940e+03	1.001570079221495007e+03
2.443307578591545681e+00	6.889148803250365063e+02	7.099550199825268919e+02	1.267722191029064106e+03	9.646613903822830025e+02
2.495086521828544068e+00	6.648864524150517354e+02	6.874104353321654344e+02	1.230335486196569036e+03	9.291157180136846137e+02
2.547962772251191943e+00	6.416867828737681521e+02	6.655316829370557343e+02	1.193911531041589114e+03	8.949058135412853972e+02
2.601959584159102334e+00	6.192674647460685264e+02	6.442840736010276714e+02	1.158405488523031181e+03	8.619464037770879941e+02
2.657100704660517732e+00	5.976026348612105039e+02	6.236513759865082420e+02	1.123799542355992571e+03	8.301906925352135431e+02
2.713410384115983121e+00	5.766735686406333343e+02	6.036238259565996032e+02	1.090086080836561450e+03	7.996049886824858959e+02
2.770913386803353973e+00	5.564680523262254610e+02	5.841963230186211149e+02	1.057263801757027977e+03	7.701633328286836786e+02
2.829635001808795014e+00	5.369437620482683542e+02	5.653373707916591684e+02	1.025290570910523684e+03	7.417933454591611735e+02
2.889601054148607684e+00	5.180781709136241489e+02	5.470325712618199532e+02	9.941503985749330923e+02	7.144557367412452322e+02
2.950837916126738403e+00	4.998549050239184339e+02	5.292723276022288701e+02	9.638337654479518051e+02	6.881212926947277992e+02
3.013372518932980082e+00	4.822632447527505519e+02	5.120518153076358203e+02	9.343393121403978512e+02	6.627683633247841044e+02
3.077232364486974792e+00	4.652662235635723960e+02	4.953423153009513840e+02	9.056267319863719649e+02	6.383357097582887718e+02
3.142445537533192557e+00	4.488441801915519704e+02	4.791308261128328922e+02	8.776811074182103312e+02	6.147893212888602648e+02
3.209040717992251324e+00	4.329827840367427711e+02	4.634083779132452605e+02	8.504929115472380090e+02	5.921043716792356690e+02
3.277047193573979555e+00	4.176726419533581520e+02	4.481702532958490224e+02	8.240595691430976331e+02	5.702618985452207880e+02
3.346494872657771680e+00	4.028815108126919426e+02	4.333905181221783778e+02	7.983437576634253219e+02	5.492094769759160044e+02
3.417414297445926952e+00	3.885921861579851679e+02	4.190572552763999283e+02	7.733309554760744504e+02	5.289189790020750479e+02
3.489836657395697816e+00	3.747921143936054591e+02	4.051622188231489190e+02	7.490119218439606357e+02	5.093690505827761967e+02
3.563793802936028321e+00	3.614730813100981095e+02	3.917007829289779011e+02	7.253831287759708175e+02	4.905436497730608494e+02
3.639318259474964901e+00	3.486070061634883928e+02	3.786496341213884875e+02	7.024101084914649391e+02	4.723977706294205063e+02
3.716443241703908829e+00	3.361787908185065703e+02	3.659978088763525648e+02	6.800787951055722260e+02	4.549068043849969172e+02
3.795202668205029717e+00	3.241774243007082532e+02	3.537376902564529928e+02	6.583800357442351014e+02	4.380528822684127590e+02
3.875631176368202979e+00	3.125957418930702829e+02	3.418649144473657202e+02	6.373099469150214418e+02	4.218222143890689608e+02
3.957764137624104617e+00	3.014093322051755877e+02	3.303586541256402711e+02	6.168371002075623437e+02	4.061764631716570761e+02
4.041637673000112230e+00	2.906048988064630976e+02	3.192087475218418717e+02	5.969477227362692702e+02	3.910948320105855487e+02
4.127288669005872102e+00	2.801727776431433199e+02	3.084081402969316628e+02	5.776326987079197579e+02	3.765616577514236383e+02
4.214754793855508552e+00	2.701067224448550519e+02	2.979528795214232559e+02	5.588883632393203698e+02	3.625655575826037307e+02
4.304074514033643162e+00	2.603855708964488826e+02	2.878243136840530383e+02	5.406856660638781022e+02	3.490736543676999872e+02
4.395287111212434539e+00	2.509975631653465484e+02	2.780130669833228581e+02	5.230115171337798756e+02	3.360673488066831283e+02
4.488432699527177050e+00	2.419342035433299145e+02	2.685125891989893603e+02	5.058569685127314415e+02	3.235333792606794532e+02
4.583552243217979161e+00	2.331900605151523393e+02	2.593193632994307904e+02	4.892184513906796610e+02	3.114626211919415937e+02
4.680687574645305382e+00	2.247468433036711133e+02	2.504168786672902627e+02	4.730698507550433192e+02	2.998267617672549932e+02
4.779881412687339015e+00	2.165941012872801252e+02	2.417962156670354830e+02	4.573978298343923825e+02	2.886098076733900371e+02
4.881177381527165515e+00	2.087243570392340075e+02	2.334515526052148005e+02	4.421944714655465987e+02	2.778000585821045547e+02
4.984620029838152888e+00	2.011328860777619525e+02	2.253795998318405225e+02	4.274558837599294634e+02	2.673899011149335934e+02
5.090254850375883322e+00	1.938039534549300811e+02	2.175659913853710066e+02	4.131592512511252266e+02	2.573556740789786090e+02
5.198128299985286915e+00	1.867282160401045701e+02	2.100021743011982664e+02	3.992908338448910399e+02	2.476825918196394696e+02
5.308287820031761584e+00	1.798990840991929474e+02	2.026830164588386083e+02	3.858437995536295944e+02	2.383607049627072172e+02
5.420781857265304815e+00	1.733124414968014548e+02	1.956053809763377842e+02	3.728139729011072632e+02	2.293836844866699209e+02
5.535659885126738011e+00	1.669548368765565556e+02	1.887568215986389930e+02	3.601812288869256236e+02	2.207316357812256911e+02
5.652972425505520704e+00	1.608178584266022710e+02	1.821294773320671254e+02	3.479328298948200882e+02	2.123915494442597947e+02
5.772771070958623518e+00	1.548956917708220544e+02	1.757184754808881451e+02	3.360617279080441335e+02	2.043547756945487208e+02
5.895108507400270703e+00	1.491847333830429534e+02	1.695209733219703025e+02	3.245640116320829520e+02	1.966155356249687429e+02
6.020038537272556667e+00	1.436735872776046676e+02	1.635262930238827437e+02	3.134222035031003770e+02	1.891576305897252155e+02
6.147616103207036886e+00	1.383546167600459853e+02	1.577271986611891919e+02	3.026243879549599569e+02	1.819694778122398304e+02
6.277897312187818990e+00	1.332226851749148011e+02	1.521189768921644259e+02	2.921631438133533152e+02	1.750429801908633465e+02
6.410939460226692255e+00	1.282746113450739358e+02	1.466993046820369386e+02	2.820357298236313568e+02	1.683735029847386784e+02
6.546801057561175696e+00	1.235008629925847856e+02	1.414588084545443678e+02	2.722259928434480685e+02	1.619474261574973752e+02
6.685541854386596761e+00	1.188944400811253672e+02	1.363909928206691120e+02	2.627235065833855288e+02	1.557546027441033232e+02
6.827222867133428963e+00	1.144508017632181236e+02	1.314914639653812856e+02	2.535209922171126777e+02	1.497880156521984816e+02
6.971906405301561804e+00	1.101670943955013513e+02	1.267578699828500532e+02	2.446151810938423239e+02	1.440432327726408346e+02
7.119656098863218929e+00	1.060354999285720794e+02	1.221826565062092129e+02	2.359932963020870602e+02	1.385094341189891338e+02
7.270536926246596643e+00	1.020495283418521382e+02	1.177594864954784697e+02	2.276445931214205416e+02	1.331773587584688414e+02
7.424615242912579127e+00	9.820516198319458567e+01	1.134845578248703220e+02	2.195629252899127266e+02	1.280408614060119703e+02
7.581958810536977289e+00	9.449978828002382159e+01	1.093554108333624555e+02	2.117443255138005611e+02	1.230958537645705491e+02
7.742636826811277295e+00	9.092717944992786272e+01	1.053661191419473084e+02	2.041789902891173938e+02	1.183337036318447701e+02
7.906719955874896399e+00	8.748124266681757888e+01	1.015105422355446763e+02	1.968561632514665689e+02	1.137458806375894085e+02
8.074280359392364659e+00	8.415842177735460439e+01	9.778528019381676017e+01	1.897702538334966960e+02	1.093271759146706046e+02
8.245391728289099831e+00	8.095625671209411678e+01	9.418801565137989940e+01	1.829175998088648782e+02	1.050737349955148261e+02
8.420129315159766037e+00	7.787001870504074930e+01	9.071405360190556166e+01	1.762900930844650134e+02	1.009789464630443234e+02
8.598569967363353328e+00	7.489390666508964500e+01	8.735763013123940368e+01	1.698777575276605205e+02	9.703495180667491127e+01
8.780792160819700598e+00	7.202477506902316406e+01	8.411558089514147696e+01	1.636751690840806646e+02	9.323707527190488520e+01
8.966876034522190508e+00	6.926022669168068546e+01	8.098562102011041475e+01	1.576786254501895996e+02	8.958172479732010629e+01
9.156903425781846906e+00	6.659696749372146485e+01	7.796450765214778755e+01	1.518826097114368565e+02	8.606424367514391349e+01
9.350957906218383187e+00	6.402939214674968582e+01	7.504648677899868403e+01	1.462768739395854425e+02	8.267696893519170942e+01
9.549124818513869073e+00	6.155471677588656121e+01	7.222881219264247932e+01	1.408567572111187189e+02	7.941594679165721971e+01
9.751491313945386707e+00	5.917059615538087769e+01	6.950909249912299970e+01	1.356181418740883373e+02	7.627767638292593233e+01
9.958146390713055851e+00	5.687491043250301459e+01	6.688534812610555491e+01	1.305578388339457945e+02	7.325913177106691876e+01
1.016918093308028581e+01	5.466237800076869746e+01	6.435205276451870304e+01	1.256658365264378290e+02	7.035321340715599092e+01
1.038468775134352740e+01	5.253046319240103657e+01	6.190662406897659764e+01	1.209376520360330005e+02	6.755629178076097219e+01
1.060476162264905220e+01	5.047698569531478796e+01	5.954691108297492974e+01	1.163696611951150146e+02	6.486521502199464351e+01
1.082949933267470577e+01	4.850038580072393302e+01	5.727135191135892711e+01	1.119591666505544083e+02	6.227771379849487943e+01
1.105899971819510696e+01	4.659621428774746477e+01	5.507532866868829302e+01	1.076978741904648302e+02	5.978780086591139309e+01
1.129336371054865928e+01	4.476194995357074191e+01	5.295625450295491277e+01	1.035812462185325558e+02	5.739192229680249113e+01
1.153269438002595848e+01	4.299560436173626243e+01	5.091201169595147036e+01	9.960544033955731891e+01	5.508720767728071621e+01
1.177709698119876869e+01	4.129584364240290029e+01	4.894134677558496094e+01	9.576843049095849381e+01	5.287175703138591842e+01
1.202667899920963279e+01	3.965930330979440299e+01	4.704077788562827322e+01	9.206397615306377702e+01	5.074108767648526452e+01
1.228155019704247053e+01	3.808333358856123851e+01	4.520743769935884870e+01	8.848679548831832165e+01	4.869150034256839632e+01
1.254182266379493349e+01	3.656614143564254249e+01	4.343949331487625898e+01	8.503367994865119783e+01	4.672046298130671715e+01
1.280761086397376225e+01	3.510637540033187776e+01	4.173557960098600006e+01	8.170224671588262311e+01	4.482604253873591205e+01
1.307903168783481007e+01	3.370193755472010366e+01	4.009354541610533573e+01	7.848866685471151072e+01	4.300544377143871344e+01
1.335620450278989146e+01	3.234993398073373783e+01	3.851027727927044708e+01	7.538721742469944331e+01	4.125468108948928858e+01
1.363925120590300821e+01	3.104876166806554494e+01	3.698405778684423950e+01	7.239476717626457969e+01	3.957146214537896611e+01
1.392829627749924271e+01	2.979699921278595909e+01	3.551342327686779043e+01	6.950871005665288749e+01	3.795385316664478381e+01
1.422346683590943783e+01	2.859353636087771022e+01	3.409732774821195989e+01	6.672731952079372775e+01	3.640037121737105252e+01
1.452489269337533528e+01	2.743556427868229619e+01	3.273268419855811828e+01	6.404482243820736187e+01	3.490717882200888766e+01
1.483270641313931115e+01	2.632151398126533692e+01	3.141777280327247368e+01	6.145801412141611308e+01	3.347208708007227784e+01
1.514704336774399174e+01	2.525005927183585186e+01	3.015122124029258543e+01	5.896443245029266222e+01	3.209326099008868027e+01
1.546804179856737527e+01	2.422023120884489344e+01	2.893211946240544918e+01	5.656256799351615427e+01	3.076943428216780063e+01
1.579584287661962527e+01	2.323019384965515854e+01	2.775841483372041552e+01	5.424854478278291481e+01	2.949804307610380150e+01
1.613059076462826624e+01	2.227807128703621586e+01	2.662804249939438606e+01	5.201848657263617781e+01	2.827652354561586634e+01
1.647243268043913034e+01	2.136266488793554075e+01	2.553975877868163380e+01	4.987015783502435085e+01	2.710325949590626493e+01
1.682151896176083383e+01	2.048289099043736528e+01	2.449243576825711344e+01	4.780150536595127164e+01	2.597681674859792622e+01
1.717800313228151410e+01	1.963791007945618006e+01	2.348518335028347082e+01	4.581091568262981895e+01	2.489601232831845579e+01
1.754204196918641045e+01	1.882575850686464136e+01	2.251580614686380599e+01	4.389422306269435126e+01	2.385817977526270894e+01
1.791379557210657580e+01	1.804523268165853978e+01	2.158302093171541003e+01	4.204906997124944468e+01	2.286168376341594310e+01
1.829342743352862044e+01	1.729532076677882912e+01	2.068574127591249479e+01	4.027342581674199806e+01	2.190518597419077906e+01
1.868110451069663469e+01	1.657514289684545261e+01	1.982302106822259447e+01	3.856553895548707089e+01	2.098748094318255397e+01
1.907699729903783492e+01	1.588382717807599143e+01	1.899390606877226162e+01	3.692362571902680202e+01	2.010733530462712793e+01
1.948127990714428748e+01	1.521973237555862823e+01	1.819656566371344297e+01	3.534420841822640114e+01	1.926257331307137832e+01
1.989413013334363711e+01	1.458194389132299129e+01	1.743001061571536425e+01	3.382543360120963172e+01	1.845198568936655548e+01
2.031572954389253738e+01	1.396960059396921494e+01	1.669330522416095874e+01	3.236554122671167022e+01	1.767443676406889352e+01
2.074626355282718393e+01	1.338190722613894401e+01	1.598556218414999996e+01	3.096284920450969835e+01	1.692881330791749406e+01
2.118592150350598402e+01	1.281821876438126928e+01	1.530608922481214051e+01	2.961606639277811581e+01	1.621421205876150751e+01
2.163489675188052530e+01	1.227707321422777653e+01	1.465322656391327349e+01	2.832199590122228017e+01	1.552872134779386215e+01
2.209338675153079734e+01	1.175774101896099033e+01	1.402617628384977344e+01	2.707912059621839163e+01	1.487138111068645685e+01
2.256159314050291798e+01	1.125948249837927406e+01	1.342411101572700183e+01	2.588585264256715845e+01	1.424119401133819629e+01
2.303972182998693796e+01	1.078161551244956762e+01	1.284626370633806580e+01	2.474072445520730668e+01	1.363722308846964992e+01
2.352798309487394945e+01	1.032356950092721171e+01	1.229200138912108997e+01	2.364252455146186449e+01	1.305870022830454680e+01
2.402659166623228870e+01	9.884272363528461725e+00	1.176010430710790899e+01	2.258889008975775781e+01	1.250422976494937899e+01
2.453576682574353285e+01	9.463004296051744646e+00	1.124976503037400732e+01	2.157825952482996357e+01	1.197287729975257164e+01
2.505573250213976877e+01	9.059130004608290321e+00	1.076025909434934569e+01	2.060922517222551775e+01	1.146378504115722130e+01
2.558671736968459953e+01	8.672041877550402234e+00	1.029089113655489207e+01	1.968043045646991374e+01	1.097613193365911677e+01
2.612895494874115698e+01	8.301157406042316111e+00	9.840992725213082437e+00	1.879056786773011467e+01	1.050913992036571898e+01
2.668268370847132687e+01	7.946029126187886149e+00	9.410063154489677117e+00	1.793866524014361374e+01	1.006221946982956972e+01
2.724814717171165412e+01	7.605732654719280283e+00	8.997028997641045578e+00	1.712261650348271758e+01	9.634177475946327007e+00
2.782559402207125743e+01	7.279748936028516582e+00	8.601298727829391311e+00	1.634126071888683285e+01	9.224336180247885153e+00
2.841527821329990999e+01	6.967554416835006315e+00	8.222263398669923617e+00	1.559339325155982081e+01	8.832008479673458368e+00
2.901745908097360527e+01	6.668643950228082318e+00	7.859331824482674200e+00	1.487784090729791586e+01	8.456526544414133539e+00
2.963240145654703639e+01	6.382534891679496170e+00	7.511942254696266197e+00	1.419349182433419898e+01	8.097253238081597360e+00
3.026037578382308624e+01	6.108799024550068957e+00	7.179594392397288694e+00	1.353935123531367957e+01	7.753625583144592603e+00
3.090165823789054755e+01	5.846915844546646035e+00	6.861675910807345069e+00	1.291419556591521278e+01	7.424969499152496155e+00
3.155653084658241525e+01	5.596334662618087208e+00	6.557539725838688938e+00	1.231673733282166161e+01	7.110579942067846382e+00
3.222528161450811979e+01	5.356627040672893969e+00	6.266683355083602081e+00	1.174597332771897307e+01	6.809907133129152967e+00
3.290820464971425707e+01	5.127378401555145793e+00	5.988612651921275898e+00	1.120091192971361416e+01	6.522409079273731258e+00
3.360560029302952501e+01	4.908187681232144328e+00	5.722846431838469528e+00	1.068057911306954821e+01	6.247564043746947959e+00
3.431777525015100849e+01	4.698666843794183201e+00	5.468921665297981960e+00	1.018404203152208254e+01	5.984870291984592861e+00
3.504504272652905428e+01	4.498441191877883938e+00	5.226391221807294762e+00	9.710399348527053220e+00	5.733847902698676613e+00
3.578772256511129513e+01	4.307149386915327227e+00	4.994820274402629323e+00	9.258769605507124467e+00	5.494035258071213512e+00
3.654614138700539883e+01	4.124446318480867291e+00	4.773792170835644555e+00	8.828304564788981068e+00	5.264992406565430549e+00
3.732063273512289925e+01	3.950003078289507474e+00	4.562911769607228329e+00	8.418204874045803976e+00	5.046297755349116620e+00
3.811153722086707774e+01	3.783443945982734480e+00	4.361723082735031731e+00	8.027544473129037073e+00	4.837472951309291780e+00
3.891920267392951160e+01	3.624454204784076872e+00	4.169843625830952583e+00	7.655543722685093755e+00	4.638118594214459378e+00
3.974398429526115706e+01	3.472733660377173237e+00	3.986907518760009150e+00	7.301456556141707743e+00	4.447852487127788024e+00
4.058624481328516254e+01	3.327992965362126299e+00	3.812559406100048509e+00	6.964554475554555424e+00	4.266307263232198110e+00
4.144635464342010778e+01	3.189953335363546749e+00	3.646455411602374852e+00	6.644130230764207390e+00	4.093130481765781425e+00
4.232469205098434628e+01	3.058346344392061322e+00	3.488265258386793466e+00	6.339507209144733757e+00	3.927982488602794753e+00
4.322164331755172384e+01	2.932913714487542567e+00	3.337670484906154034e+00	6.050032316959018885e+00	3.770536399375797210e+00
4.413760291083362119e+01	2.813407092426673639e+00	3.194363211948160419e+00	5.775071424664617759e+00	3.620479635510951422e+00
4.507297365816076251e+01	2.699587805882099900e+00	3.058048329137108112e+00	5.514018810208640708e+00	3.477513678400318220e+00
4.602816692364147144e+01	2.591226593711151160e+00	2.928439940517711726e+00	5.266284167844760944e+00	3.341351249613191410e+00
4.700360278907441369e+01	2.488103307486599913e+00	2.805263210185642730e+00	5.031300162354288119e+00	3.211717245685713262e+00
4.799971023869517950e+01	2.390006585919926874e+00	2.688254486487078765e+00	4.808523465026858901e+00	3.088348533820863384e+00
4.901692734783804895e+01	2.296733506662365532e+00	2.577159451698324055e+00	4.597427998590979392e+00	2.970992362430332268e+00
5.005570147559598126e+01	2.208089267981272474e+00	2.471734131834738779e+00	4.397511297618943438e+00	2.859406403371287375e+00
5.111648946156338980e+01	2.123893108267077334e+00	2.371751219752193052e+00	4.208303170402361459e+00	2.753365760869265433e+00
5.219975782674825382e+01	2.044006913325311370e+00	2.277032906428119841e+00	4.029428115711541913e+00	2.652698146758495579e+00
5.330598297874255564e+01	1.968248046687037345e+00	2.187350148655805349e+00	3.860414740008254686e+00	2.557178274406968654e+00
5.443565142123959077e+01	1.896447964434788025e+00	2.102489793377046556e+00	3.700822417989515056e+00	2.466597595508016383e+00
5.558925996799251124e+01	1.828446984489486837e+00	2.022249824647242455e+00	3.550233785691112143e+00	2.380759376426782925e+00
5.676731596130657209e+01	1.764091991972186690e+00	1.946434805856851025e+00	3.408242920505867080e+00	2.299474822977397359e+00
5.797033749516177181e+01	1.703235477956758448e+00	1.874857111928570630e+00	3.274461568151444180e+00	2.222562492459181804e+00
5.919885364306400533e+01	1.645797123738518275e+00	1.807411387561101757e+00	3.148664011589530798e+00	2.149924771375860910e+00
6.045340469072480261e+01	1.591693047151463869e+00	1.743987101916105509e+00	3.030613609168911537e+00	2.081459374613870317e+00
6.173454237367209885e+01	1.540749940041324928e+00	1.684364764714104901e+00	2.919861198974664340e+00	2.016952937617351171e+00
6.304283011989645757e+01	1.492829391113632109e+00	1.628367529467134034e+00	2.816042039902474148e+00	1.956235826208907014e+00
6.437884329763940627e+01	1.447920617473306137e+00	1.575974423801252966e+00	2.719096832573897782e+00	1.899297705739459552e+00
6.574316946843353549e+01	1.405939606064977809e+00	1.527075375047328709e+00	2.628792502131692466e+00	1.846037376852220246e+00
6.713640864550379206e+01	1.366708733484951699e+00	1.481446349982991295e+00	2.544674762949042712e+00	1.796236742109294404e+00
6.855917355764610477e+01	1.330277241021998291e+00	1.439139298804110956e+00	2.466827103801048082e+00	1.749960558664522825e+00
7.001208991869765441e+01	1.296533506323966023e+00	1.400009713140413448e+00	2.394949496959794200e+00	1.707072912083025473e+00
7.149579670271769771e+01	1.265393315871350177e+00	1.363947093554974233e+00	2.328809972238429449e+00	1.667472449201895524e+00
7.301094642500031284e+01	1.236909357456682290e+00	1.331007117385009098e+00	2.268498516957197619e+00	1.631228641086920339e+00
7.455820542904223203e+01	1.210948140982631260e+00	1.301019283497257373e+00	2.213666717736599399e+00	1.598178927691768614e+00
7.613825417959219521e+01	1.187586781573654715e+00	1.274068511814676175e+00	2.164461003502837322e+00	1.568423597165524708e+00
7.775178756191070306e+01	1.166770607763169654e+00	1.250079362413972328e+00	2.120716619908371570e+00	1.541898369453502005e+00
7.939951518737163383e+01	1.148489026279132963e+00	1.229029565683065872e+00	2.082371159199774002e+00	1.518594155222136699e+00
8.108216170554010205e+01	1.132870554061784052e+00	1.211065334134231009e+00	2.049687603239696454e+00	1.498675709856429394e+00
8.280046712286477373e+01	1.119867836582131737e+00	1.196119496557408457e+00	2.022516291299019997e+00	1.482088490524079871e+00
8.455518712812224180e+01	1.109555419146980526e+00	1.184272168879961562e+00	2.000990891339403444e+00	1.468930271657599151e+00
8.634709342475994731e+01	1.102044260171737955e+00	1.175646948529470270e+00	1.985327946389503939e+00	1.459344480500979424e+00
8.817697407028136070e+01	1.097458753343555138e+00	1.170383182362716212e+00	1.975773168415312364e+00	1.453491539521687193e+00
9.004563382282356088e+01	1.095944760517431726e+00	1.168645604561474594e+00	1.972619873934579271e+00	1.451558910913858691e+00
9.195389449507966617e+01	1.097684330288732024e+00	1.170642088202063169e+00	1.976243055254828906e+00	1.453779485380683578e+00
9.390259531572145590e+01	1.102910364882787819e+00	1.176641329717031503e+00	1.987133300180590201e+00	1.460449897048740064e+00
9.589259329848152902e+01	1.111906251310972982e+00	1.186972388221501307e+00	2.005895827452449431e+00	1.471930084399359018e+00
9.792476361905691817e+01	1.125001057153903083e+00	1.202018834967231387e+00	2.033239160511629340e+00	1.488637271225546677e+00
