# Data associated with arXiv:2208.14002
# 
# Scale-free gravitational potential, Phi(r), of a nfw1-3rhos8e6 dark matter distribution (see Eq. 2.8 and the surrounding discussion)
# 
# Published: 8/25/22, Jack Runburg and Kenny Kiriu, contact: runburg@hawaii.edu
# 
# 
# -----------------------------------------------------------------
# 
# 	 tilde r 		 | 		 tilde Phi
# 
# -----------------------------------------------------------------
1.000000000000000082e-05	2.657368327459346327e-04
1.016902569856036418e-05	2.688730436243690763e-04
1.034090836579813217e-05	2.720462674146819412e-04
1.051569629182590727e-05	2.752569409293227198e-04
1.069343858298338107e-05	2.785055061354913377e-04
1.087418517563349352e-05	2.817924102159595099e-04
1.105798685019213608e-05	2.851181056306134175e-04
1.124489524539464294e-05	2.884830501787174865e-04
1.143496287280373749e-05	2.918877070619174847e-04
1.162824313156251011e-05	2.953325449479831527e-04
1.182479032339672186e-05	2.988180380353035962e-04
1.202465966787094358e-05	3.023446661181451982e-04
1.222790731790219642e-05	3.059129146526754113e-04
1.243459037553620304e-05	3.095232748237710784e-04
1.264476690798990365e-05	3.131762436126065124e-04
1.285849596396550032e-05	3.168723238650478962e-04
1.307583759024001738e-05	3.206120243608477161e-04
1.329685284853523648e-05	3.243958598836563581e-04
1.352160383267306994e-05	3.282243512918632273e-04
1.375015368602047702e-05	3.320980255902676072e-04
1.398256661922970337e-05	3.360174160026007262e-04
1.421890792827791775e-05	3.399830620448967004e-04
1.445924401281218556e-05	3.439955095997353912e-04
1.470364239480425140e-05	3.480553109913562572e-04
1.495217173752060936e-05	3.521630250616575655e-04
1.520490186481353606e-05	3.563192172470973883e-04
1.546190378073772831e-05	3.605244596564937277e-04
1.572324968949899453e-05	3.647793311497499538e-04
1.598901301573965207e-05	3.690844174175005130e-04
1.625926842516730133e-05	3.734403110617046627e-04
1.653409184553174079e-05	3.778476116771808599e-04
1.681356048795696318e-05	3.823069259341123783e-04
1.709775286863338809e-05	3.868188676615191661e-04
1.738674883087671066e-05	3.913840579317135089e-04
1.768062956756000055e-05	3.960031251457590135e-04
1.797947764392438726e-05	4.006767051199266777e-04
1.828337702077590442e-05	4.054054411731812784e-04
1.859241307807381921e-05	4.101899842156879385e-04
1.890667263891824960e-05	4.150309928383738405e-04
1.922624399394281931e-05	4.199291334035370072e-04
1.955121692611963820e-05	4.248850801365260045e-04
1.988168273598394005e-05	4.298995152185044956e-04
2.021773426728446277e-05	4.349731288803015700e-04
2.055946593306806188e-05	4.401066194973778795e-04
2.090697374220454717e-05	4.453006936859019963e-04
2.126035532636048084e-05	4.505560663999679492e-04
2.161970996742848953e-05	4.558734610299527978e-04
2.198513862542019826e-05	4.612536095020347907e-04
2.235674396683105304e-05	4.666972523788895637e-04
2.273463039348393747e-05	4.722051389615643247e-04
2.311890407186101566e-05	4.777780273925637949e-04
2.350967296293065580e-05	4.834166847601400509e-04
2.390704685247916156e-05	4.891218872038219324e-04
2.431113738195477895e-05	4.948944200211825026e-04
2.472205807983296721e-05	5.007350777758633143e-04
2.513992439351238667e-05	5.066446644068797701e-04
2.556485372174920653e-05	5.126239933392048647e-04
2.599696544764047972e-05	5.186738875956668727e-04
2.643638097216418787e-05	5.247951799101539328e-04
2.688322374828698802e-05	5.309887128421656452e-04
2.733761931564792142e-05	5.372553388927049601e-04
2.779969533582839453e-05	5.435959206215378947e-04
2.826958162821882354e-05	5.500113307658408132e-04
2.874741020649071774e-05	5.565024523602370024e-04
2.923331531568612113e-05	5.630701788582570229e-04
2.972743346993304866e-05	5.697154142552208816e-04
3.022990349079926684e-05	5.764390732125778067e-04
3.074086654629380722e-05	5.832420811837051413e-04
3.126046619052763072e-05	5.901253745411867398e-04
3.178884840404535552e-05	5.970899007056031755e-04
3.232616163483768439e-05	6.041366182758231345e-04
3.287255684004812447e-05	6.112664971608460862e-04
3.342818752838356790e-05	6.184805187131827862e-04
3.399320980324275641e-05	6.257796758638224004e-04
3.456778240657304527e-05	6.331649732587780110e-04
3.515206676346841592e-05	6.406374273972436804e-04
3.574622702752206616e-05	6.481980667713860582e-04
3.635043012694450139e-05	6.558479320077696640e-04
3.696484581146223093e-05	6.635880760104635517e-04
3.758964670000808795e-05	6.714195641058174268e-04
3.822500832921870388e-05	6.793434741889588279e-04
3.887110920275097572e-05	6.873608968720048640e-04
3.952813084143210176e-05	6.954729356340206030e-04
4.019625783425803943e-05	7.036807069727527312e-04
4.087567789025284005e-05	7.119853405581361020e-04
4.156658189120576708e-05	7.203879793876230434e-04
4.226916394529853092e-05	7.288897799433274047e-04
4.298362144164019741e-05	7.374919123510329964e-04
4.371015510572303796e-05	7.461955605410651232e-04
4.444896905581571312e-05	7.550019224110549173e-04
4.520027086031053377e-05	7.639122099906331181e-04
4.596427159603870473e-05	7.729276496080452743e-04
4.674118590757267352e-05	7.820494820587451821e-04
4.753123206752940771e-05	7.912789627759596192e-04
4.833463203789430644e-05	8.006173620032720805e-04
4.915161153238073493e-05	8.100659649692320196e-04
4.998240007984356624e-05	8.196260720640164863e-04
5.082723108876559525e-05	8.292989990181849234e-04
5.168634191283236288e-05	8.390860770835184513e-04
5.255997391761710167e-05	8.489886532160082584e-04
5.344837254839108326e-05	8.590080902609790016e-04
5.435178739908172257e-05	8.691457671404061993e-04
5.527047228239525742e-05	8.794030790424297835e-04
5.620468530112457639e-05	8.897814376130943866e-04
5.715468892066349253e-05	9.002822711503610320e-04
5.812075004274504757e-05	9.109070248003830724e-04
5.910314008042789533e-05	9.216571607561065485e-04
6.010213503434844385e-05	9.325341584581988731e-04
6.111801557026345553e-05	9.435395147983432432e-04
6.215106709790228898e-05	9.546747443249278386e-04
6.320157985115178797e-05	9.659413794511463938e-04
6.426984896959787321e-05	9.773409706655624037e-04
6.535617458144342038e-05	9.888750867451294793e-04
6.646086188782971240e-05	1.000545314970738113e-03
6.758422124858115099e-05	1.012353261345278442e-03
6.872656826940111863e-05	1.024300550814283631e-03
6.988822389054047174e-05	1.036388827489160593e-03
7.106951447696465861e-05	1.048619754873037976e-03
7.227077191004629639e-05	1.060995016089291698e-03
7.349233368080552791e-05	1.073516314112728937e-03
7.473454298472863809e-05	1.086185372003519931e-03
7.599774881818697982e-05	1.099003933143849823e-03
7.728230607648789517e-05	1.111973761477381625e-03
7.858857565358148443e-05	1.125096641751512951e-03
7.991692454345255051e-05	1.138374379762482902e-03
8.126772594322802224e-05	1.151808802603377681e-03
8.264135935802465773e-05	1.165401758915020174e-03
8.403821070757165439e-05	1.179155119139842396e-03
8.545867243463269578e-05	1.193070775778707834e-03
8.690314361526321394e-05	1.207150643650778659e-03
8.837203007092955202e-05	1.221396660156422176e-03
8.986574448252320402e-05	1.235810785543199879e-03
9.138470650630395851e-05	1.250395003175003728e-03
9.292934289180014931e-05	1.265151319804325766e-03
9.450008760170456993e-05	1.280081765847752157e-03
9.609738193379394305e-05	1.295188395664666030e-03
9.772167464491231779e-05	1.310473287839251499e-03
9.937342207704681467e-05	1.325938545465780646e-03
1.010530882855375953e-04	1.341586296437276716e-03
1.027611451694522251e-04	1.357418693737544400e-03
1.044980726041651943e-04	1.373437915736639651e-03
1.062643585761784858e-04	1.389646166489811110e-03
1.080604993202192510e-04	1.406045676039933533e-03
1.098869994586575572e-04	1.422638700723514310e-03
1.117443721432778697e-04	1.439427523480267448e-03
1.136331391994486811e-04	1.456414454166337410e-03
1.155538312727281931e-04	1.473601829871188425e-03
1.175069879779481330e-04	1.490992015238213481e-03
1.194931580508180820e-04	1.508587402789109827e-03
1.215128995020904455e-04	1.526390413252041826e-03
1.235667797743341897e-04	1.544403495893680901e-03
1.256553759013554958e-04	1.562629128855107848e-03
1.277792746703147969e-04	1.581069819491676392e-03
1.299390727865835948e-04	1.599728104716850556e-03
1.321353770413874452e-04	1.618606551350074401e-03
1.343688044822834680e-04	1.637707756468725732e-03
1.366399825865173903e-04	1.657034347764177202e-03
1.389495494373137348e-04	1.676588983902055005e-03
1.412981539031428761e-04	1.696374354886695610e-03
1.436864558200198782e-04	1.716393182429884218e-03
1.461151261768842277e-04	1.736648220323913118e-03
1.485848473041125864e-04	1.757142254819001135e-03
1.510963130652191798e-04	1.777878105005148337e-03
1.536502290517936125e-04	1.798858623198434665e-03
1.562473127817378576e-04	1.820086695331880888e-03
1.588882939008491742e-04	1.841565241350841091e-03
1.615739143878149021e-04	1.863297215613065683e-03
1.643049287626683534e-04	1.885285607293406317e-03
1.670821042987704773e-04	1.907533440793290642e-03
1.699062212383743503e-04	1.930043776154962993e-03
1.727780730118311508e-04	1.952819709480582092e-03
1.756984664605053779e-04	1.975864373356229966e-03
1.786682220634525510e-04	1.999180937280848561e-03
1.816881741679340619e-04	2.022772608100232867e-03
1.847591712238235014e-04	2.046642630446057331e-03
1.878820760219775598e-04	2.070794287180063083e-03
1.910577659366365815e-04	2.095230899843430247e-03
1.942871331719188508e-04	2.119955829111378701e-03
1.975710850124866975e-04	2.144972475253125680e-03
2.009105440784431595e-04	2.170284278597155950e-03
2.043064485845435532e-04	2.195894720001989337e-03
2.077597526037827484e-04	2.221807321332391807e-03
2.112714263354412516e-04	2.248025645941179301e-03
2.148424563776607336e-04	2.274553299156629061e-03
2.184738460046266035e-04	2.301393928775586923e-03
2.221666154484372088e-04	2.328551225562332152e-03
2.259218021857336319e-04	2.356028923753237126e-03
2.297404612291798821e-04	2.383830801567352834e-03
2.336236654238643619e-04	2.411960681722911514e-03
2.375725057487147664e-04	2.440422431959873937e-03
2.415880916230062926e-04	2.469219965568555161e-03
2.456715512180506823e-04	2.498357241924415491e-03
2.498240317741551374e-04	2.527838267029092981e-03
2.540466999229345113e-04	2.557667094057704347e-03
2.583407420150777146e-04	2.587847823912567836e-03
2.627073644536481322e-04	2.618384605783333294e-03
2.671477940330213769e-04	2.649281637713648673e-03
2.716632782835508839e-04	2.680543167174425419e-03
2.762550858220584886e-04	2.712173491643760873e-03
2.809245067082517420e-04	2.744176959193626950e-03
2.856728528071605542e-04	2.776557969083345064e-03
2.905014581577071149e-04	2.809320972360012953e-03
2.954116793474984839e-04	2.842470472465859991e-03
3.004048958939589458e-04	2.876011025852693182e-03
3.054825106319022541e-04	2.909947242603465063e-03
3.106459501076553839e-04	2.944283787061069326e-03
3.158966649798455200e-04	2.979025378464437903e-03
3.212361304269563162e-04	3.014176791592000203e-03
3.266658465617811426e-04	3.049742857412649378e-03
3.321873388528732334e-04	3.085728463744222532e-03
3.378021585531251671e-04	3.122138555919638878e-03
3.435118831355896260e-04	3.158978137460749600e-03
3.493181167366675791e-04	3.196252270760009586e-03
3.552224906067888996e-04	3.233966077770044755e-03
3.612266635687054364e-04	3.272124740701183501e-03
3.673323224835388411e-04	3.310733502727116178e-03
3.735411827246973185e-04	3.349797668698662693e-03
3.798549886598084251e-04	3.389322605865850279e-03
3.862755141407951480e-04	3.429313744608310146e-03
3.928045630022363724e-04	3.469776579174135237e-03
3.994439695681523583e-04	3.510716668427293647e-03
4.061955991673505371e-04	3.552139636603628050e-03
4.130613486574917070e-04	3.594051174075662321e-03
4.200431469580040238e-04	3.636457038126171114e-03
4.271429555920115370e-04	3.679363053730717089e-03
4.343627692374198417e-04	3.722775114349211305e-03
4.417046162873167637e-04	3.766699182726588723e-03
4.491705594198478857e-04	3.811141291702751458e-03
4.567626961777168084e-04	3.856107545031770695e-03
4.644831595574927248e-04	3.901604118210644755e-03
4.723341186088662533e-04	3.947637259317482786e-03
4.803177790440425624e-04	3.994213289859393362e-03
4.884363838574312710e-04	4.041338605630126132e-03
4.966922139558113680e-04	4.089019677577572336e-03
5.050875887991499369e-04	4.137263052681241712e-03
5.136248670522445235e-04	4.186075354839788668e-03
5.223064472473935762e-04	4.235463285768801059e-03
5.311347684582509721e-04	4.285433625908802169e-03
5.401123109850867847e-04	4.335993235343765101e-03
5.492415970516181150e-04	4.387149054730088427e-03
5.585251915136241153e-04	4.438908106236249054e-03
5.679657025795404723e-04	4.491277494493239875e-03
5.775657825432239500e-04	4.544264407555828611e-03
5.873281285291183634e-04	4.597876117874906757e-03
5.972554832499969713e-04	4.652119983280862681e-03
6.073506357775315233e-04	4.707003447978286813e-03
6.176164223258701069e-04	4.762534043551975085e-03
6.280557270484683893e-04	4.818719389984448334e-03
6.386714828483902292e-04	4.875567196685104757e-03
6.494666722022935214e-04	4.933085263531040987e-03
6.604443279983617009e-04	4.991281481919845366e-03
6.716075343883770371e-04	5.050163835834259318e-03
6.829594276542177208e-04	5.109740402919085017e-03
6.945031970889825731e-04	5.170019355570241310e-03
7.062420858930204982e-04	5.231008962036268889e-03
7.181793920851009278e-04	5.292717587532328946e-03
7.303184694289851413e-04	5.355153695366846218e-03
7.426627283756636558e-04	5.418325848080962973e-03
7.552156370215079703e-04	5.482242708600867237e-03
7.679807220826359018e-04	5.546913041403248555e-03
7.809615698857278474e-04	5.612345713693877788e-03
7.941618273756021005e-04	5.678549696599576382e-03
8.075852031398165869e-04	5.745534066373646220e-03
8.212354684505887787e-04	5.813308005614910116e-03
8.351164583243314002e-04	5.881880804500552902e-03
8.492320725990840828e-04	5.951261862032791727e-03
8.635862770301777234e-04	6.021460687299720789e-03
8.781831044043956558e-04	6.092486900750227266e-03
8.930266556729828109e-04	6.164350235483351433e-03
9.081211011037989590e-04	6.237060538552105689e-03
9.234706814529467173e-04	6.310627772281937262e-03
9.390797091562086895e-04	6.385062015604025393e-03
9.549525695406079406e-04	6.460373465403465056e-03
9.710937220564705170e-04	6.536572437882658126e-03
9.875077015302894702e-04	6.613669369939859100e-03
1.004199119438780371e-03	6.691674820563225760e-03
1.021172665204465608e-03	6.770599472240384359e-03
1.038433107513160114e-03	6.850454132383779031e-03
1.055985295653722377e-03	6.931249734771877460e-03
1.073834160880457900e-03	7.012997341006466968e-03
1.091984717798539194e-03	7.095708141986126899e-03
1.110442065772854507e-03	7.179393459396123632e-03
1.129211390360662605e-03	7.264064747214827970e-03
1.148297964768467102e-03	7.349733593236857862e-03
1.167707151333511727e-03	7.436411720613074830e-03
1.187444403030319794e-03	7.524110989407651814e-03
1.207515265002700490e-03	7.612843398172366820e-03
1.227925376121640280e-03	7.702621085538219510e-03
1.248680470569537605e-03	7.793456331824691677e-03
1.269786379451208914e-03	7.885361560666633365e-03
1.291249032432127903e-03	7.978349340659112929e-03
1.313074459404352896e-03	8.072432387020407954e-03
1.335268792180613557e-03	8.167623563273060730e-03
1.357838266217031810e-03	8.263935882943601943e-03
1.380789222364966172e-03	8.361382511280627747e-03
1.404128108652453718e-03	8.459976766991729805e-03
1.427861482095777682e-03	8.559732123999604439e-03
1.451996010541646868e-03	8.660662213217000874e-03
1.476538474540514635e-03	8.762780824341129607e-03
1.501495769251562883e-03	8.866101907667576013e-03
1.526874906379880551e-03	8.970639575867930468e-03
1.552683016146397385e-03	9.076408106055292371e-03
1.578927349291094897e-03	9.183421941354878368e-03
1.605615279110095620e-03	9.291695692990634484e-03
1.632754303527175332e-03	9.401244142153169017e-03
1.660352047200289172e-03	9.512082241934586777e-03
1.688416263663707062e-03	9.624225119283893667e-03
1.716954837506350865e-03	9.737688076983457355e-03
1.745975786586963620e-03	9.852486595646985437e-03
1.775487264286699802e-03	9.968636335738230089e-03
1.805497561799810540e-03	1.008615313961172023e-02
1.836015110463037458e-03	1.020505303357504591e-02
1.867048484124379315e-03	1.032535222997310077e-02
1.898606401551900620e-03	1.044706712929432436e-02
1.930697728883249645e-03	1.057021432229948883e-02
1.963331482116591892e-03	1.069481059217274911e-02
1.996516829643624896e-03	1.082087291669544572e-02
2.030263094825430960e-03	1.094841847044281287e-02
2.064579758611852570e-03	1.107746462700368549e-02
2.099476462205150749e-03	1.120802896122365284e-02
2.134963009768679927e-03	1.134012925147121799e-02
2.171049371181348660e-03	1.147378348192811155e-02
2.207745684838647703e-03	1.160900984490324632e-02
2.245062260500998302e-03	1.174582674317033344e-02
2.283009582190270292e-03	1.188425279233030173e-02
2.321598311135244109e-03	1.202430682319766651e-02
2.360839288766866315e-03	1.216600788421179184e-02
2.400743539764126078e-03	1.230937524387248037e-02
2.441322275151419988e-03	1.245442839320106028e-02
2.482586895448264750e-03	1.260118704822636888e-02
2.524548993872262424e-03	1.274967115249583428e-02
2.567220359596177753e-03	1.289990087961251190e-02
2.610612981060093842e-03	1.305189663579766311e-02
2.654739049339540410e-03	1.320567906247889674e-02
2.699610961570552640e-03	1.336126903890494551e-02
2.745241324432623389e-03	1.351868768478625867e-02
2.791642957690524101e-03	1.367795636296218094e-02
2.838828897796003177e-03	1.383909668209476647e-02
2.886812401550338004e-03	1.400213049938924849e-02
2.935606949828818354e-03	1.416707992328491289e-02
2.985226251368169013e-03	1.433396731644519945e-02
3.035684246617996723e-03	1.450281529825115170e-02
3.086995111657330013e-03	1.467364674782772882e-02
3.139173262177360861e-03	1.484648480685349034e-02
3.192233357531519197e-03	1.502135288244546216e-02
3.246190304853968818e-03	1.519827465007189335e-02
3.301059263247754609e-03	1.537727405649321616e-02
3.356855648043719550e-03	1.555837532273103563e-02
3.413595135131412741e-03	1.574160294706586014e-02
3.471293665363201029e-03	1.592698170806319119e-02
3.529967449032819348e-03	1.611453666762832637e-02
3.589632970429635240e-03	1.630429317409018419e-02
3.650306992469857896e-03	1.649627686531389067e-02
3.712006561406061729e-03	1.669051367184269663e-02
3.774749011616297320e-03	1.688702982006905912e-02
3.838551970474150202e-03	1.708585183543508135e-02
3.903433363301120080e-03	1.728700654566255393e-02
3.969411418402700453e-03	1.749052108401250374e-02
4.036504672189604979e-03	1.769642289257456966e-02
4.104731974385511864e-03	1.790473972558614263e-02
4.174112493322873658e-03	1.811549965278148530e-02
4.244665721328222743e-03	1.832873106277087272e-02
4.316411480198500787e-03	1.854446266644983396e-02
4.389369926769958255e-03	1.876272350043867165e-02
4.463561558581177410e-03	1.898354293055210668e-02
4.539007219631814756e-03	1.920695065529942971e-02
4.615728106238700494e-03	1.943297670941503130e-02
4.693745772990876204e-03	1.966165146741925135e-02
4.773082138805334954e-03	1.989300564720992287e-02
4.853759493085097083e-03	2.012707031368436705e-02
4.935800501981372872e-03	2.036387688239199925e-02
5.019228214761578891e-03	2.060345712321749040e-02
5.104066070284974874e-03	2.084584316409458793e-02
5.190337903587798063e-03	2.109106749475061354e-02
5.278067952579629761e-03	2.133916297048134639e-02
5.367280864853020243e-03	2.159016281595677739e-02
5.458001704608171807e-03	2.184410062905726632e-02
5.550255959694683563e-03	2.210101038474024393e-02
5.644069548772311269e-03	2.236092643893747983e-02
5.739468828592763153e-03	2.262388353242677716e-02
5.836480601404602127e-03	2.288991679500253229e-02
5.935132122483251921e-03	2.315906174915952770e-02
6.035451107788337120e-03	2.343135431430569057e-02
6.137465741750428375e-03	2.370683081076397844e-02
6.241204685189401941e-03	2.398552796385065855e-02
6.346697083366644419e-03	2.426748290798355981e-02
6.453972574173352621e-03	2.455273319081984276e-02
6.563061296457267831e-03	2.484131677742335703e-02
6.673993898490092683e-03	2.513327205446309887e-02
6.786801546578089504e-03	2.542863783443136128e-02
6.901515933818189001e-03	2.572745335990898885e-02
7.018169289002107285e-03	2.602975830784172093e-02
7.136794385670962304e-03	2.633559279385318252e-02
7.257424551322942327e-03	2.664499737658468717e-02
7.380093676776592997e-03	2.695801306206245529e-02
7.504836225692410046e-03	2.727468130809268185e-02
7.631687244255296390e-03	2.759504402868345752e-02
7.760682371020751966e-03	2.791914359849370642e-02
7.891857846927448697e-03	2.824702285730848125e-02
8.025250525479058969e-03	2.857872511454032788e-02
8.160897883098169533e-03	2.891429415375616763e-02
8.298838029655216872e-03	2.925377423722945458e-02
8.439109719175405186e-03	2.959721011051703876e-02
8.581752360726531761e-03	2.994464700706005872e-02
8.726806029490927208e-03	3.029613065280872472e-02
8.874311478024487360e-03	3.065170727087011132e-02
9.024310147706032098e-03	3.101142358617855338e-02
9.176844180380181251e-03	3.137532683018789958e-02
9.331956430197019259e-03	3.174346474558524533e-02
9.489690475651922641e-03	3.211588559102515616e-02
9.650090631828802876e-03	3.249263814588389948e-02
9.813201962850383320e-03	3.287377171503286233e-02
9.979070294538865127e-03	3.325933613363048214e-02
1.014774222729061814e-02	3.364938177193182306e-02
1.031926514916845991e-02	3.404395954011493058e-02
1.049368724921524200e-02	3.444312089312317332e-02
1.067105753099251327e-02	3.484691783552274630e-02
1.085142582634790812e-02	3.525540292703504414e-02
1.103484280941536416e-02	3.566862928989003589e-02
1.122136001085190064e-02	3.608665060196860480e-02
1.141102983231507065e-02	3.650952111684985929e-02
1.160390556118510476e-02	3.693729565414996530e-02
1.180004138553588516e-02	3.737002963078621398e-02
1.199949240935904021e-02	3.780777902261126672e-02
1.220231466804522213e-02	3.825060042183719283e-02
1.240856514412720830e-02	3.869855098480115552e-02
1.261830178328901021e-02	3.915168849841416804e-02
1.283158351064561664e-02	3.961007131971035905e-02
1.304847024729788307e-02	4.007375844006577648e-02
1.326902292716726148e-02	4.054280946624459064e-02
1.349330351411505598e-02	4.101728459381517866e-02
1.372137501935110325e-02	4.149724468168946440e-02
1.395330151913657356e-02	4.198275117664816009e-02
1.418914817278613301e-02	4.247386618935566210e-02
1.442898124097431733e-02	4.297065247014970890e-02
1.467286810435134044e-02	4.347317337940231202e-02
1.492087728247356443e-02	4.398149295824251709e-02
1.517307845305392207e-02	4.449567590192089056e-02
1.542954247153780281e-02	4.501578752906670866e-02
1.569034139100966910e-02	4.554189385496113657e-02
1.595554848243628532e-02	4.607406156328327368e-02
1.622523825525205854e-02	4.661235797514635265e-02
1.649948647829230924e-02	4.715685112315740751e-02
1.677837020108039270e-02	4.770760972237783615e-02
1.706196777547459506e-02	4.826470313999452200e-02
1.735035887768101442e-02	4.882820146842980352e-02
1.764362453063833894e-02	4.939817549632078558e-02
1.794184712678114843e-02	4.997469667970895479e-02
1.824511045118791530e-02	5.055783721242677192e-02
1.855349970512023758e-02	5.114766999793818325e-02
1.886710152996000367e-02	5.174426862285354256e-02
1.918600403155108769e-02	5.234770742291960238e-02
1.951029680495259405e-02	5.295806145653766256e-02
1.984007095961033348e-02	5.357540648124974048e-02
2.017541914495388916e-02	5.419981902181767591e-02
2.051643557642630553e-02	5.483137630653264760e-02
2.086321606195374462e-02	5.547015633246307753e-02
2.121585802886252412e-02	5.611623781918746723e-02
2.157446055125112477e-02	5.676970024340311644e-02
2.193912437782497352e-02	5.743062383924075337e-02
2.230995196020145455e-02	5.809908958409499419e-02
2.268704748169360005e-02	5.877517921523087857e-02
2.307051688658016617e-02	5.945897525384543497e-02
2.346046790987047978e-02	6.015056096602011682e-02
2.385701010757239338e-02	6.085002038338477998e-02
2.426025488747183059e-02	6.155743834416055327e-02
2.467031554043257191e-02	6.227290041879807170e-02
2.508730727222522119e-02	6.299649300543767871e-02
2.551134723589388795e-02	6.372830323479385106e-02
2.594255456467021298e-02	6.446841906198357008e-02
2.638105040544361582e-02	6.521692923342745085e-02
2.682695795279727360e-02	6.597392324224077287e-02
2.728040248361941061e-02	6.673949143505841786e-02
2.774151139229957819e-02	6.751372489389054210e-02
2.821041422651998296e-02	6.829671554484917362e-02
2.868724272365149111e-02	6.908855611654306228e-02
2.917213084776511603e-02	6.988934009027039651e-02
2.966521482726893269e-02	7.069916180030035024e-02
3.016663319318120540e-02	7.151811638822912209e-02
3.067652681805041123e-02	7.234629975110579148e-02
3.119503895553308453e-02	7.318380864499830774e-02
3.172231528064078931e-02	7.403074063649152381e-02
3.225850393066707206e-02	7.488719405003603502e-02
3.280375554680643041e-02	7.575326807212968971e-02
3.335822331647670530e-02	7.662906268363367523e-02
3.392206301635675159e-02	7.751467869529006516e-02
3.449543305615163091e-02	7.841021767449697644e-02
3.507849452309746291e-02	7.931578205322899200e-02
3.567141122721874391e-02	8.023147507421619917e-02
3.627434974735024853e-02	8.115740073736098237e-02
3.688747947793717674e-02	8.209366390272380964e-02
3.751097267662616142e-02	8.304037023751420499e-02
3.814500451266075037e-02	8.399762616562396478e-02
3.878975311609485915e-02	8.496553897730478588e-02
3.944539962783806530e-02	8.594421670669911972e-02
4.011212825054691344e-02	8.693376824032007788e-02
4.079012630037611581e-02	8.793430321304052111e-02
4.147958425960481671e-02	8.894593209612887408e-02
4.218069583015218033e-02	8.996876611345092090e-02
4.289365798799760210e-02	9.100291730978730953e-02
4.361867103852071215e-02	9.204849848661850187e-02
4.435593867277683178e-02	9.310562323025564635e-02
4.510566802472350950e-02	9.417440589458750400e-02
4.586806972941463723e-02	9.525496162520037668e-02
4.664335798217766893e-02	9.634740630459211197e-02
4.743175059879158745e-02	9.745185656605132030e-02
4.823346907668181471e-02	9.856842983081935683e-02
4.904873865714945436e-02	9.969724421159595340e-02
4.987778838865244979e-02	1.008384186119743314e-01
5.072085119115625484e-02	1.019920726053890614e-01
5.157816392157245355e-02	1.031583265297076613e-01
5.244996744030298863e-02	1.043373014372099977e-01
5.333650667890960095e-02	1.055291190309543548e-01
5.423803070892688205e-02	1.067339017574358284e-01
5.515479281183843091e-02	1.079517727486775935e-01
5.608705055023580077e-02	1.091828557521032778e-01
5.703506584018021297e-02	1.104272752515792350e-01
5.799910502478755614e-02	1.116851563048842227e-01
5.897943894905668949e-02	1.129566246635229920e-01
5.997634303596301869e-02	1.142418066852809305e-01
6.099009736383805003e-02	1.155408293608093939e-01
6.202098674505685666e-02	1.168538202152631655e-01
6.306930080605555045e-02	1.181809074188193698e-01
6.413533406870128295e-02	1.195222197111429630e-01
6.521938603303781279e-02	1.208778863204838239e-01
6.632176126142910744e-02	1.222480370737767108e-01
6.744276946412586238e-02	1.236328023179750074e-01
6.858272558627788451e-02	1.250323128385769089e-01
6.974194989641739617e-02	1.264466999660702196e-01
7.092076807643786507e-02	1.278760954955251439e-01
7.211951131309368712e-02	1.293206316060790950e-01
7.333851639104646547e-02	1.307804409604298723e-01
7.457812578748428123e-02	1.322556566241453180e-01
7.583868776833958825e-02	1.337464119875040602e-01
7.712055648613416747e-02	1.352528408714028796e-01
7.842409207947753647e-02	1.367750773654126117e-01
7.974966077424722188e-02	1.383132559178567866e-01
8.109763498647923341e-02	1.398675112621217131e-01
8.246839342699753550e-02	1.414379783499229437e-01
8.386232120781254851e-02	1.430247924193616960e-01
8.527980995031705924e-02	1.446280888784032548e-01
8.672125789531190398e-02	1.462480033239138832e-01
8.818707001489085873e-02	1.478846715092993203e-01
8.967765812621682209e-02	1.495382293036091048e-01
9.119344100722104329e-02	1.512088126635191265e-01
9.273484451425793862e-02	1.528965575902946628e-01
9.430230170174896953e-02	1.546016001456455569e-01
9.589625294384790388e-02	1.563240763338159256e-01
9.751714605816352854e-02	1.580641221691156395e-01
9.916543643157306465e-02	1.598218735297837756e-01
1.008415871481621734e-01	1.615974662409266627e-01
1.025460691193275653e-01	1.633910359106820753e-01
1.042793612160791694e-01	1.652027180253493044e-01
1.060419504035768068e-01	1.670326477714711710e-01
1.078343318779438342e-01	1.688809601198763277e-01
1.096570092053898021e-01	1.707477897341231066e-01
1.115104944636879369e-01	1.726332708656141135e-01
1.133953083860418237e-01	1.745375374293769433e-01
1.153119805073836990e-01	1.764607229037388481e-01
1.172610493131479026e-01	1.784029602186960051e-01
1.192430623905555293e-01	1.803643818368466933e-01
1.212585765824598510e-01	1.823451196454919654e-01
1.233081581437884267e-01	1.843453048400121863e-01
1.253923829006330093e-01	1.863650680066022136e-01
1.275118364120260972e-01	1.884045390083755878e-01
1.296671141344518663e-01	1.904638468654470951e-01
1.318588215891403626e-01	1.925431198360938179e-01
1.340875745321854495e-01	1.946424852984953713e-01
1.363539991275424801e-01	1.967620696292020910e-01
1.386587321229457159e-01	1.989019982794280883e-01
1.410024210288032542e-01	2.010623956540338875e-01
1.433857243001131487e-01	2.032433849901278122e-01
1.458093115214542101e-01	2.054450884251725340e-01
1.482738635951064698e-01	2.076676268749056420e-01
1.507800729323471867e-01	2.099111199137096151e-01
1.533286436479847636e-01	2.121756858314431393e-01
1.559202917581761494e-01	2.144614415119728834e-01
1.585557453815923112e-01	2.167685023166768810e-01
1.612357449439809631e-01	2.190969821425644004e-01
1.639610433861866667e-01	2.214469932271233843e-01
1.667324063756906449e-01	2.238186461993539045e-01
1.695506125217208226e-01	2.262120499164681775e-01
1.724164535940033438e-01	2.286273114576871934e-01
1.753307347452060516e-01	2.310645360284847294e-01
1.782942747371474568e-01	2.335238269030920633e-01
1.813079061708234574e-01	2.360052853449425558e-01
1.843724757203275000e-01	2.385090105268669047e-01
1.874888443707211083e-01	2.410350995077667480e-01
1.906578876599247796e-01	2.435836470743785731e-01
1.938804959247014126e-01	2.461547457712665032e-01
1.971575745507916644e-01	2.487484857141092354e-01
2.004900442272835592e-01	2.513649546359097986e-01
2.038788412052750798e-01	2.540042376829286241e-01
2.073249175609150063e-01	2.566664174551693267e-01
2.108292414628857858e-01	2.593515738827449901e-01
2.143927974444073958e-01	2.620597840868955641e-01
2.180165866798430274e-01	2.647911224389468132e-01
2.217016272659736997e-01	2.675456603245044418e-01
2.254489545080342605e-01	2.703234662044104453e-01
2.292596212105766917e-01	2.731246054787527244e-01
2.331346979732569213e-01	2.759491403401450049e-01
2.370752734916163618e-01	2.787971298232482797e-01
2.410824548629473540e-01	2.816686296633842956e-01
2.451573678973335835e-01	2.845636921472577963e-01
2.493011574339402958e-01	2.874823661668867714e-01
2.535149876626587306e-01	2.904246970749866374e-01
2.578000424511790456e-01	2.933907265352826976e-01
2.621575256775992568e-01	2.963804925780173516e-01
2.665886615686511307e-01	2.993940294542390967e-01
2.710946950436425307e-01	3.024313674879968161e-01
2.756768920642191367e-01	3.054925331305989866e-01
2.803365399900296095e-01	3.085775488159926971e-01
2.850749479404112718e-01	3.116864328171800036e-01
2.898934471621800180e-01	3.148191992964181618e-01
2.947933914036459657e-01	3.179758581639878234e-01
2.997761572949446118e-01	3.211564149410557900e-01
3.048431447347966228e-01	3.243608708032678090e-01
3.099957772838110026e-01	3.275892224451832369e-01
3.152355025644269504e-01	3.308414619515437916e-01
3.205637926676255800e-01	3.341175768476074559e-01
3.259821445665060935e-01	3.374175498944347873e-01
3.314920805368620771e-01	3.407413591359605420e-01
3.370951485848599494e-01	3.440889777306797015e-01
3.427929228819465157e-01	3.474603739413898995e-01
3.485870042071142483e-01	3.508555110587535664e-01
3.544790203966314834e-01	3.542743473071442439e-01
3.604706268013856407e-01	3.577168357983982472e-01
3.665635067519453227e-01	3.611829244999701372e-01
3.727593720314937853e-01	3.646725561109668834e-01
3.790599633567491855e-01	3.681856679863282356e-01
3.854670508670132723e-01	3.717221922728886074e-01
3.919824346214941246e-01	3.752820555106402001e-01
3.986079451050231759e-01	3.788651788940546328e-01
4.053454437423328338e-01	3.824714782138246560e-01
4.121968234210137139e-01	3.861008632994774592e-01
4.191640090233237359e-01	3.897532388665912451e-01
4.262489579669776485e-01	3.934285034432186690e-01
4.334536607550772414e-01	3.971265503652240403e-01
4.407801415353455599e-01	4.008472667826220581e-01
4.482304586688004022e-01	4.045905344219506983e-01
4.558067053080540054e-01	4.083562288970074006e-01
4.635110099853732013e-01	4.121442200859326555e-01
4.713455372106929997e-01	4.159543720523315447e-01
4.793124880797287601e-01	4.197865427163458563e-01
4.874141008923670304e-01	4.236405844829891909e-01
4.956526517815184607e-01	4.275163433464571061e-01
5.040304553525852826e-01	4.314136594189437734e-01
5.125498653337533517e-01	4.353323672227378816e-01
5.212132752372591327e-01	4.392722947480089402e-01
5.300231190318516195e-01	4.432332641035616194e-01
5.389818718266018438e-01	4.472150918020382226e-01
5.480920505662881803e-01	4.512175877605809626e-01
5.573562147385243692e-01	4.552405560176994714e-01
5.667769670928383130e-01	4.592837951380365769e-01
5.763569543719186949e-01	4.633470968995765382e-01
5.860988680552025043e-01	4.674302472015472998e-01
5.960054451150506027e-01	4.715330271675982066e-01
6.060794687856858598e-01	4.756552101256218412e-01
6.163237693451454335e-01	4.797965646106683857e-01
6.267412249104387101e-01	4.839568530027186788e-01
6.373347622461452699e-01	4.881358318763078241e-01
6.481073575866924674e-01	4.923332515298642353e-01
6.590620374725127961e-01	4.965488577382848323e-01
6.702018796003550438e-01	5.007823887967965959e-01
6.815300136879469672e-01	5.050335782277554086e-01
6.930496223532930378e-01	5.093021540052410367e-01
7.047639420088206430e-01	5.135878379210672140e-01
7.166762637706404204e-01	5.178903471239842959e-01
7.287899343831883980e-01	5.222093921687287477e-01
7.411083571594764274e-01	5.265446789819341333e-01
7.536349929372584411e-01	5.308959078216869409e-01
7.663733610513340233e-01	5.352627736810081638e-01
7.793270403223097054e-01	5.396449665101339388e-01
7.924996700620573487e-01	5.440421711096425916e-01
8.058949510961670448e-01	5.484540668502776439e-01
8.195166468036988450e-01	5.528803286296588571e-01
8.333685841744831180e-01	5.573206264972800916e-01
8.474546548843202576e-01	5.617746252374496985e-01
8.617788163883257635e-01	5.662419855855406192e-01
8.763450930327818522e-01	5.707223630541788939e-01
8.911575771857650485e-01	5.752154096847743592e-01
9.062204303868837130e-01	5.797207720426357236e-01
9.215378845164673427e-01	5.842380929895359953e-01
9.371142429844909749e-01	5.887670114546208477e-01
9.529538819396250471e-01	5.933071623704304631e-01
9.690612514986907122e-01	5.978581755515073315e-01
9.854408769969253967e-01	6.024196791597661305e-01
1.002097360259361913e+00	6.069912957085690230e-01
1.019035380893695386e+00	6.115726467409804412e-01
1.036259697605026009e+00	6.161633472932227518e-01
1.053775149532790278e+00	6.207630111507700388e-01
1.071586657610325677e+00	6.253712486252261948e-01
1.089699225947380778e+00	6.299876670143493840e-01
1.108117943236025305e+00	6.346118709280660353e-01
1.126847984180302076e+00	6.392434615683505461e-01
1.145894610950043413e+00	6.438820388861894450e-01
1.165263174659284751e+00	6.485271995805714784e-01
1.184959116869630069e+00	6.531785380732944013e-01
1.204987971119068746e+00	6.578356472679220968e-01
1.225355364476592435e+00	6.624981177201779703e-01
1.246067019123127118e+00	6.671655381409110630e-01
1.267128753959161580e+00	6.718374960610674629e-01
1.288546486239548816e+00	6.765135772261272606e-01
1.310326233235965754e+00	6.811933658739728337e-01
1.332474113927433867e+00	6.858764457122749070e-01
1.354996350719455345e+00	6.905623985710156454e-01
1.377899271192165376e+00	6.952508070141673047e-01
1.401189309878072775e+00	6.999412509826681283e-01
1.424873010069821255e+00	7.046333109254520055e-01
1.448957025658507369e+00	7.093265672086844775e-01
1.473448123003098242e+00	7.140205991079568992e-01
1.498353182831403840e+00	7.187149868013984477e-01
1.523679202173229497e+00	7.234093100522811515e-01
1.549433296326152343e+00	7.281031490218462521e-01
1.575622700854574010e+00	7.327960842326026736e-01
1.602254773622528550e+00	7.374876969425885331e-01
1.629336996860851317e+00	7.421775692678512781e-01
1.656876979269319872e+00	7.468652836762204039e-01
1.684882458154278284e+00	7.515504248284400335e-01
1.713361301602444930e+00	7.562325765984492243e-01
1.742321510691409836e+00	7.609113268051601597e-01
1.771771221737550084e+00	7.655862626614569066e-01
1.801718708581883988e+00	7.702569742508821315e-01
1.832172384914617203e+00	7.749230528279604790e-01
1.863140806638941216e+00	7.795840919819405634e-01
1.894632674274788098e+00	7.842396873552324177e-01
1.926656835403250945e+00	7.888894365613802195e-01
1.959222287152264430e+00	7.935329399821640095e-01
1.992338178724363251e+00	7.981698002815602599e-01
2.026013813967100230e+00	8.027996226277901437e-01
2.060258653986974053e+00	8.074220154446751785e-01
2.095082319807497040e+00	8.120365897137709066e-01
2.130494595072189856e+00	8.166429593678302679e-01
2.166505428793310539e+00	8.212407419746986514e-01
2.203124938146971523e+00	8.258295579704399980e-01
2.240363411315581477e+00	8.304090312023275633e-01
2.278231310378250996e+00	8.349787895017797279e-01
2.316739274250128933e+00	8.395384637882737922e-01
2.355898121671370138e+00	8.440876889129768079e-01
2.395718854246625451e+00	8.486261038781512944e-01
2.436212659535957670e+00	8.531533512340209180e-01
2.477390914197924676e+00	8.576690776836612962e-01
2.519265187185870225e+00	8.621729344565016717e-01
2.561847242998160024e+00	8.666645765647438271e-01
2.605149044983431139e+00	8.711436634512443877e-01
2.649182758701655427e+00	8.756098594060448548e-01
2.693960755342017954e+00	8.800628327678419183e-01
2.739495615198612732e+00	8.845022565207132370e-01
2.785800131204812846e+00	8.889278087329713918e-01
2.832887312527463397e+00	8.933391717200582782e-01
2.880770388221738365e+00	8.977360330698418434e-01
2.929462810947857765e+00	9.021180848825782750e-01
2.978978260750571039e+00	9.064850244955517944e-01
3.029330648902521350e+00	9.108365541113861985e-01
3.080534121812634751e+00	9.151723811749281623e-01
3.132603065000477027e+00	9.194922180080822294e-01
3.185552107137887834e+00	9.237957823179792083e-01
3.239396124158830492e+00	9.280827971678139443e-01
3.294150243438799031e+00	9.323529904522264156e-01
3.349829848044809655e+00	9.366060959188873269e-01
3.406450581057223204e+00	9.408418521501779042e-01
3.464028349964686004e+00	9.450600036369461998e-01
3.522579331133254943e+00	9.492602998403680825e-01
3.582119974351172242e+00	9.534424960620094813e-01
3.642667007450346439e+00	9.576063530621646835e-01
3.704237441006055231e+00	9.617516360351978655e-01
3.766848573116013732e+00	9.658781175412124442e-01
3.830517994260218551e+00	9.699855742343416187e-01
3.895263592243014550e+00	9.740737891615992572e-01
3.961103557218577542e+00	9.781425500141396334e-01
4.028056386801467603e+00	9.821916509492272240e-01
4.096140891263432948e+00	9.862208914478818311e-01
4.165376198818180775e+00	9.902300761982572030e-01
4.235781760995385170e+00	9.942190155568784160e-01
4.307377358105535237e+00	9.981875259308748971e-01
4.380183104797232829e+00	1.002135428632500158e+00
4.454219455708298803e+00	1.006062550643226361e+00
4.529507211212534301e+00	1.009968725151469959e+00
4.606067523263474683e+00	1.013853789838137454e+00
4.683921901337057214e+00	1.017717587763238063e+00
4.763092218474635153e+00	1.021559970247352123e+00
4.843600717428146574e+00	1.025380789720722108e+00
4.925470016909234694e+00	1.029179907384215609e+00
5.008723117943856273e+00	1.032957187128132670e+00
5.093383410334457295e+00	1.036712501292625044e+00
5.179474679231212519e+00	1.040445725452370684e+00
5.267021111814501388e+00	1.044156741030036972e+00
5.356047304090164829e+00	1.047845434804219655e+00
5.446578267799784712e+00	1.051511694474052794e+00
5.538639437447652192e+00	1.055155426111157313e+00
5.632256677446509485e+00	1.058776529648577158e+00
5.727456289384188715e+00	1.062374907298597959e+00
5.824265019412900202e+00	1.065950473881221772e+00
5.922710065763608256e+00	1.069503147500755036e+00
6.022819086387228182e+00	1.073032850122334958e+00
6.124620206725158056e+00	1.076539509481457380e+00
6.228142027611035303e+00	1.080023057814764043e+00
6.333413633306047785e+00	1.083483432341260322e+00
6.440464599670190360e+00	1.086920574625890978e+00
6.549325002471445778e+00	1.090334431351881017e+00
6.660025425835619295e+00	1.093724954063152621e+00
6.772596970838784536e+00	1.097092098229682344e+00
6.887071264245168578e+00	1.100435824606131208e+00
7.003480467392588338e+00	1.103756097482385901e+00
7.121857285228077927e+00	1.107052887592679502e+00
7.242234975496383065e+00	1.110326167413316245e+00
7.364647358083541206e+00	1.113575915280962558e+00
7.489128824518638261e+00	1.116802113723145196e+00
7.615714347635920589e+00	1.120004749094804186e+00
7.744439491400456177e+00	1.123183811904031604e+00
7.875340420899716420e+00	1.126339297261076178e+00
8.008453912504041483e+00	1.129471203650968869e+00
8.143817364199005482e+00	1.132579533794676463e+00
8.281468806092183499e+00	1.135664294246524486e+00
8.421446911097760335e+00	1.138725495858056158e+00
8.563791005801492773e+00	1.141763151113026398e+00
8.708541081509549642e+00	1.144777279529006542e+00
8.855737805483945735e+00	1.147767902005951246e+00
9.005422532367880706e+00	1.150735043149048176e+00
9.157637315804374012e+00	1.153678731881126795e+00
9.312424920251002547e+00	1.156598999930523064e+00
9.469828832994659606e+00	1.159495882352394203e+00
9.629893276369060118e+00	1.162369417958059925e+00
9.792663220179065320e+00	1.165219648385884987e+00
9.958184394334800515e+00	1.168046618418623561e+00
1.012650330169933710e+01	1.170850374778445335e+00
1.029766723115371541e+01	1.173630971560959191e+00
1.047172427088250757e+01	1.176388460933302849e+00
1.064872332188427428e+01	1.179122900116669204e+00
1.082871411171002762e+01	1.181834348633619358e+00
1.101174720843425447e+01	1.184522869046217064e+00
1.119787403486185262e+01	1.187188526625755136e+00
1.138714688297520183e+01	1.189831390006640843e+00
1.157961892862566167e+01	1.192451527853647164e+00
1.177534424647303979e+01	1.195049013804404092e+00
1.197437782517795135e+01	1.197623923533650325e+00
1.217677558285059547e+01	1.200176334776633658e+00
1.238259438276100788e+01	1.202706327467439218e+00
1.259189204931461603e+01	1.205213983965135904e+00
1.280472738429782709e+01	1.207699388910443927e+00
1.302116018339845027e+01	1.210162629052314420e+00
1.324125125300498418e+01	1.212603792917595236e+00
1.346506242729025793e+01	1.215022971727089951e+00
1.369265658558342480e+01	1.217420257612771728e+00
1.392409767003596599e+01	1.219795745852261915e+00
1.415945070358605307e+01	1.222149532517204928e+00
1.439878180822651998e+01	1.224481716068843040e+00
1.464215822358192653e+01	1.226792396497102589e+00
1.488964832579915942e+01	1.229081675710139043e+00
1.514132164675782732e+01	1.231349656788871760e+00
1.539724889360486770e+01	1.233596444574512452e+00
1.565750196861980470e+01	1.235822145627476276e+00
1.592215398941546312e+01	1.238026867744101978e+00
1.619127930948012661e+01	1.240210720004629952e+00
1.646495353906724546e+01	1.242373813245921443e+00
1.674325356643772622e+01	1.244516259311181594e+00
1.702625757946180585e+01	1.246638171164026643e+00
1.731404508758553007e+01	1.248739663430343594e+00
1.760669694416904463e+01	1.250820851465602956e+00
1.790429536920192888e+01	1.252881851750558884e+00
1.820692397240297211e+01	1.254922782257295477e+00
1.851466777671009822e+01	1.256943761405787452e+00
1.882761324216724574e+01	1.258944908048917233e+00
1.914584829021545431e+01	1.260926344452342640e+00
1.946946232839389879e+01	1.262888191038215924e+00
1.979854627545908841e+01	1.264830569969856988e+00
2.013319258692800773e+01	1.266753604591408289e+00
2.047349528105359084e+01	1.268657418394481207e+00
2.081954996523887758e+01	1.270542135728655042e+00
2.117145386289756814e+01	1.272407882015089253e+00
2.152930584076909071e+01	1.274254782754019599e+00
2.189320643669466548e+01	1.276082964131627362e+00
2.226325788786357052e+01	1.277892553210390858e+00
2.263956415953613899e+01	1.279683677106292494e+00
2.302223097425292053e+01	1.281456464229131287e+00
2.341136584153708355e+01	1.283211041682818410e+00
2.380707808809889059e+01	1.284947538592999150e+00
2.420947888855114627e+01	1.286666083851901066e+00
2.461868129664312121e+01	1.288366806888281202e+00
2.503480027702318367e+01	1.290049836978805819e+00
2.545795273753748944e+01	1.291715303933984371e+00
2.588825756207539186e+01	1.293363338073147073e+00
2.632583564396948717e+01	1.294994069120634306e+00
2.677080991996021808e+01	1.296607627720739897e+00
2.722330540473507554e+01	1.298204144065388199e+00
2.768344922605082559e+01	1.299783748925792848e+00
2.815137066045024739e+01	1.301346572704655147e+00
2.862720116958168148e+01	1.302892746218461406e+00
2.911107443713334675e+01	1.304422400114728431e+00
2.960312640639132908e+01	1.305935664600543111e+00
3.010349531843243653e+01	1.307432670707165290e+00
3.061232175096317221e+01	1.308913548824245376e+00
3.112974865781429301e+01	1.310378429305661285e+00
3.165592140910392160e+01	1.311827442269232868e+00
3.219098783207849834e+01	1.313260717762712693e+00
3.273509825264502382e+01	1.314678386100292862e+00
3.328840553760464616e+01	1.316080576747526987e+00
3.385106513760008085e+01	1.317467419116107319e+00
3.442323513078967778e+01	1.318839042893824143e+00
3.500507626725861599e+01	1.320195576444779695e+00
3.559675201418191648e+01	1.321537148986810406e+00
3.619842860174963306e+01	1.322863889361368672e+00
3.681027506986945497e+01	1.324175924983103991e+00
3.743246331565791252e+01	1.325473383804523397e+00
3.806516814173434682e+01	1.326756393294254321e+00
3.870856730533186152e+01	1.328025080492815313e+00
3.936284156823732872e+01	1.329279572179842273e+00
4.002817474757663518e+01	1.330519993975436188e+00
4.070475376745718421e+01	1.331746472369488288e+00
4.139276871148439341e+01	1.332959132421137616e+00
4.209241287616510618e+01	1.334158099041832912e+00
4.280388282521361276e+01	1.335343496731756563e+00
4.352737844477648110e+01	1.336515449237440034e+00
4.426310299958944938e+01	1.337674080263369092e+00
4.501126319008503884e+01	1.338819512868180350e+00
4.577206921046389709e+01	1.339951868644383426e+00
4.654573480774909910e+01	1.341071269966512380e+00
4.733247734183772337e+01	1.342177838231226605e+00
4.813251784656739574e+01	1.343271693930234489e+00
4.894608109181602629e+01	1.344352957215943167e+00
4.977339564664967497e+01	1.345421747852576955e+00
5.061469394353941453e+01	1.346478184975030912e+00
5.147021234366199849e+01	1.347522386419187868e+00
5.234019120330587782e+01	1.348554470056535060e+00
5.322487494139806330e+01	1.349574553414104594e+00
5.412451210817385316e+01	1.350582752430554034e+00
5.503935545500626603e+01	1.351579183377502824e+00
5.596966200541572789e+01	1.352563961199070963e+00
5.691569312728113772e+01	1.353537200456494949e+00
5.787771460626974118e+01	1.354499015097976100e+00
5.885599672051007758e+01	1.355449518158225342e+00
5.985081431652515249e+01	1.356388822339299471e+00
6.086244688645088985e+01	1.357317039443253881e+00
6.189117864655855783e+01	1.358234280304810415e+00
6.293729861710444595e+01	1.359140655712787638e+00
6.400110070353041181e+01	1.360036275586437249e+00
6.508288377903505761e+01	1.360921247936004663e+00
6.618295176854263673e+01	1.361795682140323871e+00
6.730161373408913050e+01	1.362659685594318271e+00
6.843918396165355489e+01	1.363513364519366222e+00
6.959598204945567090e+01	1.364356825798332729e+00
7.077233299774606223e+01	1.365190174631146336e+00
7.196856730011528214e+01	1.366013515413062596e+00
7.318502103634435230e+01	1.366826952467393275e+00
7.442203596682681166e+01	1.367630588864624741e+00
7.567995962858455528e+01	1.368424526910977379e+00
7.695914543290872700e+01	1.369208868593862372e+00
7.825995276464949768e+01	1.369983714950387510e+00
7.958274708318410262e+01	1.370749165719537421e+00
8.092790002509306646e+01	1.371505320799530914e+00
8.229578950856954123e+01	1.372252278818477667e+00
8.368679983959597735e+01	1.372990137577640990e+00
8.510132181991289713e+01	1.373718994599760101e+00
8.653975285681501362e+01	1.374438946515947446e+00
8.800249707480163863e+01	1.375150087997587534e+00
8.948996542911412178e+01	1.375852515175412627e+00
9.100257582119419908e+01	1.376546321698201014e+00
9.254075321609118987e+01	1.377231601030840302e+00
9.410492976185659586e+01	1.377908445981823160e+00
9.569554491095378523e+01	1.378576948603112085e+00
9.731304554372266580e+01	1.379237199912681344e+00
9.895788609392928947e+01	1.379889290415870384e+00
1.006305286764376348e+02	1.380533309686127863e+00
1.023314432170412118e+02	1.381169346725754865e+00
1.040611075844862796e+02	1.381797489758288977e+00
1.058200077247298054e+02	1.382417825997132699e+00
1.076086377974633734e+02	1.383030442445365882e+00
1.094275003149479204e+02	1.383635424593854912e+00
1.112771062831930067e+02	1.384232858046929637e+00
1.131579753455222743e+02	1.384822826913586935e+00
1.150706359285678531e+02	1.385405415141491625e+00
1.170156253907290136e+02	1.385980705414417535e+00
1.189934901731438543e+02	1.386548780360965072e+00
1.210047859532090087e+02	1.387109721123062522e+00
1.230500778006978635e+02	1.387663608456540576e+00
1.251299403365151335e+02	1.388210522544222503e+00
1.272449578941347568e+02	1.388750542617112504e+00
1.293957246837690604e+02	1.389283747088921661e+00
1.315828449593089147e+02	1.389810214027974666e+00
1.338069331880899426e+02	1.390330020474868089e+00
1.360686142235236389e+02	1.390843242659151269e+00
1.383685234806508220e+02	1.391349956600113291e+00
1.407073071146594430e+02	1.391850237050747952e+00
1.430856222024197280e+02	1.392344158201904936e+00
1.455041369270908831e+02	1.392831793940968232e+00
1.479635307658433305e+02	1.393313216878690142e+00
1.504644946807591168e+02	1.393788499090562905e+00
1.530077313129538652e+02	1.394257712512023906e+00
1.555939551799847322e+02	1.394720927464413451e+00
1.582238928765917478e+02	1.395178214035179831e+00
1.608982832788323662e+02	1.395629642065692400e+00
1.636178777516695106e+02	1.396075279912305067e+00
1.663834403600635596e+02	1.396515195618277971e+00
1.691957480836375396e+02	1.396949456861690475e+00
1.720555910349655733e+02	1.397378130162546528e+00
1.749637726815560939e+02	1.397801281659842410e+00
1.779211100715817793e+02	1.398218976377695544e+00
1.809284340634302453e+02	1.398631279452791976e+00
1.839865895591310334e+02	1.399038254968710371e+00
1.870964357417281576e+02	1.399439966094092158e+00
1.902588463166685528e+02	1.399836475841316208e+00
1.934747097572649466e+02	1.400227846335235782e+00
1.967449295543138987e+02	1.400614139013065973e+00
2.000704244699266781e+02	1.400995414730552335e+00
2.034521287956564777e+02	1.401371733837742051e+00
2.068909926149848104e+02	1.401743155910130101e+00
2.103879820702443340e+02	1.402109739874685346e+00
2.139440796340576298e+02	1.402471544334528808e+00
2.175602843853577042e+02	1.402828626818319879e+00
2.212376122900808468e+02	1.403181044721044879e+00
2.249770964865966505e+02	1.403528854440954099e+00
2.287797875759696069e+02	1.403872112149557427e+00
2.326467539171220835e+02	1.404210873180797625e+00
2.365790819269863619e+02	1.404545192081969374e+00
2.405778763857347258e+02	1.404875123379133894e+00
2.446442607471615247e+02	1.405200720354943700e+00
2.487793774543193308e+02	1.405522036732305136e+00
2.529843882604822340e+02	1.405839124392686657e+00
2.572604745555416912e+02	1.406152035260567867e+00
2.616088376979143391e+02	1.406460821131365613e+00
2.660306993520598553e+02	1.406765532455798606e+00
2.705273018317088258e+02	1.407066219381692296e+00
2.750999084488843778e+02	1.407362932105658881e+00
2.797498038688314637e+02	1.407655719375759951e+00
2.844782944709368735e+02	1.407944629423096616e+00
2.892867087157579817e+02	1.408229711707431164e+00
2.941763975182495869e+02	1.408511012494752190e+00
2.991487346272989498e+02	1.408788579453417400e+00
3.042051170116823755e+02	1.409062458274218166e+00
3.093469652525361084e+02	1.409332695907102195e+00
3.145757239424706313e+02	1.409599337461538315e+00
3.198928620914214775e+02	1.409862427601697554e+00
3.252998735393691732e+02	1.410122011235858341e+00
3.307982773760288637e+02	1.410378132371845394e+00
3.363896183676337728e+02	1.410630833759417557e+00
3.420754673909387975e+02	1.410880159170407655e+00
3.478574218745504822e+02	1.411126150663257528e+00
3.537371062477265582e+02	1.411368850603088587e+00
3.597161723967509488e+02	1.411608300369910474e+00
3.657963001290331135e+02	1.411844540515824642e+00
3.719791976450445077e+02	1.412077612152199402e+00
3.782666020182322768e+02	1.412307555586569396e+00
3.846602796830517832e+02	1.412534410043104094e+00
3.911620269312371079e+02	1.412758214942088308e+00
3.977736704164719868e+02	1.412979009000774555e+00
4.044970676675784489e+02	1.413196830527231995e+00
4.113341076103915839e+02	1.413411717349099650e+00
4.182867110984475403e+02	1.413623706625203091e+00
4.253568314526407903e+02	1.413832836267884918e+00
4.325464550100122665e+02	1.414039141753536732e+00
4.398576016817999061e+02	1.414242659940053271e+00
4.472923255209361173e+02	1.414443426399964121e+00
4.548527152991227354e+02	1.414641475796959424e+00
4.625408950936740666e+02	1.414836843797344201e+00
4.703590248842695019e+02	1.415029564489998171e+00
4.783093011597930513e+02	1.415219672126950989e+00
4.863939575354394265e+02	1.415407200310630609e+00
4.946152653802362238e+02	1.415592182100010810e+00
5.029755344551887219e+02	1.415774650627760867e+00
5.114771135621948588e+02	1.415954638427125323e+00
5.201223912039447441e+02	1.416132177074591159e+00
5.289137962549582426e+02	1.416307298848552998e+00
5.378537986439790757e+02	1.416480034969775703e+00
5.469449100478946093e+02	1.416650415998822909e+00
5.561896845973827794e+02	1.416818473003083279e+00
5.655907195944980685e+02	1.416984236046873402e+00
5.751506562423700188e+02	1.417147734771664114e+00
5.848721803872531382e+02	1.417308998982584889e+00
5.947580232731010028e+02	1.417468057701307238e+00
6.048109623089127354e+02	1.417624939567440068e+00
6.150338218490370537e+02	1.417779673271516216e+00
6.254294739866654709e+02	1.417932286841837586e+00
6.360008393607505468e+02	1.418082807801826162e+00
6.467508879765434813e+02	1.418231263858374280e+00
6.576826400400219654e+02	1.418377681990101280e+00
6.687991668064009900e+02	1.418522088784051505e+00
6.801035914430051434e+02	1.418664510951401780e+00
6.915990899067132887e+02	1.418804974570244015e+00
7.032888918362326649e+02	1.418943504987334014e+00
7.151762814594706015e+02	1.419080128156266607e+00
7.272645985162197348e+02	1.419214868980322120e+00
7.395572391964639110e+02	1.419347752490645487e+00
7.520576570945196409e+02	1.419478802961149810e+00
7.647693641793268853e+02	1.419608044878087894e+00
7.776959317811260917e+02	1.419735502040974540e+00
7.908409915948119533e+02	1.419861198161763260e+00
8.042082367002620913e+02	1.419985156482057143e+00
8.178014225998882694e+02	1.420107400124240193e+00
8.316243682737505196e+02	1.420227951914328601e+00
8.456809572524798568e+02	1.420346834142912629e+00
8.599751387083596228e+02	1.420464069294524068e+00
8.745109285648341029e+02	1.420579678937848422e+00
8.892924106247685359e+02	1.420693685074690515e+00
9.043237377177986218e+02	1.420806108797236789e+00
9.196091328670457870e+02	1.420916971460096878e+00
9.351528904755820122e+02	1.421026293551913122e+00
9.509593775329200298e+02	1.421134096321429396e+00
9.670330348419231541e+02	1.421240399509323904e+00
9.833783782664356750e+02	1.421345223271605063e+00
1.000000000000000000e+03	1.421448587605729674e+00
