# Data associated with arXiv:2208.14002
# 
# Scale-free velocity distribution, f(E), of a nfw0-7rhos8e6 dark matter distribution (see Eq. 2.7 and the surrounding discussion)
# 
# Published: 8/25/22, Jack Runburg and Kenny Kiriu, contact: runburg@hawaii.edu
# 
# 
# -----------------------------------------------------------------
# 
# 	 tilde E 		 | 		 tilde f
# 
# -----------------------------------------------------------------
1.057633743900253457e-07	5.670041407854988426e+07
1.080931456425551542e-07	5.476837958715488017e+07
1.104742383896981706e-07	5.285594086984702200e+07
1.129077831585096045e-07	5.097381017239283025e+07
1.153949353792337478e-07	4.915786342168104649e+07
1.179368759338502136e-07	4.737863033644339442e+07
1.205348117167074154e-07	4.566381561306230724e+07
1.231899762074995659e-07	4.401109194538391382e+07
1.259036300568685164e-07	4.241818382900504768e+07
1.286770616849012502e-07	4.088292258584231883e+07
1.315115878928092852e-07	3.940323563832183182e+07
1.344085544880843587e-07	3.797712869845791161e+07
1.373693369234184499e-07	3.660265293975826353e+07
1.403953409497019928e-07	3.527791604891476780e+07
1.434880032833990974e-07	3.400113255584490299e+07
1.466487922886274214e-07	3.277057506603461877e+07
1.498792086742577360e-07	3.158456476498148963e+07
1.531807862063670226e-07	3.044147334152164683e+07
1.565550924363878846e-07	2.933976016148652509e+07
1.600037294452893274e-07	2.827793992083358765e+07
1.635283346041552502e-07	2.725455035839352757e+07
1.671305813515077989e-07	2.626819751976159960e+07
1.708121799877578583e-07	2.531755169895868376e+07
1.745748784871493149e-07	2.440131644147242233e+07
1.784204633275858276e-07	2.351825035658110306e+07
1.823507603387395854e-07	2.266715611395367980e+07
1.863676355688322461e-07	2.184685868061064929e+07
1.904729961705141642e-07	2.105624915692726523e+07
1.946687913062473997e-07	2.029426568189288303e+07
1.989570130736372529e-07	1.955986371226755902e+07
2.033396974511354973e-07	1.885203690444600955e+07
2.078189252645804113e-07	1.816983239287190139e+07
2.123968231750191216e-07	1.751232701558538154e+07
2.170755646882854578e-07	1.687862093983371928e+07
2.218573711868195438e-07	1.626784893001138419e+07
2.267445129842030904e-07	1.567918180783820897e+07
2.317393104029297557e-07	1.511182492366907559e+07
2.368441348759025130e-07	1.456500504563094676e+07
2.420614100721999943e-07	1.403797333597422205e+07
2.473936130476297452e-07	1.353001713623904996e+07
2.528432754206216869e-07	1.304044936432050355e+07
2.584129845740254081e-07	1.256860173076765798e+07
2.641053848833651929e-07	1.211382988686261885e+07
2.699231789721569833e-07	1.167551666333846003e+07
2.758691289948603744e-07	1.125307071736156382e+07
2.819460579480961512e-07	1.084591527342153341e+07
2.881568510107341503e-07	1.045349323576464504e+07
2.945044569134940782e-07	1.007527472837932967e+07
3.009918893387165846e-07	9.710745937523135915e+06
3.076222283509501882e-07	9.359410010153772309e+06
3.143986218590562458e-07	9.020790309957182035e+06
3.213242871105011205e-07	8.694425515787746757e+06
3.284025122185682850e-07	8.379872000536062755e+06
3.356366577231964686e-07	8.076703080567711964e+06
3.430301581861898186e-07	7.784505912355772220e+06
3.505865238215687593e-07	7.502884091642339714e+06
3.583093421618101125e-07	7.231455140549554490e+06
3.662022797607969915e-07	6.969848989096150734e+06
3.742690839342558320e-07	6.717709573640522547e+06
3.825135845385357455e-07	6.474694805832128972e+06
3.909396957885498063e-07	6.240475549693197943e+06
3.995514181157511912e-07	6.014732988376324065e+06
4.083528400670340344e-07	5.797159297227138653e+06
4.173481402454363637e-07	5.587458938141270541e+06
4.265415892935962839e-07	5.385347717850662768e+06
4.359375519208692144e-07	5.190550807608462870e+06
4.455404889751007038e-07	5.002802793743856251e+06
4.553549595600113335e-07	4.821848947419681586e+06
4.653856231992065499e-07	4.647443599182015285e+06
4.756372420478532757e-07	4.479349304433108307e+06
4.861146831530390513e-07	4.317337601802291349e+06
4.968229207639260736e-07	4.161188563666849863e+06
5.077670386927546859e-07	4.010689915311165620e+06
5.189522327278562271e-07	3.865637090388837270e+06
5.303838130997872341e-07	3.725833193520770408e+06
5.420672070017666087e-07	3.591088002553483471e+06
5.540079611656272187e-07	3.461218435681804549e+06
5.662117444944667186e-07	3.336048122620091308e+06
5.786843507532903763e-07	3.215406811150236987e+06
5.914317013188773839e-07	3.099130722338649444e+06
6.044598479902179660e-07	2.987061956542131957e+06
6.177749758608189378e-07	2.879048077415381558e+06
6.313834062542527683e-07	2.774942136115736328e+06
6.452915997243589721e-07	2.674602965876023751e+06
6.595061591214823097e-07	2.577894372099801898e+06
6.740338327262486282e-07	2.484684627095170319e+06
6.888815174523140675e-07	2.394847167747147381e+06
7.040562621196577097e-07	2.308260085025294684e+06
7.195652707999269817e-07	2.224805713567066006e+06
7.354159062354382891e-07	2.144370575537629426e+06
7.516156933334737975e-07	2.066845354105720762e+06
7.681723227374839343e-07	1.992124878424371360e+06
7.850936544769474884e-07	1.920107618856047047e+06
8.023877216975578555e-07	1.850695670686225174e+06
8.200627344735648088e-07	1.783794804878238821e+06
8.381270837040297063e-07	1.719314134951093467e+06
8.565893450948598309e-07	1.657166051340660080e+06
8.754582832285337219e-07	1.597266179865041049e+06
8.947428557233881701e-07	1.539533106234785402e+06
9.144522174845128858e-07	1.483888409901003586e+06
9.345957250481900022e-07	1.430256596164950402e+06
9.551829410220114567e-07	1.378564755603142083e+06
9.762236386227223746e-07	1.328742666609544773e+06
9.977278063139596010e-07	1.280722734998545377e+06
1.019705652546112549e-06	1.234439711422372609e+06
1.042167610600490647e-06	1.189830720534779830e+06
1.065124343540166545e-06	1.146835213050313527e+06
1.088586749269766807e-06	1.105394792611633195e+06
1.112565965706680690e-06	1.065453187094847672e+06
1.137073376066078173e-06	1.026956160908745020e+06
1.162120614262263301e-06	9.898514315607647877e+05
1.187719570428954133e-06	9.540886344332407461e+05
1.213882396561030602e-06	9.196192004093286814e+05
1.240621512280515640e-06	8.863963252355281729e+05
1.267949610729427011e-06	8.543749191502812319e+05
1.295879664592382106e-06	8.235115043579298072e+05
1.324424932251736916e-06	7.937641782878543017e+05
1.353598964078201574e-06	7.650925542812581407e+05
1.383415608859948121e-06	7.374577184488500934e+05
1.413889020373172761e-06	7.108221511592405150e+05
1.445033664097330087e-06	6.851496945260737557e+05
1.476864324078106357e-06	6.604055090532928007e+05
1.509396109941496679e-06	6.365560074990349822e+05
1.542644464062217318e-06	6.135688196184058907e+05
1.576625168889878307e-06	5.914127508327942342e+05
1.611354354436435372e-06	5.700577212624090025e+05
1.646848505928357781e-06	5.494747544537398499e+05
1.683124471627271062e-06	5.296359285220281454e+05
1.720199470822635693e-06	5.105143150132441078e+05
1.758091102000385892e-06	4.920839644657284371e+05
1.796817351191283801e-06	4.743198720888611861e+05
1.836396600502984530e-06	4.571979324641245184e+05
1.876847636839901117e-06	4.406949131662338041e+05
1.918189660814879878e-06	4.247884334538690164e+05
1.960442295857050076e-06	4.094569134288154892e+05
2.003625597520004715e-06	3.946795448195324279e+05
2.047760062994881146e-06	3.804362829178200336e+05
2.092866640832674482e-06	3.667078138911339338e+05
2.138966740880557904e-06	3.534755177209493704e+05
2.186082244436751878e-06	3.407214437763951137e+05
2.234235514628865219e-06	3.284282911320211133e+05
2.283449407020577179e-06	3.165793903215479804e+05
2.333747280451634344e-06	3.051586740525243804e+05
2.385153008116409696e-06	2.941506530124678393e+05
2.437690988886114938e-06	2.835404020175728947e+05
2.491386158880151892e-06	2.733135367919208948e+05
2.546264003292001109e-06	2.634561889639286674e+05
2.602350568475269871e-06	2.539549921240583353e+05
2.659672474295628071e-06	2.447970688856556371e+05
2.718256926754406621e-06	2.359700037358254485e+05
2.778131730889963368e-06	2.274618305132584355e+05
2.839325303962752533e-06	2.192610195172984386e+05
2.901866688930465673e-06	2.113564532474499138e+05
2.965785568219550728e-06	2.037374186360377353e+05
3.031112277799628791e-06	1.963935927715545695e+05
3.097877821567497603e-06	1.893150223071844084e+05
3.166113886047431126e-06	1.824921155873214884e+05
3.235852855414881384e-06	1.759156288864468224e+05
3.307127826850499426e-06	1.695766511050422268e+05
3.379972626231876381e-06	1.634665948543639097e+05
3.454421824170355992e-06	1.575771838974401471e+05
3.530510752400494914e-06	1.519004396242044168e+05
3.608275520529971537e-06	1.464286738855719450e+05
3.687753033157730096e-06	1.411544761797028186e+05
3.768981007368661843e-06	1.360707031997373560e+05
3.851997990612811652e-06	1.311704708407605940e+05
3.936843378977854391e-06	1.264471442053668288e+05
4.023557435863189860e-06	1.218943277266221849e+05
4.112181311064696229e-06	1.175058578709311405e+05
4.202757060279046856e-06	1.132757939603237464e+05
4.295327665036764687e-06	1.091984100934050512e+05
4.389937053073604348e-06	1.052681876951770100e+05
4.486630119149598773e-06	1.014798072784709366e+05
4.585452746325926291e-06	9.782814211126712325e+04
4.686451827709333127e-06	9.430825128546467749e+04
4.789675288674584026e-06	9.091537191085283121e+04
4.895172109575384074e-06	8.764491390317300102e+04
5.002992348954354545e-06	8.449245314842880180e+04
5.113187167263298658e-06	8.145372521432972280e+04
5.225808851104560323e-06	7.852462043160595931e+04
5.340910838005350397e-06	7.570117745342724083e+04
5.458547741736310266e-06	7.297957801929193374e+04
5.578775378186559112e-06	7.035614227378206851e+04
5.701650791807276485e-06	6.782732345246220939e+04
5.827232282636317284e-06	6.538970300418052648e+04
5.955579433916663745e-06	6.303998606299980747e+04
6.086753140321552931e-06	6.077499673987236019e+04
6.220815636799904226e-06	5.859167405887936184e+04
6.357830528055256325e-06	5.648706783183616790e+04
6.497862818672426936e-06	5.445833466598318773e+04
6.640978943905900874e-06	5.250273376484002802e+04
6.787246801144536691e-06	5.061762342483624525e+04
6.936735782067414083e-06	4.880045772027095518e+04
7.089516805505824705e-06	4.704878263685535057e+04
7.245662351027211195e-06	4.536023276564151456e+04
7.405246493256437362e-06	4.373252841921309300e+04
7.568344936950912623e-06	4.216347234402539470e+04
7.735035052845892994e-06	4.065094662694659928e+04
7.905395914286843416e-06	3.919290987051810225e+04
8.079508334666234032e-06	3.778739465188053873e+04
8.257454905682093960e-06	3.643250461279605224e+04
8.439320036436765842e-06	3.512641192304879951e+04
8.625189993393758974e-06	3.386735485140734090e+04
8.815152941211872772e-06	3.265363536021027176e+04
9.009298984475608147e-06	3.148361679516998993e+04
9.207720210341523043e-06	3.035572164792890544e+04
9.410510732120644080e-06	2.926842943459920207e+04
9.617766733817169930e-06	2.822027468525727818e+04
9.829586515644914984e-06	2.720984487015689956e+04
1.004607054054219819e-05	2.623577839620393570e+04
1.026732148170760818e-05	2.529676307575845567e+04
1.049344427117863370e-05	2.439153405600840415e+04
1.072454614947611043e-05	2.351887220597633859e+04
1.096073671633781340e-05	2.267760245612033032e+04
1.120212798256473035e-05	2.186659218320860236e+04
1.144883442300493101e-05	2.108474971579489647e+04
1.170097303069916394e-05	2.033102281223359023e+04
1.195866337221420708e-05	1.960439728319500864e+04
1.222202764418952018e-05	1.890389558563107494e+04
1.249119073112393139e-05	1.822857547514299222e+04
1.276628026442941229e-05	1.757752874434493788e+04
1.304742668277936838e-05	1.694988002756242349e+04
1.333476329378033539e-05	1.634478558366650213e+04
1.362842633699517442e-05	1.576143214507088123e+04
1.392855504834795725e-05	1.519903581405733530e+04
1.423529172594035083e-05	1.465684102296863603e+04
1.454878179731039213e-05	1.413411950003498714e+04
1.486917388816527309e-05	1.363016927758149723e+04
1.519661989261984692e-05	1.314431374692308418e+04
1.553127504497456599e-05	1.267590072980761215e+04
1.587329799306535870e-05	1.222430160269372755e+04
1.622285087322067847e-05	1.178891045798187952e+04
1.658009938686016532e-05	1.136914323892976972e+04
1.694521287877100190e-05	1.096443705804330784e+04
1.731836441709856420e-05	1.057424925056216125e+04
1.769973087508826549e-05	1.019805681219572216e+04
1.808949301461775685e-05	9.835355606751389132e+03
1.848783557155709591e-05	9.485659706535107034e+03
1.889494734299821576e-05	9.148500718747738574e+03
1.931102127639308422e-05	8.823427165364448229e+03
1.973625456064299685e-05	8.510003867952171277e+03
2.017084871918124332e-05	8.207811360281040834e+03
2.061500970509204785e-05	7.916445309858968358e+03
2.106894799831127258e-05	7.635515986166908078e+03
2.153287870495255372e-05	7.364647717923397977e+03
2.200702165880685644e-05	7.103478401746548116e+03
2.249160152506117808e-05	6.851658995336940279e+03
2.298684790628567013e-05	6.608853054128207987e+03
2.349299545073828282e-05	6.374736273374630400e+03
2.401028396303659591e-05	6.148996054138677209e+03
2.453895851724972754e-05	5.931331073692309474e+03
2.507926957246110262e-05	5.721450880660287112e+03
2.563147309085751725e-05	5.519075498559627704e+03
2.619583065839783530e-05	5.323935059804706725e+03
2.677260960811839681e-05	5.135769424326680564e+03
2.736208314613178456e-05	4.954327837337037636e+03
2.796453048037765145e-05	4.779368608501625204e+03
2.858023695218533819e-05	4.610658686704434331e+03
2.920949417070858653e-05	4.447973539335464011e+03
2.985260015029610257e-05	4.291096653952934503e+03
3.050985945085981380e-05	4.139819343912297882e+03
3.118158332130708811e-05	3.993940450212427550e+03
3.186808984610280067e-05	3.853266062091954154e+03
3.256970409502889588e-05	3.717609261373529989e+03
3.328675827621124344e-05	3.586789866695375167e+03
3.401959189248330277e-05	3.460634190341391786e+03
3.476855190116080941e-05	3.338974809636973987e+03
3.553399287729879690e-05	3.221650328759722015e+03
3.631627718050838634e-05	3.108505171949758278e+03
3.711577512540907532e-05	2.999389369030739999e+03
3.793286515579540855e-05	2.894158352637711232e+03
3.876793402259864755e-05	2.792672763793045760e+03
3.962137696572420555e-05	2.694798263637320360e+03
4.049359789985064874e-05	2.600405353551514963e+03
4.138500960427313749e-05	2.509369197371479459e+03
4.229603391688078150e-05	2.421569455401740925e+03
4.322710193235571540e-05	2.336890122174789212e+03
4.417865420468556443e-05	2.255219368915772520e+03
4.515114095408182985e-05	2.176449393217741545e+03
4.614502227839961749e-05	2.100476273859691901e+03
4.716076836915477656e-05	2.027199829628319321e+03
4.819885973223850701e-05	1.956523486564672339e+03
4.925978741342950724e-05	1.888354145429164191e+03
5.034405322880767115e-05	1.822602057750484619e+03
5.145217000017378376e-05	1.759180704645669039e+03
5.258466179558373728e-05	1.698006679106972570e+03
5.374206417510666363e-05	1.638999576232264189e+03
5.492492444191873085e-05	1.582081882187262408e+03
5.613380189884800979e-05	1.527178871620978043e+03
5.736926811048661737e-05	1.474218505867088652e+03
5.863190717098991356e-05	1.423131338230638448e+03
5.992231597768425731e-05	1.373850417328117828e+03
6.124110451060803175e-05	1.326311199614803172e+03
6.258889611811287840e-05	1.280451461208725732e+03
6.396632780865512953e-05	1.236211214884306173e+03
6.537405054890867444e-05	1.193532629028308747e+03
6.681272956833618775e-05	1.152359950288518576e+03
6.828304467035520710e-05	1.112639428711384198e+03
6.978569055024067067e-05	1.074319244350132067e+03
7.132137711990728672e-05	1.037349439134490012e+03
7.289082983971879350e-05	1.001681849267010762e+03
7.449479005747402778e-05	9.672700401789115858e+02
7.613401535472156308e-05	9.340692446325072069e+02
7.780927990056110265e-05	9.020363021674238553e+02
7.952137481308890440e-05	8.711296020383614405e+02
8.127110852865080315e-05	8.413090264501329330e+02
8.305930717906893001e-05	8.125358974776082732e+02
8.488681497701070877e-05	7.847729240014834886e+02
8.675449460967425209e-05	7.579841536499199037e+02
8.866322764096472775e-05	7.321349230479034986e+02
9.061391492234365105e-05	7.071918118947721723e+02
9.260747701253383216e-05	6.831225982879732328e+02
9.464485460626740980e-05	6.598962146776499367e+02
9.672700897226864478e-05	6.374827083956113256e+02
9.885492240066653469e-05	6.158531992161407516e+02
1.010295986600370414e-04	5.949798419337705582e+02
1.032520634642764300e-04	5.748357888334124937e+02
1.055233649495158920e-04	5.553951540002817637e+02
1.078445741612865823e-04	5.366329782944465023e+02
1.102167855521524778e-04	5.185251964789943031e+02
1.126411174900306383e-04	5.010486042147439889e+02
1.151187127774237854e-04	4.841808289062121275e+02
1.176507391817953899e-04	4.679002970013687559e+02
1.202383899773186904e-04	4.521862078230378188e+02
1.228828844982414882e-04	4.370185042515111604e+02
1.255854687041075331e-04	4.223778467308036966e+02
1.283474157570844228e-04	4.082455870437600538e+02
1.311700266116501456e-04	3.946037435996033764e+02
1.340546306168973118e-04	3.814349775558472402e+02
1.370025861317180043e-04	3.687225697053039539e+02
1.400152811531390530e-04	3.564503977038850167e+02
1.430941339580795151e-04	3.446029155291633970e+02
1.462405937588124173e-04	3.331651319847360924e+02
1.494561413724144669e-04	3.221225911855636355e+02
1.527422899044942727e-04	3.114613530838722113e+02
1.561005854474955493e-04	3.011679753050637487e+02
1.595326077938778796e-04	2.912294946093122121e+02
1.630399711644835983e-04	2.816334104304361290e+02
1.666243249524021811e-04	2.723676678524153090e+02
1.702873544826567472e-04	2.634206415671727655e+02
1.740307817880355800e-04	2.547811207512629608e+02
1.778563664014035746e-04	2.464382938578355891e+02
1.817659061648313956e-04	2.383817345025068732e+02
1.857612380558898598e-04	2.306013875228384791e+02
1.898442390314617726e-04	2.230875558780645065e+02
1.940168268894276510e-04	2.158308874532850439e+02
1.982809611485969968e-04	2.088223630069337844e+02
2.026386439472534239e-04	2.020532840422826837e+02
2.070919209606967421e-04	1.955152613502638701e+02
2.116428823381682719e-04	1.892002040839810491e+02
2.162936636595551515e-04	1.831003086519724263e+02
2.210464469122764978e-04	1.772080491975165728e+02
2.259034614887582408e-04	1.715161663926938900e+02
2.308669852049196345e-04	1.660176594101376395e+02
2.359393453400924112e-04	1.607057753753815348e+02
2.411229196988084566e-04	1.555740013008426104e+02
2.464201376948962994e-04	1.506160550307072015e+02
2.518334814583369835e-04	1.458258773145043961e+02
2.573654869653384551e-04	1.411976235770854942e+02
2.630187451920902803e-04	1.367256563366379112e+02
2.687959032926803501e-04	1.324045378610097430e+02
2.746996658016526279e-04	1.282290229486898170e+02
2.807327958616996849e-04	1.241940516526373557e+02
2.868981169291277876e-04	1.202947437678845262e+02
2.931985122990746293e-04	1.165263913050089144e+02
2.996369289675699580e-04	1.128844527675130109e+02
3.062163773078572637e-04	1.093645469774666026e+02
3.129399328347358140e-04	1.059624477844721042e+02
3.198107375939202566e-04	1.026740781908365392e+02
3.268320015802374506e-04	9.949550511859230539e+01
3.340070041852300593e-04	9.642293419869156423e+01
3.413390956747467905e-04	9.345270500298555305e+01
3.488316986971014451e-04	9.058128607211976657e+01
3.564883098224058688e-04	8.780527037124321055e+01
3.643125011136738763e-04	8.512137093616567540e+01
3.723079217303269361e-04	8.252641649137063951e+01
3.804782995647197760e-04	8.001734737264169439e+01
3.888274429123319826e-04	7.759121151259421367e+01
3.973592421762721610e-04	7.524516074328521142e+01
4.060776716067562332e-04	7.297644683132348575e+01
4.149867910762363105e-04	7.078241817073372033e+01
4.240907478908523438e-04	6.866051627659854262e+01
4.333937786389135613e-04	6.660827235238643595e+01
4.429002110771079726e-04	6.462330427469646565e+01
4.526144660551567611e-04	6.270331337660381621e+01
4.625410594796449662e-04	6.084608154275317560e+01
4.726846043177653335e-04	5.904946836358246998e+01
4.830498126417320532e-04	5.731140829384931124e+01
4.936414977146182841e-04	5.562990807597312681e+01
5.044645761184043259e-04	5.400304415233737387e+01
5.155240699250157078e-04	5.242896013611606776e+01
5.268251089111517698e-04	5.090586451275049029e+01
5.383729328177190793e-04	4.943202829043018198e+01
5.501728936546881497e-04	4.800578275146389728e+01
5.622304580522130644e-04	4.662551739666874084e+01
5.745512096588622879e-04	4.528967781577036078e+01
5.871408515878123041e-04	4.399676374203126272e+01
6.000052089118904173e-04	4.274532707035378110e+01
6.131502312083378717e-04	4.153397010683614354e+01
6.265819951542006593e-04	4.036134370106396574e+01
6.403067071732483368e-04	3.922614556342740855e+01
6.543307061353514226e-04	3.812711861995601481e+01
6.686604661092472937e-04	3.706304935467801442e+01
6.833025995959533978e-04	3.603276637064831789e+01
6.982638587365729184e-04	3.503513882615211372e+01
7.135511406423440022e-04	3.406907502396269649e+01
7.291714888068092943e-04	3.313352100270392953e+01
7.451320965206344963e-04	3.222745919424402672e+01
7.614403099650150818e-04	3.134990727582122361e+01
7.781036313653589068e-04	3.049991676245241479e+01
7.951297222062645147e-04	2.967657189782093496e+01
8.125264065088558122e-04	2.887898846180646828e+01
8.303016741715148153e-04	2.810631268796005600e+01
8.484636843750862625e-04	2.735772018759104540e+01
8.670207690536295116e-04	2.663241491931852778e+01
8.859814364318069129e-04	2.592962815658185960e+01
9.053543746300180125e-04	2.524861758018269597e+01
9.251484553383696428e-04	2.458866632388313533e+01
9.453727375606331071e-04	2.394908205916638266e+01
9.660364714292954272e-04	2.332919617883777619e+01
9.871491020928629088e-04	2.272836292800461067e+01
1.008720273676561290e-03	2.214595862607274768e+01
1.030759833317596800e-03	2.158138086685125145e+01
1.053277835276155566e-03	2.103404778458316926e+01
1.076284545123298332e-03	2.050339737499195536e+01
1.099790444006973128e-03	1.998888672124294885e+01
1.123806232997311095e-03	1.948999137945471105e+01
1.148342837512422590e-03	1.900620472552740381e+01
1.173411411825905915e-03	1.853703731473136429e+01
1.199023343657277130e-03	1.808201629532667809e+01
1.225190258846546761e-03	1.764068484011234972e+01
1.251924026114182176e-03	1.721260154100819761e+01
1.279236761907660228e-03	1.679733992774805174e+01
1.307140835335882751e-03	1.639448790341942797e+01
1.335648873192670340e-03	1.600364726801837634e+01
1.364773765070581438e-03	1.562443321817968389e+01
1.394528668566310083e-03	1.525647389140338106e+01
1.424927014578895260e-03	1.489940990771349938e+01
1.455982512702007781e-03	1.455289393378508933e+01
1.487709156711525087e-03	1.421659026862175246e+01
1.520121230149680926e-03	1.389017444074679375e+01
1.553233312006997496e-03	1.357333280770500217e+01
1.587060282503250774e-03	1.326576218392084527e+01
1.621617328968703083e-03	1.296716947122732400e+01
1.656919952256485223e-03	1.267727132547056712e+01
1.692983971160043344e-03	1.239579380826870292e+01
1.729825531033949825e-03	1.212247204218335206e+01
1.767461108511295988e-03	1.185704991858090906e+01
1.805907518288469692e-03	1.159927978425001349e+01
1.845181919633431681e-03	1.134892215198147269e+01
1.885301823002654776e-03	1.110574540729971105e+01
1.926285096767855684e-03	1.086952554650092928e+01
1.968149974053672122e-03	1.064004593361051398e+01
2.010915059687366866e-03	1.041709689808851103e+01
2.054599337261680224e-03	1.020047578588323667e+01
2.099222176311884343e-03	9.989986436232170419e+00
2.144803339608081054e-03	9.785439112183203392e+00
2.191362990563763477e-03	9.586650151223372163e+00
2.238921700761634104e-03	9.393441912280030337e+00
2.287500457597636469e-03	9.205642436832649267e+00
2.337120672044099012e-03	9.023085327665912203e+00
2.387804186532930910e-03	8.845609536316125343e+00
2.439573282959667418e-03	8.673059051739349101e+00
2.492450690809209102e-03	8.505283060266663142e+00
2.546459595404009998e-03	8.342135317293173813e+00
2.601623646275426360e-03	8.183474395182352978e+00
2.657966965658914264e-03	8.029163240208697871e+00
2.715514157113702292e-03	7.879069142754786981e+00
2.774290314267450607e-03	7.733063564077961693e+00
2.834321029686485797e-03	7.591021985224208457e+00
2.895632403871994855e-03	7.452823774335827878e+00
2.958251054382580753e-03	7.318352047575742425e+00
3.022204125083497069e-03	7.187493533248578537e+00
3.087519295522786304e-03	7.060138454105323369e+00
3.154224790434526603e-03	6.936180402975420378e+00
3.222349389369193792e-03	6.815516227328711985e+00
3.291922436451245014e-03	6.698045912483312492e+00
3.362973850263752205e-03	6.583672477725992955e+00
3.435534133859963115e-03	6.472301853025290264e+00
3.509634384901486309e-03	6.363842810527456706e+00
3.585306305922733670e-03	6.258206832673635311e+00
3.662582214721173297e-03	6.155308047019078188e+00
3.741495054872731856e-03	6.055063101436316764e+00
3.822078406371721016e-03	5.957391108037197291e+00
3.904366496394432763e-03	5.862213538711258387e+00
3.988394210608374631e-03	5.769454158788169806e+00
4.074197102538174020e-03	5.679038925776351832e+00
4.161811407087756369e-03	5.590895943462773410e+00
4.251274050235018601e-03	5.504955357428279683e+00
4.342622660774894845e-03	5.421149311848130203e+00
4.435895581800262943e-03	5.339411863389375235e+00
4.531131882296934171e-03	5.259678939852504342e+00
4.628371368850733858e-03	5.181888210077507217e+00
4.727654597464548726e-03	5.105979146538147440e+00
4.829022885482968722e-03	5.031892858002857238e+00
4.932518323622060892e-03	4.959572070328142068e+00
5.038183788101472001e-03	4.888961084646026301e+00
5.146062952876069574e-03	4.820005727076441815e+00
5.256200301963920817e-03	4.752653261364178761e+00
5.368641141867303880e-03	4.686852397075500498e+00
5.483431614083208311e-03	4.622553229209835912e+00
5.600618707699562930e-03	4.559707166481755003e+00
5.720250272073144036e-03	4.498266920135332469e+00
5.842375029584956359e-03	4.438186456169348482e+00
5.967042588468515762e-03	4.379420961703248238e+00
6.094303455706341285e-03	4.321926805603428789e+00
6.224209049989591971e-03	4.265661510786547872e+00
6.356811714735521174e-03	4.210583718913054163e+00
6.492164731157195473e-03	4.156653163377228566e+00
6.630322331379572345e-03	4.103830638471244185e+00
6.771339711595795660e-03	4.052077975796477105e+00
6.915273045257104914e-03	4.001358019032831059e+00
7.062179496289706405e-03	3.951634598260508557e+00
7.212117232331374285e-03	3.902872508962156761e+00
7.365145437980299623e-03	3.855037493603827858e+00
7.521324328048446285e-03	3.808096218731747307e+00
7.680715160811165884e-03	3.762016260494530862e+00
7.843380251244648840e-03	3.716766084318072760e+00
8.009382984242160650e-03	3.672315032601342288e+00
8.178787827799939569e-03	3.628633305381886220e+00
8.351660346163029131e-03	3.585691953467324389e+00
8.528067212920951989e-03	3.543462859619405325e+00
8.708076224042815908e-03	3.501918731059117995e+00
8.891756310840931779e-03	3.461033086231715572e+00
9.079177552851702693e-03	3.420780245546520160e+00
9.270411190621928935e-03	3.381135321459606047e+00
9.465529638799964618e-03	3.342074212266370914e+00
9.664606497098705146e-03	3.303573593457769242e+00
9.867716565052312566e-03	3.265610906209256648e+00
1.007493585278781967e-02	3.228164352955678496e+00
1.028634159351513380e-02	3.191212893637085379e+00
1.050201225547489278e-02	3.154736234815803009e+00
1.072202755369696704e-02	3.118714826703044896e+00
1.094646846155409095e-02	3.083129855890673898e+00
1.117541722186030442e-02	3.047963238919455531e+00
1.140895735862551726e-02	3.013197617771295800e+00
1.164717368722863883e-02	2.978816352309019422e+00
1.189015232529062015e-02	2.944803519284211912e+00
1.213798070353404486e-02	2.911143894309311975e+00
1.239074757331278497e-02	2.877822969537967790e+00
1.264854302048731144e-02	2.844826916867921440e+00
1.291145846966779143e-02	2.812142601675816866e+00
1.317958669860708719e-02	2.779757570221166318e+00
1.345302184087095350e-02	2.747660040421196381e+00
1.373185940026280978e-02	2.715838898441897964e+00
1.401619625181845658e-02	2.684283680286284390e+00
1.430613065619198813e-02	2.652984574927858219e+00
1.460176225990373819e-02	2.621932409121999097e+00
1.490319210445066427e-02	2.591118635171193230e+00
1.521052263509464764e-02	2.560535316512838833e+00
1.552385770001006755e-02	2.530175129362370434e+00
1.584330255796165959e-02	2.500031341384603589e+00
1.616896388553592037e-02	2.470097790115129754e+00
1.650094977415456424e-02	2.440368890615741915e+00
1.683936973607175897e-02	2.410839607774545090e+00
1.718433470977498087e-02	2.381505432394734445e+00
1.753595705470371857e-02	2.352362389320304725e+00
1.789435055528967519e-02	2.323407004259169906e+00
1.825963042422455024e-02	2.294636280986819710e+00
1.863191329474245608e-02	2.266047712473615139e+00
1.901131722240112856e-02	2.237639230329521389e+00
1.939796168587685707e-02	2.209409200817166408e+00
1.979196757670303661e-02	2.181356412840966819e+00
2.019345719846063134e-02	2.153480047017820809e+00
2.060255426471338872e-02	2.125779655501577103e+00
2.101938388615076994e-02	2.098255157233498203e+00
2.144407256681066243e-02	2.070906797130937171e+00
2.187674819873840909e-02	2.043735135356114174e+00
2.231754004832956287e-02	2.016741033007205530e+00
2.276657874215505875e-02	1.989925627170963773e+00
2.322399626815148041e-02	1.963290298413817636e+00
2.368992594825315712e-02	1.936836658072982331e+00
2.416450244229068067e-02	1.910566530767631610e+00
2.464786170778829333e-02	1.884481943198635046e+00
2.514014100764677337e-02	1.858585081105612158e+00
2.564147887968630177e-02	1.832878275982989802e+00
2.615201512129203265e-02	1.807363998767375302e+00
2.667189076817572113e-02	1.782044825843843050e+00
2.720124807330115760e-02	1.756923423941603835e+00
2.774023048454304918e-02	1.732002534658699133e+00
2.828898261643869594e-02	1.707284953943482231e+00
2.884765023061659425e-02	1.682773511666476818e+00
2.941638020060041367e-02	1.658471062087049974e+00
2.999532049108169507e-02	1.634380457385965935e+00
3.058462011838751146e-02	1.610504539446568018e+00
3.118442912786527008e-02	1.586846130543818623e+00
3.179489855128489473e-02	1.563407984484814772e+00
3.241618037521148271e-02	1.540192836376973018e+00
3.304842750804078133e-02	1.517203332418528339e+00
3.369179373143096207e-02	1.494442035353924503e+00
3.434643367143531273e-02	1.471911424633645105e+00
3.501250274561967801e-02	1.449613879698570473e+00
3.569015712366280929e-02	1.427551661141438943e+00
3.637955368641567627e-02	1.405726908915464479e+00
3.708084996855746940e-02	1.384141637094979504e+00
3.779420411408278974e-02	1.362797728839913569e+00
3.851977483008656861e-02	1.341696910917045571e+00
3.925772132351185856e-02	1.320840772673248953e+00
4.000820325132793676e-02	1.300230743092551711e+00
4.077138066882357581e-02	1.279868099042102081e+00
4.154741396050606883e-02	1.259753952045135739e+00
4.233646378480463573e-02	1.239889243429896704e+00
4.313869101668457717e-02	1.220274823326741087e+00
4.395425658336358371e-02	1.200911263333593215e+00
4.478332174621945522e-02	1.181798896901488538e+00
4.562604753832914112e-02	1.162938070698436910e+00
4.648259501576523095e-02	1.144328942798846338e+00
4.735312509837527606e-02	1.125971401565260432e+00
4.823779850855136608e-02	1.107865212008114941e+00
4.913677568622415448e-02	1.090009976667365210e+00
5.005021670942668560e-02	1.072405122532283261e+00
5.097828122850210641e-02	1.055049923388244659e+00
5.192112836908700790e-02	1.037943487580201385e+00
5.287891666068501861e-02	1.021084767659308445e+00
5.385180394260263848e-02	1.004472566008320467e+00
5.483994728544640956e-02	9.881055342403614050e-01
5.584350289561236524e-02	9.719821706574330866e-01
5.686262603117053782e-02	9.561008467506217912e-01
5.789747090703947080e-02	9.404597872305506812e-01
5.894819060291922597e-02	9.250570843359616768e-01
6.001493696566906344e-02	9.098907192207427164e-01
6.109786051764937859e-02	8.949585198743628123e-01
6.219711035716604663e-02	8.802582216084412492e-01
6.331283405486305693e-02	8.657874419928108800e-01
6.444517756207802928e-02	8.515436883076843433e-01
6.559428509843595601e-02	8.375243685043834985e-01
6.676029906012460879e-02	8.237267931615332994e-01
6.794335990528235780e-02	8.101481843400190064e-01
6.914360605322358855e-02	7.967856781562278057e-01
7.036117378306624981e-02	7.836363287601206817e-01
7.159619711673180509e-02	7.706971190454834364e-01
7.284880771578365610e-02	7.579649636694099080e-01
7.411913477783826920e-02	7.454367097497669459e-01
7.540730491663050206e-02	7.331091518220235193e-01
7.671344205720435905e-02	7.209790306366684609e-01
7.803766733087441620e-02	7.090430377615141166e-01
7.938009895326174348e-02	6.972978276286774246e-01
8.074085211866806333e-02	6.857400168373375404e-01
8.212003889440677717e-02	6.743661892414768433e-01
8.351776809785643740e-02	6.631729057893482882e-01
8.493414519090920767e-02	6.521567097539674451e-01
8.636927217454549999e-02	6.413141463347974414e-01
8.782324740419052145e-02	6.306417205566052786e-01
8.929616572263966712e-02	6.201359119920516472e-01
9.078811801254930980e-02	6.097932577843091506e-01
9.229919129627099650e-02	5.996102950165199674e-01
9.382946857973645249e-02	5.895835427897062608e-01
9.537902875018854087e-02	5.797095472015352247e-01
9.694794645796153687e-02	5.699848775748853624e-01
9.853629201681113337e-02	5.604061275433185330e-01
1.001441313062566008e-01	5.509699223434129101e-01
1.017715256515031724e-01	5.416729202829443368e-01
1.034185317371187351e-01	5.325118251874689790e-01
1.050852015054334898e-01	5.234833798001360394e-01
1.067715820494904433e-01	5.145843796523067448e-01
1.084777155284806227e-01	5.058116731525347243e-01
1.102036390633423374e-01	4.971621655392704509e-01
1.119493846536133014e-01	4.886328309838401940e-01
1.137149790824985990e-01	4.802207004089305564e-01
1.155004438323438548e-01	4.719228825076275391e-01
1.173057949991546250e-01	4.637365581718839724e-01
1.191310432117784895e-01	4.556589874697405951e-01
1.209761935539772487e-01	4.476875115555564721e-01
1.228412454840324963e-01	4.398195586680479496e-01
1.247261927699656464e-01	4.320526438418937354e-01
1.266310234105675614e-01	4.243843742511026473e-01
1.285557195794935770e-01	4.168124518247442456e-01
1.305002575515527841e-01	4.093346752582970316e-01
1.324646076553866458e-01	4.019489445411284501e-01
1.344487341950403592e-01	3.946532571587175187e-01
1.364525954520232898e-01	3.874457117025003061e-01
1.384761435664871310e-01	3.803245174353271363e-01
1.405193245368949462e-01	3.732879875583678397e-01
1.425820781767056233e-01	3.663345374314272429e-01
1.446643380674498547e-01	3.594626921527969698e-01
1.467660315331361653e-01	3.526710821247098226e-01
1.488870796192643675e-01	3.459584425981271361e-01
1.510273970582374226e-01	3.393236181717333988e-01
1.531868922573151603e-01	3.327655530600198142e-01
1.553654672912561374e-01	3.262832947546500106e-01
1.575630178808136994e-01	3.198759948946702791e-01
1.597794333947407386e-01	3.135429006880712244e-01
1.620145968564582206e-01	3.072833547393776232e-01
1.642683849362988335e-01	3.010967946026562592e-01
1.665406679678762825e-01	2.949827457954436460e-01
1.688313099689685570e-01	2.889408192472605608e-01
1.711401686480948925e-01	2.829707073127019079e-01
1.734670954353489392e-01	2.770721808678240361e-01
1.758119355174553866e-01	2.712450840067873181e-01
1.781745278592020143e-01	2.654893197751256873e-01
1.805547052486004556e-01	2.598048672032869932e-01
1.829522943458506412e-01	2.541917536430537972e-01
1.853671157218633181e-01	2.486500598098334569e-01
1.877989839103756109e-01	2.431799127480964717e-01
1.902477074805824786e-01	2.377814783798055109e-01
1.927130890813895658e-01	2.324549615166255911e-01
1.951949255225249313e-01	2.272005855362541349e-01
1.976930078347744202e-01	2.220186085345942917e-01
2.002071213554628970e-01	2.169092976721360144e-01
2.027370458030322842e-01	2.118729337504241805e-01
2.052825553645724888e-01	2.069098031133449200e-01
2.078434187838777703e-01	2.020201924773112889e-01
2.104193994557454206e-01	1.972043831000325209e-01
2.130102555244183238e-01	1.924626466208000375e-01
2.156157399803383945e-01	1.877952394121637503e-01
2.182356007739496562e-01	1.832023989752419868e-01
2.208695809150356681e-01	1.786843383124311624e-01
2.235174185964562132e-01	1.742412436794764929e-01
2.261788472991479171e-01	1.698732710987000127e-01
2.288535959245242835e-01	1.655805370901987372e-01
2.315413888964503453e-01	1.613631278485337661e-01
2.342419463315077166e-01	1.572210836662085165e-01
2.369549841174342641e-01	1.531544051146443153e-01
2.396802140697068817e-01	1.491630476588925724e-01
2.424173440730089668e-01	1.452469210046588854e-01
2.451660782054466137e-01	1.414058871547355378e-01
2.479261168849799801e-01	1.376397608830092767e-01
2.506971570185116405e-01	1.339483063896348414e-01
2.534788921342642776e-01	1.303312410596685622e-01
2.562710125351515544e-01	1.267882320373669158e-01
2.590732054541934892e-01	1.233188968308656930e-01
2.618851551920039489e-01	1.199228076093111217e-01
2.647065432756170456e-01	1.165994857629078785e-01
2.675370486187054753e-01	1.133484082451158004e-01
2.703763476629560403e-01	1.101690062279803983e-01
2.732241145430178153e-01	1.070606683091564204e-01
2.760800212389433739e-01	1.040227390317880057e-01
2.789437377422529507e-01	1.010545230838233305e-01
2.818149322012243330e-01	9.815528708160527194e-02
2.846932710861583282e-01	9.532426079007989828e-02
2.875784193543115541e-01	9.256063889700065495e-02
2.904700405964236731e-01	8.986358395571446278e-02
2.933677972022380454e-01	8.723222810101566305e-02
2.962713505265441305e-01	8.466567498543575709e-02
2.991803610275985403e-01	8.216300296165118811e-02
3.020944884497267502e-01	7.972326261117966550e-02
3.050133919617164513e-01	7.734549310790972410e-02
3.079367303206870243e-01	7.502870466441997899e-02
3.108641620305208630e-01	7.277189330699103398e-02
3.137953454922774443e-01	7.057404023738582388e-02
3.167299391556627208e-01	6.843411380300469526e-02
3.196676016773191686e-01	6.635107122301830973e-02
3.226079920671433565e-01	6.432386081855098747e-02
3.255507698390711635e-01	6.235142397640982409e-02
3.284955951550493358e-01	6.043269686120753686e-02
3.314421289761032008e-01	5.856661200227984004e-02
3.343900332038702294e-01	5.675210026373735117e-02
3.373389708169871049e-01	5.498809231361764110e-02
3.402886060210448260e-01	5.327352002883257304e-02
3.432386043750663696e-01	5.160731820909215950e-02
3.461886329310207011e-01	4.998842585456573367e-02
3.491383603618626874e-01	4.841578694228916568e-02
3.520874571166099920e-01	4.688835181032661309e-02
3.550355955078938752e-01	4.540507908777577373e-02
3.579824498586087755e-01	4.396493602080686625e-02
3.609276966210415161e-01	4.256689912370793805e-02
3.638710145022107656e-01	4.120995548344801029e-02
3.668120845677670938e-01	3.989310367633641663e-02
3.697505903615361245e-01	3.861535421008770175e-02
3.726862180223950438e-01	3.737573026137285676e-02
3.756186563785230970e-01	3.617326842300788020e-02
3.785475970582365957e-01	3.500701912530827103e-02
3.814727345978736750e-01	3.387604700580974793e-02
3.843937665261532577e-01	3.277943168633895565e-02
3.873103934658606029e-01	3.171626780446044902e-02
3.902223192323086010e-01	3.068566537105868811e-02
3.931292509077373154e-01	2.968675033422826098e-02
3.960308989335138419e-01	2.871866449385845899e-02
3.989269771987904445e-01	2.778056576320564117e-02
4.018172031050953330e-01	2.687162846637224101e-02
4.047012976487797120e-01	2.599104330209973598e-02
4.075789854995339745e-01	2.513801737859108765e-02
4.104499950555628995e-01	2.431177446670523476e-02
4.133140585160402503e-01	2.351155476450648638e-02
4.161709119508831822e-01	2.273661504075896039e-02
4.190202953406215181e-01	2.198622861094016306e-02
4.218619526480972270e-01	2.125968512678795552e-02
4.246956318698812405e-01	2.055629055142314809e-02
4.275210850744235458e-01	1.987536712206287512e-02
4.303380684616436302e-01	1.921625314904716261e-02
4.331463423934436285e-01	1.857830288969551658e-02
4.359456714436376612e-01	1.796088635935472883e-02
4.387358244281256425e-01	1.736338921191521098e-02
4.415165744412707927e-01	1.678521248178305170e-02
4.442876988852625386e-01	1.622577244537371996e-02
4.470489794986418630e-01	1.568450035981521287e-02
4.498002023819026585e-01	1.516084228236351528e-02
4.525411580142026935e-01	1.465425881936295235e-02
4.552716412810480229e-01	1.416422490105163044e-02
4.579914514799488523e-01	1.369022951545588278e-02
4.607003923451072902e-01	1.323177550051808475e-02
4.633982720459312032e-01	1.278837926310648875e-02
4.660849032080923160e-01	1.235957058864979412e-02
4.687601028947416260e-01	1.194489223909498549e-02
4.714236926642645376e-01	1.154389969958726295e-02
4.740754984987587961e-01	1.115616120520298085e-02
4.767153508457882549e-01	1.078125722923249305e-02
4.793430846110655064e-01	1.041878013373941612e-02
4.819585391392232632e-01	1.006833413931312524e-02
4.845615582111632569e-01	9.729534922816866077e-03
4.871519900395575031e-01	9.402009364724359455e-03
4.897296872423292924e-01	9.085395351164255243e-03
4.922945068340089381e-01	8.779341462571947294e-03
4.948463102152659276e-01	8.483506701694945237e-03
4.973849631398121751e-01	8.197560322881708786e-03
4.999103357002318004e-01	7.921181478531160239e-03
5.024223023119737119e-01	7.654059012010076476e-03
5.049207416744562194e-01	7.395891251071777008e-03
5.074055367518145454e-01	7.146385709779399208e-03
5.098765747517373104e-01	6.905258845005767671e-03
5.123337470816353711e-01	6.672235881330279908e-03
5.147769493247174033e-01	6.447050520793206480e-03
5.172060812139690489e-01	6.229444715604133022e-03
5.196210465843779103e-01	6.019168507226129242e-03
5.220217533446689373e-01	5.815979728759608849e-03
5.244081134466664906e-01	5.619643804562995774e-03
5.267800428364548537e-01	5.429933592807575232e-03
5.291374614150571309e-01	5.246629132632350465e-03
5.314802930135773540e-01	5.069517415166298856e-03
5.338084653326466977e-01	4.898392239447605517e-03
5.361219099155242196e-01	4.733053982585610185e-03
5.384205620923572244e-01	4.573309431183524010e-03
5.407043609464120548e-01	4.418971570117592729e-03
5.429732492625501949e-01	4.269859411884041611e-03
5.452271734843154860e-01	4.125797827821201837e-03
5.474660836662198493e-01	3.986617356310515406e-03
5.496899334275160420e-01	3.852154042102528056e-03
5.518986799053341441e-01	3.722249274940380315e-03
5.540922837011504898e-01	3.596749622945891699e-03
5.562707088407184974e-01	3.475506670592080731e-03
5.584339227139968331e-01	3.358376868574923513e-03
5.605818960367208170e-01	3.245221387179048761e-03
5.627146027877363288e-01	3.135905975279180795e-03
5.648320201715327782e-01	3.030300821049177959e-03
5.669341285451457990e-01	2.928280386309400386e-03
5.690209114106475896e-01	2.829723264967613956e-03
5.710923553131629360e-01	2.734512133644866581e-03
5.731484498120539284e-01	2.642533559136175589e-03
5.751891874362093926e-01	2.553677864915577383e-03
5.772145636173182659e-01	2.467839047078129039e-03
5.792245766440737853e-01	2.384914636935848813e-03
5.812192276166646687e-01	2.304805588378259357e-03
5.831985203810708951e-01	2.227416189741570404e-03
5.851624614835666538e-01	2.152653929501774626e-03
5.871110601254273531e-01	2.080429399249952502e-03
5.890443280968505890e-01	2.010656216339330119e-03
5.909622797318769827e-01	1.943250891471869513e-03
5.928649318635684784e-01	1.878132747637967183e-03
5.947523037579456329e-01	1.815223847671141970e-03
5.966244170716373807e-01	1.754448882648734298e-03
5.984812957963967506e-01	1.695735083498214934e-03
6.003229662162078428e-01	1.639012146671367997e-03
6.021494568433640726e-01	1.584212159390905412e-03
6.039607983739704311e-01	1.531269511700161009e-03
6.057570236449409951e-01	1.480120811158209962e-03
6.075381675695370465e-01	1.430704831707040785e-03
6.093042670955908235e-01	1.382962423901438857e-03
6.110553611627724813e-01	1.336836450777919650e-03
6.127914906329631206e-01	1.292271726196140766e-03
6.145126982675969129e-01	1.249214940046584638e-03
6.162190286587347909e-01	1.207614603913762614e-03
6.179105281892429691e-01	1.167420986878694392e-03
6.195872449888290001e-01	1.128586048273267761e-03
6.212492288815956165e-01	1.091063398703025645e-03
6.228965313380027125e-01	1.054808230068160664e-03
6.245292054359059541e-01	1.019777267241709588e-03
6.261473058082605014e-01	9.859287169582862075e-04
6.277508886010056965e-01	9.532222132111940228e-04
6.293400114285668812e-01	9.216187759009941954e-04
6.309147333285965997e-01	8.910807568513628724e-04
6.324751147204142887e-01	8.615718004325612642e-04
6.340212173563057885e-01	8.330567969403520224e-04
6.355531042897318850e-01	8.055018355225322625e-04
6.370708398193658528e-01	7.788741787970775501e-04
6.385744894565548169e-01	7.531422032193821250e-04
6.400641198893750605e-01	7.282753803067566973e-04
6.415397989126496725e-01	7.042442177882793017e-04
6.430015954548874424e-01	6.810202281805590374e-04
6.444495794563837032e-01	6.585759223132937748e-04
6.458838218798530484e-01	6.368847520605869792e-04
6.473043946673131543e-01	6.159210688711145004e-04
6.487113706917612133e-01	5.956601135406220261e-04
6.501048237220048431e-01	5.760779739387241914e-04
6.514848284024417069e-01	5.571515563164556629e-04
6.528514601914208182e-01	5.388585675311461255e-04
6.542047953398469895e-01	5.211774742370232959e-04
6.555449108706746797e-01	5.040874794528824119e-04
6.568718845078613811e-01	4.875685134574166851e-04
6.581857946747419197e-01	4.716011809100896296e-04
6.594867204650879389e-01	4.561667553663429709e-04
6.607747415680338410e-01	4.412471646206039041e-04
6.620499382839819535e-01	4.268249434432549614e-04
6.633123914792092846e-01	4.128832274354342119e-04
6.645621825307579389e-01	3.994057412897773665e-04
6.657993933287557065e-01	3.863767581251339751e-04
6.670241062401450760e-01	3.737810904339214780e-04
6.682364040554185092e-01	3.616040809355575885e-04
6.694363699905253595e-01	3.498315628475623862e-04
6.706240876562068465e-01	3.384498610255405777e-04
6.717996409936042301e-01	3.274457750659096121e-04
6.729631142989729309e-01	3.168065465633780413e-04
6.741145921715567813e-01	3.065198548687461015e-04
6.752541594795267166e-01	2.965738090194444351e-04
6.763819013538667768e-01	2.869569194715996564e-04
6.774979031569617893e-01	2.776580910362517422e-04
6.786022504422907220e-01	2.686666103014646715e-04
6.796950289693857172e-01	2.599721244899174223e-04
6.807763246412676938e-01	2.515646391166355563e-04
6.818462234980331438e-01	2.434345026261165094e-04
6.829048117046154776e-01	2.355723891581604766e-04
6.839521755089431609e-01	2.279692955413292147e-04
6.849884012338799399e-01	2.206165243561870003e-04
6.860135752572281698e-01	2.135056733051306265e-04
6.870277839858125457e-01	2.066286279378377823e-04
6.880311138445383001e-01	1.999775493312162301e-04
6.890236512443748129e-01	1.935448692093574331e-04
6.900054825742412135e-01	1.873232777358416852e-04
6.909766941698407550e-01	1.813057073902852505e-04
6.919373723414924404e-01	1.754853308826095242e-04
6.928876032770440174e-01	1.698555627452587910e-04
6.938274730978472027e-01	1.644100364775461420e-04
6.947570677967943586e-01	1.591425999172008793e-04
6.956764732584249655e-01	1.540473126657261930e-04
6.965857751991877400e-01	1.491184353603711306e-04
6.974850592073078559e-01	1.443504213687210689e-04
6.983744106795778395e-01	1.397379150464025488e-04
6.992539148271310623e-01	1.352757419794483630e-04
7.001236566757552682e-01	1.309589002537609717e-04
7.009837210218495818e-01	1.267825622138169309e-04
7.018341924379536412e-01	1.227420599691122615e-04
7.026751552707418691e-01	1.188328830106496288e-04
7.035066936000937687e-01	1.150506769939914700e-04
7.043288912448045780e-01	1.113912328508134646e-04
7.051418317637742073e-01	1.078504807730565308e-04
7.059455984112749105e-01	1.044244943257403906e-04
7.067402741525126153e-01	1.011094755761603181e-04
7.075259416531877177e-01	9.790175351200176011e-05
7.083026832519033755e-01	9.479778460700329025e-05
7.090705809604941345e-01	9.179414326121693125e-05
7.098297164647706659e-01	8.888751635564975722e-05
7.105801710992383224e-01	8.607470662192904989e-05
7.113220258349801650e-01	8.335262287249672853e-05
7.120553612983947511e-01	8.071827577698181236e-05
7.127802577344043433e-01	7.816877798309125310e-05
7.134967950109729617e-01	7.570133991744813762e-05
7.142050526107180941e-01	7.331326378743808114e-05
7.149051096266414440e-01	7.100194321154473668e-05
7.155970447423408709e-01	6.876485940409836264e-05
7.162809362470893282e-01	6.659957649132657660e-05
7.169568620091036903e-01	6.450374099142405153e-05
7.176248994799125924e-01	6.247507841874388416e-05
7.182851256834802411e-01	6.051139057799318990e-05
7.189376172102146523e-01	5.861055195992169377e-05
7.195824502237520015e-01	5.677050782934323385e-05
7.202197004350183729e-01	5.498927264705442025e-05
7.208494431193540608e-01	5.326492581003234645e-05
7.214717530941829882e-01	5.159561209596571308e-05
7.220867047245428383e-01	4.997953863613238424e-05
7.226943719060227034e-01	4.841497005358388808e-05
7.232948280959564658e-01	4.690022830530788799e-05
7.238881462618429463e-01	4.543369315180815105e-05
7.244743989074154955e-01	4.401379850680745595e-05
7.250536580619642013e-01	4.263902806653493212e-05
7.256259952794326118e-01	4.130791763587057222e-05
7.261914816274727125e-01	4.001905060116066955e-05
7.267501876984141518e-01	3.877105659754046852e-05
7.273021836034964105e-01	3.756261182188667551e-05
7.278475389436384058e-01	3.639243646927462243e-05
7.283863228598548289e-01	3.525929136235439807e-05
7.289186039814077311e-01	3.416197952038334284e-05
7.294444504452354261e-01	3.309934380529305520e-05
7.299639299053107822e-01	3.207026319111898718e-05
7.304771095086354249e-01	3.107365592114508826e-05
7.309840558998476068e-01	3.010847513597007542e-05
7.314848352361239536e-01	2.917370736041069356e-05
7.319795131682265144e-01	2.826837342814063797e-05
7.324681548430287403e-01	2.739152683173590291e-05
7.329508249092938632e-01	2.654225065258513470e-05
7.334275875157252322e-01	2.571965897951855183e-05
7.338985062990877051e-01	2.492289581804622400e-05
7.343636443941221614e-01	2.415113077857706782e-05
7.348230644560718172e-01	2.340356227127955041e-05
7.352768285912398838e-01	2.267941626806293476e-05
7.357249984364241380e-01	2.197794113388867236e-05
7.361676351267377738e-01	2.129841105201220653e-05
7.366047992647993814e-01	2.064012549388713149e-05
7.370365509741502175e-01	2.000240398884902578e-05
7.374629498836047237e-01	1.938458946410354870e-05
7.378840550872077797e-01	1.878604748979527839e-05
7.382999252104361920e-01	1.820616255269101198e-05
7.387106183631222400e-01	1.764433954741521490e-05
7.391161921552109604e-01	1.710000319761013755e-05
7.395167037103339558e-01	1.657259606871776733e-05
7.399122096412870109e-01	1.606158008565817611e-05
7.403027660646525066e-01	1.556643432482376595e-05
7.406884286113512017e-01	1.508665351557319561e-05
7.410692524154065541e-01	1.462174967887564669e-05
7.414452921173114719e-01	1.417125074965499630e-05
7.418166018648515436e-01	1.373469960744349960e-05
7.421832353261077486e-01	1.331165446806313653e-05
7.425452456571214332e-01	1.290168714882199300e-05
7.429026855716291955e-01	1.250438242331101309e-05
7.432556072639415756e-01	1.211934015702730499e-05
7.436040624544145716e-01	1.174617314641659291e-05
7.439481023853633523e-01	1.138450508767191263e-05
7.442877778307867009e-01	1.103397281858180154e-05
7.446231390618558432e-01	1.069422512046905772e-05
7.449542359074070585e-01	1.036492109635153979e-05
7.452811177032850898e-01	1.004573150599383271e-05
7.456038333171092214e-01	9.736337338219645790e-06
7.459224311691055043e-01	9.436429731622478098e-06
7.462369591818779346e-01	9.145710618990697074e-06
7.465474648348322528e-01	8.863889970100432479e-06
7.468539951617069184e-01	8.590687636181958996e-06
7.471565966977192774e-01	8.325833531794417543e-06
7.474553155520499148e-01	8.069064470943559586e-06
7.477501973884292941e-01	7.820126078840308181e-06
7.480412873845876387e-01	7.578773407802642451e-06
7.483286302981752014e-01	7.344767610600957590e-06
7.486122704454079013e-01	7.117877902865741954e-06
7.488922516701245202e-01	6.897881849752012971e-06
7.491686174004531518e-01	6.684562743738244669e-06
7.494414106285349764e-01	6.477710708042915058e-06
7.497106738991341501e-01	6.277123925785556857e-06
7.499764493210205885e-01	6.082605995306582563e-06
7.502387785940340947e-01	5.893966324928774216e-06
7.504977029730119931e-01	5.711021107710113937e-06
7.507532632947919726e-01	5.533592152209479889e-06
7.510054999801700770e-01	5.361506518645132023e-06
7.512544530236473506e-01	5.194597182858458935e-06
7.515001620079738709e-01	5.032701881404803452e-06
7.517426661149062550e-01	4.875663678276018735e-06
7.519820040904255931e-01	4.723330860571195695e-06
7.522182142999195298e-01	4.575555839137301789e-06
7.524513346941291703e-01	4.432195921538809963e-06
7.526814028195851769e-01	4.293113208461810069e-06
7.529084558283715145e-01	4.158173708901332181e-06
7.531325304797343856e-01	4.027247342341158778e-06
7.533536631434676334e-01	3.900208349202051294e-06
7.535718897929577498e-01	3.776935158520658079e-06
7.537872460186164636e-01	3.657309814041947544e-06
7.539997670207292391e-01	3.541217401100695691e-06
7.542094876524541025e-01	3.428546634096272757e-06
7.544164423442606404e-01	3.319190452917080464e-06
7.546206651857019221e-01	3.213044617148852855e-06
7.548221898725738788e-01	3.110007768319865995e-06
7.550210497527863884e-01	3.009981905432904867e-06
7.552172777929653247e-01	2.912871863980657257e-06
7.554109066099047309e-01	2.818585340984271527e-06
7.556019684543356929e-01	2.727032976579741620e-06
7.557904952167155965e-01	2.638127842883195093e-06
7.559765184511413327e-01	2.551785474337528973e-06
7.561600693456974609e-01	2.467924264366135545e-06
7.563411787417543275e-01	2.386464752785741619e-06
7.565198771529223487e-01	2.307329504238134210e-06
7.566961947332188076e-01	2.230443932646087485e-06
7.568701613016518559e-01	2.155735052430056895e-06
7.570418063577235568e-01	2.083131898877061002e-06
7.572111590487256017e-01	2.012565854737697958e-06
7.573782481985806836e-01	1.943969878508804370e-06
7.575431023156318222e-01	1.877278584199825909e-06
7.577057495726753356e-01	1.812428642849187092e-06
7.578662178206202471e-01	1.749358189827341957e-06
7.580245346062791656e-01	1.688006587161138323e-06
7.581807271532449155e-01	1.628315160414362672e-06
7.583348223630523854e-01	1.570226420574208012e-06
7.584868468492278470e-01	1.513683836894706745e-06
7.586368269056089630e-01	1.458632339950345761e-06
7.587847885249391355e-01	1.405017965715389780e-06
7.589307574008190560e-01	1.352787617162156481e-06
7.590747589300902431e-01	1.301889006612099162e-06
7.592168182146440403e-01	1.252270623357579101e-06
7.593569600640364126e-01	1.203881582270540337e-06
7.594952089992025313e-01	1.156671400404489033e-06
7.596315892554318383e-01	1.110589986806068842e-06
7.597661247783442651e-01	1.065587234916976772e-06
7.598988392470411579e-01	1.021612890906169666e-06
7.600297560458602053e-01	9.786165763358282658e-07
7.601588982897012903e-01	9.365470129322158934e-07
7.602862888298499433e-01	8.953518736953850903e-07
7.604119502356042615e-01	8.549775846357022182e-07
7.605359048167411595e-01	8.153686332122919660e-07
7.606581746055238735e-01	7.764667430329610774e-07
7.607787813987716419e-01	7.382100591292320746e-07
7.608977467121819105e-01	7.005325584457442610e-07
7.610150918116259655e-01	6.633624519876554805e-07
7.611308377025837180e-01	6.266200504832531065e-07
7.612450051516038707e-01	5.902155671390580476e-07
7.613576146633895814e-01	5.540458134308264409e-07
7.614686865042636921e-01	5.179889120252492767e-07
7.615782407030888823e-01	4.813887782259528271e-07
7.616862970216815576e-01	4.450939376226917298e-07
7.617928750164401075e-01	4.083419090869645604e-07
7.618979939872321250e-01	3.708107559219334856e-07
7.620016730009069317e-01	3.320412141321217448e-07
7.621039308990588124e-01	2.913300495865524434e-07
7.622047862975086518e-01	2.474882006128817897e-07
7.623042575711254099e-01	1.981864323107660956e-07
7.624023628861610336e-01	1.373763517982649474e-07
7.624991201811595065e-01	0.000000000000000000e+00
