# Data associated with arXiv:2208.14002
# 
# Scale-free J-factor angular distribution, J_S(theta), of a nfw0-7rhos8e6 dark matter distribution (see Eq. 2.4 and the surrounding discussion)
# 
# Published: 8/25/22, Jack Runburg and Kenny Kiriu, contact: runburg@hawaii.edu
# 
# 
# -----------------------------------------------------------------
# 
# 	 tilde theta 		 | 	 tilde J s-wave 		 | 	 tilde J p-wave 		 | 	 tilde J d-wave 		 | 	 tilde J sommerfeld 
# 
# -----------------------------------------------------------------
1.000000000000000021e-03	3.444406769962296266e+02	6.268752392974311505e+01	8.385804738818522708e+01	4.709006581004943655e+03
1.021192151037671062e-03	3.424675160577140218e+02	6.264730343656346889e+01	8.383361262678697301e+01	4.654662901183758549e+03
1.042833409340945643e-03	3.404485507290336841e+02	6.260606158406324795e+01	8.380855594336453862e+01	4.599130521244212105e+03
1.064933292458827233e-03	3.383838995838169126e+02	6.256379191849101318e+01	8.378287334012686927e+01	4.542420509773844060e+03
1.087501519637659123e-03	3.362738458026559556e+02	6.252049068174825663e+01	8.375656247725238757e+01	4.484549180829406396e+03
1.110548016095517111e-03	3.341188659515624977e+02	6.247615738356743265e+01	8.372962303154132258e+01	4.425538951596150582e+03
1.134082917387199208e-03	3.319196655196038250e+02	6.243079553330792208e+01	8.370205715715958661e+01	4.365419388741557668e+03
1.158116573861711456e-03	3.296772238084436140e+02	6.238441360167367833e+01	8.367387009404578180e+01	4.304228510966109752e+03
1.182659555214217667e-03	3.273928522796168750e+02	6.233702632756680373e+01	8.364507099887879349e+01	4.242014452420788984e+03
1.207722655134462354e-03	3.250682732163099899e+02	6.228865656909183457e+01	8.361567412831094259e+01	4.178837657953017697e+03
1.233316896053688856e-03	3.227057309119447837e+02	6.223933806489087317e+01	8.358570061369802318e+01	4.114773907756890367e+03
1.259453533992170365e-03	3.203081589351183993e+02	6.218911983399058840e+01	8.355518130407214983e+01	4.049918732076510423e+03
1.286144063509461061e-03	3.178794537035807934e+02	6.213807381198224533e+01	8.352416172541211381e+01	3.984394384845317290e+03
1.313400222759557485e-03	3.154249768024944842e+02	6.208630971719249203e+01	8.349271177986224757e+01	3.918362164169592688e+03
1.341233998653187541e-03	3.129526459886411089e+02	6.203400914122072152e+01	8.346094807447994413e+01	3.852048116613339971e+03
1.369657632129505243e-03	3.104760338354551550e+02	6.198152695576055748e+01	8.342910054199032288e+01	3.785813288288002241e+03
1.398683623539492566e-03	3.080295770325155900e+02	6.192990647594585596e+01	8.339785156217695317e+01	3.720487673253417142e+03
1.428324738143458596e-03	3.055156753385824686e+02	6.187561261092342590e+01	8.336486723199757876e+01	3.654078949757713417e+03
1.458594011725036863e-03	3.029815157714925817e+02	6.181976020701920760e+01	8.333086051916879455e+01	3.587904430783755288e+03
1.489504756324154782e-03	3.003905313256922227e+02	6.176084010562525606e+01	8.329482485316944462e+01	3.521302079171543937e+03
1.521070566091505720e-03	2.978539571910290533e+02	6.170274504583654362e+01	8.325932757214795288e+01	3.456631044064334219e+03
1.553305323267072666e-03	2.953529168184709306e+02	6.164486056172960815e+01	8.322396502307896071e+01	3.393451193960530418e+03
1.586223204285366938e-03	2.928297155675412000e+02	6.158507348828240424e+01	8.318733635307766860e+01	3.330557731453328415e+03
1.619838686010041055e-03	2.903280327208290714e+02	6.152494483669023850e+01	8.315047294814334577e+01	3.268855337047044486e+03
1.654166552100628336e-03	2.878475660884175227e+02	6.146447127846783332e+01	8.311337214015127017e+01	3.208314658363841318e+03
1.689221899514206692e-03	2.853873066444486994e+02	6.140363923183854666e+01	8.307602512971466524e+01	3.148888398448391854e+03
1.725020145144853453e-03	2.829473657805108928e+02	6.134245095004476411e+01	8.303843254585336808e+01	3.090566489126934357e+03
1.761577032603788440e-03	2.805282527480343333e+02	6.128091481929213558e+01	8.300059868380053274e+01	3.033347071757448703e+03
1.798908639143220224e-03	2.781296263511372331e+02	6.121902681719016215e+01	8.296252035978413630e+01	2.977207090522399994e+03
1.837031382726912916e-03	2.757505444521890468e+02	6.115677305908755557e+01	8.292418879191581027e+01	2.922100380820823830e+03
1.875962029250603357e-03	2.733911170801943058e+02	6.109415475716489397e+01	8.288560454314057324e+01	2.868015419080967149e+03
1.915717699915417882e-03	2.710518486716326265e+02	6.103118043463954479e+01	8.284677209279522003e+01	2.814951883001654096e+03
1.956315878757565116e-03	2.687323627213521604e+02	6.096784511926831840e+01	8.280768769990874034e+01	2.762886037934906653e+03
1.997774420337589726e-03	2.664317803390252379e+02	6.090413563090040583e+01	8.276834267523547339e+01	2.711778447509499529e+03
2.040111557592579582e-03	2.641502102148896824e+02	6.084005444328622758e+01	8.272873768433369435e+01	2.661618047047945765e+03
2.083345909854779961e-03	2.618881511915211036e+02	6.077561081205649174e+01	8.268887743883063024e+01	2.612409221472635181e+03
2.127496491040134757e-03	2.596451949758921955e+02	6.071079896358532579e+01	8.264875764189369534e+01	2.564124220117049845e+03
2.172582718010372237e-03	2.574205224465856645e+02	6.064560591338879192e+01	8.260836966456238883e+01	2.516727705106364738e+03
2.218624419112281976e-03	2.552142409757724124e+02	6.058003432916486730e+01	8.256771420255270755e+01	2.470213057188670973e+03
2.265641842897974604e-03	2.530268431056654777e+02	6.051409390323569681e+01	8.252679617724697891e+01	2.424578498371962723e+03
2.313655667029933423e-03	2.508578920571411288e+02	6.044777800767926834e+01	8.248561070899761205e+01	2.379802431238349072e+03
2.362687007374795686e-03	2.487066251576108584e+02	6.038107294918788170e+01	8.244414915578349223e+01	2.335850170497435556e+03
2.412757427289825233e-03	2.465731485009947335e+02	6.031398034588508494e+01	8.240241212216565714e+01	2.292713021714078423e+03
2.463888947106213784e-03	2.444579476878194555e+02	6.024651017188458724e+01	8.236040471859060119e+01	2.250391542169208606e+03
2.516104053813336943e-03	2.423605605362220956e+02	6.017865492541740480e+01	8.231812146250605622e+01	2.208863391627543024e+03
2.569425710948245768e-03	2.402802777029695847e+02	6.011040215420202060e+01	8.227555386437887819e+01	2.168099396988710396e+03
2.623877368694733318e-03	2.382172039692023020e+02	6.004175469473505444e+01	8.223270264124366236e+01	2.128091220907688239e+03
2.679482974196439188e-03	2.361718174677500599e+02	5.997272310507823789e+01	8.218957313191799585e+01	2.088842936568863024e+03
2.736266982088478034e-03	2.341436334975257694e+02	5.990329901345639740e+01	8.214615923695409094e+01	2.050329767676768824e+03
2.794254365252289707e-03	2.321319930424323843e+02	5.983347019281836765e+01	8.210245253967873680e+01	2.012524984916815129e+03
2.853470625798387814e-03	2.301369996375715345e+02	5.976323980432378136e+01	8.205845379907503911e+01	1.975424097471510095e+03
2.913941806281861776e-03	2.281591233609939593e+02	5.969261884649301919e+01	8.201416856262763133e+01	1.939026069512582353e+03
2.975694501155571117e-03	2.261978597626786609e+02	5.962159737465438525e+01	8.196959002116767579e+01	1.903310636685165264e+03
3.038755868466027146e-03	2.242525972813956798e+02	5.955016193044975381e+01	8.192470967624538503e+01	1.868251367023184457e+03
3.103153641797168783e-03	2.223234382305406882e+02	5.947831534373836604e+01	8.187952824995787182e+01	1.833842574815513672e+03
3.168916142467233243e-03	2.204108441708046371e+02	5.940606899005555164e+01	8.183405148385824646e+01	1.800085285804423620e+03
3.236072291984112663e-03	2.185142934461912034e+02	5.933341264418762506e+01	8.178827196614678030e+01	1.766959024493435663e+03
3.304651624764658874e-03	2.166332192632422391e+02	5.926033465889141638e+01	8.174218143222010724e+01	1.734442200130131368e+03
3.374684301123556836e-03	2.147677227208231727e+02	5.918683838378848350e+01	8.169578065758982177e+01	1.702528323776570687e+03
3.446201120537424525e-03	2.129182564238309112e+02	5.911293575331915662e+01	8.164907560472025239e+01	1.671221339221502376e+03
3.519233535190044709e-03	2.110842839240816318e+02	5.903861558191372438e+01	8.160205817771249315e+01	1.640499479101004681e+03
3.593813663804625805e-03	2.092652806145551381e+02	5.896386650289110776e+01	8.155472020037140624e+01	1.610342533160193852e+03
3.669974305769219299e-03	2.074613463886278453e+02	5.888869208158594404e+01	8.150706246950296929e+01	1.580747276713879501e+03
3.747748955561452412e-03	2.056729245611956287e+02	5.881310422976697794e+01	8.145909108971584089e+01	1.551713059723751485e+03
3.827171817478984984e-03	2.038994660832156285e+02	5.873708873508770267e+01	8.141079700189487767e+01	1.523221015893010190e+03
3.908277820682117681e-03	2.021404860994856847e+02	5.866063420343142809e+01	8.136217206627209464e+01	1.495252167518081478e+03
3.991102634555192957e-03	2.003960833472060870e+02	5.858374431671491323e+01	8.131321708372384194e+01	1.467802296965741562e+03
4.075682684393532908e-03	1.986666914320688306e+02	5.850643188663744354e+01	8.126393840515616773e+01	1.440872978725432176e+03
4.162055167422817371e-03	1.969517508875624969e+02	5.842868367056217949e+01	8.121432647085003964e+01	1.414445633802033171e+03
4.250258069157961290e-03	1.952508142514773795e+02	5.835048899432349145e+01	8.116437327304498695e+01	1.388504422645680052e+03
4.340330180108637088e-03	1.935639791234673908e+02	5.827185176836793090e+01	8.111407963519567943e+01	1.363044304061560524e+03
4.432311112838861061e-03	1.918916691197401576e+02	5.819278548943285756e+01	8.106345214716515102e+01	1.338068789982679618e+03
4.526241319388085715e-03	1.902333162893411043e+02	5.811327594019311249e+01	8.101248050907445020e+01	1.313559087286786280e+03
4.622162109061505458e-03	1.885885083714573227e+02	5.803331270687485954e+01	8.096115679226906536e+01	1.289500005919065870e+03
4.720115666597336779e-03	1.869573418209089652e+02	5.795289856618328628e+01	8.090948163572284102e+01	1.265888658328805604e+03
4.820145070719144588e-03	1.853402300533617790e+02	5.787204557827753604e+01	8.085746154677791253e+01	1.242724287896211990e+03
4.922294313081310678e-03	1.837365984194682937e+02	5.779073820716013188e+01	8.080508539174023497e+01	1.219991236303193318e+03
5.026608317615998724e-03	1.821460677708390676e+02	5.770896662857064996e+01	8.075234536559545973e+01	1.197675699504148724e+03
5.133132960290130720e-03	1.805687334778801585e+02	5.762673508970717506e+01	8.069924229664637494e+01	1.175774233576184542e+03
5.241915089281041530e-03	1.790049984242825474e+02	5.754405791218031396e+01	8.064578313396765452e+01	1.154288596495660613e+03
5.353002545579732367e-03	1.774542830683404588e+02	5.746091873571912600e+01	8.059195597365314256e+01	1.133202442355172252e+03
5.466444184030696055e-03	1.759162393414922292e+02	5.737730801620794807e+01	8.053775308050178694e+01	1.112504175219031595e+03
5.582289894817666839e-03	1.743909615537826028e+02	5.729323035950218213e+01	8.048317531822222293e+01	1.092189913709543134e+03
5.700590625404708227e-03	1.728788418849441371e+02	5.720870059781404393e+01	8.042822981330792231e+01	1.072262575382203522e+03
5.821398402942216249e-03	1.713792974609816326e+02	5.712370038712590059e+01	8.037290369506710874e+01	1.052705763857829197e+03
5.944766357147824969e-03	1.698920094106848353e+02	5.703821837325603639e+01	8.031718897211544572e+01	1.033507579969537119e+03
6.070748743672167193e-03	1.684170709857608585e+02	5.695225865086156603e+01	8.026108637697826964e+01	1.014666145025288415e+03
6.199400967959818945e-03	1.669548635202251035e+02	5.686583645875268189e+01	8.020460320206458960e+01	9.961815323489656748e+02
6.330779609615908021e-03	1.655048022763175481e+02	5.677893342119668318e+01	8.014772589073554343e+01	9.780403044976604860e+02
6.464942447289089879e-03	1.640665957870271541e+02	5.669154078254036477e+01	8.009044688998717731e+01	9.602322856225158603e+02
6.601948484081890736e-03	1.626403362951986651e+02	5.660366349216640458e+01	8.003276704026009725e+01	9.427547740150399704e+02
6.741857973499477616e-03	1.612263940768965824e+02	5.651531734989598732e+01	7.997469380382950987e+01	9.256094030777531998e+02
6.884732445948405985e-03	1.598241839728374316e+02	5.642648274318379009e+01	7.991621271214731337e+01	9.087820604142243610e+02
7.030634735796891313e-03	1.584334401929280318e+02	5.633715139094351798e+01	7.985731632377493838e+01	8.922642431753804431e+02
7.179629009008595825e-03	1.570542539734087484e+02	5.624732775914458927e+01	7.979800535124412875e+01	8.760528711275899241e+02
7.331780791361950343e-03	1.556869844685893156e+02	5.615702503025927683e+01	7.973828681950303121e+01	8.601494462336456763e+02
7.487156997267587974e-03	1.543310473286553020e+02	5.606622209270988577e+01	7.967814528094393722e+01	8.445402894073401967e+02
7.645825959196438613e-03	1.529862008357760601e+02	5.597491132825626892e+01	7.961757344929024782e+01	8.292171930252590073e+02
7.807857457731475631e-03	1.516525352868030154e+02	5.588309822520829329e+01	7.955657215932495774e+01	8.141789261736450953e+02
7.973322752256328111e-03	1.503303985049874427e+02	5.579079943088916593e+01	7.949514913829527529e+01	7.994256570478839876e+02
8.142294612294233985e-03	1.490192082496655814e+02	5.569799313062856783e+01	7.943328809258234458e+01	7.849458251128763777e+02
8.314847349511189298e-03	1.477187453013534366e+02	5.560467211017455469e+01	7.937098179015788446e+01	7.707319799657823296e+02
8.491056850397209546e-03	1.464290990105254764e+02	5.551084229234126610e+01	7.930823109362438572e+01	7.567821229346894825e+02
8.671000609640279119e-03	1.451506058797962169e+02	5.541652046137995313e+01	7.924504380713665341e+01	7.430974238183277976e+02
8.854757764207504128e-03	1.438826867969867180e+02	5.532168106523393192e+01	7.918140208963785653e+01	7.296654645563596659e+02
9.042409128148579806e-03	1.426251436221893414e+02	5.522631510638039032e+01	7.911729829870623121e+01	7.164796648377202928e+02
9.234037228136720080e-03	1.413780647708500169e+02	5.513042878411576453e+01	7.905273326009138657e+01	7.035380482190059865e+02
9.429726339762870002e-03	1.401417753735291853e+02	5.503403974645233632e+01	7.898771494737660248e+01	6.908422355403196207e+02
9.629562524599030379e-03	1.389157004784479170e+02	5.493712392536333766e+01	7.892222512638289800e+01	6.783807155045574291e+02
9.833633668047030499e-03	1.376996616228534833e+02	5.483967519832226856e+01	7.885625677029490532e+01	6.661477125514437603e+02
1.004202951798940403e-02	1.364937463952161920e+02	5.474169995656966137e+01	7.878981067437129582e+01	6.541421797365845805e+02
1.025484172425938229e-02	1.352982683053197661e+02	5.464321639187180324e+01	7.872289495836466244e+01	6.423643399111946337e+02
1.047216387894729824e-02	1.341126577124059338e+02	5.454419898053915006e+01	7.865549030099127492e+01	6.308042518088591351e+02
1.069409155756119272e-02	1.329367544563475860e+02	5.444463936339668209e+01	7.858758913022882098e+01	6.194561425587340864e+02
1.092072236105970547e-02	1.317706450898069193e+02	5.434454206405039400e+01	7.851919170788440283e+01	6.083181049156944482e+02
1.115215595877575537e-02	1.306146321715802685e+02	5.424392539779869082e+01	7.845030614168599925e+01	5.973910706932647372e+02
1.138849413224978825e-02	1.294681515573858519e+02	5.414276268318329954e+01	7.838091200402587333e+01	5.866650288580062806e+02
1.162984081999205582e-02	1.283310603726078511e+02	5.404104907661989898e+01	7.831100250448824340e+01	5.761357272260337368e+02
1.187630216319339981e-02	1.272034444145677696e+02	5.393879171825656726e+01	7.824057841476273722e+01	5.658015112962679041e+02
1.212798655240480798e-02	1.260855945213162244e+02	5.383600950723869261e+01	7.816964794941547723e+01	5.556636504494957762e+02
1.238500467520621366e-02	1.249769536137548869e+02	5.373267504041986342e+01	7.809818976307089144e+01	5.457124848971018309e+02
1.264746956488544717e-02	1.238773946652224964e+02	5.362878302423298749e+01	7.802619685041172204e+01	5.359437817429769666e+02
1.291549665014883955e-02	1.227870026910586176e+02	5.352433733181864994e+01	7.795366904708401989e+01	5.263563072903307329e+02
1.318920380588532899e-02	1.217060570109652389e+02	5.341935570967672220e+01	7.788061415599138115e+01	5.169499527322439008e+02
1.346871140500627631e-02	1.206340081446405748e+02	5.331380932819412521e+01	7.780700958196324279e+01	5.077164873405369576e+02
1.375414237138396570e-02	1.195707438728665437e+02	5.320769441170598668e+01	7.773284867314335145e+01	4.986520450133027111e+02
1.404562223391196511e-02	1.185163485361607627e+02	5.310101871475180957e+01	7.765813210542781064e+01	4.897554609265731074e+02
1.434327918171109106e-02	1.174710896740700861e+02	5.299380194752973949e+01	7.758286814283964361e+01	4.810274330853292781e+02
1.464724412050539583e-02	1.164344263826830002e+02	5.288601459875005872e+01	7.750703327496638906e+01	4.724597050216671050e+02
1.495765073019278586e-02	1.154062600873763671e+02	5.277765336431799170e+01	7.743062090799242014e+01	4.640493030812551183e+02
1.527463552363575450e-02	1.143866742310535471e+02	5.266872298924418061e+01	7.735363067657398517e+01	4.557943398630676484e+02
1.559833790669801906e-02	1.133759253744309348e+02	5.255924057291028362e+01	7.727606995369355047e+01	4.476956285399875242e+02
1.592890023955338338e-02	1.123734810383379994e+02	5.244917534318034313e+01	7.719791403589708523e+01	4.397451123345229007e+02
1.626646789929399317e-02	1.113792555430276110e+02	5.233852455059655284e+01	7.711915624511675560e+01	4.319399131735114565e+02
1.661118934386526108e-02	1.103933316390024828e+02	5.222729694257617439e+01	7.703979727355186924e+01	4.242794148501994300e+02
1.696321617735579643e-02	1.094159544359855829e+02	5.211551304016001041e+01	7.695984526450283170e+01	4.167637647927398348e+02
1.732270321667098503e-02	1.084466009599201328e+02	5.200314055633616306e+01	7.687927420495422837e+01	4.093859171673297510e+02
1.768980855961942850e-02	1.074851973174338866e+02	5.189017723238338675e+01	7.679807755913516587e+01	4.021431636813817363e+02
1.806469365444235767e-02	1.065318255584669629e+02	5.177662823361926314e+01	7.671625466316844211e+01	3.950342273055005649e+02
1.844752337081655841e-02	1.055867194586059838e+02	5.166251191806077259e+01	7.663381283369584196e+01	3.880594455345606093e+02
1.883846607236187159e-02	1.046493660161855672e+02	5.154779504005208679e+01	7.655072491028771253e+01	3.812119853286578177e+02
1.923769369068539445e-02	1.037197022268327657e+02	5.143247630698153472e+01	7.646698445760222285e+01	3.744897839379985953e+02
1.964538180099485026e-02	1.027978094966410225e+02	5.131656536646197964e+01	7.638259206081266939e+01	3.678915704162795919e+02
2.006170969931423895e-02	1.018839103053900033e+02	5.120008398042401154e+01	7.629755607646443138e+01	3.614183623914149734e+02
2.048686048133601528e-02	1.009775020971657398e+02	5.108299768244268080e+01	7.621184807178940446e+01	3.550634261793209134e+02
2.092102112294418406e-02	1.000785319196500183e+02	5.096530412447668112e+01	7.612546110846068359e+01	3.488246693484504135e+02
2.136438256244391209e-02	9.918708056263230333e+01	5.084700866261056973e+01	7.603839396104714865e+01	3.427010862408810681e+02
2.181713978453380873e-02	9.830335924851284801e+01	5.072813122329662150e+01	7.595065387444614657e+01	3.366926873315483135e+02
2.227949190605761978e-02	9.742687632941155584e+01	5.060863642126388839e+01	7.586221101268787947e+01	3.307937480428004164e+02
2.275164226357336353e-02	9.655758809245070040e+01	5.048852475210820501e+01	7.577305920496327474e+01	3.250023983746951899e+02
2.323379850277806913e-02	9.569557473187421692e+01	5.036780728003266461e+01	7.568319917026938981e+01	3.193180642688779471e+02
2.372617266982774559e-02	9.484103628060958613e+01	5.024650639921146222e+01	7.559263901685902454e+01	3.137410177803025135e+02
2.422898130459259780e-02	9.399349241043599079e+01	5.012458414838121712e+01	7.550134735525756469e+01	3.082655900795629123e+02
2.474244553588843265e-02	9.315290785806573126e+01	5.000203552463304391e+01	7.540931543452936126e+01	3.028899248371766930e+02
2.526679117872631872e-02	9.231936233710385409e+01	4.987887020412095040e+01	7.531654310220120863e+01	2.976130474407132169e+02
2.580224883362318075e-02	9.149304458895734626e+01	4.975511028072938302e+01	7.522303788840135041e+01	2.924356735208265263e+02
2.634905398801689475e-02	9.067348611108397449e+01	4.963071836155904748e+01	7.512876767168610570e+01	2.873523268327853657e+02
2.690744711983068457e-02	8.986065933051497723e+01	4.950569657762524400e+01	7.503372655709522121e+01	2.823615516499828573e+02
2.747767380323228384e-02	8.905464340172376581e+01	4.938005711146743693e+01	7.493791514820175337e+01	2.774628885922487029e+02
2.805998481663422514e-02	8.825561616121207464e+01	4.925382044443097840e+01	7.484134003564118132e+01	2.726564118599420681e+02
2.865463625298309350e-02	8.746312094554127725e+01	4.912694104664145556e+01	7.474396446570489161e+01	2.679370205350726906e+02
2.926188963238583740e-02	8.667713729250567667e+01	4.899942130659986361e+01	7.464578228589587638e+01	2.633032307764106577e+02
2.988201201712300387e-02	8.589774393621381421e+01	4.887127403271019688e+01	7.454679405335710385e+01	2.587548032569339966e+02
3.051527612909937445e-02	8.512510755446299981e+01	4.874252091229659811e+01	7.444700643630000059e+01	2.542916669953899031e+02
3.116196046978347151e-02	8.435878395356509429e+01	4.861312377555373132e+01	7.434638531034396181e+01	2.499095346130432347e+02
3.182234944268905880e-02	8.359875901359899331e+01	4.848308595345113758e+01	7.424492458556741781e+01	2.456073209485569464e+02
3.249673347845206950e-02	8.284511101410160450e+01	4.835241491303550276e+01	7.414262211292611937e+01	2.413840308476784742e+02
3.318540916255835471e-02	8.209799579643517120e+01	4.822112902731080908e+01	7.403948255134214662e+01	2.372397983723056711e+02
3.388867936577820428e-02	8.135698164208633898e+01	4.808918785926441331e+01	7.393546949987810990e+01	2.331702931953036000e+02
3.460685337736497946e-02	8.062206025045935576e+01	4.795659533599847890e+01	7.383057660332009675e+01	2.291746619441712198e+02
3.534024704107661952e-02	7.989330953819603565e+01	4.782336657084805864e+01	7.372480487280320460e+01	2.252524661035283486e+02
3.608918289407971741e-02	7.917087442077699677e+01	4.768952388797502806e+01	7.361816062349099354e+01	2.214038891226788905e+02
3.685399030879719234e-02	7.845433605847522074e+01	4.755502132676653559e+01	7.351060406932384694e+01	2.176246974497576616e+02
3.763500563776207147e-02	7.774369133325389214e+01	4.741985880400385867e+01	7.340212638164264547e+01	2.139137995291800678e+02
3.843257236154112161e-02	7.703901785632267263e+01	4.728405135465081344e+01	7.329272815325890633e+01	2.102710305355911942e+02
3.924704123979310538e-02	7.634044964245886433e+01	4.714762117652104223e+01	7.318241492073953225e+01	2.066961980466878686e+02
4.007877046552850431e-02	7.564758099160845006e+01	4.701052744992036025e+01	7.307114870044539146e+01	2.031858519585448448e+02
4.092812582263813392e-02	7.496041340737426140e+01	4.687277608338746404e+01	7.295892352513021706e+01	1.997390791612724570e+02
4.179548084676026898e-02	7.427902425923109320e+01	4.673437661163261225e+01	7.284573658867201118e+01	1.963554490657100473e+02
4.268121698955689575e-02	7.360353664660657103e+01	4.659534618621066215e+01	7.273159023790627487e+01	1.930347626113271815e+02
4.358572378647117967e-02	7.293355829879759256e+01	4.645564260035142468e+01	7.261644471048245464e+01	1.897736267742258747e+02
4.450939902804028347e-02	7.226909477701828166e+01	4.631527281576502020e+01	7.250029407028931416e+01	1.865714181481181413e+02
4.545264893483848267e-02	7.161022327647472707e+01	4.617425484019977233e+01	7.238314012198047465e+01	1.834278438372189726e+02
4.641588833612779463e-02	7.095705602145180535e+01	4.603261023633552185e+01	7.226498748874794842e+01	1.803429764194640654e+02
4.739954085229469011e-02	7.030921435697368338e+01	4.589028754521032027e+01	7.214578972518826561e+01	1.773132982351559690e+02
4.840403908115278181e-02	6.966670741318675653e+01	4.574729109091256163e+01	7.202553876404536481e+01	1.743380624128751890e+02
4.942982478819387543e-02	6.902961229013173750e+01	4.560363942260590875e+01	7.190423603633387017e+01	1.714171441019253734e+02
5.047734910087089966e-02	6.839803028261317763e+01	4.545935475375168977e+01	7.178188548417757886e+01	1.685504742795745869e+02
5.154707270699779992e-02	6.777159663361980790e+01	4.531439422592886501e+01	7.165844529777319849e+01	1.657351989809242241e+02
5.263946605735428386e-02	6.715032352757989997e+01	4.516876069155150475e+01	7.153390654215394306e+01	1.629705262131724055e+02
5.375500957258409762e-02	6.653428795854443933e+01	4.502246568154057371e+01	7.140826565804654535e+01	1.602561863204806514e+02
5.489419385447772554e-02	6.592358053796945683e+01	4.487553147575853529e+01	7.128152595301838801e+01	1.575919994962899295e+02
5.605751990173300781e-02	6.531785036062193228e+01	4.472791472039800453e+01	7.115364400586716442e+01	1.549754022587493694e+02
5.724549933028778848e-02	6.471711228657018466e+01	4.457962606666614391e+01	7.102461522296458440e+01	1.524059114955705070e+02
5.845865459832211286e-02	6.412144348872308797e+01	4.443068060946220044e+01	7.089443802223298974e+01	1.498831865059380277e+02
5.969751923602879817e-02	6.353092324942006286e+01	4.428108949721643484e+01	7.076310767088186537e+01	1.474068775491279837e+02
6.096263808025296355e-02	6.294521534062125312e+01	4.413080959988160146e+01	7.063058016658642657e+01	1.449745297347301971e+02
6.225456751410456124e-02	6.236433664577711511e+01	4.397985255463527920e+01	7.049685087063204492e+01	1.425858155671657528e+02
6.357387571164835327e-02	6.178836461029911220e+01	4.382824002441327593e+01	7.036192216345607164e+01	1.402405449419013337e+02
6.492114288777969811e-02	6.121736710845969043e+01	4.367598854695656740e+01	7.022579308171056311e+01	1.379385490182783940e+02
6.629696155339574737e-02	6.065102283656719351e+01	4.352304460260376828e+01	7.008841127088385292e+01	1.356772466888245106e+02
6.770193677597398374e-02	6.008935025408063524e+01	4.336941996787287223e+01	6.994977156222948622e+01	1.334562905849996355e+02
6.913668644567325106e-02	5.953236074069828021e+01	4.321511212796506385e+01	6.980987683156405410e+01	1.312754352708655290e+02
7.060184154707406512e-02	5.898031001086594927e+01	4.306021862948792744e+01	6.966872878562926985e+01	1.291350510412985670e+02
7.209804643667737378e-02	5.843269257662151261e+01	4.290461033585714290e+01	6.952627432200827684e+01	1.270323013868325432e+02
7.362595912628441819e-02	5.788959450899414350e+01	4.274831895873271037e+01	6.938250317177308091e+01	1.249668779873088482e+02
7.518625157238204015e-02	5.735109463270445929e+01	4.259137014411619049e+01	6.923742040563119815e+01	1.229388634226963859e+02
7.677960997166025092e-02	5.681723613977269594e+01	4.243378223770840663e+01	6.909102445798134795e+01	1.209479377089443659e+02
7.840673506279315086e-02	5.628772986596023031e+01	4.227550792536648316e+01	6.894326473606501793e+01	1.189922104033212094e+02
8.006834243461452560e-02	5.576259565169164034e+01	4.211655171678644649e+01	6.879412957215666324e+01	1.170711860402121829e+02
8.176516284082480102e-02	5.524191352215770934e+01	4.195693697991364246e+01	6.864362104600033376e+01	1.151846890745445222e+02
8.349794252136732986e-02	5.472571313900333934e+01	4.179668195306988565e+01	6.849173787115034884e+01	1.133325315361399959e+02
8.526744353061486981e-02	5.421372277529209782e+01	4.163574550119092521e+01	6.833843402452095006e+01	1.115130501360509498e+02
8.707444407251174745e-02	5.370596202659285723e+01	4.147413070097748999e+01	6.818369536292036059e+01	1.097257806530837172e+02
8.891973884281766105e-02	5.320251185194977239e+01	4.131185973300795666e+01	6.802752300823500775e+01	1.079705312681833931e+02
9.080413937860487561e-02	5.270338938934913386e+01	4.114895122907554281e+01	6.786991606236492203e+01	1.062471574858812460e+02
9.272847441516200717e-02	5.220833944567951335e+01	4.098536474786867245e+01	6.771082791783985044e+01	1.045540552107363226e+02
9.469359025046093781e-02	5.171738138032339549e+01	4.082110592858692399e+01	6.755024613153516100e+01	1.028908184218716144e+02
9.670035111734798239e-02	5.123059682814096760e+01	4.065619632480038348e+01	6.738817016853464281e+01	1.012573109546103609e+02
9.874963956362264872e-02	5.074799136533393096e+01	4.049064916812244519e+01	6.722459319529588129e+01	9.965325116574410913e+01
1.008423568401705106e-01	5.026932546832989601e+01	4.032442743635831306e+01	6.705947111005059469e+01	9.807731419575127063e+01
1.029794232973221257e-01	4.979461826452404694e+01	4.015753826413745742e+01	6.689279188030097600e+01	9.652907787467007950e+01
1.051617787896111378e-01	4.932395183577030906e+01	3.999000312898272824e+01	6.672455392353020898e+01	9.500849117672714783e+01
1.073903830891107247e-01	4.885732109168347392e+01	3.982183538644671472e+01	6.655475124901855111e+01	9.351514969020213641e+01
1.096662163075285135e-01	4.839450136274603409e+01	3.965299918609203189e+01	6.638333935231216287e+01	9.204787880777848841e+01
1.119902793272475605e-01	4.793551154306972251e+01	3.948350127173861779e+01	6.621030555612047408e+01	9.060624949047492294e+01
1.143635942415015677e-01	4.748043395267848155e+01	3.931336572663021656e+01	6.603565076696442304e+01	8.919027213596959314e+01
1.167872048038782751e-01	4.702925367997874417e+01	3.914260690322259251e+01	6.585937084351496651e+01	8.779959003510840887e+01
1.192621768873494831e-01	4.658176012896303320e+01	3.897118714192323807e+01	6.568141828938767901e+01	8.643310477286850357e+01
1.217895989530276418e-01	4.613797196402856571e+01	3.879911043441745022e+01	6.550177660265728719e+01	8.509041525421051233e+01
1.243705825288575900e-01	4.569797155049724324e+01	3.862640626479122119e+01	6.532045055202588912e+01	8.377148774523469399e+01
1.270062626984522769e-01	4.526173494963288135e+01	3.845308622143105026e+01	6.513743294566529585e+01	8.247600679661999834e+01
1.296977986002878502e-01	4.482906489845830578e+01	3.827911081767632595e+01	6.495267377038932466e+01	8.120290443653587431e+01
1.324463739374786009e-01	4.439997983439729978e+01	3.810448724237962637e+01	6.476615964219628552e+01	7.995188763562829593e+01
1.352531974983535168e-01	4.397456197772965680e+01	3.792925161987920291e+01	6.457790252250826768e+01	7.872294648202999667e+01
1.381195036880665805e-01	4.355277912913239646e+01	3.775341354784220016e+01	6.438789379603738894e+01	7.751583505316573053e+01
1.410465530714722360e-01	4.313444664474663170e+01	3.757692525477336432e+01	6.419607314156483824e+01	7.632936483941981010e+01
1.440356329275057634e-01	4.271958273911694448e+01	3.739979960758854105e+01	6.400243193938943875e+01	7.516335149258382842e+01
1.470880578153118678e-01	4.230826931913122024e+01	3.722207819555714536e+01	6.380698872464049032e+01	7.401789027892355932e+01
1.502051701523716420e-01	4.190046663542266003e+01	3.704376157587664409e+01	6.360972539591053021e+01	7.289261262162202115e+01
1.533883408048797858e-01	4.149600198910248139e+01	3.686480357380481365e+01	6.341058075179467579e+01	7.178647432781951920e+01
1.566389696906345663e-01	4.109489337767339379e+01	3.668522831269739015e+01	6.320956019693230132e+01	7.069935675639497674e+01
1.599584863947036695e-01	4.069722223267105221e+01	3.650507568994460428e+01	6.300668169498761984e+01	6.963134645772953490e+01
1.633483507981373095e-01	4.030294193092779409e+01	3.632433319178431219e+01	6.280191095660915579e+01	6.858189617441365726e+01
1.668100537200059019e-01	3.991189107534330560e+01	3.614296790432680240e+01	6.259520117170092135e+01	6.755026842899489736e+01
1.703451175730422984e-01	3.952408744554544739e+01	3.596100328710585359e+01	6.238655623778074499e+01	6.653634886038891239e+01
1.739550970331800450e-01	3.913961186038888229e+01	3.577846850746401941e+01	6.217598051559802030e+01	6.554007126395322302e+01
1.776415797232799298e-01	3.875841145243256136e+01	3.559536242034403131e+01	6.196345594712775551e+01	6.456100617274474018e+01
1.814061869113461622e-01	3.838033551346516248e+01	3.541165761661456912e+01	6.174894119696811146e+01	6.359853285793875699e+01
1.852505742235391883e-01	3.800540160802070488e+01	3.522736593754505918e+01	6.153242722125654751e+01	6.265239822728551644e+01
1.891764323722997243e-01	3.763368981139736036e+01	3.504252325674777779e+01	6.131392700732351386e+01	6.172266735868735310e+01
1.931854878999012814e-01	3.726514160857519897e+01	3.485713290777855633e+01	6.109342676303905506e+01	6.080895643068988932e+01
1.972795039377621684e-01	3.689961639504355162e+01	3.467115438451962461e+01	6.087086800607563930e+01	5.991055202708298566e+01
2.014602809818480389e-01	3.653713153170293282e+01	3.448460776923706561e+01	6.064625232151709611e+01	5.902728531858036831e+01
2.057296576845067948e-01	3.617776621395235992e+01	3.429754220057160552e+01	6.041960997970612368e+01	5.815933454733661279e+01
2.100895116630852322e-01	3.582145685278935332e+01	3.410993950367782901e+01	6.019090100346479488e+01	5.730614833286846022e+01
2.145417603256798977e-01	3.546807238911200955e+01	3.392177195352575581e+01	5.996008559364551616e+01	5.646716887966452703e+01
2.190883617143895290e-01	3.511762997962880206e+01	3.373306722507792443e+01	5.972717482746440254e+01	5.564230145164810892e+01
2.237313153664367560e-01	3.477020783488126199e+01	3.354385626085050376e+01	5.949217219281117508e+01	5.483154704794777246e+01
2.284726631935388719e-01	3.442573781654147069e+01	3.335413742092501366e+01	5.925506346022433490e+01	5.403452771595457449e+01
2.333144903799153069e-01	3.408409788429552378e+01	3.316387985651209647e+01	5.901580179084143651e+01	5.325072138385901610e+01
2.382589262993237145e-01	3.374530499205560830e+01	3.297309919254936261e+01	5.877438284251351064e+01	5.247991459452816798e+01
2.433081454515323150e-01	3.340943626546154377e+01	3.278184876059560082e+01	5.853084598201448330e+01	5.172226931079258350e+01
2.484643684186368384e-01	3.307641951362069221e+01	3.259011655253738127e+01	5.828516338817421172e+01	5.097735750716030623e+01
2.537298628416438939e-01	3.274614121219603646e+01	3.239786673597838274e+01	5.803727721228262482e+01	5.024465552181629846e+01
2.591069444177515613e-01	3.241861811498868207e+01	3.220512949336080766e+01	5.778720519669513322e+01	4.952408982879587995e+01
2.645979779187619951e-01	3.209392616993021363e+01	3.201194485500069931e+01	5.753496912394493279e+01	4.881567372908401126e+01
2.702053782310787078e-01	3.177198960393155147e+01	3.181830686425541899e+01	5.728055227287091355e+01	4.811906244074050676e+01
2.759316114177428059e-01	3.145270292588286054e+01	3.162418827493809914e+01	5.702391305092342577e+01	4.743381393390880163e+01
2.817791958029755572e-01	3.113608269788410254e+01	3.142960404901668880e+01	5.676504221687185492e+01	4.675976282474954360e+01
2.877507030797054055e-01	3.082220359738126447e+01	3.123461356854017623e+01	5.650399311279939241e+01	4.609706612884448873e+01
2.938487594405665426e-01	3.051098671729455702e+01	3.103919492697267302e+01	5.624072777263798883e+01	4.544525900287716524e+01
3.000760467328633108e-01	3.020233414160707142e+01	3.084332983389780125e+01	5.597521763656094151e+01	4.480400781194388315e+01
3.064353036380134121e-01	2.989626223957998263e+01	3.064703699362401323e+01	5.570746297550471837e+01	4.417316337232649204e+01
3.129293268759847368e-01	2.959284435166917149e+01	3.045036716911939578e+01	5.543750296912516973e+01	4.355281079887711115e+01
3.195609724352570513e-01	2.929199884271154986e+01	3.025331094381299124e+01	5.516532265162060611e+01	4.294260072077351964e+01
3.263331568288500573e-01	2.899363493956003168e+01	3.005583641360613711e+01	5.489087044614882416e+01	4.234213532890549203e+01
3.332488583769670498e-01	2.869776883816245316e+01	2.985797705674459124e+01	5.461417374768852540e+01	4.175137107462741426e+01
3.403111185168231634e-01	2.840447242321104326e+01	2.965978001883284065e+01	5.433526917257782429e+01	4.117032875478874843e+01
3.475230431402304698e-01	2.811366177220306994e+01	2.946123129621201642e+01	5.405413404436753666e+01	4.059868005373022015e+01
3.548878039595292910e-01	2.782525282149179802e+01	2.926230537868139692e+01	5.377072839654272229e+01	4.003610035529076328e+01
3.624086399024666338e-01	2.753926158473988295e+01	2.906303288112516370e+01	5.348507787851815465e+01	3.948249451496462825e+01
3.700888585366366446e-01	2.725575847413996655e+01	2.886347065054101080e+01	5.319723698357783803e+01	3.893793233256644015e+01
3.779318375241043637e-01	2.697465759868480717e+01	2.866359045422834129e+01	5.290716259763291163e+01	3.840206059695481144e+01
3.859410261068597081e-01	2.669588122928701779e+01	2.846338018735838915e+01	5.261483784798792129e+01	3.787461438401010128e+01
3.941199466237500504e-01	2.641944518673275866e+01	2.826286613399260617e+01	5.232028278987431946e+01	3.735547942093430152e+01
4.024721960595590287e-01	2.614541838155861697e+01	2.806210772983661528e+01	5.202355985263866955e+01	3.684475569790433980e+01
4.110014476269163164e-01	2.587371327720062553e+01	2.786107604801996018e+01	5.172462805902884497e+01	3.634209725272929603e+01
4.197114523817274123e-01	2.560425810508194644e+01	2.765976331894140117e+01	5.142347859495475859e+01	3.584723880422689035e+01
4.286060408728412652e-01	2.533706852686226085e+01	2.745819017779251681e+01	5.112012330055888754e+01	3.536010852823624617e+01
4.376891248266767120e-01	2.507221183312261203e+01	2.725642361130534397e+01	5.081464324181522585e+01	3.488078602115633231e+01
4.469646988675492483e-01	2.480959922800694883e+01	2.705443291961687891e+01	5.050699697873226057e+01	3.440892391853105181e+01
4.564368422744575216e-01	2.454916452938073945e+01	2.685220690091287921e+01	5.019716789728577311e+01	3.394431801882814881e+01
4.661097207750954374e-01	2.429092322261826098e+01	2.664977552023832885e+01	4.988519231560828615e+01	3.348687843681908305e+01
4.759875883778879602e-01	2.403494097811801922e+01	2.644720279884183967e+01	4.957114794092210985e+01	3.303668832112671794e+01
4.860747892428489703e-01	2.378112800639568647e+01	2.624445561374152902e+01	4.925498862607651773e+01	3.259342512271302894e+01
4.963757595920870180e-01	2.352942338033144409e+01	2.604152729849369408e+01	4.893671338913887325e+01	3.215688610914229173e+01
5.068950296608012440e-01	2.327984240068563793e+01	2.583844927156740567e+01	4.861636295096661797e+01	3.172700119217947190e+01
5.176372256896176749e-01	2.303244912683704371e+01	2.563528246182896808e+01	4.829400768463209914e+01	3.130385017529898661e+01
5.286070719591531297e-01	2.278715301012820760e+01	2.543199910576450762e+01	4.796962297128838770e+01	3.088712388084371696e+01
5.398093928676924724e-01	2.254389807252219668e+01	2.522859155533915754e+01	4.764320599783050625e+01	3.047663899698853740e+01
5.512491150528981976e-01	2.230269944641245417e+01	2.502509171481725403e+01	4.731479426593018900e+01	3.007235264703899347e+01
5.629312695584811621e-01	2.206361950297699792e+01	2.482156193858035209e+01	4.698447748572835536e+01	2.967427957600992983e+01
5.748609940467923618e-01	2.182656724800291315e+01	2.461797599808465620e+01	4.665223169021437144e+01	2.928219545472735419e+01
5.870435350582976497e-01	2.159149132598443543e+01	2.441432081817611177e+01	4.631803903139640255e+01	2.889588282122840468e+01
5.994842503189414806e-01	2.135840670528606466e+01	2.421064084650350168e+01	4.598198114506696754e+01	2.851533388588596551e+01
6.121886110964055439e-01	2.112737404322305679e+01	2.400699063487516938e+01	4.564412185897658247e+01	2.814056573939998529e+01
6.251622046063020077e-01	2.089830214949845200e+01	2.380334646411503741e+01	4.530445287195321669e+01	2.777134097048699246e+01
6.384107364693620834e-01	2.067114399417262405e+01	2.359970119610646933e+01	4.496297410902972302e+01	2.740749998783340047e+01
6.519400332206916060e-01	2.044591437989679505e+01	2.339608695061653165e+01	4.461973362728998183e+01	2.704897934952235872e+01
6.657560448722088520e-01	2.022267224799864138e+01	2.319257712342328759e+01	4.427485380766124479e+01	2.669585318781227912e+01
6.798648475293831428e-01	2.000132642501880298e+01	2.298913419447234574e+01	4.392829261662875240e+01	2.634786451400520946e+01
6.942726460634290886e-01	1.978183393589470285e+01	2.278575474450352800e+01	4.358006052399414898e+01	2.600485518749144020e+01
7.089857768401280902e-01	1.956420942303565269e+01	2.258248051931334643e+01	4.323023568009829631e+01	2.566682395816657802e+01
7.240107105064845783e-01	1.934851007561848490e+01	2.237937445845509998e+01	4.287891689149550700e+01	2.533377316528238410e+01
7.393540548364295750e-01	1.913464497866322844e+01	2.217640416778239398e+01	4.252608060585291838e+01	2.500550059029952266e+01
7.550225576368376768e-01	1.892257493340561680e+01	2.197356982835402661e+01	4.217174694532163670e+01	2.468186838519586956e+01
7.710231097151263313e-01	1.871231443968705932e+01	2.177090705947040661e+01	4.181598318049315566e+01	2.436282750809512265e+01
7.873627479097432547e-01	1.850391888518861805e+01	2.156848829084621144e+01	4.145891620613639361e+01	2.404844780525413839e+01
8.040486581848822478e-01	1.829729785508865803e+01	2.136627301808877277e+01	4.110050737670147925e+01	2.373848585106230757e+01
8.210881787907730045e-01	1.809241565912399707e+01	2.116426734177584734e+01	4.074079401882728746e+01	2.343283096908001539e+01
8.384888034909533383e-01	1.788928662670084435e+01	2.096250530598103268e+01	4.037984067738853611e+01	2.313145640629415567e+01
8.562581848579297050e-01	1.768796442498758381e+01	2.076106414464485894e+01	4.001779613804264102e+01	2.283440380706316120e+01
8.744041376386801900e-01	1.748835924361274863e+01	2.055989804891643047e+01	3.965460772314890647e+01	2.254145734494265341e+01
8.929346421914835519e-01	1.729043868602382616e+01	2.035901565391049317e+01	3.929032399551727650e+01	2.225251402431239711e+01
9.118578479955742333e-01	1.709421691769690810e+01	2.015845469871353046e+01	3.892502043055504402e+01	2.196755439597086124e+01
9.311820772351820930e-01	1.689974586343739205e+01	1.995828919133640866e+01	3.855884581588318838e+01	2.168660293933771399e+01
9.509158284595223831e-01	1.670693651888621645e+01	1.975847500937508272e+01	3.819175438210284312e+01	2.140947509899879364e+01
9.710677803203476843e-01	1.651575953737415148e+01	1.955901886563291825e+01	3.782378993616855922e+01	2.113605903491067650e+01
9.916467953887124764e-01	1.632622893389069674e+01	1.935996475961102448e+01	3.745505157027620413e+01	2.086634854725282295e+01
1.012661924052612461e+00	1.613839486518992317e+01	1.916138070026313756e+01	3.708567423043065503e+01	2.060037187972945461e+01
1.034122408497234025e+00	1.595216932707924151e+01	1.896322694354091354e+01	3.671563001401405302e+01	2.033794099319385751e+01
1.056037686769547568e+00	1.576752579030657664e+01	1.876550661237754269e+01	3.634495134776469882e+01	2.007895880351292561e+01
1.078417396929040706e+00	1.558447811177254927e+01	1.856826986886417075e+01	3.597376153539001109e+01	1.982343191494472734e+01
1.101271381286411888e+00	1.540307470876920704e+01	1.837157979291980681e+01	3.560218405466272884e+01	1.957136888445521450e+01
1.124609690732098155e+00	1.522322871442866443e+01	1.817539880269451658e+01	3.523020222276510083e+01	1.932260394727967068e+01
1.148442589156521310e+00	1.504491620877028168e+01	1.797973344307261101e+01	3.485785933478423715e+01	1.907705587005349557e+01
1.172780557964020254e+00	1.486815088943781404e+01	1.778462524663806121e+01	3.448525536294352634e+01	1.883471191323175375e+01
1.197634300682437924e+00	1.469297944635231801e+01	1.759014800829235270e+01	3.411255263330402698e+01	1.859559815538937855e+01
1.223014747670394531e+00	1.451931629871673124e+01	1.739625489761048627e+01	3.373970886765962263e+01	1.835954923109759207e+01
1.248933060924324545e+00	1.434713992673387217e+01	1.720295659852058989e+01	3.336677872458041350e+01	1.812649727409880995e+01
1.275400638987373769e+00	1.417646386810995729e+01	1.701029549253483708e+01	3.299387301421255358e+01	1.789641696622670608e+01
1.302429121962336289e+00	1.400733310365491668e+01	1.681834447892605766e+01	3.262115040696048140e+01	1.766935488777345142e+01
1.330030396630823342e+00	1.383966347572561695e+01	1.662705460433526738e+01	3.224856905505863836e+01	1.744513802061156227e+01
1.358216601680917401e+00	1.367343566627823037e+01	1.643644078838992328e+01	3.187619485899998040e+01	1.722371464176162803e+01
1.387000133045610317e+00	1.350866304877238555e+01	1.624654067523456646e+01	3.150412620918512729e+01	1.700505889644358959e+01
1.416393649354382722e+00	1.334538892013736877e+01	1.605743011759804162e+01	3.113253944141709084e+01	1.678920899519425447e+01
1.446410077500298819e+00	1.318353067280303392e+01	1.586905910271186571e+01	3.076138551423135326e+01	1.657601887825874343e+01
1.477062618325094778e+00	1.302307099760543885e+01	1.568143816917992517e+01	3.039072189287483994e+01	1.636541804514913423e+01
1.508364752424737887e+00	1.286402309679065681e+01	1.549461189010531470e+01	3.002066755930857056e+01	1.615740529686128113e+01
1.540330246078020826e+00	1.270642862604366030e+01	1.530865017487233359e+01	2.965138666431561276e+01	1.595200775253039716e+01
1.572973157300799230e+00	1.255020663339838016e+01	1.512350240653467282e+01	2.928283049642591607e+01	1.574908008994558806e+01
1.606307842028519950e+00	1.239534163642054665e+01	1.493918135589429141e+01	2.891505936769677376e+01	1.554857411331082240e+01
1.640348960429783842e+00	1.224184666300994451e+01	1.475573120873402111e+01	2.854819750763453001e+01	1.535047899049777165e+01
1.675111483353698638e+00	1.208976175730358271e+01	1.457321873829041436e+01	2.818240205459046166e+01	1.515482023215111163e+01
1.710610698913865635e+00	1.193900774115998509e+01	1.439159495160948055e+01	2.781762788461518454e+01	1.496146968815077294e+01
1.746862219211904321e+00	1.178957077490702687e+01	1.421086972940000948e+01	2.745392697443880081e+01	1.477037610919117228e+01
1.783881987203444153e+00	1.164146369708958773e+01	1.403108659773276834e+01	2.709142425503705809e+01	1.458152817484776875e+01
1.821686283709640364e+00	1.149472500552045950e+01	1.385231428686117638e+01	2.673028444109899482e+01	1.439496259594097793e+01
1.860291734577268707e+00	1.134927737804552805e+01	1.367449953017995057e+01	2.637044960497770774e+01	1.421054665286126628e+01
1.899715317990559260e+00	1.120510844870340250e+01	1.349765328357637095e+01	2.601197595508256555e+01	1.402823476924700152e+01
1.939974371937992492e+00	1.106223085897191716e+01	1.332181809581205023e+01	2.565498375072188253e+01	1.384802612930678833e+01
1.981086601837313665e+00	1.092068160066534865e+01	1.314706125307313123e+01	2.529963775622364253e+01	1.366995210827887774e+01
2.023070088322156401e+00	1.078038531613812090e+01	1.297332633348942288e+01	2.494586965761429198e+01	1.349388029200720673e+01
2.065943295193674256e+00	1.064133093506589312e+01	1.280062651188044853e+01	2.459374059537790203e+01	1.331977559014614165e+01
2.109725077540682392e+00	1.050353088903951182e+01	1.262900304109293081e+01	2.424336678366514874e+01	1.314764181429154632e+01
2.154434690031884259e+00	1.036702072476916747e+01	1.245851896965712413e+01	2.389490467184276667e+01	1.297750333705423920e+01
2.200091795383838367e+00	1.023172713790285826e+01	1.228911941256895268e+01	2.354828677901887346e+01	1.280923834567842512e+01
2.246716473008353532e+00	1.009764018245972039e+01	1.212081447737364925e+01	2.320356285268006502e+01	1.264281465523532511e+01
2.294329227843169949e+00	9.964772056314126658e+00	1.195364604922517238e+01	2.286085453736463791e+01	1.247823512080497643e+01
2.342950999369765697e+00	9.833156953976617487e+00	1.178767408516976900e+01	2.252030777597486733e+01	1.231552332385669857e+01
2.392603170822269476e+00	9.702723684984320585e+00	1.162284186171064171e+01	2.218184651557523779e+01	1.215456922779157978e+01
2.443307578591545681e+00	9.573463264123661887e+00	1.145916162709604436e+01	2.184552887718162495e+01	1.199534168920402699e+01
2.495086521828544068e+00	9.445387637716079254e+00	1.129666760330417041e+01	2.151144859153576050e+01	1.183783990069533409e+01
2.547962772251191943e+00	9.318529725531675467e+00	1.113542447197958829e+01	2.117977074825199679e+01	1.168209532333450973e+01
2.601959584159102334e+00	9.192820530221194275e+00	1.097537049448769508e+01	2.085039903885255796e+01	1.152799827100334973e+01
2.657100704660517732e+00	9.068251858529778886e+00	1.081651608795498021e+01	2.052338264844193816e+01	1.137552048243092884e+01
2.713410384115983121e+00	8.944835378768930312e+00	1.065889709884561221e+01	2.019882437186952728e+01	1.122466466775338212e+01
2.770913386803353973e+00	8.822602824880153349e+00	1.050257204053115956e+01	1.987686764393889050e+01	1.107545848929876797e+01
2.829635001808795014e+00	8.701487471341300406e+00	1.034747966817861631e+01	1.955741468498018065e+01	1.092780300976347441e+01
2.889601054148607684e+00	8.581481741922953432e+00	1.019363109667728118e+01	1.924051671719551848e+01	1.078167358454959945e+01
2.950837916126738403e+00	8.462596998837152995e+00	1.004105833339542819e+01	1.892626106694525845e+01	1.063707096575550359e+01
3.013372518932980082e+00	8.344863890371279069e+00	9.889815773014355216e+00	1.861478035924859498e+01	1.049402075775935650e+01
3.077232364486974792e+00	8.228218036684197045e+00	9.739844708402159768e+00	1.830598209033084700e+01	1.035242999269964947e+01
3.142445537533192557e+00	8.112652302867322973e+00	9.591150876675261117e+00	1.799989614837273777e+01	1.021227539541166252e+01
3.209040717992251324e+00	7.998177711673326584e+00	9.443765413671538766e+00	1.769660797045140654e+01	1.007356176443438578e+01
3.277047193573979555e+00	7.884823926757588808e+00	9.297743915776576884e+00	1.739625484485600282e+01	9.936317379362646918e+00
3.346494872657771680e+00	7.772529002020141853e+00	9.153021923465640697e+00	1.709871999501236672e+01	9.800450710424094325e+00
3.417414297445926952e+00	7.661286056128493449e+00	9.009605833990745438e+00	1.680403486746338970e+01	9.665943099134052474e+00
3.489836657395697816e+00	7.551105736148720382e+00	8.867525075809089330e+00	1.651227918363177238e+01	9.532798253907225572e+00
3.563793802936028321e+00	7.442016824327081892e+00	8.726829153187448895e+00	1.622357008343136187e+01	9.401041784692196757e+00
3.639318259474964901e+00	7.333959909096129159e+00	8.587456674114248401e+00	1.593779705903972399e+01	9.270590426655154204e+00
3.716443241703908829e+00	7.226928163465003330e+00	8.449412419879010372e+00	1.565498496900086600e+01	9.141426152865964383e+00
3.795202668205029717e+00	7.120931817143143938e+00	8.312719257938905315e+00	1.537519046264147171e+01	9.013552642227969258e+00
3.875631176368202979e+00	7.015998873167466066e+00	8.177427852722765067e+00	1.509853515837370708e+01	8.886999940425777567e+00
3.957764137624104617e+00	6.912072577851361643e+00	8.043477557478965423e+00	1.482490638242273029e+01	8.761688656309619461e+00
4.041637673000112230e+00	6.809145941926458612e+00	7.910867205456208140e+00	1.455430855103448096e+01	8.637600006726932733e+00
4.127288669005872102e+00	6.707228734725672048e+00	7.779619384400212390e+00	1.428679755169281229e+01	8.514739650050616504e+00
4.214754793855508552e+00	6.606348264509964707e+00	7.649782488693866789e+00	1.402248753317519281e+01	8.393136693737460519e+00
4.304074514033643162e+00	6.506450603481222394e+00	7.521294394920389870e+00	1.376125555186522220e+01	8.272715714001932952e+00
4.395287111212434539e+00	6.407528355548597787e+00	7.394152948582361162e+00	1.350310296488508577e+01	8.153460863366506217e+00
4.488432699527177050e+00	6.309590791108695029e+00	7.268379170710553616e+00	1.324808078792182897e+01	8.035379337751027862e+00
4.583552243217979161e+00	6.212664568694592049e+00	7.144017114815356173e+00	1.299628823480286854e+01	7.918498904790430615e+00
4.680687574645305382e+00	6.116698826352371832e+00	7.021005981915504179e+00	1.274760102530759731e+01	7.802750745683506572e+00
4.779881412687339015e+00	6.021685479010494113e+00	6.899341069492357370e+00	1.250201259735085557e+01	7.688119298667980495e+00
4.881177381527165515e+00	5.927633251935617409e+00	6.779040503818078989e+00	1.225956460897548972e+01	7.574610560374640755e+00
4.984620029838152888e+00	5.834568176719841404e+00	6.660146470716274081e+00	1.202035101008604556e+01	7.462253251873264936e+00
5.090254850375883322e+00	5.742442764608528094e+00	6.542600552726439922e+00	1.178424954679407399e+01	7.350984751129173489e+00
5.198128299985286915e+00	5.651247916778949332e+00	6.426394395157522865e+00	1.155124236798925885e+01	7.240789199140228227e+00
5.308287820031761584e+00	5.560991774391945697e+00	6.311543045700516608e+00	1.132136156892562262e+01	7.131672806027459011e+00
5.420781857265304815e+00	5.471699692370196821e+00	6.198085044384771258e+00	1.109468876984785268e+01	7.023663709451902548e+00
5.535659885126738011e+00	5.383327989529822055e+00	6.085966986760621644e+00	1.087111280528202251e+01	6.916706141651676631e+00
5.652972425505520704e+00	5.295866163941033378e+00	5.975176987616974245e+00	1.065060623521012495e+01	6.810783409321457427e+00
5.772771070958623518e+00	5.209321740746515772e+00	5.865726194076825273e+00	1.043318848901235718e+01	6.705901158218861013e+00
5.895108507400270703e+00	5.123719257836442331e+00	5.757651282119782721e+00	1.021893573404244648e+01	6.602088572732111693e+00
6.020038537272556667e+00	5.039019434906490957e+00	5.650902415481741770e+00	1.000774155619745542e+01	6.499296068167126350e+00
6.147616103207036886e+00	4.955209898106801347e+00	5.545463828177426002e+00	9.799568678666668475e+00	6.397505755069047950e+00
6.277897312187818990e+00	4.872297515437060689e+00	5.441344437110128496e+00	9.594430039054934412e+00	6.296723476126371288e+00
6.410939460226692255e+00	4.790305795908466280e+00	5.338578027267578463e+00	9.392393235797085183e+00	6.196977949626411686e+00
6.546801057561175696e+00	4.709200615768680542e+00	5.237119334556252781e+00	9.193358931400840817e+00	6.098225732502656093e+00
6.685541854386596761e+00	4.628967172218221293e+00	5.136948943959647629e+00	8.997282270045403152e+00	6.000447572758239367e+00
6.827222867133428963e+00	4.549611658537935810e+00	5.038074421103670986e+00	8.804172728434782158e+00	5.903650735975209507e+00
6.971906405301561804e+00	4.471156149698622961e+00	4.940525301618633236e+00	8.614085897879707687e+00	5.807861857310980369e+00
7.119656098863218929e+00	4.393572739817495965e+00	4.844262760687127134e+00	8.426933953881629691e+00	5.713045174023907435e+00
7.270536926246596643e+00	4.316843497856656775e+00	4.749261672543528157e+00	8.242658102688375621e+00	5.619178317563396696e+00
7.424615242912579127e+00	4.240973923901262488e+00	4.655528382845920632e+00	8.061265073521786562e+00	5.526268619527097137e+00
7.581958810536977289e+00	4.165984096800447567e+00	4.563088708931997139e+00	7.882801816070358569e+00	5.434341149967369056e+00
7.742636826811277295e+00	4.091853688907097997e+00	4.471913408060276929e+00	7.707200170047642018e+00	5.343371048159704984e+00
7.906719955874896399e+00	4.018560793847880674e+00	4.381970436700387772e+00	7.534385264487626799e+00	5.253330984024399797e+00
8.074280359392364659e+00	3.946110223752581803e+00	4.293264166325997166e+00	7.364358309463647778e+00	5.164228168356996385e+00
8.245391728289099831e+00	3.874519217689605721e+00	4.205815397108418452e+00	7.197154569658807510e+00	5.076084834963585202e+00
8.420129315159766037e+00	3.803776849846413732e+00	4.119607077117688476e+00	7.032731330893135180e+00	4.988888017408439346e+00
8.598569967363353328e+00	3.733856174979127474e+00	4.034601075567508133e+00	6.871002349194415437e+00	4.902606294805284648e+00
8.780792160819700598e+00	3.664761316139281355e+00	3.950798904911402509e+00	6.711961086887622052e+00	4.817245132247133022e+00
8.966876034522190508e+00	3.596505593341418283e+00	3.868215030813108690e+00	6.555628465820115380e+00	4.732821650517528234e+00
9.156903425781846906e+00	3.529089766618749735e+00	3.786846345953335913e+00	6.401988791708532744e+00	4.649337044961662002e+00
9.350957906218383187e+00	3.462480562199112821e+00	3.706646290091872409e+00	6.250939020131923485e+00	4.566753158998860584e+00
9.549124818513869073e+00	3.396681420785244487e+00	3.627616866673120999e+00	6.102475643417525575e+00	4.485076802767856030e+00
9.751491313945386707e+00	3.331701421050368150e+00	3.549765527160212653e+00	5.956604015325627444e+00	4.404319766189849439e+00
9.958146390713055851e+00	3.267552596072310855e+00	3.473103141927811777e+00	5.813335865692645932e+00	4.324497684895724170e+00
1.016918093308028581e+01	3.204197085881277385e+00	3.397577117014639381e+00	5.672556736673128874e+00	4.245566645493224378e+00
1.038468775134352740e+01	3.141636558522939993e+00	3.323186259423461131e+00	5.534255685776769518e+00	4.167531362464084843e+00
1.060476162264905220e+01	3.079877509582034989e+00	3.249934655167730835e+00	5.398431595076367273e+00	4.090401404379595540e+00
1.082949933267470577e+01	3.018936340590672618e+00	3.177837814054358834e+00	5.265104925145081438e+00	4.014196210678602661e+00
1.105899971819510696e+01	2.958779264066287329e+00	3.106848575687126690e+00	5.134172920825601061e+00	3.938877232449149446e+00
1.129336371054865928e+01	2.899402654522556855e+00	3.036959222787333434e+00	5.005612660729819474e+00	3.864443309117601810e+00
1.153269438002595848e+01	2.840811115302780188e+00	2.968171979203725552e+00	4.879419517643907689e+00	3.790903684233325244e+00
1.177709698119876869e+01	2.783020839931818813e+00	2.900501351331361555e+00	4.755611279928268154e+00	3.718278470639447164e+00
1.202667899920963279e+01	2.726008935115177056e+00	2.833913828566993143e+00	4.634112799060813970e+00	3.646540781675105425e+00
1.228155019704247053e+01	2.669763414052080286e+00	2.768389985957821153e+00	4.514877055083563739e+00	3.575677948371367876e+00
1.254182266379493349e+01	2.614287449089087723e+00	2.703930284090055647e+00	4.397896649044535700e+00	3.505697739441467675e+00
1.280761086397376225e+01	2.559592505276607977e+00	2.640544748040283718e+00	4.283182604458517950e+00	3.436615838130043343e+00
1.307903168783481007e+01	2.505673929597459271e+00	2.578222262724743974e+00	4.170703222346846317e+00	3.368427710726651370e+00
1.335620450278989146e+01	2.452507974704513760e+00	2.516929050295800607e+00	4.060383989603886690e+00	3.301107282553722211e+00
1.363925120590300821e+01	2.400096630387486663e+00	2.456663659118051957e+00	3.952213991367434787e+00	3.234659568037781874e+00
1.392829627749924271e+01	2.348445139286290395e+00	2.397428634276244086e+00	3.846189779977978507e+00	3.169093720511618084e+00
1.422346683590943783e+01	2.297565474912664385e+00	2.339233706400434709e+00	3.742321038998954297e+00	3.104424780780084436e+00
1.452489269337533528e+01	2.247428182550238240e+00	2.282038135929671085e+00	3.640520551881474276e+00	3.040618754996719186e+00
1.483270641313931115e+01	2.198030924851962276e+00	2.225834817414419575e+00	3.540766205184437965e+00	2.977675090478667297e+00
1.514704336774399174e+01	2.149376266565232729e+00	2.170622949062432472e+00	3.443048191009391079e+00	2.915600146555493488e+00
1.546804179856737527e+01	2.101475332141987007e+00	2.116411999334000260e+00	3.347376169659111778e+00	2.854410395349102458e+00
1.579584287661962527e+01	2.054315710754280655e+00	2.063182110705295891e+00	3.253703853952879754e+00	2.794091034757307135e+00
1.613059076462826624e+01	2.007881686137929833e+00	2.010910439638437630e+00	3.161980291438230672e+00	2.734624514466377665e+00
1.647243268043913034e+01	1.962174217625339390e+00	1.959594434807609531e+00	3.072192970158090564e+00	2.676014356950717765e+00
1.682151896176083383e+01	1.917196651368821225e+00	1.909234129531395707e+00	2.984333773760381892e+00	2.618267320262929410e+00
1.717800313228151410e+01	1.872958875673822909e+00	1.859837025476624994e+00	2.898408354602934001e+00	2.561397771598353135e+00
1.754204196918641045e+01	1.829436174506001267e+00	1.811369652763380023e+00	2.814346252215948141e+00	2.505377372941812286e+00
1.791379557210657580e+01	1.786624392931346339e+00	1.763822982988991095e+00	2.732122852616400088e+00	2.450202070776384300e+00
1.829342743352862044e+01	1.744524145131505666e+00	1.717193744967319580e+00	2.651724265143390546e+00	2.395874078573861699e+00
1.868110451069663469e+01	1.703139482857533915e+00	1.671483640049333363e+00	2.573146659458125818e+00	2.342401002406290900e+00
1.907699729903783492e+01	1.662474055435573472e+00	1.626693485060932476e+00	2.496384268263805328e+00	2.289789571858045658e+00
1.948127990714428748e+01	1.622504128481847330e+00	1.582790787918531006e+00	2.421368738111692398e+00	2.238011688600819671e+00
1.989413013334363711e+01	1.583228670976072339e+00	1.539770920966534451e+00	2.348084364329120266e+00	2.187068426579508618e+00
2.031572954389253738e+01	1.544647559949236193e+00	1.497630041619152808e+00	2.276516842192072954e+00	2.136960827444026378e+00
2.074626355282718393e+01	1.506760166614109053e+00	1.456364112390417187e+00	2.206652181713807170e+00	2.087689105348523366e+00
2.118592150350598402e+01	1.469578888370726810e+00	1.415982768183716267e+00	2.138498335193824929e+00	2.039271882005929459e+00
2.163489675188052530e+01	1.433071471404701924e+00	1.376446433059879126e+00	2.071978615302926929e+00	1.991669541187088388e+00
2.209338675153079734e+01	1.397239959471547666e+00	1.337753414249874595e+00	2.007081985114885558e+00	1.944886534365022346e+00
2.256159314050291798e+01	1.362083081868088241e+00	1.299899187295806113e+00	1.943793502912109838e+00	1.898923659018420640e+00
2.303972182998693796e+01	1.327601022003887854e+00	1.262880399582975821e+00	1.882100148630053926e+00	1.853782301611061278e+00
2.352798309487394945e+01	1.293797942600919848e+00	1.226698379146021756e+00	1.821997309361436113e+00	1.809468980473694089e+00
2.402659166623228870e+01	1.260655146695380591e+00	1.191328372823947213e+00	1.763433744236940548e+00	1.765961960833947630e+00
2.453576682574353285e+01	1.228167473895806605e+00	1.156761076787395703e+00	1.706385924494175033e+00	1.723256308526265101e+00
2.505573250213976877e+01	1.196332428236353218e+00	1.122990448611683512e+00	1.650836476537968833e+00	1.681350453535443545e+00
2.558671736968459953e+01	1.165147801948355877e+00	1.090010656027352143e+00	1.596768181662808761e+00	1.640243155860852342e+00
2.612895494874115698e+01	1.134610070338288867e+00	1.057814804347561033e+00	1.544162682011357202e+00	1.599931497645623590e+00
2.668268370847132687e+01	1.104727746825973300e+00	1.026408177445939041e+00	1.493021019522603465e+00	1.560428331576777738e+00
2.724814717171165412e+01	1.075475003023122378e+00	9.957593512610837250e-01	1.443282949537571858e+00	1.521701564320810940e+00
2.782559402207125743e+01	1.046850938317992252e+00	9.658636072265405215e-01	1.394932857244732372e+00	1.483751851017871104e+00
2.841527821329990999e+01	1.018851921932918181e+00	9.367135205106166262e-01	1.347951097014139954e+00	1.446576017029777894e+00
2.901745908097360527e+01	9.914742887524128356e-01	9.083018391174388917e-01	1.302318717164297368e+00	1.410170805419325601e+00
2.963240145654703639e+01	9.647146367186641980e-01	8.806217619121085027e-01	1.258017644752178255e+00	1.374533623158265438e+00
3.026037578382308624e+01	9.385717125652632831e-01	8.536688295721647224e-01	1.215033802012904784e+00	1.339664607931990714e+00
3.090165823789054755e+01	9.130380107377334964e-01	8.274314878190820455e-01	1.173340763116107022e+00	1.305555914022977548e+00
3.155653084658241525e+01	8.881028103758800141e-01	8.018946088801567340e-01	1.132906164939082805e+00	1.272195347913957608e+00
3.222528161450811979e+01	8.637614504590076514e-01	7.770496649867919547e-01	1.093708955505365621e+00	1.239578103128658348e+00
3.290820464971425707e+01	8.400091195728096594e-01	7.528881204744234390e-01	1.055728363138870085e+00	1.207699499761761164e+00
3.360560029302952501e+01	8.168408663460607899e-01	7.294012607334270371e-01	1.018943177504598951e+00	1.176554791364427643e+00
3.431777525015100849e+01	7.942515867560275833e-01	7.065803214024033441e-01	9.833324106980462220e-01	1.146139013729604805e+00
3.504504272652905428e+01	7.722360770811914632e-01	6.844165020984794845e-01	9.488751864960000004e-01	1.116447093637788379e+00
3.578772256511129513e+01	7.507890650931666743e-01	6.629008871598688346e-01	9.155504895797650367e-01	1.087473920139563344e+00
3.654614138700539883e+01	7.299054387965219215e-01	6.420246642848245200e-01	8.833374266361373461e-01	1.059214589472282197e+00
3.732063273512289925e+01	7.095803031702093699e-01	6.217792084400904917e-01	8.522153824158096302e-01	1.031664514819841560e+00
3.811153722086707774e+01	6.898043799518810415e-01	6.021512890541325103e-01	8.221563220169811892e-01	1.004813490322773895e+00
3.891920267392951160e+01	6.705717174559744365e-01	5.831313630921427515e-01	7.931386484003312143e-01	9.786555194929164037e-01
3.974398429526115706e+01	6.518765556550145668e-01	5.647100426348568014e-01	7.651410888557781398e-01	9.531847758165735707e-01
4.058624481328516254e+01	6.337130590642199301e-01	5.468776470861604899e-01	7.381416705871867157e-01	9.283952221384962344e-01
4.144635464342010778e+01	6.160753308945918771e-01	5.296246578534556937e-01	7.121190360668114838e-01	9.042809831211681137e-01
4.232469205098434628e+01	5.989574280685734387e-01	5.129415337907791139e-01	6.870519595859879702e-01	8.808360783104254299e-01
4.322164331755172384e+01	5.823533764054023010e-01	4.968188024631418065e-01	6.629195471346308599e-01	8.580545952793231512e-01
4.413760291083362119e+01	5.662571853236971764e-01	4.812468932852427272e-01	6.397007309638144124e-01	8.359305811603372494e-01
4.507297365816076251e+01	5.506628611467756507e-01	4.662161907610186673e-01	6.173743985466324524e-01	8.144580075781636674e-01
4.602816692364147144e+01	5.355644182700460831e-01	4.517172303999048011e-01	5.959199607222288586e-01	7.936309385041838693e-01
4.700360278907441369e+01	5.209558873939783563e-01	4.377406024297507137e-01	5.753170715873580088e-01	7.734435042406593297e-01
4.799971023869517950e+01	5.068313206703219942e-01	4.242769062953459236e-01	5.555454935762520474e-01	7.538898117425626433e-01
4.901692734783804895e+01	4.931847935824896778e-01	4.113167384579530794e-01	5.365850380622394500e-01	7.349639723223655441e-01
5.005570147559598126e+01	4.800104038587518218e-01	3.988507856758369274e-01	5.184158289088194316e-01	7.166601878211170673e-01
5.111648946156338980e+01	4.673029144039200777e-01	3.868704933909583032e-01	5.010193947392805880e-01	6.989735360027353739e-01
5.219975782674825382e+01	4.550606732663315390e-01	3.753709905567083061e-01	4.843831842396823517e-01	6.819037500559809173e-01
5.330598297874255564e+01	4.432771043057553428e-01	3.643423720250780762e-01	4.684867837654256295e-01	6.654442182507086523e-01
5.443565142123959077e+01	4.319463410600982156e-01	3.537754634935499909e-01	4.533110397529108160e-01	6.495892523741281233e-01
5.558925996799251124e+01	4.210627698423982657e-01	3.436614830497065065e-01	4.388376453165745428e-01	6.343335564779234437e-01
5.676731596130657209e+01	4.106208232194010210e-01	3.339915851629492449e-01	4.250481640498739999e-01	6.196717745753864692e-01
5.797033749516177181e+01	4.006149181414619398e-01	3.247570329010479040e-01	4.119245799841361189e-01	6.055985842933488961e-01
5.919885364306400533e+01	3.910463272535225632e-01	3.159561928456988134e-01	3.994602170156527632e-01	5.921177857168286041e-01
6.045340469072480261e+01	3.819158099793075190e-01	3.075867836445386194e-01	3.876472669949143079e-01	5.792325093731850449e-01
6.173454237367209885e+01	3.732137117282623984e-01	2.996358439031520660e-01	3.764612447413943075e-01	5.669320403727019508e-01
6.304283011989645757e+01	3.649335135584235723e-01	2.920937639009166809e-01	3.658831637053104879e-01	5.552098573429885553e-01
6.437884329763940627e+01	3.570830871477747581e-01	2.849656478286705097e-01	3.559171048097470313e-01	5.440786507287646012e-01
6.574316946843353549e+01	3.496619529237014468e-01	2.782480012807032610e-01	3.465536630254326678e-01	5.335400462081703044e-01
6.713640864550379206e+01	3.426579733097443459e-01	2.719254876665449516e-01	3.377651353340143103e-01	5.235800942420175685e-01
6.855917355764610477e+01	3.360857580843311654e-01	2.660099444387804546e-01	3.295660525904636207e-01	5.142206140822886962e-01
7.001208991869765441e+01	3.299408289552083762e-01	2.604937619062158705e-01	3.219407247944081618e-01	5.054579811898198827e-01
7.149579670271769771e+01	3.242214155271171960e-01	2.553720857167989799e-01	3.148778296908369412e-01	4.972921504456246367e-01
7.301094642500031284e+01	3.189429439621348505e-01	2.506572953518060309e-01	3.083924515451279547e-01	4.897462332099355442e-01
7.455820542904223203e+01	3.140974575652619172e-01	2.463382509614011617e-01	3.024636021393495855e-01	4.828120233147409901e-01
7.613825417959219521e+01	3.097036679502828682e-01	2.424305038604309681e-01	2.971111135377265677e-01	4.765172128259724804e-01
7.775178756191070306e+01	3.057635900052008138e-01	2.389328124309575418e-01	2.923290888226757755e-01	4.708671177101098615e-01
7.939951518737163383e+01	3.022851586195642315e-01	2.358497434000428883e-01	2.881203664161945954e-01	4.658751160451706785e-01
8.108216170554010205e+01	2.992943991395976555e-01	2.332038464749711382e-01	2.845151020773836748e-01	4.615790151024642407e-01
8.280046712286477373e+01	2.967949583714249440e-01	2.309951682882262491e-01	2.815089880231008701e-01	4.579865788924741277e-01
8.455518712812224180e+01	2.948067103614566697e-01	2.292398153072298106e-01	2.791219922509868834e-01	4.551275564048219424e-01
8.634709342475994731e+01	2.933547638423774639e-01	2.279589525041094411e-01	2.773815704120539682e-01	4.530388862163327035e-01
8.817697407028136070e+01	2.924665447570409249e-01	2.271758711085204718e-01	2.763181698476038228e-01	4.517607613067975425e-01
9.004563382282356088e+01	2.921729352964463899e-01	2.269171064759882561e-01	2.759668966944189283e-01	4.513381898855727825e-01
9.195389449507966617e+01	2.925102755300985624e-01	2.272144160841749194e-01	2.763704992781374492e-01	4.518236968585417346e-01
9.390259531572145590e+01	2.935223661793436301e-01	2.281067587008714925e-01	2.775823443204173957e-01	4.532800246129936594e-01
9.589259329848152902e+01	2.952604554692125904e-01	2.296402764035936073e-01	2.796663759497112212e-01	4.557801346464723236e-01
9.792476361905691817e+01	2.977826327178186294e-01	2.318676907185826530e-01	2.826961945729121739e-01	4.594063699853547234e-01
