# Data associated with arXiv:2208.14002
# 
# Scale-free velocity distribution, f(E), of a nfw0-8rhos8e6 dark matter distribution (see Eq. 2.7 and the surrounding discussion)
# 
# Published: 8/25/22, Jack Runburg and Kenny Kiriu, contact: runburg@hawaii.edu
# 
# 
# -----------------------------------------------------------------
# 
# 	 tilde E 		 | 		 tilde f
# 
# -----------------------------------------------------------------
3.787906808180173017e-07	2.111698837632808983e+08
3.864864776001312544e-07	2.036643260914573669e+08
3.943386295183268028e-07	1.962410144939294457e+08
4.023503131971739410e-07	1.889424461941294968e+08
4.105247697985546982e-07	1.819078457766352296e+08
4.188653063327656388e-07	1.750292035677882731e+08
4.273752969962714593e-07	1.684107416922092438e+08
4.360581845366169501e-07	1.620426369880219102e+08
4.449174816450809803e-07	1.559153223663888574e+08
4.539567723776112185e-07	1.500196787994962931e+08
4.631797136046226662e-07	1.443469958494956195e+08
4.725900364902590668e-07	1.388889028418701589e+08
4.821915480016861868e-07	1.336372519146039933e+08
4.919881324490631465e-07	1.285841530293855220e+08
5.019837530567779495e-07	1.237221505497585833e+08
5.121824535666174247e-07	1.190440472571728528e+08
5.225883598734926677e-07	1.145428690802308470e+08
5.332056816943896670e-07	1.102118700017761737e+08
5.440387142712373538e-07	1.060446592700864524e+08
5.550918401083444413e-07	1.020350868535949588e+08
5.663695307451531985e-07	9.817712753655825555e+07
5.778763485649803702e-07	9.446503785818266869e+07
5.896169486405202811e-07	9.089333957272587717e+07
6.015960806168226882e-07	8.745670978880016506e+07
6.138185906325184062e-07	8.415005495754258335e+07
6.262894232800863761e-07	8.096847138640049100e+07
6.390136236059169879e-07	7.790716800715127587e+07
6.519963391510258912e-07	7.496161637619213760e+07
6.652428220331963986e-07	7.212748315876176953e+07
6.787584310714416677e-07	6.940052612963892519e+07
6.925486339535921887e-07	6.677666494619189948e+07
7.066190094479394665e-07	6.425203180964702368e+07
7.209752496597865326e-07	6.182288912633659691e+07
7.356231623338323613e-07	5.948560584049366415e+07
7.505686732033436336e-07	5.723669533818632364e+07
7.658178283870137148e-07	5.507281899053651094e+07
7.813767968345379910e-07	5.299077972149585187e+07
7.972518728218329593e-07	5.098747642577602714e+07
8.134494784969679222e-07	4.905991307414572686e+07
8.299761664777880319e-07	4.720523774344547093e+07
8.468386225023012403e-07	4.542070547265890986e+07
8.640436681329190748e-07	4.370365466800301522e+07
8.815982635155928776e-07	4.205152355550038069e+07
8.995095101950272270e-07	4.046186025697259605e+07
9.177846539870391763e-07	3.893231719626706094e+07
9.364310879092917224e-07	3.746061274796284735e+07
9.554563551715319738e-07	3.604454755364777893e+07
9.748681522265646509e-07	3.468202894347953796e+07
9.946743318832155874e-07	3.337103309609267116e+07
1.014882906482489077e-06	3.210960713863873109e+07
1.035502051138272414e-06	3.089587957819535956e+07
1.056540107043822177e-06	2.972804320249620080e+07
1.078005584845444997e-06	2.860436243507131189e+07
1.099907168084675135e-06	2.752317032854619995e+07
1.122253716710360436e-06	2.648285761176642403e+07
1.145054270662110386e-06	2.548188081750848144e+07
1.168318053526479734e-06	2.451875345236637816e+07
1.192054476267455968e-06	2.359204053207967803e+07
1.216273141032666656e-06	2.270036335189089924e+07
1.240983845036933188e-06	2.184239887862930819e+07
1.266196584524667817e-06	2.101687598960101604e+07
1.291921558812746672e-06	2.022256642053752393e+07
1.318169174415518496e-06	1.945828656769561395e+07
1.344950049253546186e-06	1.872290130497937277e+07
1.372275016947871772e-06	1.801532056211167201e+07
1.400155131201443207e-06	1.733449247328855842e+07
1.428601670269571297e-06	1.667940323629910871e+07
1.457626141521143467e-06	1.604908086287981831e+07
1.487240286092466299e-06	1.544258962469096109e+07
1.517456083635659173e-06	1.485902698989169672e+07
1.548285757163421206e-06	1.429752584348440729e+07
1.579741777992248405e-06	1.375725269269483723e+07
1.611836870785974247e-06	1.323740458449165896e+07
1.644584018701793204e-06	1.273720899298894592e+07
1.677996468640748412e-06	1.225592347476510890e+07
1.712087736604840466e-06	1.179283221777095646e+07
1.746871613162968291e-06	1.134724726730948873e+07
1.782362169027805723e-06	1.091850698251368850e+07
1.818573760745990115e-06	1.050597388087906130e+07
1.855521036503797337e-06	1.010903558156202361e+07
1.893218942050772672e-06	9.727102695357033983e+06
1.931682726743605445e-06	9.359607332012057304e+06
1.970927949712733020e-06	9.006002984308540821e+06
2.010970486154205501e-06	8.665765265678662807e+06
2.051826533749250187e-06	8.338389213001238182e+06
2.093512619214258342e-06	8.023387397679915652e+06
2.136045604983697274e-06	7.720292232783784159e+06
2.179442696028796710e-06	7.428653930890972726e+06
2.223721446814636545e-06	7.148039208172722720e+06
2.268899768398496391e-06	6.878030950449760072e+06
2.314995935672390042e-06	6.618227980390604585e+06
2.362028594752572856e-06	6.368244879710570909e+06
2.410016770519175570e-06	6.127710287030948326e+06
2.458979874308833433e-06	5.896266738274085335e+06
2.508937711763589958e-06	5.673570677537105046e+06
2.559910490839104701e-06	5.459291354798427783e+06
2.611918829975451128e-06	5.253110462485956959e+06
2.664983766433871115e-06	5.054721946962965652e+06
2.719126764802692080e-06	4.863831029479991645e+06
2.774369725676043083e-06	4.680154225646434352e+06
2.830734994508661020e-06	4.503419033324776217e+06
2.888245370650568504e-06	4.333362812297789380e+06
2.946924116565107694e-06	4.169732996201855130e+06
3.006794967234109542e-06	4.012286831548163667e+06
3.067882139754074889e-06	3.860790441804763861e+06
3.130210343127061344e-06	3.715018821760058403e+06
3.193804788250443743e-06	3.574755631339019164e+06
3.258691198109360288e-06	3.439792599555229768e+06
3.324895818176176075e-06	3.309929345561461058e+06
3.392445427020978943e-06	3.184973087467476726e+06
3.461367347137466078e-06	3.064738289573323913e+06
3.531689455988669108e-06	2.949046512440783903e+06
3.603440197276771939e-06	2.837725978799364064e+06
3.676648592441825261e-06	2.730611431430290453e+06
3.751344252393735634e-06	2.627543920836373698e+06
3.827557389482513068e-06	2.528370448296033777e+06
3.905318829711409546e-06	2.432943805731106084e+06
3.984660025197945974e-06	2.341122349132330623e+06
4.065613066887955067e-06	2.252769815931920893e+06
4.148210697527540265e-06	2.167755077830705326e+06
4.232486324898472910e-06	2.085951943761172006e+06
4.318474035322053966e-06	2.007239042974101380e+06
4.406208607437200969e-06	1.931499562675120775e+06
4.495725526258066011e-06	1.858621110885334201e+06
4.587060997516947131e-06	1.788495560300519690e+06
4.680251962298394376e-06	1.721018826252398780e+06
4.775336111970137392e-06	1.656090804460676620e+06
4.872351903417202530e-06	1.593615192768906010e+06
4.971338574584993678e-06	1.533499279627086129e+06
5.072336160337968267e-06	1.475653873583169188e+06
5.175385508640009605e-06	1.419993168419750640e+06
5.280528297063131205e-06	1.366434587997012772e+06
5.387807049631298689e-06	1.314898681327470113e+06
5.497265154005848221e-06	1.265309029492868576e+06
5.608946879019814751e-06	1.217592079357882729e+06
5.722897392567831984e-06	1.171677028451864840e+06
5.839162779859239234e-06	1.127495785633103224e+06
5.957790062041303551e-06	1.084982847508169478e+06
6.078827215200524331e-06	1.044075173288509832e+06
6.202323189749250665e-06	1.004712090921891388e+06
6.328327930205726864e-06	9.668352246678832453e+05
6.456892395375437622e-06	9.303884193179432768e+05
6.588068578941753063e-06	8.953176410932053113e+05
6.721909530474486277e-06	8.615708886199834524e+05
6.858469376864433905e-06	8.290981363241262734e+05
6.997803344192863051e-06	7.978512524253146257e+05
7.139967780044564782e-06	7.677839117527126800e+05
7.285020176273527318e-06	7.388515399994335603e+05
7.433019192230430208e-06	7.110112642301195301e+05
7.584024678461137112e-06	6.842218198142503388e+05
7.738097700886082219e-06	6.584435028323708102e+05
7.895300565469844797e-06	6.336381194110810757e+05
8.055696843391202478e-06	6.097689056857302785e+05
8.219351396723622688e-06	5.868004939421565505e+05
8.386330404636548050e-06	5.646988598314557457e+05
8.556701390128096710e-06	5.434312544420508202e+05
8.730533247299750242e-06	5.229661711065142881e+05
8.907896269184343801e-06	5.032732964916768251e+05
9.088862176138126018e-06	4.843234582344869268e+05
9.273504144808686093e-06	4.660885893269184744e+05
9.461896837690186431e-06	4.485416854779263958e+05
9.654116433277849072e-06	4.316567597529781633e+05
9.850240656833915195e-06	4.154088090453865589e+05
1.005034881177716826e-05	3.997737761220476823e+05
1.025452181170913795e-05	3.847285100360363722e+05
1.046284221308923464e-05	3.702507370580988936e+05
1.067539424857262116e-05	3.563190253532926436e+05
1.089226386102358814e-05	3.429127513819948072e+05
1.111353873821860745e-05	3.300120729644365492e+05
1.133930834825278873e-05	3.175978972475464689e+05
1.156966397566382039e-05	3.056518527509147534e+05
1.180469875828841956e-05	2.941562627050942392e+05
1.204450772486533490e-05	2.830941168312273221e+05
1.228918783340089754e-05	2.724490487211598665e+05
1.253883801031169938e-05	2.622053113927852828e+05
1.279355919036068884e-05	2.523477509435387037e+05
1.305345435740257609e-05	2.428617875860233034e+05
1.331862858595460410e-05	2.337333921894134837e+05
1.358918908361006505e-05	2.249490651055325288e+05
1.386524523431065549e-05	2.164958175832807901e+05
1.414690864249608500e-05	2.083611518705611234e+05
1.443429317814764678e-05	2.005330407134739216e+05
1.472751502274461024e-05	1.929999127465830243e+05
1.502669271615146548e-05	1.857506336532716814e+05
1.533194720445490861e-05	1.787744898106566397e+05
1.564340188876991238e-05	1.720611722020672460e+05
1.596118267503405380e-05	1.656007610764017736e+05
1.628541802481075465e-05	1.593837114857192500e+05
1.661623900712098762e-05	1.534008392744859739e+05
1.695377935132488833e-05	1.476433076791398053e+05
1.729817550107413550e-05	1.421026129996685486e+05
1.764956666935677671e-05	1.367705728514491639e+05
1.800809489465674267e-05	1.316393145356087189e+05
1.837390509825000858e-05	1.267012623410277301e+05
1.874714514266131261e-05	1.219491264514828363e+05
1.912796589130372538e-05	1.173758928071290866e+05
1.951652126932582754e-05	1.129748123763815092e+05
1.991296832569041904e-05	1.087393907742455922e+05
2.031746729650969342e-05	1.046633787381750590e+05
2.073018166966242683e-05	1.007407634434461215e+05
2.115127825071846766e-05	9.696575899731383834e+04
2.158092723019790270e-05	9.333279795778350672e+04
2.201930225219060904e-05	8.983652316376943782e+04
2.246658048436459782e-05	8.647177978514779534e+04
2.292294268939064789e-05	8.323360774656364811e+04
2.338857329781190311e-05	8.011723405410697160e+04
2.386366048238774745e-05	7.711806610518041998e+04
2.434839623394099420e-05	7.423168475211739133e+04
2.484297643873996657e-05	7.145383762169319380e+04
2.534760095744479074e-05	6.878043285803485196e+04
2.586247370565083041e-05	6.620753314990116633e+04
2.638780273606047792e-05	6.373134990490288328e+04
2.692380032231664097e-05	6.134823753888953797e+04
2.747068304453124737e-05	5.905468804307059327e+04
2.802867187654242199e-05	5.684732584737509023e+04
2.859799227493628414e-05	5.472290283377926244e+04
2.917887426986742950e-05	5.267829346077505033e+04
2.977155255771550511e-05	5.071049020788414782e+04
3.037626659561410997e-05	4.881659913768923434e+04
3.099326069788995830e-05	4.699383540883386013e+04
3.162278413445091641e-05	4.523951932904244313e+04
3.226509123116122647e-05	4.355107239287842094e+04
3.292044147224550279e-05	4.192601340073476604e+04
3.358909960476035250e-05	4.036195472855286062e+04
3.427133574517674821e-05	3.885659891759561287e+04
3.496742548811471803e-05	3.740773512963638495e+04
3.567765001727383648e-05	3.601323604194335348e+04
3.640229621860390066e-05	3.467105455422776868e+04
3.714165679575981031e-05	3.337922080645700044e+04
3.789603038788828896e-05	3.213583924934702736e+04
3.866572168979116945e-05	3.093908585982322256e+04
3.945104157451461568e-05	2.978720543222791457e+04
4.025230721841205328e-05	2.867850896106644359e+04
4.106984222873083154e-05	2.761137115941332377e+04
4.190397677377321500e-05	2.658422803735608977e+04
4.275504771568266213e-05	2.559557461504699677e+04
4.362339874590979787e-05	2.464396265798239619e+04
4.450938052340909154e-05	2.372799855426201975e+04
4.541335081562400790e-05	2.284634126254309012e+04
4.633567464231381149e-05	2.199770027199221659e+04
4.727672442228070661e-05	2.118083378484596687e+04
4.823688012305507383e-05	2.039454680489084058e+04
4.921652941359663173e-05	1.963768939107052574e+04
5.021606782007488189e-05	1.890915494926468455e+04
5.123589888478656404e-05	1.820787862454598144e+04
5.227643432827690164e-05	1.753283567897930698e+04
5.333809421472514967e-05	1.688304004309800439e+04
5.442130712066235666e-05	1.625754276496245620e+04
5.552651030708686706e-05	1.565543068930885602e+04
5.665414989504449344e-05	1.507582507446183445e+04
5.780468104474557970e-05	1.451788028939863943e+04
5.897856813828531542e-05	1.398078257653351830e+04
6.017628496604397460e-05	1.346374882875962430e+04
6.139831491683605451e-05	1.296602545562850901e+04
6.264515117188671595e-05	1.248688726461675651e+04
6.391729690270963021e-05	1.202563637581600597e+04
6.521526547296509473e-05	1.158160117218677988e+04
6.653958064437774742e-05	1.115413540287185060e+04
6.789077678679343272e-05	1.074261708045509658e+04
6.926939909246078344e-05	1.034644770741075990e+04
7.067600379461743765e-05	9.965051284860102896e+03
7.211115839047060817e-05	9.597873523779855532e+03
7.357544186865672175e-05	9.244380997330510581e+03
7.506944494127055015e-05	8.904060367477293767e+03
7.659377028055486573e-05	8.576417617713725122e+03
7.814903276034132831e-05	8.260977333964179707e+03
7.973585970234092714e-05	7.957281995543142330e+03
8.135489112737548443e-05	7.664891303145891470e+03
8.300678001165242030e-05	7.383381522979833790e+03
8.469219254818064163e-05	7.112344873284953792e+03
8.641180841343032394e-05	6.851388915673401243e+03
8.816632103934087276e-05	6.600135973180758810e+03
8.995643789078136489e-05	6.358222585990947664e+03
9.178288074857533199e-05	6.125298957198978314e+03
9.364638599819512200e-05	5.901028454365261496e+03
9.554770492424229512e-05	5.685087102869298178e+03
9.748760401082647270e-05	5.477163113663401418e+03
9.946686524795978694e-05	5.276956420630480352e+03
1.014862864440859499e-04	5.084178242060220327e+03
1.035466815448656702e-04	4.898550652261949836e+03
1.056488809583403231e-04	4.719806172265235546e+03
1.077937318866023920e-04	4.547687378052388340e+03
1.099820986640989094e-04	4.381946520940005030e+03
1.122148631027000622e-04	4.222345162854249793e+03
1.144929248436653155e-04	4.068653823203795582e+03
1.168172017166441238e-04	3.920651644965012110e+03
1.191886301058492500e-04	3.778126067587282705e+03
1.216081653235428112e-04	3.640872515237790594e+03
1.240767819909812828e-04	3.508694096676566915e+03
1.265954744269640129e-04	3.381401310489205571e+03
1.291652570441356924e-04	3.258811774937902101e+03
1.317871647531949637e-04	3.140749953208986881e+03
1.344622533751638010e-04	3.027046900760627068e+03
1.371916000618767287e-04	2.917540011043077811e+03
1.399763037248507604e-04	2.812072781059890531e+03
1.428174854726987420e-04	2.710494581859606569e+03
1.457162890572562112e-04	2.612660433651759377e+03
1.486738813285898514e-04	2.518430799330064929e+03
1.516914526990625033e-04	2.427671370388815831e+03
1.547702176166310790e-04	2.340252879271034999e+03
1.579114150475577642e-04	2.256050903805728922e+03
1.611163089687194720e-04	2.174945687490961973e+03
1.643861888696995918e-04	2.096821963571625474e+03
1.677223702648565401e-04	2.021568784076589964e+03
1.711261952155607180e-04	1.949079359572359181e+03
1.745990328627984199e-04	1.879250902301999076e+03
1.781422799703448706e-04	1.811984475653639493e+03
1.817573614787104371e-04	1.747184845197399227e+03
1.854457310700712990e-04	1.684760350424452099e+03
1.892088717443941815e-04	1.624622755210852574e+03
1.930482964069758398e-04	1.566687130638105373e+03
1.969655484676166015e-04	1.510871727931546047e+03
2.009622024516517747e-04	1.457097855068164108e+03
2.050398646230732109e-04	1.405289765935476680e+03
2.092001736199709284e-04	1.355374547839933257e+03
2.134448011025371966e-04	1.307282014983928548e+03
2.177754524138685152e-04	1.260944606910664561e+03
2.221938672538194097e-04	1.216297289104525362e+03
2.267018203661538573e-04	1.173277457902430115e+03
2.313011222392527912e-04	1.131824850021969496e+03
2.359936198206354790e-04	1.091881452856082433e+03
2.407811972455633858e-04	1.053391422705107516e+03
2.456657765799932910e-04	1.016301001153883249e+03
2.506493185781544491e-04	9.805584365488725780e+02
2.557338234550319851e-04	9.461139100819113992e+02
2.609213316740389868e-04	9.129194635719503594e+02
2.662139247501681583e-04	8.809289267617061796e+02
2.716137260689176387e-04	8.500978532079652723e+02
2.771229017212908236e-04	8.203834541210649149e+02
2.827436613551772334e-04	7.917445368605324347e+02
2.884782590434253804e-04	7.641414430877488257e+02
2.943289941689211826e-04	7.375359959554252782e+02
3.002982123269990313e-04	7.118914377621055110e+02
3.063883062455102281e-04	6.871723825105682408e+02
3.126017167228828907e-04	6.633447620009757202e+02
3.189409335845133316e-04	6.403757760463053046e+02
3.254084966578346628e-04	6.182338457636103612e+02
3.320069967664139609e-04	5.968885680009723274e+02
3.387390767434336671e-04	5.763106698388282894e+02
3.456074324649253612e-04	5.564719700649036440e+02
3.526148139031205818e-04	5.373453316333299199e+02
3.597640262003015243e-04	5.189046286371991528e+02
3.670579307635273470e-04	5.011247059653701399e+02
3.744994463806311687e-04	4.839813431668262638e+02
3.820915503578839792e-04	4.674512190294848324e+02
3.898372796797204380e-04	4.515118788166823833e+02
3.977397321909486401e-04	4.361417011874594323e+02
4.058020678018501551e-04	4.213198670900916909e+02
4.140275098835660044e-04	4.070263299666012244e+02
4.224193458752105207e-04	3.932417870943186813e+02
4.309809294964580704e-04	3.799476508911608903e+02
4.397156814436810248e-04	3.671260227345379121e+02
4.486270908627475011e-04	3.547596674238143919e+02
4.577187167006372846e-04	3.428319880115812452e+02
4.669941890830666765e-04	3.313270019773997888e+02
4.764572107185988288e-04	3.202293184735509044e+02
4.861115583297244760e-04	3.095241159432475229e+02
4.959610841113991104e-04	2.991971212601085313e+02
5.060097172175424905e-04	2.892345887390696362e+02
5.162614652759955295e-04	2.796232810887232176e+02
5.267204159324605098e-04	2.703504495554677760e+02
5.373907384239400530e-04	2.614038165632518371e+02
5.482766851822077313e-04	2.527715575753821042e+02
5.593825934678484102e-04	2.444422847089769562e+02
5.707128870354163854e-04	2.364050296456071862e+02
5.822720778302665351e-04	2.286492287782467372e+02
5.940647677176258499e-04	2.211647078363823482e+02
6.060956502444679334e-04	2.139416672554415300e+02
6.183695124347871096e-04	2.069706684015832252e+02
6.308912366188515345e-04	2.002426200358967492e+02
6.436658022970358521e-04	1.937487653737633764e+02
6.566982880388443425e-04	1.874806696973233500e+02
6.699938734177383285e-04	1.814302083292181464e+02
6.835578409823990639e-04	1.755895550408723977e+02
6.973955782650480013e-04	1.699511710894861665e+02
7.115125798274864535e-04	1.645077944199678939e+02
7.259144493454915094e-04	1.592524294607339641e+02
7.406069017322409499e-04	1.541783370581737529e+02
7.555957653014323252e-04	1.492790250806231711e+02
7.708869839707793454e-04	1.445482393154952092e+02
7.864866195065785010e-04	1.399799544729235947e+02
8.024008538100350311e-04	1.355683658648757159e+02
8.186359912460705341e-04	1.313078808660992820e+02
8.351984610153208571e-04	1.271931115611544385e+02
8.520948195700540385e-04	1.232188667427201949e+02
8.693317530747445877e-04	1.193801448246388475e+02
8.869160799120515484e-04	1.156721267258912320e+02
9.048547532349590725e-04	1.120901691099115141e+02
9.231548635658299879e-04	1.086297979346370539e+02
9.418236416259302820e-04	1.052867021354556272e+02
9.608684603239735222e-04	1.020567276721410650e+02
9.802968385271466651e-04	9.893587158523008895e+01
1.000116443192044591e-03	9.592027649743988604e+01
1.020335092371254344e-03	9.300622520041754626e+01
1.040960758110540769e-03	9.019013552956172930e+01
1.062001569398578985e-03	8.746855530783933830e+01
1.083465815170044783e-03	8.483815758959086395e+01
1.105361947362948957e-03	8.229573600143963574e+01
1.127698584031035667e-03	7.983820030885286201e+01
1.150484512512136475e-03	7.746257218663727429e+01
1.173728692653335263e-03	7.516598096757554970e+01
1.197440260093835711e-03	7.294565980995636778e+01
1.221628529606424898e-03	7.079894178268912697e+01
1.246302998498411254e-03	6.872325615877961980e+01
1.271473350072973825e-03	6.671612515783547792e+01
1.297149457151809291e-03	6.477515997654482760e+01
1.323341385660016089e-03	6.289805807083181577e+01
1.350059398274135267e-03	6.108259960668820554e+01
1.377313958134285688e-03	5.932664469682588759e+01
1.405115732621347018e-03	5.762813025735245276e+01
1.433475597200115775e-03	5.598506729115628389e+01
1.462404639329416929e-03	5.439553812424180279e+01
1.491914162440120383e-03	5.285769382361386448e+01
1.522015689982026201e-03	5.136975164570232977e+01
1.552720969540597601e-03	4.992999266316390816e+01
1.584041977024518806e-03	4.853675934023544158e+01
1.615990920925063730e-03	4.718845336180796579e+01
1.648580246648238910e-03	4.588353344797480560e+01
1.681822640920730902e-03	4.462051325662267942e+01
1.715731036270613536e-03	4.339795935611903133e+01
1.750318615583833746e-03	4.221448936060346568e+01
1.785598816737464121e-03	4.106876997248483008e+01
1.821585337310719852e-03	3.995951526989390601e+01
1.858292139374762703e-03	3.888548493148552154e+01
1.895733454362245884e-03	3.784548258953810773e+01
1.933923788017660392e-03	3.683835423891120797e+01
1.972877925429436258e-03	3.586298665988175571e+01
2.012610936144822865e-03	3.491830602964387253e+01
2.053138179368529936e-03	3.400327634779709030e+01
2.094475305891608640e-03	3.311689803294245849e+01
2.136638280420190272e-03	3.225820669230609639e+01
2.179643352762935388e-03	3.142627222831863065e+01
2.223507097970717477e-03	3.062019691351698114e+01
2.268246404516694251e-03	2.983911434679265184e+01
2.313878483537803229e-03	2.908218873165870733e+01
2.360420874647304029e-03	2.834861344002963435e+01
2.407891451838888898e-03	2.763761005032484874e+01
2.456308429483270491e-03	2.694842729977638029e+01
2.505690368418207921e-03	2.628034004031684034e+01
2.556056182132828477e-03	2.563264849130764489e+01
2.607425143047190433e-03	2.500467710106244468e+01
2.659816888887953437e-03	2.439577378359108906e+01
2.713251429161009105e-03	2.380530906439685523e+01
2.767749151721929195e-03	2.323267523301087323e+01
2.823330829445051034e-03	2.267728558020098006e+01
2.880017626992029817e-03	2.213857363663376887e+01
2.937831107680576818e-03	2.161599244315728185e+01
2.996793240454223572e-03	2.110901384109653023e+01
3.056926406953782045e-03	2.061712780287176017e+01
3.118253408691218972e-03	2.013984177627921213e+01
3.180797474326637394e-03	1.967668005257859321e+01
3.244582267048970372e-03	1.922718319085646854e+01
3.309631892061036963e-03	1.879090736140154405e+01
3.375970904169476976e-03	1.836742385625097285e+01
3.443624315480154317e-03	1.795631852836761055e+01
3.512617603199486016e-03	1.755719124879827930e+01
3.582976717542157505e-03	1.716965541844293597e+01
3.654728089745625744e-03	1.679333747076653793e+01
3.727898640191769711e-03	1.642787643802910225e+01
3.802515786636024350e-03	1.607292345011575918e+01
3.878607452544167566e-03	1.572814134740514014e+01
3.956202075537084209e-03	1.539320425085695376e+01
4.035328615943541315e-03	1.506779711828875534e+01
4.116016565461127694e-03	1.475161540684181283e+01
4.198295955925321864e-03	1.444436469762691289e+01
4.282197368186686608e-03	1.414576028126139917e+01
4.367751941096028809e-03	1.385552687123245263e+01
4.454991380597390568e-03	1.357339824516982674e+01
4.543947968928497769e-03	1.329911690814176950e+01
4.634654573928448373e-03	1.303243380396157569e+01
4.727144658452102702e-03	1.277310799874324232e+01
4.821452290075722499e-03	1.252090641356505607e+01
4.917612150007451798e-03	1.227560351697333019e+01
5.015659543858587942e-03	1.203698107651630700e+01
5.115630410806086548e-03	1.180482791077889004e+01
5.217561333694316870e-03	1.157893956827623683e+01
5.321489549075688122e-03	1.135911823460321735e+01
5.427452957352280928e-03	1.114517234188729233e+01
5.535490133017283501e-03	1.093691645069832141e+01
5.645640334994877704e-03	1.073417098206495623e+01
5.757943517077053659e-03	1.053676205239833941e+01
5.872440338455800317e-03	1.034452123186107286e+01
5.989172174348793287e-03	1.015728537849378910e+01
6.108181126716835663e-03	9.974896464264835672e+00
6.229510035070919861e-03	9.797201377961705759e+00
6.353202487366729073e-03	9.624051757074939317e+00
6.479302830984273731e-03	9.455303832083060911e+00
6.607856183790096483e-03	9.290818269641025751e+00
6.738908445279485210e-03	9.130459994615925723e+00
6.872506307795667874e-03	8.974098102617311667e+00
7.008697267823165919e-03	8.821605660936745252e+00
7.147529637351967766e-03	8.672859600744095232e+00
7.289052555309184778e-03	8.527740609278438910e+00
7.433315999054556332e-03	8.386132890713261290e+00
7.580370795936076933e-03	8.247924280229511851e+00
7.730268634901676580e-03	8.113005886761039065e+00
7.883062078162734673e-03	7.981272116640086622e+00
8.038804572905077633e-03	7.852620522708534168e+00
8.197550463042675012e-03	7.726951741650670336e+00
8.359355001009226294e-03	7.604169350430424856e+00
8.524274359582431626e-03	7.484179814404135378e+00
8.692365643735596586e-03	7.366892380238345694e+00
8.863686902510879359e-03	7.252218977167433245e+00
9.038297140908370733e-03	7.140074190922324426e+00
9.216256331784624875e-03	7.030375111703197177e+00
9.397625427754444441e-03	6.923041322682459864e+00
9.582466373088989811e-03	6.817994789094243835e+00
9.770842115603233652e-03	6.715159830032965793e+00
9.962816618525474968e-03	6.614463017345048712e+00
1.015845487234121221e-02	6.515833121693520802e+00
1.035782290660351539e-02	6.419201095002017077e+00
1.056098780170148556e-02	6.324499946518183258e+00
1.076801770075845599e-02	6.231664767631333035e+00
1.097898182059406716e-02	6.140632595961178275e+00
1.119395046432684893e-02	6.051342457420430421e+00
1.141299503223126496e-02	5.963735254358384807e+00
1.163618803332043886e-02	5.877753747527298955e+00
1.186360309667135182e-02	5.793342516832114875e+00
1.209531498264066092e-02	5.710447916863936157e+00
1.233139959396030438e-02	5.629018040341551732e+00
1.257193398670124369e-02	5.549002685414877512e+00
1.281699638109356533e-02	5.470353317926367254e+00
1.306666617219059967e-02	5.393023040514515642e+00
1.332102394036456874e-02	5.316966563858814609e+00
1.358015146127142074e-02	5.242140172524370811e+00
1.384413171694523492e-02	5.168501696203422036e+00
1.411304890472296278e-02	5.096010487108930676e+00
1.438698844737854206e-02	5.024627384196175939e+00
1.466603700342748381e-02	4.954314697968933423e+00
1.495028247270127619e-02	4.885036181022309520e+00
1.523981401155205355e-02	4.816756996687385772e+00
1.553472203398358932e-02	4.749443702735324457e+00
1.583509822811145218e-02	4.683064224086780136e+00
1.614103555545193247e-02	4.617587826808011719e+00
1.645262826795091532e-02	4.552985097713324159e+00
1.676997190673517463e-02	4.489227927331816304e+00
1.709316331276758069e-02	4.426289476308816084e+00
1.742230063750209446e-02	4.364144144877291076e+00
1.775748333947134439e-02	4.302767572985456646e+00
1.809881220139757108e-02	4.242136589726005269e+00
1.844638932512036172e-02	4.182229219910404971e+00
1.880031814088242020e-02	4.123024631211432478e+00
1.916070341640437047e-02	4.064503104505190478e+00
1.952765125119117900e-02	4.006646049946819943e+00
1.990126908456287327e-02	3.949435947936172919e+00
2.028166570329505147e-02	3.892856309663893288e+00
2.066895123386010627e-02	3.836891695670465285e+00
2.106323714894302659e-02	3.781527652747042278e+00
2.146463627335205501e-02	3.726750680867038312e+00
2.187326277415588965e-02	3.672548243572282711e+00
2.228923216539409682e-02	3.618908702159862933e+00
2.271266131191811838e-02	3.565821285686266773e+00
2.314366841743453404e-02	3.513276093764889918e+00
2.358237302781522257e-02	3.461264035702867670e+00
2.402889602963725543e-02	3.409776798873675574e+00
2.448335964033846249e-02	3.358806840739345212e+00
2.494588740561384105e-02	3.308347329864448572e+00
2.541660419853484024e-02	3.258392115932186250e+00
2.589563620371468713e-02	3.208935749982373409e+00
2.638311091442433268e-02	3.159973345997450611e+00
2.687915712772693741e-02	3.111500642585282694e+00
2.738390492580044036e-02	3.063513927710625584e+00
2.789748567520087055e-02	3.016010003414058893e+00
2.842003200632180551e-02	2.968986201770929423e+00
2.895167780812176600e-02	2.922440247868614449e+00
2.949255820991581942e-02	2.876370323918518768e+00
3.004280956709164813e-02	2.830775018854752023e+00
3.060256944766167816e-02	2.785653233069772305e+00
3.117197661328157191e-02	2.741004223271702678e+00
3.175117099809827981e-02	2.696827534475271904e+00
3.234029369505319468e-02	2.653122965824457502e+00
3.293948693283412638e-02	2.609890546853532722e+00
3.354889404826516541e-02	2.567130517657013833e+00
3.416865947403906895e-02	2.524843277571716005e+00
3.479892870073519190e-02	2.483029376043751846e+00
3.543984826488187634e-02	2.441689472250170745e+00
3.609156570845516165e-02	2.400824324307293978e+00
3.675422955556562760e-02	2.360434743046772255e+00
3.742798928831001654e-02	2.320521582681734696e+00
3.811299530266005348e-02	2.281085714850584534e+00
3.880939888125679860e-02	2.242128005115208822e+00
3.951735216519163679e-02	2.203649273233352357e+00
4.023700810211146284e-02	2.165650318345038627e+00
4.096852042665211774e-02	2.128131857443222863e+00
4.171204360428679841e-02	2.091094530496741211e+00
4.246773279741022922e-02	2.054538866091896399e+00
4.323574383006110328e-02	2.018465281033486658e+00
4.401623312852376985e-02	1.982874111083245960e+00
4.480935765445229896e-02	1.947765465061745527e+00
4.561527497174049095e-02	1.913139291770767914e+00
4.643414303283886074e-02	1.878995454299229539e+00
4.726612022551168052e-02	1.845333646437997244e+00
4.811136530006978468e-02	1.812153312925272042e+00
4.897003732203279724e-02	1.779453741033323100e+00
4.984229560164393086e-02	1.747234031145595834e+00
5.072829964064172470e-02	1.715493084448207473e+00
5.162820908331786085e-02	1.684229565574954623e+00
5.254218363795511854e-02	1.653441991363774566e+00
5.347038302150866618e-02	1.623128627079764685e+00
5.441296690079321791e-02	1.593287565983103171e+00
5.537009481023326407e-02	1.563916654711315024e+00
5.634192610011719282e-02	1.535013558432505754e+00
5.732861985175100039e-02	1.506575739234195188e+00
5.833033481175652069e-02	1.478600434221353899e+00
5.934722932261227851e-02	1.451084704462300534e+00
6.037946123582847713e-02	1.424025405595562788e+00
6.142718784509362817e-02	1.397419200721995436e+00
6.249056580159032676e-02	1.371262552133465151e+00
6.356975103365485047e-02	1.345551776466835658e+00
6.466489866249294782e-02	1.320282967622493198e+00
6.577616293326221664e-02	1.295452068321834682e+00
6.690369710004746839e-02	1.271054874568517734e+00
6.804765336321599856e-02	1.247086996683645532e+00
6.920818277416893038e-02	1.223543899494464515e+00
7.038543514478227958e-02	1.200420907449557761e+00
7.157955895052127426e-02	1.177713210546396994e+00
7.279070124141354126e-02	1.155415864294017325e+00
7.401900755410502353e-02	1.133523796993511024e+00
7.526462180073735520e-02	1.112031841358807505e+00
7.652768619013516904e-02	1.090934692661971184e+00
7.780834111281315080e-02	1.070226969073905687e+00
7.910672504872517941e-02	1.049903189656707037e+00
8.042297447453447545e-02	1.029957789045792493e+00
8.175722374650293278e-02	1.010385124331595996e+00
8.310960500572082965e-02	9.911794881061418705e-01
8.448024808292117771e-02	9.723351023931618986e-01
8.586928037781926815e-02	9.538461429130270508e-01
8.727682676240193504e-02	9.357067401658022421e-01
8.870300948384592099e-02	9.179109819947166571e-01
9.014794801154699111e-02	9.004529238769463095e-01
9.161175905402883790e-02	8.833265652973678606e-01
9.309455629328236559e-02	8.665259423556038731e-01
9.459645036828942533e-02	8.500450508307995090e-01
9.611754875000341758e-02	8.338778794773648029e-01
9.765795564229144687e-02	8.180184186752480491e-01
9.921777185677675692e-02	8.024606643699333519e-01
1.007970947150275409e-01	7.871986336521293870e-01
1.023960179464857984e-01	7.722263546725546268e-01
1.040146315687920792e-01	7.575378812713183807e-01
1.056530217872037603e-01	7.431273012795305277e-01
1.073112708967312728e-01	7.289887344631732491e-01
1.089894571610062340e-01	7.151163427427270625e-01
1.106876547159472007e-01	7.015043395188694797e-01
1.124059334724965137e-01	6.881469711523651167e-01
1.141443589981344375e-01	6.750385644660307216e-01
1.159029924323261435e-01	6.621734915259476217e-01
1.176818903706903507e-01	6.495461937783932882e-01
1.194811047788286867e-01	6.371511818809701966e-01
1.213006828867042586e-01	6.249830398535495268e-01
1.231406670964462491e-01	6.130364321211762002e-01
1.250010948836697555e-01	6.013061032862214716e-01
1.268819987180446751e-01	5.897868817611734427e-01
1.287834059576218604e-01	5.784736899020425094e-01
1.307053387648982878e-01	5.673615421285574945e-01
1.326478140301742270e-01	5.564455490856158315e-01
1.346108432740872884e-01	5.457209212029795475e-01
1.365944325819736516e-01	5.351829723749582657e-01
1.385985825092547197e-01	5.248271231326757658e-01
1.406232880234846161e-01	5.146489023895676196e-01
1.426685384130787770e-01	5.046439511215611295e-01
1.447343172375117892e-01	4.948080240057789458e-01
1.468206022427394064e-01	4.851369938268996762e-01
1.489273653057194280e-01	4.756268503247405577e-01
1.510545723829563869e-01	4.662737030707690966e-01
1.532021834371644353e-01	4.570737863461943329e-01
1.553701523927292494e-01	4.480234564170273437e-01
1.575584270953475086e-01	4.391191935497377741e-01
1.597669492486715748e-01	4.303576062530997670e-01
1.619956543815574135e-01	4.217354283440216678e-01
1.642444718195630038e-01	4.132495194107464465e-01
1.665133246326667704e-01	4.048968694961292969e-01
1.688021296150096773e-01	3.966745934703524989e-01
1.711107972688697410e-01	3.885799328724460211e-01
1.734392317645127579e-01	3.806102571666000189e-01
1.757873309329893163e-01	3.727630593928233926e-01
1.781549862630107672e-01	3.650359582816307680e-01
1.805420828739806305e-01	3.574266919667306031e-01
1.829484995229555544e-01	3.499331228880153133e-01
1.853741086117863257e-01	3.425532287786820507e-01
1.878187761785205245e-01	3.352851039993031135e-01
1.902823619145326828e-01	3.281269557005919713e-01
1.927647191882469746e-01	3.210771001021359150e-01
1.952656950476943654e-01	3.141339616949154756e-01
1.977851302537844136e-01	3.072960675479843862e-01
2.003228593163327576e-01	3.005620371843141236e-01
2.028787105106773792e-01	2.939305939425170822e-01
2.054525059345604365e-01	2.874005459248726857e-01
2.080440615344445188e-01	2.809707869501247846e-01
2.106531871671563916e-01	2.746402915737012340e-01
2.132796866440187789e-01	2.684081097992039311e-01
2.159233577892584466e-01	2.622733627604984519e-01
2.185839925021810515e-01	2.562352351316281585e-01
2.212613768322439778e-01	2.502929716447686581e-01
2.239552910299330291e-01	2.444458718255248519e-01
2.266655096400274905e-01	2.386932839250515970e-01
2.293918015757789308e-01	2.330345980577452070e-01
2.321339301957293932e-01	2.274692442039123463e-01
2.348916534063151818e-01	2.219966833063445055e-01
2.376647237371354304e-01	2.166164037289534938e-01
2.404528884557544655e-01	2.113279159204218272e-01
2.432558896513814795e-01	2.061307477819974421e-01
2.460734643465181115e-01	2.010244383913687982e-01
2.489053446132108993e-01	1.960085343889085840e-01
2.517512576690958959e-01	1.910825859689017914e-01
2.546109260008337372e-01	1.862461414015274264e-01
2.574840674916887284e-01	1.814987435298033858e-01
2.603703955238381162e-01	1.768399264353433809e-01
2.632696191277658082e-01	1.722692114804897645e-01
2.661814430894985928e-01	1.677861049285172268e-01
2.691055680916629722e-01	1.633900940109966893e-01
2.720416908577376613e-01	1.590806445444920003e-01
2.749895042699387337e-01	1.548571996832726061e-01
2.779486975221006073e-01	1.507191770985815138e-01
2.809189562555274300e-01	1.466659675447392619e-01
2.838999627162173134e-01	1.426969325432699831e-01
2.868913958823495203e-01	1.388114056112411954e-01
2.898929316226928066e-01	1.350086891311602366e-01
2.929042428564973544e-01	1.312880548579306583e-01
2.959249996871504695e-01	1.276487445330815873e-01
2.989548695629632435e-01	1.240899675857526641e-01
3.019935174451373050e-01	1.206109031807367366e-01
3.050406059428380501e-01	1.172107000304921098e-01
3.080957954807079791e-01	1.138884782859919953e-01
3.111587444652230694e-01	1.106433276429149293e-01
3.142291094237247839e-01	1.074743108331305264e-01
3.173065451857711161e-01	1.043804629763575575e-01
3.203907050243461896e-01	1.013607949249725332e-01
3.234812408243493698e-01	9.841429305405058336e-02
3.265778032485824323e-01	9.553992038018514765e-02
3.296800418834375801e-01	9.273661943481399661e-02
3.327876054124457306e-01	9.000331362934380075e-02
3.359001417686494073e-01	8.733890757440664065e-02
3.390172982912629807e-01	8.474229149201556455e-02
3.421387218995530222e-01	8.221233626400073491e-02
3.452640592190994173e-01	7.974791141615607259e-02
3.483929567809678218e-01	7.734786498877498084e-02
3.515250611367173872e-01	7.501103967436860420e-02
3.546600190409718856e-01	7.273627082964378987e-02
3.577974775860203183e-01	7.052238802706058129e-02
3.609370843699987730e-01	6.836821687594601960e-02
3.640784876290132921e-01	6.627258073750030842e-02
3.672213364045245343e-01	6.423430198226226517e-02
3.703652806694460731e-01	6.225220373429419390e-02
3.735099714942456406e-01	6.032511122073275223e-02
3.766550611697123130e-01	5.845185328331135854e-02
3.798002033557608681e-01	5.663126351239174128e-02
3.829450532287532183e-01	5.486218142066966869e-02
3.860892675988616962e-01	5.314345405688334495e-02
3.892325050525071717e-01	5.147393672018733823e-02
3.923744260928709315e-01	4.985249392012969932e-02
3.955146932486219291e-01	4.827800092579499075e-02
3.986529712091336219e-01	4.674934405376210411e-02
4.017889269572994526e-01	4.526542168274880207e-02
4.049222298691917410e-01	4.382514531984636058e-02
4.080525518412743136e-01	4.242743992648864010e-02
4.111795674147160629e-01	4.107124463452363483e-02
4.143029538657622690e-01	3.975551363645830893e-02
4.174223913242375850e-01	3.847921630048726366e-02
4.205375628886235395e-01	3.724133775274741237e-02
4.236481547071478393e-01	3.604087955076596544e-02
4.267538560877239817e-01	3.487685973029031744e-02
4.298543596001251355e-01	3.374831311437007098e-02
4.329493611523821950e-01	3.265429192539739262e-02
4.360385600872785372e-01	3.159386562888792660e-02
4.391216592775066818e-01	3.056612115403105345e-02
4.421983651893939826e-01	2.957016332033295461e-02
4.452683879716647919e-01	2.860511465159875158e-02
4.483314415387861795e-01	2.767011548345246416e-02
4.513872436246805231e-01	2.676432409199493156e-02
4.544355158718856313e-01	2.588691662533826668e-02
4.574759838789619337e-01	2.503708711255697369e-02
4.605083772779888784e-01	2.421404737088835718e-02
4.635324297840646701e-01	2.341702691703403602e-02
4.665478792552554821e-01	2.264527296395683204e-02
4.695544677403858946e-01	2.189805018221135935e-02
4.725519415411780777e-01	2.117464049286890346e-02
4.755400512430196236e-01	2.047434317026248715e-02
4.785185517611895145e-01	1.979647448594161474e-02
4.814872023909184673e-01	1.914036745640177589e-02
4.844457668284405938e-01	1.850537178490246903e-02
4.873940132212744580e-01	1.789085356419902947e-02
4.903317141805790258e-01	1.729619504629043361e-02
4.932586468278792324e-01	1.672079442551133860e-02
4.961745928017394225e-01	1.616406564092671971e-02
4.990793382868709549e-01	1.562543803733899839e-02
5.019726740411976085e-01	1.510435611674669845e-02
5.048543953917759008e-01	1.460027933980637127e-02
5.077243022712925047e-01	1.411268179317520972e-02
5.105821992068682036e-01	1.364105198091622971e-02
5.134278953368056619e-01	1.318489246959394720e-02
5.162612044253176435e-01	1.274371961788095531e-02
5.190819448451690077e-01	1.231706341674523517e-02
5.218899395872694802e-01	1.190446706107969876e-02
5.246850162681719887e-01	1.150548668438828269e-02
5.274670071044866848e-01	1.111969120827495210e-02
5.302357489157082382e-01	1.074666191579919279e-02
5.329910831248116931e-01	1.038599220091927615e-02
5.357328557253312473e-01	1.003728739865922780e-02
5.384609172777853336e-01	9.700164364061299171e-03
5.411751229036615429e-01	9.374251228678074851e-03
5.438753322461810091e-01	9.059187221837494350e-03
5.465614094646997767e-01	8.754622330897746801e-03
5.492332232028860339e-01	8.460217005201177073e-03
5.518906465816363349e-01	8.175641927844239792e-03
5.545335571477963965e-01	7.900577763019741781e-03
5.571618368727101478e-01	7.634714886124047313e-03
5.597753721007709959e-01	7.377753161040653818e-03
5.623740535283192621e-01	7.129401641332661944e-03
5.649577761788696639e-01	6.889378333630401773e-03
5.675264393502299498e-01	6.657409996273472123e-03
5.700799465993880988e-01	6.433231870905431297e-03
5.726182056871511605e-01	6.216587446884701967e-03
5.751411285562928466e-01	6.007228262212866744e-03
5.776486312776956122e-01	5.804913645158607180e-03
5.801406340217257762e-01	5.609410530164914144e-03
5.826170610066691014e-01	5.420493184546688881e-03
5.850778404697597468e-01	5.237943068922385273e-03
5.875229046021958057e-01	5.061548601014946060e-03
5.899521895227722856e-01	4.891104943581041711e-03
5.923656352264832226e-01	4.726413822134037553e-03
5.947631855302737414e-01	4.567283324046210978e-03
5.971447880409386233e-01	4.413527727281482856e-03
5.995103940886371552e-01	4.264967295532786327e-03
6.018599586974950899e-01	4.121428099768431261e-03
6.041934405180855450e-01	3.982741883053399212e-03
6.065108017849216715e-01	3.848745838352308352e-03
6.088120082742789485e-01	3.719282461561375461e-03
6.110970292359427791e-01	3.594199413963363333e-03
6.133658373498767080e-01	3.473349337132033369e-03
6.156184086832044988e-01	3.356589696013496504e-03
6.178547226162051098e-01	3.243782652235970270e-03
6.200747618147753881e-01	3.134794895222089810e-03
6.222785121543152886e-01	3.029497536862305832e-03
6.244659626796073004e-01	2.927765939484025439e-03
6.266371055445204563e-01	2.829479584631652746e-03
6.287919359714260192e-01	2.734521945547411376e-03
6.309304521771732510e-01	2.642780396858245874e-03
6.330526553291246916e-01	2.554146037646444749e-03
6.351585495011656812e-01	2.468513591823610388e-03
6.372481415990272069e-01	2.385781325035672001e-03
6.393214413165219101e-01	2.305850878643669888e-03
6.413784610914670115e-01	2.228627193487298184e-03
6.434192160277660832e-01	2.154018394312376319e-03
6.454437238694809009e-01	2.081935686201190957e-03
6.474520049200189753e-01	2.012293271848983930e-03
6.494440820065593423e-01	1.945008232993758858e-03
6.514199804171699748e-01	1.880000433869872265e-03
6.533797278602895275e-01	1.817192442718472585e-03
6.553233543905830905e-01	1.756509446363057475e-03
6.572508923793916047e-01	1.697879155699690782e-03
6.591623764423696352e-01	1.641231727912212651e-03
6.610578433962663869e-01	1.586499684182148115e-03
6.629373322127601886e-01	1.533617820894077246e-03
6.648008839521932778e-01	1.482523155676830932e-03
6.666485417263378066e-01	1.433154836230368873e-03
6.684803506389895844e-01	1.385454081529127138e-03
6.702963577357464731e-01	1.339364099700872781e-03
6.720966119668922989e-01	1.294830034086968343e-03
6.738811641072400827e-01	1.251798897263181436e-03
6.756500667499917290e-01	1.210219494349713300e-03
6.774033742165227467e-01	1.170042383364501429e-03
6.791411425366069565e-01	1.131219806592349050e-03
6.808634293827204864e-01	1.093705629311059364e-03
6.825702940382716299e-01	1.057455294640158956e-03
6.842617973332993930e-01	1.022425761534744536e-03
6.859380016189545737e-01	9.885754621635602438e-04
6.875989706973780757e-01	9.558642468539287453e-04
6.892447698010960577e-01	9.242533349895814187e-04
6.908754655306990067e-01	8.937052769753977589e-04
6.924911258116239754e-01	8.641839011941613181e-04
6.940918198680494644e-01	8.356542654856280753e-04
6.956776181573504081e-01	8.080826348608247242e-04
6.972485923368043625e-01	7.814364203806718322e-04
6.988048152318795392e-01	7.556841473598384807e-04
7.003463607767439481e-01	7.307954260875308304e-04
7.018733039794651241e-01	7.067409003544591461e-04
7.033857208998050004e-01	6.834922180838611449e-04
7.048836885757988613e-01	6.610220062801731465e-04
7.063672850103001055e-01	6.393038199445897924e-04
7.078365891390027143e-01	6.183121186606346884e-04
7.092916807562066328e-01	5.980222513189710877e-04
7.107326405099617661e-01	5.784103965393973604e-04
7.121595498717065986e-01	5.594535468960934194e-04
7.135724910588442382e-01	5.411294997015946668e-04
7.149715470374594650e-01	5.234167979047039693e-04
7.163568014852932375e-01	5.062947189426767825e-04
7.177283387286469418e-01	4.897432641026844410e-04
7.190862437333789270e-01	4.737431046279909981e-04
7.204306020827278001e-01	4.582755757475274658e-04
7.217614999041696011e-01	4.433226606775479434e-04
7.230790238711772844e-01	4.288669526507769727e-04
7.243832611753717732e-01	4.148916365933776984e-04
7.256742994598740504e-01	4.013804827411845467e-04
7.269522268303061363e-01	3.883178106061307240e-04
7.282171318031773755e-01	3.756884742796763490e-04
7.294691032751261517e-01	3.634778537136910113e-04
7.307082305063845595e-01	3.516718199912578519e-04
7.319346030916776824e-01	3.402567327827281493e-04
7.331483109132795883e-01	3.292194179668614319e-04
7.343494441474163192e-01	3.185471450578047144e-04
7.355380932194924837e-01	3.082276240069813968e-04
7.367143487609546515e-01	2.982489878363453646e-04
7.378783016260961336e-01	2.885997686270241219e-04
7.390300428251244114e-01	2.792688920472072029e-04
7.401696635394976465e-01	2.702456598326011131e-04
7.412972550595908761e-01	2.615197422182430711e-04
7.424129087980053665e-01	2.530811577446205867e-04
7.435167162392126716e-01	2.449202690730657825e-04
7.446087689297347101e-01	2.370277647435822138e-04
7.456891584676662577e-01	2.293946501359432697e-04
7.467579764506216966e-01	2.220122389737093393e-04
7.478153145004755586e-01	2.148721369749458565e-04
7.488612641940353143e-01	2.079662404664509717e-04
7.498959170853733980e-01	2.012867178323725196e-04
7.509193646619879425e-01	1.948260028772107525e-04
7.519316983393810050e-01	1.885767907798291290e-04
7.529330094257836725e-01	1.825320218619751547e-04
7.539233891386558639e-01	1.766848739723187280e-04
7.549029285497040886e-01	1.710287610561394851e-04
7.558717185840440056e-01	1.655573176953231609e-04
7.568298500266621431e-01	1.602643940957551030e-04
7.577774134539942974e-01	1.551440521099564499e-04
7.587144992719613290e-01	1.501905494284968905e-04
7.596411976843761016e-01	1.453983401092625368e-04
7.605575986496506680e-01	1.407620698451376811e-04
7.614637919142291933e-01	1.362765607393308441e-04
7.623598669634560343e-01	1.319368113761755349e-04
7.632459130246588286e-01	1.277379889762312042e-04
7.641220190547551860e-01	1.236754234433369646e-04
7.649882737200044414e-01	1.197446048459816604e-04
7.658447653830359192e-01	1.159411739150300078e-04
7.666915821080264593e-01	1.122609160217325055e-04
7.675288116361677071e-01	1.086997598047510143e-04
7.683565413684120271e-01	1.052537741122427760e-04
7.691748583712035847e-01	1.019191568538644894e-04
7.699838493540278606e-01	9.869223418715008297e-05
7.707836006710168109e-01	9.556945635060923078e-05
7.715741982941244359e-01	9.254739349439980423e-05
7.723557278257040526e-01	8.962272944903520902e-05
7.731282744717898892e-01	8.679225981945096625e-05
7.738919230473368938e-01	8.405288762519768210e-05
7.746467579574953799e-01	8.140162030531087581e-05
7.753928631898892032e-01	7.883556551382226666e-05
7.761303223225370918e-01	7.635192672201634697e-05
7.768592184917753052e-01	7.394800182172928148e-05
7.775796344147501982e-01	7.162117885363319513e-05
7.782916523466930636e-01	6.936893335061736514e-05
7.789953541175483887e-01	6.718882398477808119e-05
7.796908210867494748e-01	6.507849252286686725e-05
7.803781341573629016e-01	6.303565947062254209e-05
7.810573737726360655e-01	6.105811885777409750e-05
7.817286199032337235e-01	5.914374021357727429e-05
7.823919520401431127e-01	5.729046456548061653e-05
7.830474491960623951e-01	5.549629947215698470e-05
7.836951899075957906e-01	5.375932015182856885e-05
7.843352522009449102e-01	5.207766583453631314e-05
7.849677136360363461e-01	5.044953576469181171e-05
7.855926512577946497e-01	4.887319129418625903e-05
7.862101416082581951e-01	4.734695017088930613e-05
7.868202607484825473e-01	4.586918501820402909e-05
7.874230842024281252e-01	4.443832471577192081e-05
7.880186870017954481e-01	4.305284876717621259e-05
7.886071436658051992e-01	4.171128587493413856e-05
7.891885281891884985e-01	4.041221558423537154e-05
7.897629140549817794e-01	3.915426273862750384e-05
7.903303742274212507e-01	3.793609787280076287e-05
7.908909811446516169e-01	3.675643593332859790e-05
7.914448067197981107e-01	3.561403402671087351e-05
7.919919223492323246e-01	3.450768924500874374e-05
7.925323988926347152e-01	3.343623997511052594e-05
7.930663066817476015e-01	3.239856138617794513e-05
7.935937155299065404e-01	3.139356597212059909e-05
7.941146947070052420e-01	3.042020300681342674e-05
7.946293129489603313e-01	2.947745437871670903e-05
7.951376384909430994e-01	2.856433568499363625e-05
7.956397389878187010e-01	2.767989730612557863e-05
7.961356815940914267e-01	2.682321779317588614e-05
7.966255329299061216e-01	2.599340646444597700e-05
7.971093590626154857e-01	2.518960352601059603e-05
7.975872255400822119e-01	2.441097531740051685e-05
7.980591973838583320e-01	2.365671500914096040e-05
7.985253390678018759e-01	2.292604470901998812e-05
7.989857145306353825e-01	2.221821031310039350e-05
7.994403871987183496e-01	2.153248160472857016e-05
7.998894199457343701e-01	2.086815279609967357e-05
8.003328751342886349e-01	2.022454155781131945e-05
8.007708145728288374e-01	1.960098752066136637e-05
8.012032995631214183e-01	1.899685144167511205e-05
8.016303908616912999e-01	1.841151503556054972e-05
8.020521487126197613e-01	1.784437982882636776e-05
8.024686328197457863e-01	1.729486748833083414e-05
8.028799023727081208e-01	1.676241730890028878e-05
8.032860160367224500e-01	1.624648785254846208e-05
8.036870319436164589e-01	1.574655476700620628e-05
8.040830077240989082e-01	1.526211005323635766e-05
8.044740004757141572e-01	1.479266313772589226e-05
8.048600667790392071e-01	1.433773914702704045e-05
8.052412627074279072e-01	1.389687728898090870e-05
8.056176438256222871e-01	1.346963287897065466e-05
8.059892651608271397e-01	1.305557566090674305e-05
8.063561812659549854e-01	1.265428846672697068e-05
8.067184461546295093e-01	1.226536831449755346e-05
8.070761133514974262e-01	1.188842413421985508e-05
8.074292358903891742e-01	1.152307777893732953e-05
8.077778662730785708e-01	1.116896466248502467e-05
8.081220565210832651e-01	1.082572988915165856e-05
8.084618581740582455e-01	1.049303034095800665e-05
8.087973222436078968e-01	1.017053551691699528e-05
8.091284992712871604e-01	9.857923467438735738e-06
8.094554393196277120e-01	9.554883088955992140e-06
8.097781919362642133e-01	9.261114446108953250e-06
8.100968062002562586e-01	8.976325569052472669e-06
8.104113307247237108e-01	8.700234096332682521e-06
8.107218136139633380e-01	8.432567859593472721e-06
8.110283025116177269e-01	8.173062010403818494e-06
8.113308446008608010e-01	7.921460416489534931e-06
8.116294865650204304e-01	7.677515843777996113e-06
8.119242746449050196e-01	7.440987927452585300e-06
8.122152546107295201e-01	7.211644304717139073e-06
8.125024717584153899e-01	6.989260445557951321e-06
8.127859709384365194e-01	6.773618109647917714e-06
8.130657965469040294e-01	6.564506481870964702e-06
8.133419925070440870e-01	6.361721540281374399e-06
8.136146023144678052e-01	6.165064936601162499e-06
8.138836690162096765e-01	5.974345089344712020e-06
8.141492351916923553e-01	5.789376912816296767e-06
8.144113430076183047e-01	5.609980560782716325e-06
8.146700341651903488e-01	5.435981833391685592e-06
8.149253499607550522e-01	5.267212056153259442e-06
8.151773312302387220e-01	5.103508087690685633e-06
8.154260183988524258e-01	4.944711539585667269e-06
8.156714514614041844e-01	4.790669197827416195e-06
8.159136699814142357e-01	4.641232722814298125e-06
8.161527131183395900e-01	4.496258206351307609e-06
8.163886195935653456e-01	4.355606228951371735e-06
8.166214277448147207e-01	4.219141567631101048e-06
8.168511754686338389e-01	4.086733665708819849e-06
8.170779002766036525e-01	3.958255578040062411e-06
8.173016392636288652e-01	3.833584298636406797e-06
8.175224291343134997e-01	3.712600977938874065e-06
8.177403061772796633e-01	3.595190074482896552e-06
8.179553063119101575e-01	3.481239544344640445e-06
8.181674650486209233e-01	3.370641061331923568e-06
8.183768175073573570e-01	3.263289427452702297e-06
8.185833984469133018e-01	3.159082531388941236e-06
8.187872422070372469e-01	3.057921786376486685e-06
8.189883827816589745e-01	2.959711032598621486e-06
8.191868537760814695e-01	2.864357274183590440e-06
8.193826884173083247e-01	2.771770425013118479e-06
8.195759195774462436e-01	2.681862689325663596e-06
8.197665797518637332e-01	2.594549296830866466e-06
8.199547010719788753e-01	2.509747814379803534e-06
8.201403153199973151e-01	2.427377950479339435e-06
8.203234539146658788e-01	2.347362182492896093e-06
8.205041479123914572e-01	2.269625144294160979e-06
8.206824280366947777e-01	2.194093149099358993e-06
8.208583246582976667e-01	2.120694880579643638e-06
8.210318677982306745e-01	2.049361350490347799e-06
8.212030871348503513e-01	1.980025102580718056e-06
8.213720120182441686e-01	1.912620349327139932e-06
8.215386714611748742e-01	1.847083323532253723e-06
8.217030941345628836e-01	1.783352000298263693e-06
8.218653083933176173e-01	1.721365616607178568e-06
8.220253422587548986e-01	1.661065014770363763e-06
8.221832234389048200e-01	1.602392502901218718e-06
8.223389793065032372e-01	1.545291864999004185e-06
8.224926369289523587e-01	1.489707805529064344e-06
8.226442230647255105e-01	1.435586212398563759e-06
8.227937641459570628e-01	1.382874217531589505e-06
8.229412863161433833e-01	1.331519778272916388e-06
8.230868153929850051e-01	1.281471820094752266e-06
8.232303769046438457e-01	1.232679756694914842e-06
8.233719960878015387e-01	1.185093540172789172e-06
8.235116978650330877e-01	1.138663885391240883e-06
8.236495068792258900e-01	1.093341439265088120e-06
8.237854474858598008e-01	1.049077092643965223e-06
8.239195437363268093e-01	1.005821773341870825e-06
8.240518194073187530e-01	9.635257665779928829e-07
8.241822980057841308e-01	9.221387396183921286e-07
8.243110027315385668e-01	8.816095244050879863e-07
8.244379565408819222e-01	8.418852867532951226e-07
8.245631820955603430e-01	8.029114742507944726e-07
8.246867017862765659e-01	7.646308997641121445e-07
8.248085377575591348e-01	7.269828277174524176e-07
8.249287118593038315e-01	6.899024396688821292e-07
8.250472456986310821e-01	6.533188824895258014e-07
8.251641606217262614e-01	6.171537769717412143e-07
8.252794777089031975e-01	5.813189174778201354e-07
8.253932177938138048e-01	5.457125951820816675e-07
8.255054014585093691e-01	5.102149480892932766e-07
8.256160490319112144e-01	4.741796963038868712e-07
8.257251805967428249e-01	4.384426094897206631e-07
8.258328159996538576e-01	4.022527483989886837e-07
8.259389748363699102e-01	3.652929906317723392e-07
8.260436764651518660e-01	3.271107336672537852e-07
8.261469400182976930e-01	2.870131649518596437e-07
8.262487843834697143e-01	2.438288464014517713e-07
8.263492282126181365e-01	1.952625940076821413e-07
8.264482899588762033e-01	1.353543202578723036e-07
8.265459878077788813e-01	0.000000000000000000e+00
