# Data associated with arXiv:2208.14002
# 
# Scale-free J-factor angular distribution, J_S(theta), of a nfw0-8rhos8e6 dark matter distribution (see Eq. 2.4 and the surrounding discussion)
# 
# Published: 8/25/22, Jack Runburg and Kenny Kiriu, contact: runburg@hawaii.edu
# 
# 
# -----------------------------------------------------------------
# 
# 	 tilde theta 		 | 	 tilde J s-wave 		 | 	 tilde J p-wave 		 | 	 tilde J d-wave 		 | 	 tilde J sommerfeld 
# 
# -----------------------------------------------------------------
1.000000000000000021e-03	2.685176059202997749e+03	2.188677726949620421e+02	2.226441370784776836e+02	4.816089492580395017e+04
1.021192151037671062e-03	2.663228110217632548e+03	2.185910271065928328e+02	2.225161178408718570e+02	4.750085228724736953e+04
1.042833409340945643e-03	2.640783121671599019e+03	2.183073690593064100e+02	2.223848808049079366e+02	4.682668804661769536e+04
1.064933292458827233e-03	2.617843735268904766e+03	2.180167652002347438e+02	2.222504087756974513e+02	4.613857121520773944e+04
1.087501519637659123e-03	2.594414541380304854e+03	2.177192013444004317e+02	2.221126933944299537e+02	4.543673784367056214e+04
1.110548016095517111e-03	2.570502409043986972e+03	2.174146863463832631e+02	2.219717369690052919e+02	4.472150179243865568e+04
1.134082917387199208e-03	2.546116891125968323e+03	2.171032570073607815e+02	2.218275548065269618e+02	4.399326783065125346e+04
1.158116573861711456e-03	2.521270732586421673e+03	2.167849844602769736e+02	2.216801782660927245e+02	4.325254787884480174e+04
1.182659555214217667e-03	2.495980525708020650e+03	2.164599827539745718e+02	2.215296588888680276e+02	4.249998165045785572e+04
1.207722655134462354e-03	2.470267584843249551e+03	2.161284208735813763e+02	2.213760742204817404e+02	4.173636372601214680e+04
1.233316896053688856e-03	2.444159168677248545e+03	2.157905404605145065e+02	2.212195364546828671e+02	4.096268057023255824e+04
1.259453533992170365e-03	2.417690294490279030e+03	2.154466837090258196e+02	2.210602061382847694e+02	4.018016404694783705e+04
1.286144063509461061e-03	2.390906661138536947e+03	2.150973412164084664e+02	2.208983158428810043e+02	3.939037497380084824e+04
1.313400222759557485e-03	2.363869929402578691e+03	2.147432441249562771e+02	2.207342160433634035e+02	3.859534872703286237e+04
1.341233998653187541e-03	2.336669002557700878e+03	2.143855734076731778e+02	2.205684799121861772e+02	3.779789440063971415e+04
1.369657632129505243e-03	2.309451576812769417e+03	2.140265776575427026e+02	2.204022140529139335e+02	3.700239971932245680e+04
1.398683623539492566e-03	2.282577087485534321e+03	2.136726947973712356e+02	2.202386334950205935e+02	3.621860440341543290e+04
1.428324738143458596e-03	2.255090400325771498e+03	2.133027036959575753e+02	2.200669768296176585e+02	3.542476011027920322e+04
1.458594011725036863e-03	2.227516265448963168e+03	2.129238354578386350e+02	2.198907490637730007e+02	3.463711565057958796e+04
1.489504756324154782e-03	2.199512824974720843e+03	2.125272285248876187e+02	2.197053916179393980e+02	3.384893393654455576e+04
1.521070566091505720e-03	2.172183547787631142e+03	2.121363620843319211e+02	2.195227827130943012e+02	3.308634164405134652e+04
1.553305323267072666e-03	2.145334394681667618e+03	2.117474973077053733e+02	2.193410405838621102e+02	3.234418242353869937e+04
1.586223204285366938e-03	2.118397778109897445e+03	2.113480172382736271e+02	2.191537380656019991e+02	3.160911893719866566e+04
1.619838686010041055e-03	2.091803297156086046e+03	2.109473063101531807e+02	2.189656332388223063e+02	3.089097200661236639e+04
1.654166552100628336e-03	2.065545181487222635e+03	2.105453520468002466e+02	2.187767163800931769e+02	3.018936572426081329e+04
1.689221899514206692e-03	2.039609244248951427e+03	2.101420649255280182e+02	2.185869434849591926e+02	2.950354185652375236e+04
1.725020145144853453e-03	2.013994835046668186e+03	2.097374670700028219e+02	2.183963230968001028e+02	2.883324613216231228e+04
1.761577032603788440e-03	1.988705999798458834e+03	2.093316232699166903e+02	2.182048839155594067e+02	2.817840482059478745e+04
1.798908639143220224e-03	1.963736668803368502e+03	2.089245137175628884e+02	2.180126134622645111e+02	2.753858291857527001e+04
1.837031382726912916e-03	1.939073750957178163e+03	2.085160520328751375e+02	2.178194685786001514e+02	2.691314438046070063e+04
1.875962029250603357e-03	1.914716654781764191e+03	2.081062674707134761e+02	2.176254582908763666e+02	2.630185436907058465e+04
1.915717699915417882e-03	1.890669365390725943e+03	2.076952364215917441e+02	2.174306127755169200e+02	2.570467068930112146e+04
1.956315878757565116e-03	1.866925569111404911e+03	2.072829353588030301e+02	2.172349169153012554e+02	2.512118473834955148e+04
1.997774420337589726e-03	1.843473192448740292e+03	2.068692808704659853e+02	2.170383284249035114e+02	2.455082432830828839e+04
2.040111557592579582e-03	1.820311698863004494e+03	2.064543027287264749e+02	2.168408565204582032e+02	2.399340531476784236e+04
2.083345909854779961e-03	1.797445003866379693e+03	2.060380798899536217e+02	2.166425324414585134e+02	2.344883143085312622e+04
2.127496491040134757e-03	1.774866596580829082e+03	2.056205838860579149e+02	2.164433383569583498e+02	2.291676681737399849e+04
2.172582718010372237e-03	1.752565349362552752e+03	2.052017314286326837e+02	2.162432327360660054e+02	2.239667659978396841e+04
2.218624419112281976e-03	1.730540776538960245e+03	2.047815418378752099e+02	2.160422244089449748e+02	2.188835570310567346e+04
2.265641842897974604e-03	1.708796717414855948e+03	2.043600920516074950e+02	2.158403453970731789e+02	2.139177067375067418e+04
2.313655667029933423e-03	1.687326505335533056e+03	2.039373462637411194e+02	2.156375748934614194e+02	2.090654511283832471e+04
2.362687007374795686e-03	1.666119891718184590e+03	2.035132262205614211e+02	2.154338723324428884e+02	2.043223178100334189e+04
2.412757427289825233e-03	1.645176439467753198e+03	2.030877643559517480e+02	2.152292474315229356e+02	1.996865421442130537e+04
2.463888947106213784e-03	1.624499902004409023e+03	2.026610445344024072e+02	2.150237335218120620e+02	1.951578422319501988e+04
2.516104053813336943e-03	1.604083498357921826e+03	2.022330269381343726e+02	2.148173070666576052e+02	1.907327634236370068e+04
2.569425710948245768e-03	1.583917795581442078e+03	2.018036365342300371e+02	2.146099284599157784e+02	1.864072541986842771e+04
2.623877368694733318e-03	1.564002402115160294e+03	2.013729060175184316e+02	2.144016075925277107e+02	1.821799458956404487e+04
2.679482974196439188e-03	1.544340978395873208e+03	2.009409217590153105e+02	2.141923788516326681e+02	1.780501708425516699e+04
2.736266982088478034e-03	1.524926665702468881e+03	2.005076377841534736e+02	2.139822157562349787e+02	1.740150098321586847e+04
2.794254365252289707e-03	1.505750787535622067e+03	2.000729698914902315e+02	2.137710788360019478e+02	1.700706187536275684e+04
2.853470625798387814e-03	1.486812994878644986e+03	1.996369433415543142e+02	2.135589776144379073e+02	1.662154586195655065e+04
2.913941806281861776e-03	1.468116850957477936e+03	1.991996474309288772e+02	2.133459474874205171e+02	1.624494351496655872e+04
2.975694501155571117e-03	1.449655450087093641e+03	1.987610299219427930e+02	2.131319589159089674e+02	1.587693335708134691e+04
3.038755868466027146e-03	1.431420817778293895e+03	1.983210215225394961e+02	2.129169741458338478e+02	1.551720153766267686e+04
3.103153641797168783e-03	1.413412644739330744e+03	1.978796572513044509e+02	2.127010035283705633e+02	1.516561644088252251e+04
3.168916142467233243e-03	1.395634393126882060e+03	1.974370287416635108e+02	2.124840834719148290e+02	1.482216047125188197e+04
3.236072291984112663e-03	1.378079138546686409e+03	1.969930792529499968e+02	2.122661815471865623e+02	1.448654453825598830e+04
3.304651624764658874e-03	1.360739557694711948e+03	1.965477423162567163e+02	2.120472609075351613e+02	1.415848163206237768e+04
3.374684301123556836e-03	1.343615378181356618e+03	1.961010537001022556e+02	2.118273320718125490e+02	1.383786996821462890e+04
3.446201120537424525e-03	1.326709958048824319e+03	1.956531062570461472e+02	2.116064323859837373e+02	1.352466401109334220e+04
3.519233535190044709e-03	1.310016379522088300e+03	1.952038245326922095e+02	2.113845253039547458e+02	1.321860790021198409e+04
3.593813663804625805e-03	1.293527922961055310e+03	1.947531356808851797e+02	2.111615741849970220e+02	1.291943251660057831e+04
3.669974305769219299e-03	1.277244351784823948e+03	1.943010768942211826e+02	2.109375898155640527e+02	1.262702665357977457e+04
3.747748955561452412e-03	1.261168913354843198e+03	1.938477453719567336e+02	2.107126106373229106e+02	1.234138998236883526e+04
3.827171817478984984e-03	1.245294723287428724e+03	1.933930722165125928e+02	2.104865979244689811e+02	1.206225485611483600e+04
3.908277820682117681e-03	1.229615619895469763e+03	1.929369963504613281e+02	2.102595167044526363e+02	1.178939981950968286e+04
3.991102634555192957e-03	1.214131398580768973e+03	1.924795561770504548e+02	2.100313780141190136e+02	1.152272720251897772e+04
4.075682684393532908e-03	1.198845198648513133e+03	1.920208508534060456e+02	2.098022212160214508e+02	1.126222655082775054e+04
4.162055167422817371e-03	1.183750184918870445e+03	1.915608061460042393e+02	2.095720044494395324e+02	1.100765896267230710e+04
4.250258069157961290e-03	1.168840713766825729e+03	1.910993657270730637e+02	2.093406939613728355e+02	1.075882121222315254e+04
4.340330180108637088e-03	1.154116611092307949e+03	1.906365644175639602e+02	2.091083006315227522e+02	1.051563545394176617e+04
4.432311112838861061e-03	1.139580904822586035e+03	1.901724858776618419e+02	2.088748630816616583e+02	1.027806391066479955e+04
4.526241319388085715e-03	1.125226828930020474e+03	1.897070471903182067e+02	2.086403359502709236e+02	1.004589839997564195e+04
4.622162109061505458e-03	1.111049218723194144e+03	1.892401940616979346e+02	2.084046863124760023e+02	9.818953405896098047e+03
4.720115666597336779e-03	1.097047928775115906e+03	1.887719673854199414e+02	2.081679256434096885e+02	9.597145995045761083e+03
4.820145070719144588e-03	1.083225873924496909e+03	1.883024704942420726e+02	2.079300950923538096e+02	9.380477834888737561e+03
4.922294313081310678e-03	1.069576374162436196e+03	1.878316176676902671e+02	2.076911463017703738e+02	9.168730879666669352e+03
5.026608317615998724e-03	1.056094707459635629e+03	1.873593583666684879e+02	2.074510474608991615e+02	8.961748465190292336e+03
5.133132960290130720e-03	1.042780755227264308e+03	1.868857343811083922e+02	2.072098102830902633e+02	8.759458485635237594e+03
5.241915089281041530e-03	1.029637318729222670e+03	1.864108518438484623e+02	2.069674768394506827e+02	8.561854163153611808e+03
5.353002545579732367e-03	1.016657818062239357e+03	1.859346172460703315e+02	2.067239952482923400e+02	8.368740970948831091e+03
5.466444184030696055e-03	1.003837940325150839e+03	1.854569681927695797e+02	2.064793330701755849e+02	8.179968044907921467e+03
5.582289894817666839e-03	9.911775920031594751e+02	1.849779378445373084e+02	2.062335011229042152e+02	7.995477013910664937e+03
5.700590625404708227e-03	9.786794609776966354e+02	1.844976333336020957e+02	2.059865420776104088e+02	7.815247024727642383e+03
5.821398402942216249e-03	9.663370794853215102e+02	1.840159581631413062e+02	2.057384009501751336e+02	7.639108822932351359e+03
5.944766357147824969e-03	9.541465126720399894e+02	1.835328692510877033e+02	2.054890481188884337e+02	7.466932911368497116e+03
6.070748743672167193e-03	9.421076907908397970e+02	1.830484114167608709e+02	2.052384958612333890e+02	7.298656030438266498e+03
6.199400967959818945e-03	9.302231873599688470e+02	1.825626942064110096e+02	2.049867877172501096e+02	7.134281384977720336e+03
6.330779609615908021e-03	9.184866588639878273e+02	1.820756154571382126e+02	2.047338653314334067e+02	6.973632763790599711e+03
6.464942447289089879e-03	9.068945189744974869e+02	1.815871354086065992e+02	2.044797002103142347e+02	6.816599451057531951e+03
6.601948484081890736e-03	8.954467194570303263e+02	1.810972971729054848e+02	2.042243045084650248e+02	6.663126769554405655e+03
6.741857973499477616e-03	8.841457223544590533e+02	1.806061928655454096e+02	2.039677200408607405e+02	6.513205504530826147e+03
6.884732445948405985e-03	8.729853153190962303e+02	1.801137075474510993e+02	2.037098839510655637e+02	6.366678646040814783e+03
7.030634735796891313e-03	8.619622342962412631e+02	1.796198042505108958e+02	2.034507685599469085e+02	6.223441354302185573e+03
7.179629009008595825e-03	8.510764515325212187e+02	1.791245292926185471e+02	2.031903864052958966e+02	6.083455080382583219e+03
7.331780791361950343e-03	8.403303172186668917e+02	1.786279970318731500e+02	2.029287826106842090e+02	5.946704694393662976e+03
7.487156997267587974e-03	8.297177593796845940e+02	1.781300939597109334e+02	2.026658917978527370e+02	5.813052253227303481e+03
7.645825959196438613e-03	8.192358106212652729e+02	1.776307871710377242e+02	2.024016873835301737e+02	5.682407035000991527e+03
7.807857457731475631e-03	8.088844622560491189e+02	1.771301259277205702e+02	2.021361824677973686e+02	5.554722044329554592e+03
7.973322752256328111e-03	7.986659541287887123e+02	1.766282279935378767e+02	2.018694231878765493e+02	5.429999929816613076e+03
8.142294612294233985e-03	7.885743609174868425e+02	1.761249606773334051e+02	2.016013385130285656e+02	5.308097055751381049e+03
8.314847349511189298e-03	7.786069886178513570e+02	1.756202758762880194e+02	2.013319002923955168e+02	5.188930906625178068e+03
8.491056850397209546e-03	7.687638463169947727e+02	1.751142209461665971e+02	2.010611213117776117e+02	5.072461899302479651e+03
8.671000609640279119e-03	7.590470649339757756e+02	1.746069148906752844e+02	2.007890480406565814e+02	4.958688395594623216e+03
8.854757764207504128e-03	7.494508713124120050e+02	1.740982335880703147e+02	2.005156079078775520e+02	4.847486583308780610e+03
9.042409128148579806e-03	7.399728231485513561e+02	1.735881510381125565e+02	2.002407765909244688e+02	4.738780792645370639e+03
9.234037228136720080e-03	7.306129460394699890e+02	1.730767202728541747e+02	1.999645679077040938e+02	4.632544024953879671e+03
9.429726339762870002e-03	7.213732636344437879e+02	1.725640606448537540e+02	1.996870287917013229e+02	4.528764065145410314e+03
9.629562524599030379e-03	7.122481594501716700e+02	1.720500434517281860e+02	1.994080832399378949e+02	4.427331640145957863e+03
9.833633668047030499e-03	7.032354225721348939e+02	1.715346360690499523e+02	1.991277063460906334e+02	4.328179945725300968e+03
1.004202951798940403e-02	6.943350941062649326e+02	1.710178706267217592e+02	1.988459083194129562e+02	4.231271297657180185e+03
1.025484172425938229e-02	6.855490921104679956e+02	1.704998642745591155e+02	1.985627359264194638e+02	4.136605643515697921e+03
1.047216387894729824e-02	6.768719603915994867e+02	1.699804824825600349e+02	1.982781093665360856e+02	4.044072594547999415e+03
1.069409155756119272e-02	6.683017006521553185e+02	1.694597060212651058e+02	1.979920062023843457e+02	3.953615988795250360e+03
1.092072236105970547e-02	6.598383663621370943e+02	1.689375905347797584e+02	1.977044405324045613e+02	3.865209036571598972e+03
1.115215595877575537e-02	6.514837781870576237e+02	1.684142612250150250e+02	1.974154608678911416e+02	3.778849791768371233e+03
1.138849413224978825e-02	6.432326366697590174e+02	1.678895784517587799e+02	1.971249837477170956e+02	3.694438545255524787e+03
1.162984081999205582e-02	6.350831407633812660e+02	1.673635257082601413e+02	1.968329874495392744e+02	3.611922399655041318e+03
1.187630216319339981e-02	6.270353592408823715e+02	1.668361436830213620e+02	1.965394832230749103e+02	3.531279237045832360e+03
1.212798655240480798e-02	6.190910057035906675e+02	1.663075359473232311e+02	1.962445153157360096e+02	3.452497503777591646e+03
1.238500467520621366e-02	6.112449510977611453e+02	1.657775559486867678e+02	1.959479960587779885e+02	3.375489120187104618e+03
1.264746956488544717e-02	6.034955714990554725e+02	1.652461934212999779e+02	1.956499055721904199e+02	3.300208529267727954e+03
1.291549665014883955e-02	5.958429483870617105e+02	1.647135094776801623e+02	1.953502592014314700e+02	3.226633052461567331e+03
1.318920380588532899e-02	5.882886957593235593e+02	1.641796276377845061e+02	1.950491052790240190e+02	3.154759122176115852e+03
1.346871140500627631e-02	5.808278508334855132e+02	1.636443990379129332e+02	1.947463528974905955e+02	3.084501824164685786e+03
1.375414237138396570e-02	5.734589536269039627e+02	1.631078179384223574e+02	1.944419834439070769e+02	3.015823000532395326e+03
1.404562223391196511e-02	5.661820971821600779e+02	1.625699401031287721e+02	1.941360111055107609e+02	2.948700117737004803e+03
1.434327918171109106e-02	5.589987987861233023e+02	1.620308620427119592e+02	1.938284779806857898e+02	2.883129218639800001e+03
1.464724412050539583e-02	5.519042619942455303e+02	1.614904234362084026e+02	1.935192880786995886e+02	2.819029591675524443e+03
1.495765073019278586e-02	5.448971769878486384e+02	1.609486224255603872e+02	1.932084239579577911e+02	2.756365279808421292e+03
1.527463552363575450e-02	5.379776472797771021e+02	1.604055212042293306e+02	1.928959007531009888e+02	2.695122323615709774e+03
1.559833790669801906e-02	5.311470967950862132e+02	1.598612477190709740e+02	1.925817673103897221e+02	2.635292786211864041e+03
1.592890023955338338e-02	5.244008944240393930e+02	1.593156448175180913e+02	1.922659255838070749e+02	2.576808973530730782e+03
1.626646789929399317e-02	5.177378679234342371e+02	1.587687137878162389e+02	1.919483590320747339e+02	2.519637506309856235e+03
1.661118934386526108e-02	5.111581313266544271e+02	1.582205119623448866e+02	1.916290819118326851e+02	2.463759875487203317e+03
1.696321617735579643e-02	5.046630153028740438e+02	1.576711369060654420e+02	1.913081355941923505e+02	2.409172239914789316e+03
1.732270321667098503e-02	4.982480558872780421e+02	1.571204187754250086e+02	1.909854157994577690e+02	2.355806627783173099e+03
1.768980855961942850e-02	4.919122057540661217e+02	1.565683638615639381e+02	1.906609072915092611e+02	2.303637134678628172e+03
1.806469365444235767e-02	4.856555882825795152e+02	1.560150396416488832e+02	1.903346264648920396e+02	2.252646685807284939e+03
1.844752337081655841e-02	4.794794445270159713e+02	1.554605760431269914e+02	1.900066225802841302e+02	2.202835114196058839e+03
1.883846607236187159e-02	4.733794756242496646e+02	1.549048068958205135e+02	1.896767898831060108e+02	2.154139774803014006e+03
1.923769369068539445e-02	4.673547483817775969e+02	1.543477420176170938e+02	1.893451146015142967e+02	2.106535789075612684e+03
1.964538180099485026e-02	4.614053950716664190e+02	1.537894307651445445e+02	1.890116081009129516e+02	2.060010948878449653e+03
2.006170969931423895e-02	4.555325693576918979e+02	1.532299773984318563e+02	1.886763122181075119e+02	2.014557202823712259e+03
2.048686048133601528e-02	4.497321363011179187e+02	1.526692062866707715e+02	1.883391153794646300e+02	1.970119270128773906e+03
2.092102112294418406e-02	4.440032666189276256e+02	1.521071315122715077e+02	1.880000047285701328e+02	1.926675114683865786e+03
2.136438256244391209e-02	4.383461007810014962e+02	1.515438269263885900e+02	1.876589982178208800e+02	1.884213485204184281e+03
2.181713978453380873e-02	4.327617076439404400e+02	1.509794252744037237e+02	1.873161456150637321e+02	1.842731806257615062e+03
2.227949190605761978e-02	4.272461144625350471e+02	1.504137521089775760e+02	1.869713334876141460e+02	1.802178038009130432e+03
2.275164226357336353e-02	4.217985864216466894e+02	1.498468102816272847e+02	1.866245454084988182e+02	1.762533068278155497e+03
2.323379850277806913e-02	4.164192716665522198e+02	1.492786424854799350e+02	1.862757898183728287e+02	1.723781459984737467e+03
2.372617266982774559e-02	4.111091564398172409e+02	1.487093742092332889e+02	1.859251137005333021e+02	1.685922966601817052e+03
2.422898130459259780e-02	4.058644286139121391e+02	1.481388297386074555e+02	1.855724002255508367e+02	1.648909420799983536e+03
2.474244553588843265e-02	4.006844388401153765e+02	1.475670297085466700e+02	1.852176382551591018e+02	1.612722947744772910e+03
2.526679117872631872e-02	3.955693426869708560e+02	1.469940505709296019e+02	1.848608461685008990e+02	1.577355082094902627e+03
2.580224883362318075e-02	3.905200458288205709e+02	1.464200252084857823e+02	1.845020728905170984e+02	1.542801428169931114e+03
2.634905398801689475e-02	3.855328948353597411e+02	1.458447528179512744e+02	1.841411910501307716e+02	1.509018838614787455e+03
2.690744711983068457e-02	3.806073176772825377e+02	1.452682302475948859e+02	1.837781820707110967e+02	1.475989416158730137e+03
2.747767380323228384e-02	3.757434765220877466e+02	1.446905337579661648e+02	1.834130644546217752e+02	1.443706266979438396e+03
2.805998481663422514e-02	3.709421998486738516e+02	1.441117912044991556e+02	1.830458840102697025e+02	1.412163947238969513e+03
2.865463625298309350e-02	3.661999895673732794e+02	1.435318183722230003e+02	1.826765156939125347e+02	1.381324132162104434e+03
2.926188963238583740e-02	3.615163437890731757e+02	1.429506480633172600e+02	1.823049527249333721e+02	1.351174425434237264e+03
2.988201201712300387e-02	3.568914312766056014e+02	1.423683610306797789e+02	1.819312151590058306e+02	1.321705300364770210e+03
3.051527612909937445e-02	3.523260043152988032e+02	1.417850559601954501e+02	1.815553384617485051e+02	1.292914038787048867e+03
3.116196046978347151e-02	3.478167189852725301e+02	1.412005222945401215e+02	1.811771861849408083e+02	1.264761170625896057e+03
3.182234944268905880e-02	3.433631360889609709e+02	1.406147944625519415e+02	1.807967508145722206e+02	1.237235484986385700e+03
3.249673347845206950e-02	3.389654302183230925e+02	1.400279570507830158e+02	1.804140530900943418e+02	1.210329990406249635e+03
3.318540916255835471e-02	3.346242811030486450e+02	1.394401478584641154e+02	1.800291428784576055e+02	1.184043205449930610e+03
3.388867936577820428e-02	3.303364948785699653e+02	1.388511725915737429e+02	1.796418864897638628e+02	1.158340786084243518e+03
3.460685337736497946e-02	3.261016891108420737e+02	1.382610464951551421e+02	1.792522699028776287e+02	1.133210552675478993e+03
3.534024704107661952e-02	3.219200441423712391e+02	1.376698272556564859e+02	1.788603025448913399e+02	1.108646517307077829e+03
3.608918289407971741e-02	3.177921685886890941e+02	1.370776374562967987e+02	1.784660265896088447e+02	1.084644718522556332e+03
3.685399030879719234e-02	3.137150166098654722e+02	1.364842873904017893e+02	1.780693075486748285e+02	1.061175082236972003e+03
3.763500563776207147e-02	3.096882563398130515e+02	1.358898214121752801e+02	1.776701419340705570e+02	1.038228566668141639e+03
3.843257236154112161e-02	3.057120736401524255e+02	1.352943280678100564e+02	1.772685523276441870e+02	1.015798685311028294e+03
3.924704123979310538e-02	3.017870079993890613e+02	1.346979184942328516e+02	1.768645759731993223e+02	9.938826912783623584e+02
4.007877046552850431e-02	2.979101588559481115e+02	1.341003580319898560e+02	1.764580567171301766e+02	9.724508152448245255e+02
4.092812582263813392e-02	2.940812394019229714e+02	1.335016933360787448e+02	1.760489925804343727e+02	9.514951644422883419e+02
4.179548084676026898e-02	2.903004408486268630e+02	1.329020232255107885e+02	1.756374107365154202e+02	9.310103086995217154e+02
4.268121698955689575e-02	2.865682352867232225e+02	1.323014728183695183e+02	1.752233532194582324e+02	9.109944067210058165e+02
4.358572378647117967e-02	2.828818648598561936e+02	1.316998492839709058e+02	1.748066791003307401e+02	8.914220956280728387e+02
4.450939902804028347e-02	2.792410825805253012e+02	1.310971671396717397e+02	1.743873711571740444e+02	8.722839557530319325e+02
4.545264893483848267e-02	2.756460848711397489e+02	1.304934971155267363e+02	1.739654434151711087e+02	8.535755418524014431e+02
4.641588833612779463e-02	2.720972783887681317e+02	1.298889608535002935e+02	1.735409362972700933e+02	8.352929371260607923e+02
4.739954085229469011e-02	2.685920449335870899e+02	1.292833695658824524e+02	1.731137084027251376e+02	8.174140866934404812e+02
4.840403908115278181e-02	2.651301727199202674e+02	1.286767782910564506e+02	1.726837613248008267e+02	7.999320406727911177e+02
4.942982478819387543e-02	2.617118633373139573e+02	1.280692792429802580e+02	1.722511187083882191e+02	7.828431652387755548e+02
5.047734910087089966e-02	2.583374594333944856e+02	1.274609449192295045e+02	1.718157966659257454e+02	7.661426334585812583e+02
5.154707270699779992e-02	2.550044799498501504e+02	1.268515772672197244e+02	1.713776472331311140e+02	7.498095982347729205e+02
5.263946605735428386e-02	2.517127437995674484e+02	1.262412334007569683e+02	1.709366716350835418e+02	7.338385494456604192e+02
5.375500957258409762e-02	2.484624572757635121e+02	1.256300228421071381e+02	1.704929012419624712e+02	7.182256227094758287e+02
5.489419385447772554e-02	2.452539018363481773e+02	1.250180567816982347e+02	1.700463700245991845e+02	7.029685702107618681e+02
5.605751990173300781e-02	2.420847295259467558e+02	1.244050972650656064e+02	1.695969054603428674e+02	6.880462906560842384e+02
5.724549933028778848e-02	2.389547863201951543e+02	1.237911838856946218e+02	1.691444991595856209e+02	6.734532717659081982e+02
5.845865459832211286e-02	2.358642842168357561e+02	1.231764321498467325e+02	1.686891887501118674e+02	6.591865788221291496e+02
5.969751923602879817e-02	2.328134419076827726e+02	1.225609628647259228e+02	1.682310133013231734e+02	6.452441035792205639e+02
6.096263808025296355e-02	2.298000448067782031e+02	1.219445823553499224e+02	1.677698213801503186e+02	6.316084150163687809e+02
6.225456751410456124e-02	2.268239611890745095e+02	1.213273028918922307e+02	1.673055873813185599e+02	6.182730900732278769e+02
6.357387571164835327e-02	2.238854088568228633e+02	1.207092166690598845e+02	1.668383320510125714e+02	6.052358948787571080e+02
6.492114288777969811e-02	2.209845448202010232e+02	1.200904383922560612e+02	1.663680931479992466e+02	5.924932490382811920e+02
6.629696155339574737e-02	2.181192854316772980e+02	1.194707858640590246e+02	1.658947252446653806e+02	5.800300833696419431e+02
6.770193677597398374e-02	2.152895176667033468e+02	1.188503217056507140e+02	1.654182332372595852e+02	5.678417296614060206e+02
6.913668644567325106e-02	2.124951600590530063e+02	1.182290206745302612e+02	1.649385382262778705e+02	5.559241400038554275e+02
7.060184154707406512e-02	2.097372246849387807e+02	1.176072517797356625e+02	1.644559251062700014e+02	5.442771571026983111e+02
7.209804643667737378e-02	2.070128406277664226e+02	1.169845520068794116e+02	1.639699784003843490e+02	5.328836643265771045e+02
7.362595912628441819e-02	2.043222155608840467e+02	1.163610936843111716e+02	1.634808023797573924e+02	5.217415320207902596e+02
7.518625157238204015e-02	2.016655821191549762e+02	1.157369827886228677e+02	1.629884310884584409e+02	5.108478455211946994e+02
7.677960997166025092e-02	1.990429685777703241e+02	1.151122582830151373e+02	1.624928503099970385e+02	5.001989229363104528e+02
7.840673506279315086e-02	1.964525542040841231e+02	1.144867416481102254e+02	1.619939113089492082e+02	4.897815335589463643e+02
8.006834243461452560e-02	1.938942509788138864e+02	1.138605149157267817e+02	1.614916295631696812e+02	4.795931886950937724e+02
8.176516284082480102e-02	1.913683009215448294e+02	1.132336981999990400e+02	1.609860440246273470e+02	4.696318809464814308e+02
8.349794252136732986e-02	1.888746642700393181e+02	1.126063295794931918e+02	1.604771430859937595e+02	4.598937734817953924e+02
8.526744353061486981e-02	1.864116531493347964e+02	1.119782238130413674e+02	1.599647726941031465e+02	4.503672895730575760e+02
8.707444407251174745e-02	1.839791860214741632e+02	1.113494635218867188e+02	1.594489483385996778e+02	4.410494576667595652e+02
8.891973884281766105e-02	1.815775122579805441e+02	1.107201795895027914e+02	1.589297181952140363e+02	4.319390564594747275e+02
9.080413937860487561e-02	1.792065315375002399e+02	1.100904146686055185e+02	1.584070707597800549e+02	4.230321196865132833e+02
9.272847441516200717e-02	1.768646798237225255e+02	1.094599654695986715e+02	1.578808350841698882e+02	4.143180422937823550e+02
9.469359025046093781e-02	1.745518819090143552e+02	1.088289227708001761e+02	1.573510373530831714e+02	4.057940989654395025e+02
9.670035111734798239e-02	1.722683920150210497e+02	1.081974316871931876e+02	1.568177403499949776e+02	3.974598461326239089e+02
9.874963956362264872e-02	1.700140568045467830e+02	1.075655273540184709e+02	1.562809257620233154e+02	3.893112222678437888e+02
1.008423568401705106e-01	1.677874274194237216e+02	1.069330013911484798e+02	1.557404146630917126e+02	3.813385761696694658e+02
1.029794232973221257e-01	1.655884343611458007e+02	1.062999460250728987e+02	1.551962363383118486e+02	3.735394953895878416e+02
1.051617787896111378e-01	1.634173358480223044e+02	1.056665167142512587e+02	1.546484603898078376e+02	3.659132473644585275e+02
1.073903830891107247e-01	1.612739310356526516e+02	1.050327353919371092e+02	1.540970591248631933e+02	3.584561960492104049e+02
1.096662163075285135e-01	1.591568786305317360e+02	1.043984057415460569e+02	1.535418597911300083e+02	3.511596137703666614e+02
1.119902793272475605e-01	1.570661145141982615e+02	1.037636260273952473e+02	1.529828956540849560e+02	3.440218557788131761e+02
1.143635942415015677e-01	1.550018993521522646e+02	1.031285520346137332e+02	1.524202400397013548e+02	3.370418120008383198e+02
1.167872048038782751e-01	1.529639906581770106e+02	1.024931875503900471e+02	1.518538520554665467e+02	3.302160998413285711e+02
1.192621768873494831e-01	1.509511472939926193e+02	1.018573544797098265e+02	1.512835670468733440e+02	3.235366498289374135e+02
1.217895989530276418e-01	1.489633103044525910e+02	1.012211478792706316e+02	1.507094144293980378e+02	3.170020841717136477e+02
1.243705825288575900e-01	1.470007411815209366e+02	1.005847205013962764e+02	1.501314680351200650e+02	3.106115079003510004e+02
1.270062626984522769e-01	1.450631613908965107e+02	9.994806087970287933e+01	1.495496812802271336e+02	3.043614223481206977e+02
1.296977986002878502e-01	1.431494229563252816e+02	9.931102455238317361e+01	1.489639180733724970e+02	2.982452907529915933e+02
1.324463739374786009e-01	1.412594716575588336e+02	9.867371642120853892e+01	1.483742232925147277e+02	2.922614439933648782e+02
1.352531974983535168e-01	1.393935689645314824e+02	9.803625928364256481e+01	1.477806404889611258e+02	2.864088018495639290e+02
1.381195036880665805e-01	1.375514048308270674e+02	9.739864615681656801e+01	1.471831236586012892e+02	2.806840944933192077e+02
1.410465530714722360e-01	1.357319180900654487e+02	9.676075980561805068e+01	1.465815611935169045e+02	2.750818992205751670e+02
1.440356329275057634e-01	1.339350590113199360e+02	9.612268245693252311e+01	1.459759733183905723e+02	2.696003795637403755e+02
1.470880578153118678e-01	1.321610878703504284e+02	9.548451593001900051e+01	1.453663874234395053e+02	2.642387402643238374e+02
1.502051701523716420e-01	1.304096676650981124e+02	9.484628830410831313e+01	1.447527941437245147e+02	2.589937217640940048e+02
1.533883408048797858e-01	1.286798179671386322e+02	9.420788894260356017e+01	1.441350857992310921e+02	2.538607158316755203e+02
1.566389696906345663e-01	1.269714932235126668e+02	9.356936403327546259e+01	1.435132603816938683e+02	2.488374374669062661e+02
1.599584863947036695e-01	1.252849517055082771e+02	9.293086362776740827e+01	1.428873945771651677e+02	2.439236649096473570e+02
1.633483507981373095e-01	1.236198333832576850e+02	9.229241428507779688e+01	1.422574732781801856e+02	2.391167057804997853e+02
1.668100537200059019e-01	1.219752329733069303e+02	9.165386061456908351e+01	1.416233419115820880e+02	2.344117120234707556e+02
1.703451175730422984e-01	1.203511089114985992e+02	9.101526364322823781e+01	1.409850124088367238e+02	2.298067697190634533e+02
1.739550970331800450e-01	1.187477164142156028e+02	9.037680721047563281e+01	1.403426013389291711e+02	2.253020140839761041e+02
1.776415797232799298e-01	1.171646763587519899e+02	8.973849060605988370e+01	1.396960739258168758e+02	2.208946882890926986e+02
1.814061869113461622e-01	1.156011532524801595e+02	8.910015610300607136e+01	1.390452732931234436e+02	2.165801641384580307e+02
1.852505742235391883e-01	1.140571092783198992e+02	8.846190526560917533e+01	1.383902514323328603e+02	2.123573660237131264e+02
1.891764323722997243e-01	1.125327958640536821e+02	8.782390645786549044e+01	1.377311074729467748e+02	2.082260962818861856e+02
1.931854878999012814e-01	1.110278181790240666e+02	8.718609667223960003e+01	1.370677458647944320e+02	2.041832311551776229e+02
1.972795039377621684e-01	1.095414055843651795e+02	8.654839818218268022e+01	1.364000984220293162e+02	2.002253998041855994e+02
2.014602809818480389e-01	1.080735237018628681e+02	8.591090034034844791e+01	1.357282126585652691e+02	1.963515096965455200e+02
2.057296576845067948e-01	1.066244198047631926e+02	8.527373314711476837e+01	1.350521552417274620e+02	1.925607127404272774e+02
2.100895116630852322e-01	1.051936861415916269e+02	8.463690429048190822e+01	1.343719062556976098e+02	1.888510282361134784e+02
2.145417603256798977e-01	1.037806124219976027e+02	8.400027696603547156e+01	1.336873162240550528e+02	1.852188545518532692e+02
2.190883617143895290e-01	1.023851675725069867e+02	8.336392616538091715e+01	1.329984231559278385e+02	1.816631209736542303e+02
2.237313153664367560e-01	1.010075938930986439e+02	8.272804926475269838e+01	1.323053767701437096e+02	1.781835884796918776e+02
2.284726631935388719e-01	9.964747377093529224e+01	8.209261288197136253e+01	1.316081342610703757e+02	1.747779846296548101e+02
2.333144903799153069e-01	9.830415287578334471e+01	8.145749125114728884e+01	1.309065631791477813e+02	1.714429813656627744e+02
2.382589262993237145e-01	9.697760320692464120e+01	8.082279428126207677e+01	1.302007268850218509e+02	1.681781435135757192e+02
2.433081454515323150e-01	9.566806168525182841e+01	8.018865186439298043e+01	1.294906960607917767e+02	1.649826066120428720e+02
2.484643684186368384e-01	9.437510329390053698e+01	7.955505729335155252e+01	1.287764663784388972e+02	1.618545495194558725e+02
2.537298628416438939e-01	9.309812567102706282e+01	7.892192111934892296e+01	1.280579525031772903e+02	1.587912126420766583e+02
2.591069444177515613e-01	9.183710370419262858e+01	7.828930077995633496e+01	1.273351748909137910e+02	1.557916050462947339e+02
2.645979779187619951e-01	9.059226849677909854e+01	7.765739528960891391e+01	1.266082917125370528e+02	1.528556308133842947e+02
2.702053782310787078e-01	8.936318995059728820e+01	7.702614281753076853e+01	1.258772275286505078e+02	1.499811531578716597e+02
2.759316114177428059e-01	8.814931390265235223e+01	7.639545374542993272e+01	1.251418921639652666e+02	1.471656642708450136e+02
2.817791958029755572e-01	8.695061790320603734e+01	7.576544096980542520e+01	1.244023847576534934e+02	1.444086601200145878e+02
2.877507030797054055e-01	8.576732704347564606e+01	7.513623690274381772e+01	1.236587898364906550e+02	1.417095199272299624e+02
2.938487594405665426e-01	8.459900805685104785e+01	7.450783192206355920e+01	1.229111125656194332e+02	1.390666916161903259e+02
3.000760467328633108e-01	8.344515153110737060e+01	7.388012237212274158e+01	1.221592443653433975e+02	1.364777685313818267e+02
3.064353036380134121e-01	8.230573757043929106e+01	7.325319305740116249e+01	1.214032422449443231e+02	1.339420783331430869e+02
3.129293268759847368e-01	8.118098476819019993e+01	7.262724349974712368e+01	1.206432935957034260e+02	1.314595562096501169e+02
3.195609724352570513e-01	8.007045875274839375e+01	7.200218835002715423e+01	1.198793078080777690e+02	1.290281915418478320e+02
3.263331568288500573e-01	7.897369152604001385e+01	7.137798566307557735e+01	1.191112662196915437e+02	1.266462839990322635e+02
3.332488583769670498e-01	7.789066553991995079e+01	7.075468792341054325e+01	1.183391919271842596e+02	1.243128481383348145e+02
3.403111185168231634e-01	7.682159278349175224e+01	7.013250662503499200e+01	1.175632900250201232e+02	1.220280536354317462e+02
3.475230431402304698e-01	7.576603932870335711e+01	6.951136598506153064e+01	1.167834917665655041e+02	1.197900450819637399e+02
3.548878039595292910e-01	7.472357557569873165e+01	6.889119760557835548e+01	1.159997408317025105e+02	1.175971568158555129e+02
3.624086399024666338e-01	7.369418619519885283e+01	6.827208972787164498e+01	1.152121279222409811e+02	1.154486142291240895e+02
3.700888585366366446e-01	7.267807633532591183e+01	6.765424038502702331e+01	1.144208484895736433e+02	1.133445551332369376e+02
3.779318375241043637e-01	7.167481405534589101e+01	6.703757097965768708e+01	1.136258269703587871e+02	1.112832459888250440e+02
3.859410261068597081e-01	7.068400530184149488e+01	6.642199984830097037e+01	1.128269967535820086e+02	1.092630579857901836e+02
3.941199466237500504e-01	6.970563677663099611e+01	6.580766467354635552e+01	1.120245355535288070e+02	1.072835611096748636e+02
4.024721960595590287e-01	6.873990672717440020e+01	6.519471996794035817e+01	1.112185751911506628e+02	1.053446808218748743e+02
4.110014476269163164e-01	6.778638647166954456e+01	6.458308953517010309e+01	1.104090548686376394e+02	1.034447883441170433e+02
4.197114523817274123e-01	6.684471485347874875e+01	6.397272279199366807e+01	1.095959683199466497e+02	1.015825535043584580e+02
4.286060408728412652e-01	6.591488051722679131e+01	6.336373706132874872e+01	1.087794564821323320e+02	9.975757607687511097e+01
4.376891248266767120e-01	6.499707462349168452e+01	6.275627693304637944e+01	1.079596444496576737e+02	9.796959944060422742e+01
4.469646988675492483e-01	6.409087300775171059e+01	6.215029912162088266e+01	1.071365590807052257e+02	9.621738524835163275e+01
4.564368422744575216e-01	6.319594492322286072e+01	6.154573191808543697e+01	1.063101401860364490e+02	9.449953052464196901e+01
4.661097207750954374e-01	6.231228080897032129e+01	6.094268246896017871e+01	1.054805144111843731e+02	9.281575159471280756e+01
4.759875883778879602e-01	6.144006467518551062e+01	6.034134027459289484e+01	1.046479221351016946e+02	9.116587788241402279e+01
4.860747892428489703e-01	6.057887794430971695e+01	5.974161954260151930e+01	1.038123135496880849e+02	8.954864532688110046e+01
4.963757595920870180e-01	5.972841795447791924e+01	5.914346026147632074e+01	1.029736370079570378e+02	8.796285962764592625e+01
5.068950296608012440e-01	5.888867683117351959e+01	5.854698056981349907e+01	1.021320744574089900e+02	8.640821215727763160e+01
5.176372256896176749e-01	5.805983138893342499e+01	5.795236687907242867e+01	1.012878615990576066e+02	8.488462263728629864e+01
5.286070719591531297e-01	5.724146957246699685e+01	5.735952294061827672e+01	1.004409299252386631e+02	8.339085652963747464e+01
5.398093928676924724e-01	5.643331465349121601e+01	5.676841071399609007e+01	9.959128953199758882e+01	8.192592611258061197e+01
5.512491150528981976e-01	5.563536032059982261e+01	5.617912587536068969e+01	9.873908169259519241e+01	8.048937224166395765e+01
5.629312695584811621e-01	5.484777619289585715e+01	5.559187536214442815e+01	9.788458909770845651e+01	7.908134468449669896e+01
5.748609940467923618e-01	5.407015755756759035e+01	5.500654570807672172e+01	9.702773767568939434e+01	7.770051916332047881e+01
5.870435350582976497e-01	5.330225160474655866e+01	5.442310902209681700e+01	9.616854169681606379e+01	7.634608206049844625e+01
5.994842503189414806e-01	5.254405347889625233e+01	5.384165851654748280e+01	9.530715569804102927e+01	7.501766755094239159e+01
6.121886110964055439e-01	5.179572562969580929e+01	5.326242078699028326e+01	9.444392522551298441e+01	7.371534373331270729e+01
6.251622046063020077e-01	5.105687140044060612e+01	5.268524738042592759e+01	9.357869613551379473e+01	7.243793841906945374e+01
6.384107364693620834e-01	5.032726001999535015e+01	5.211013810513706801e+01	9.271156247145269447e+01	7.118465557436365998e+01
6.519400332206916060e-01	4.960688796966424263e+01	5.153718403115607316e+01	9.184266926281483734e+01	6.995524182145457814e+01
6.657560448722088520e-01	4.889591063250909286e+01	5.096658397595276568e+01	9.097232643389682494e+01	6.874967580067978190e+01
6.798648475293831428e-01	4.819393996913729694e+01	5.039822528183181305e+01	9.010047089185350444e+01	6.756689605689676625e+01
6.942726460634290886e-01	4.750076552653801087e+01	4.983208587226787500e+01	8.922713739932223120e+01	6.640626465336001161e+01
7.089857768401280902e-01	4.681638503115005534e+01	4.926826581518547243e+01	8.835252107494054030e+01	6.526742688673348880e+01
7.240107105064845783e-01	4.614094681672996501e+01	4.870697262114969561e+01	8.747694806181804950e+01	6.415048986458012337e+01
7.393540548364295750e-01	4.547407205479263581e+01	4.814807396851239929e+01	8.660033217931817262e+01	6.305443366444495723e+01
7.550225576368376768e-01	4.481556895257745055e+01	4.759155263190645258e+01	8.572272025192759770e+01	6.197857866834618079e+01
7.710231097151263313e-01	4.416543637970498537e+01	4.703752390904587344e+01	8.484434435275596798e+01	6.092280054546520063e+01
7.873627479097432547e-01	4.352381575113321333e+01	4.648617632062736504e+01	8.396551897922681462e+01	5.988703189176380448e+01
8.040486581848822478e-01	4.289033786045171581e+01	4.593738492901555048e+01	8.308617008588279873e+01	5.887037327251174901e+01
8.210881787907730045e-01	4.226482806993568886e+01	4.539113348688615446e+01	8.220635135996096210e+01	5.787228713035449346e+01
8.384888034909533383e-01	4.164728634051648015e+01	4.484753029655747980e+01	8.132629535091533057e+01	5.689253634025642015e+01
8.562581848579297050e-01	4.103784715464912125e+01	4.430677678227254290e+01	8.044635927183927038e+01	5.593116060189458238e+01
8.744041376386801900e-01	4.043615143344322860e+01	4.376872791692304077e+01	7.956642874893212536e+01	5.498730499047990605e+01
8.929346421914835519e-01	3.984204023608494794e+01	4.323338595912748872e+01	7.868660372337905073e+01	5.406047097686934677e+01
9.118578479955742333e-01	3.925551433792561795e+01	4.270084493003586346e+01	7.780709292003719213e+01	5.315043463749588426e+01
9.311820772351820930e-01	3.867670197016229849e+01	4.217131912482679468e+01	7.692830188654738777e+01	5.225731127174186241e+01
9.509158284595223831e-01	3.810525394870862215e+01	4.164464420957111912e+01	7.605007471980330536e+01	5.138019804271780089e+01
9.710677803203476843e-01	3.754102588292703047e+01	4.112083295507736835e+01	7.517254105422472321e+01	5.051870323227054627e+01
9.916467953887124764e-01	3.698401955831647570e+01	4.059997587600167179e+01	7.429590953673759657e+01	4.967263384356676426e+01
1.012661924052612461e+00	3.643435627826892897e+01	4.008228639982150554e+01	7.342059912106662978e+01	4.884206836768116489e+01
1.034122408497234025e+00	3.589169782388862728e+01	3.956759775857049988e+01	7.254645481226990000e+01	4.802619124437911324e+01
1.056037686769547568e+00	3.535591284907533804e+01	3.905591915765928235e+01	7.167359382404654866e+01	4.722466439418189310e+01
1.078417396929040706e+00	3.482700393572773834e+01	3.854735006711226220e+01	7.080226261714024361e+01	4.643728729794869281e+01
1.101271381286411888e+00	3.430508600443420164e+01	3.804208496263017025e+01	6.993284087290605555e+01	4.566414170915313520e+01
1.124609690732098155e+00	3.378983161977391347e+01	3.753996886185258575e+01	6.906521474763694357e+01	4.490449090866879089e+01
1.148442589156521310e+00	3.328112145489827611e+01	3.704100462620748857e+01	6.819948024545209364e+01	4.415800417423434965e+01
1.172780557964020254e+00	3.277895880475756485e+01	3.654530026706328272e+01	6.733591865598053516e+01	4.342452102440120143e+01
1.197634300682437924e+00	3.228345238264381578e+01	3.605303171507600979e+01	6.647487548753011311e+01	4.270411679626071333e+01
1.223014747670394531e+00	3.179428569013532169e+01	3.556404687051132640e+01	6.561624418632175093e+01	4.199610498446626394e+01
1.248933060924324545e+00	3.131135033738386753e+01	3.507835671529839772e+01	6.476014474321445391e+01	4.130019183817483253e+01
1.275400638987373769e+00	3.083465022878325712e+01	3.459605057779350545e+01	6.390680983707508744e+01	4.061623242301168801e+01
1.302429121962336289e+00	3.036428813612162614e+01	3.411731317295627974e+01	6.305663631988759477e+01	3.994429164203038596e+01
1.330030396630823342e+00	2.989995852835445334e+01	3.364198806754808402e+01	6.220949152220320144e+01	3.928375458065460890e+01
1.358216601680917401e+00	2.944156297144429857e+01	3.317007503575197092e+01	6.136547492755875055e+01	3.863430736664486176e+01
1.387000133045610317e+00	2.898910595835137727e+01	3.270167954015506240e+01	6.052486493256082412e+01	3.799589132717343176e+01
1.416393649354382722e+00	2.854268434079522265e+01	3.223696671689770454e+01	5.968802031662745122e+01	3.736852082557938104e+01
1.446410077500298819e+00	2.810200380387700747e+01	3.177578135096366907e+01	5.885481049876845816e+01	3.675162881450147268e+01
1.477062618325094778e+00	2.766697486245757176e+01	3.131812933594654424e+01	5.802534694096968337e+01	3.614496516555509231e+01
1.508364752424737887e+00	2.723760246465509383e+01	3.086410057436170717e+01	5.719987574576364153e+01	3.554842932155942492e+01
1.540330246078020826e+00	2.681397793259253604e+01	3.041386826718323633e+01	5.637878769437370607e+01	3.496209123088033977e+01
1.572973157300799230e+00	2.639581802140571654e+01	2.996726219830271631e+01	5.556190672544021680e+01	3.438538594447353347e+01
1.606307842028519950e+00	2.598304136757643690e+01	2.952429079660713640e+01	5.474935260606126519e+01	3.381808643842566653e+01
1.640348960429783842e+00	2.557565332338495523e+01	2.908504992252520083e+01	5.394138684101701386e+01	3.326015212048459091e+01
1.675111483353698638e+00	2.517373982949589362e+01	2.864969424284307209e+01	5.313836486425152827e+01	3.271159367554307806e+01
1.710610698913865635e+00	2.477702879161621397e+01	2.821805303274554078e+01	5.234010337133740620e+01	3.217190746831129644e+01
1.746862219211904321e+00	2.438544610791263523e+01	2.779014698809642425e+01	5.154674739882724310e+01	3.164092392507673779e+01
1.783881987203444153e+00	2.399899742225663601e+01	2.736604512849328685e+01	5.075849614855294334e+01	3.111854010830926143e+01
1.821686283709640364e+00	2.361776363381588340e+01	2.694591300307934389e+01	4.997574109154723487e+01	3.060481714864802782e+01
1.860291734577268707e+00	2.324148367281009797e+01	2.652957616832128451e+01	4.919827921925163139e+01	3.009929610509001918e+01
1.899715317990559260e+00	2.287008994935719031e+01	2.611704042446189789e+01	4.842621232659988806e+01	2.960178411015850131e+01
1.939974371937992492e+00	2.250358833677674397e+01	2.570838767991156004e+01	4.765977992961431653e+01	2.911222413904070905e+01
1.981086601837313665e+00	2.214205488239097619e+01	2.530376322212404716e+01	4.689932026085099892e+01	2.863065703181840504e+01
2.023070088322156401e+00	2.178523955576394044e+01	2.490299853917683137e+01	4.614464289122203411e+01	2.815666451493225608e+01
2.065943295193674256e+00	2.143308051504029166e+01	2.450609440089076330e+01	4.539582815255256776e+01	2.769007695245863943e+01
2.109725077540682392e+00	2.108558377328987277e+01	2.411312369350221374e+01	4.465309281716588430e+01	2.723083312768319431e+01
2.154434690031884259e+00	2.074282081555259794e+01	2.372423612753259903e+01	4.391679665810655564e+01	2.677899476831512260e+01
2.200091795383838367e+00	2.040455255595817263e+01	2.333924967509156545e+01	4.318669596213934625e+01	2.633414685513133335e+01
2.246716473008353532e+00	2.007072225274799493e+01	2.295816309383242881e+01	4.246286437143616865e+01	2.589614113116944694e+01
2.294329227843169949e+00	1.974133580726872594e+01	2.258105550999185951e+01	4.174553518668093943e+01	2.546495030639819390e+01
2.342950999369765697e+00	1.941646063500189356e+01	2.220805630285820698e+01	4.103501584952897474e+01	2.504061143959037139e+01
2.392603170822269476e+00	1.909586838940240838e+01	2.183898437177600016e+01	4.033105447326092019e+01	2.462274353064661625e+01
2.443307578591545681e+00	1.877950673087320155e+01	2.147384636263184987e+01	3.963374253933147884e+01	2.421122242021933957e+01
2.495086521828544068e+00	1.846738150743586715e+01	2.111270265641744714e+01	3.894325830338891592e+01	2.380600454243913688e+01
2.547962772251191943e+00	1.815955622134676162e+01	2.075567742925661463e+01	3.825990159390444489e+01	2.340713524531217615e+01
2.601959584159102334e+00	1.785581319937779199e+01	2.040259703769115518e+01	3.758342766426981285e+01	2.301427898427139596e+01
2.657100704660517732e+00	1.755610386757855323e+01	2.005345964399302261e+01	3.691389684579258557e+01	2.262731775209460139e+01
2.713410384115983121e+00	1.726043393161870654e+01	1.970831422890483253e+01	3.625145331924733227e+01	2.224620263079704685e+01
2.770913386803353973e+00	1.696886328110876363e+01	1.936728685936091665e+01	3.559641275278416117e+01	2.187098307111943996e+01
2.829635001808795014e+00	1.668118481052657387e+01	1.903019581246059388e+01	3.494848365096133591e+01	2.150134443991219513e+01
2.889601054148607684e+00	1.639735310593922790e+01	1.869704036286596605e+01	3.430773161627259071e+01	2.113718398972348567e+01
2.950837916126738403e+00	1.611737358220178606e+01	1.836786516089753007e+01	3.367428717305281793e+01	2.077846553515636785e+01
3.013372518932980082e+00	1.584130289859343321e+01	1.804278291970940273e+01	3.304842143106034058e+01	2.042523534068664404e+01
3.077232364486974792e+00	1.556894437272940657e+01	1.772161687688395304e+01	3.242985619449404311e+01	2.007719367327475268e+01
3.142445537533192557e+00	1.530025514505133444e+01	1.740435357185690890e+01	3.181860554563849419e+01	1.973424815049762771e+01
3.209040717992251324e+00	1.503524027005201447e+01	1.709104400104394372e+01	3.121482024508254938e+01	1.939637908509707387e+01
3.277047193573979555e+00	1.477395345884783318e+01	1.678179036223210474e+01	3.061874406982700592e+01	1.906363138501386700e+01
3.346494872657771680e+00	1.451620837619619309e+01	1.647641129649959169e+01	3.003006764748191060e+01	1.873571747130703713e+01
3.417414297445926952e+00	1.426196412533756508e+01	1.617489628202792318e+01	2.944881307409024629e+01	1.841255824189999402e+01
3.489836657395697816e+00	1.401122527424626973e+01	1.587728657895798356e+01	2.887509839447618276e+01	1.809413887555468392e+01
3.563793802936028321e+00	1.376404291959071635e+01	1.558367328679332786e+01	2.830913857841564507e+01	1.778049531383975790e+01
3.639318259474964901e+00	1.352024100474447721e+01	1.529387987872824439e+01	2.775062393882073053e+01	1.747136877693147028e+01
3.716443241703908829e+00	1.327977999550829225e+01	1.500789705425975562e+01	2.719957394319946076e+01	1.716669321064135545e+01
3.795202668205029717e+00	1.304266387025433538e+01	1.472575509233572610e+01	2.665607458500607763e+01	1.686645334054549750e+01
3.875631176368202979e+00	1.280894139919690389e+01	1.444753611667983151e+01	2.612031495230752753e+01	1.657068572492693548e+01
3.957764137624104617e+00	1.257844679926783904e+01	1.417307235557372458e+01	2.559199519629846975e+01	1.627915424162321756e+01
4.041637673000112230e+00	1.235114129625617885e+01	1.390234464724089136e+01	2.507110442766717284e+01	1.599179242988583027e+01
4.127288669005872102e+00	1.212702814155969655e+01	1.363537969140622685e+01	2.455772178803178463e+01	1.570858269939714980e+01
4.214754793855508552e+00	1.190615405431245577e+01	1.337225151650669197e+01	2.405200760265912763e+01	1.542956458562443167e+01
4.304074514033643162e+00	1.168836360412696784e+01	1.311279749162848240e+01	2.355366221978756514e+01	1.515452646396578196e+01
4.395287111212434539e+00	1.147361813347417225e+01	1.285699672286811612e+01	2.306267199427783865e+01	1.488340676801009010e+01
4.488432699527177050e+00	1.126192007529390438e+01	1.260486316373292226e+01	2.257907235514058897e+01	1.461618778280597652e+01
4.583552243217979161e+00	1.105331421854490692e+01	1.235646796860060803e+01	2.210301630677104967e+01	1.435291527817557444e+01
4.680687574645305382e+00	1.084765576598326398e+01	1.211166279033378501e+01	2.163423733787272951e+01	1.409339594523948236e+01
4.779881412687339015e+00	1.064490546460178422e+01	1.187040701110427854e+01	2.117265898328778562e+01	1.383755961950067359e+01
4.881177381527165515e+00	1.044506481308980206e+01	1.163271349362165274e+01	2.071831302733777491e+01	1.358539545943348337e+01
4.984620029838152888e+00	1.024817677216254985e+01	1.139865664082440944e+01	2.027136492366443932e+01	1.333695757161153139e+01
5.090254850375883322e+00	1.005410756038708264e+01	1.116808354359466371e+01	1.983151972380661121e+01	1.309205923021943541e+01
5.198128299985286915e+00	9.862816567615160679e+00	1.094094901340864467e+01	1.939868547474133109e+01	1.285063555057775808e+01
5.308287820031761584e+00	9.674304271388731280e+00	1.071727010647347633e+01	1.897290790177181918e+01	1.261268343728306895e+01
5.420781857265304815e+00	9.488611714927399632e+00	1.049710656177605728e+01	1.855430981781613653e+01	1.237824988174287277e+01
5.535659885126738011e+00	9.305616807471153606e+00	1.028031401354931340e+01	1.814260603974832264e+01	1.214716878139311795e+01
5.652972425505520704e+00	9.125276691496575054e+00	1.006684952264517996e+01	1.773771528405734443e+01	1.191938039738719368e+01
5.772771070958623518e+00	8.947590783977883433e+00	9.856721390863206977e+00	1.733965609794611851e+01	1.169488187142411029e+01
5.895108507400270703e+00	8.772597910906320351e+00	9.649978476532339755e+00	1.694852083332236603e+01	1.147371124872394077e+01
6.020038537272556667e+00	8.600188660076460323e+00	9.446491910533040937e+00	1.656405501166305072e+01	1.125572294682924657e+01
6.147616103207036886e+00	8.430316920290872318e+00	9.246213015224892473e+00	1.618616272291528801e+01	1.104086131959544481e+01
6.277897312187818990e+00	8.262980973357237247e+00	9.049141319623291935e+00	1.581483892727690943e+01	1.082911892482238692e+01
6.410939460226692255e+00	8.098216976862650185e+00	8.855321361174789629e+00	1.545016653214203828e+01	1.062053210764380573e+01
6.546801057561175696e+00	7.935929523895543625e+00	8.664643333192076469e+00	1.509192856187440057e+01	1.041498271406480214e+01
6.685541854386596761e+00	7.776068085528546447e+00	8.477044189051028411e+00	1.473999206885580371e+01	1.021240454144843390e+01
6.827222867133428963e+00	7.618629783231284591e+00	8.292519001677678858e+00	1.439433953432257951e+01	1.001279106390086859e+01
6.971906405301561804e+00	7.463647285662831088e+00	8.111110687223826332e+00	1.405505260945431445e+01	9.816182165674035787e+00
7.119656098863218929e+00	7.311041086089293373e+00	7.932724506239748230e+00	1.372194011932082880e+01	9.622480351475758198e+00
7.270536926246596643e+00	7.160754802620835413e+00	7.757286445504405492e+00	1.339484503125921933e+01	9.431608658978868576e+00
7.424615242912579127e+00	7.012784452988918282e+00	7.584790094415573058e+00	1.307374744763409424e+01	9.243560351156141053e+00
7.581958810536977289e+00	6.867158053610712187e+00	7.415271338826699754e+00	1.275871184124389757e+01	9.058375476888844702e+00
7.742636826811277295e+00	6.723814422409799541e+00	7.248652149768393116e+00	1.244957522677379202e+01	8.875975481163923320e+00
7.906719955874896399e+00	6.582689719823333618e+00	7.084849383516758081e+00	1.214616363450009295e+01	8.696276031718980448e+00
8.074280359392364659e+00	6.443778862517925532e+00	6.923856484023497515e+00	1.184845706821832323e+01	8.519275097041379752e+00
8.245391728289099831e+00	6.307103487680105758e+00	6.765698043272493578e+00	1.155649397086625108e+01	8.345004906747945483e+00
8.420129315159766037e+00	6.172624159001635746e+00	6.610319201149437163e+00	1.127015471645519362e+01	8.173412873522218902e+00
8.598569967363353328e+00	6.040267509164350734e+00	6.457629178454997287e+00	1.098925530885766477e+01	8.004408674559241987e+00
8.780792160819700598e+00	5.910027361404150525e+00	6.307618482801870208e+00	1.071376800900620552e+01	7.837988873812418156e+00
8.966876034522190508e+00	5.781916965335078373e+00	6.160294681100156211e+00	1.044369252268050374e+01	7.674168489658347525e+00
9.156903425781846906e+00	5.655922657968894818e+00	6.015635596999413970e+00	1.017897413639668613e+01	7.512930832711063545e+00
9.350957906218383187e+00	5.531959181109578516e+00	5.873538134849733083e+00	9.919408012125236596e+00	7.354173378698841468e+00
9.549124818513869073e+00	5.410019318057257109e+00	5.733989142063077082e+00	9.664958052911428510e+00	7.197890931147274074e+00
9.751491313945386707e+00	5.290107535974741815e+00	5.596984879880444907e+00	9.415600438440216990e+00	7.044090308615137630e+00
9.958146390713055851e+00	5.172234213798160951e+00	5.462532890962967791e+00	9.171338127847871391e+00	6.892787380013819742e+00
1.016918093308028581e+01	5.056306251278542163e+00	5.330519254817536634e+00	8.931945418051649099e+00	6.743868472654471979e+00
1.038468775134352740e+01	4.942313164063251385e+00	5.200924775603977146e+00	8.697373460624421071e+00	6.597320951385466259e+00
1.060476162264905220e+01	4.830254345945009575e+00	5.073741103323108348e+00	8.467592659688897072e+00	6.453145884414862365e+00
1.082949933267470577e+01	4.720149238133579672e+00	4.948986933032733404e+00	8.242627835397266622e+00	6.311372260309149773e+00
1.105899971819510696e+01	4.611914926279348848e+00	4.826560059252360979e+00	8.022274964800693908e+00	6.171900685180790269e+00
1.129336371054865928e+01	4.505530573846525222e+00	4.706428479976133339e+00	7.806460213908465562e+00	6.034707433720669201e+00
1.153269438002595848e+01	4.400992072045315062e+00	4.588580630361409618e+00	7.595149584423420031e+00	5.899788587634120951e+00
1.177709698119876869e+01	4.298318425750354166e+00	4.473033969400179721e+00	7.388365304753392593e+00	5.767172069995499584e+00
1.202667899920963279e+01	4.197450268445539479e+00	4.359713627765284372e+00	7.185956791341133076e+00	5.636784381069837480e+00
1.228155019704247053e+01	4.098350653250879994e+00	4.248569659375015739e+00	6.987818332868866555e+00	5.508581774246128049e+00
1.254182266379493349e+01	4.001012940126786432e+00	4.139589013619923819e+00	6.793913793099076948e+00	5.382561335929628932e+00
1.280761086397376225e+01	3.905446897920341165e+00	4.032777976178006263e+00	6.604243582255867828e+00	5.258740928115734015e+00
1.307903168783481007e+01	3.811630338497671744e+00	3.928103431052178962e+00	6.418733933899047450e+00	5.137091432079047060e+00
1.335620450278989146e+01	3.719504057278227194e+00	3.825490566373490608e+00	6.237235178687164705e+00	5.017539228746832336e+00
1.363925120590300821e+01	3.629059600824540155e+00	3.724925918399632163e+00	6.059713700615264820e+00	4.900078441095465642e+00
1.392829627749924271e+01	3.540294798305466450e+00	3.626400718685861779e+00	5.886141081453182267e+00	4.784709587092028649e+00
1.422346683590943783e+01	3.453220328308946208e+00	3.529921999563803592e+00	5.716519595162869116e+00	4.671450141580667292e+00
1.452489269337533528e+01	3.367767214564782563e+00	3.435404370407812991e+00	5.550680961947327852e+00	4.560214699872968680e+00
1.483270641313931115e+01	3.283919136899053903e+00	3.342824877334959588e+00	5.388574129015384351e+00	4.450985366941913490e+00
1.514704336774399174e+01	3.201669210389185949e+00	3.252170200061041960e+00	5.230164439311796976e+00	4.343754820991710730e+00
1.546804179856737527e+01	3.121026703669630642e+00	3.163444852346247949e+00	5.075449054164774765e+00	4.238536717830021061e+00
1.579584287661962527e+01	3.041956350622130767e+00	3.076603447649783885e+00	4.924334207685825859e+00	4.135290308064690556e+00
1.613059076462826624e+01	2.964417109785428384e+00	2.991594805300220372e+00	4.776717115205612707e+00	4.033967563323419547e+00
1.647243268043913034e+01	2.888399563579834517e+00	2.908404178845661825e+00	4.632562669734793914e+00	3.934558163423578669e+00
1.682151896176083383e+01	2.813898756231050680e+00	2.827021045744048777e+00	4.491842678170426595e+00	3.837056186436536009e+00
1.717800313228151410e+01	2.740921786481352651e+00	2.747448032362499681e+00	4.354551512780684419e+00	3.741472393271762176e+00
1.754204196918641045e+01	2.669411864919279065e+00	2.669615611559204904e+00	4.220552758008715877e+00	3.647737279981933867e+00
1.791379557210657580e+01	2.599350637895455396e+00	2.593500144212351977e+00	4.089795659783622028e+00	3.555832600202254667e+00
1.829342743352862044e+01	2.530728640009119790e+00	2.519086476981672096e+00	3.962244305714302861e+00	3.465746173523424734e+00
1.868110451069663469e+01	2.463542674029469026e+00	2.446366185266521942e+00	3.837874448192210686e+00	3.377474024225583626e+00
1.907699729903783492e+01	2.397788778823704892e+00	2.375330531541663071e+00	3.716661613235851203e+00	3.291013377172667287e+00
1.948127990714428748e+01	2.333413671370368370e+00	2.305915760386069824e+00	3.598482639221798340e+00	3.206299067023099525e+00
1.989413013334363711e+01	2.270405480981942947e+00	2.238105375752834192e+00	3.483299780933544199e+00	3.123319456641719505e+00
2.031572954389253738e+01	2.208754045184589732e+00	2.171883785754666896e+00	3.371076490576099705e+00	3.042062551146524019e+00
2.074626355282718393e+01	2.148449335906828850e+00	2.107235817783575715e+00	3.261778085125999205e+00	2.962515149057074471e+00
2.118592150350598402e+01	2.089500579921157897e+00	2.044166020157114794e+00	3.155401294041859206e+00	2.884690484090941531e+00
2.163489675188052530e+01	2.031843900887051468e+00	1.982601024991283767e+00	3.051810042566272863e+00	2.808508076691672795e+00
2.209338675153079734e+01	1.975472648162164280e+00	1.922530147081586760e+00	2.950977078463445480e+00	2.733962550319826601e+00
2.256159314050291798e+01	1.920375349054948666e+00	1.863938033784058534e+00	2.852868070791808819e+00	2.661041872074310977e+00
2.303972182998693796e+01	1.866543148810844599e+00	1.806810403913186924e+00	2.757449082575265109e+00	2.589734240294101930e+00
2.352798309487394945e+01	1.813974134661718196e+00	1.751140989694320416e+00	2.664700761297769560e+00	2.520037495082444678e+00
2.402659166623228870e+01	1.762626985507353083e+00	1.696880359381307102e+00	2.574527880495076637e+00	2.451899758276444796e+00
2.453576682574353285e+01	1.712484151846162872e+00	1.644005749429237939e+00	2.486882535560188234e+00	2.385300253401085424e+00
2.505573250213976877e+01	1.663532829953600078e+00	1.592499919669694508e+00	2.401727065679318596e+00	2.320224261201992100e+00
2.558671736968459953e+01	1.615760833323175882e+00	1.542347243331469553e+00	2.319027306873223004e+00	2.256659070706389603e+00
2.612895494874115698e+01	1.569154553881311864e+00	1.493529168405180796e+00	2.238743551305191204e+00	2.194586711122544553e+00
2.668268370847132687e+01	1.523718066156401818e+00	1.446045068767273012e+00	2.160864537689827003e+00	2.134013455701704309e+00
2.724814717171165412e+01	1.479401784853960677e+00	1.399838152829581128e+00	2.085285628559928828e+00	2.074875296521549561e+00
2.782559402207125743e+01	1.436195763052073193e+00	1.354894215837068927e+00	2.011974412887820307e+00	2.017161441774349750e+00
2.841527821329990999e+01	1.394086272569858398e+00	1.311194822730062493e+00	1.940891290337317887e+00	1.960855209887645723e+00
2.901745908097360527e+01	1.353059680234174555e+00	1.268722311157930438e+00	1.871998816548599009e+00	1.905940750721988763e+00
2.963240145654703639e+01	1.313102931313919308e+00	1.227459317347836087e+00	1.805259563230679820e+00	1.852402799004849054e+00
3.026037578382308624e+01	1.274206644786738618e+00	1.187392112072885642e+00	1.740642351140216260e+00	1.800230085922792433e+00
3.090165823789054755e+01	1.236351295745882428e+00	1.148495932544682852e+00	1.678096987549146046e+00	1.749398463134481441e+00
3.155653084658241525e+01	1.199512366464821289e+00	1.110740848819313786e+00	1.617565047001489953e+00	1.699876953895910869e+00
3.222528161450811979e+01	1.163675486270182358e+00	1.074107844305416171e+00	1.559006579617170152e+00	1.651648077837310824e+00
3.290820464971425707e+01	1.128826206655530573e+00	1.038577983330559062e+00	1.502382008837869209e+00	1.604694511995459427e+00
3.360560029302952501e+01	1.094950020346438180e+00	1.004132408148648015e+00	1.447652200664220512e+00	1.558998785856027469e+00
3.431777525015100849e+01	1.062032344243067694e+00	9.707518300414506029e-01	1.394777012185725473e+00	1.514542951904765067e+00
3.504504272652905428e+01	1.030058608190443481e+00	9.384174854167843804e-01	1.343717671104804223e+00	1.471310116545200275e+00
3.578772256511129513e+01	9.990142977391865964e-01	9.071103890047121920e-01	1.294435136178828882e+00	1.429282426585360311e+00
3.654614138700539883e+01	9.688853267970881644e-01	8.768118487622492685e-01	1.246890586721916883e+00	1.388442755207884405e+00
3.732063273512289925e+01	9.396581130533895321e-01	8.475040130387407888e-01	1.201047179028933876e+00	1.348774899322522147e+00
3.811153722086707774e+01	9.113123435343998269e-01	8.191617206012627994e-01	1.156855766295653787e+00	1.310253755370223816e+00
3.891920267392951160e+01	8.838331693277307055e-01	7.917654632025136197e-01	1.114276534998033474e+00	1.272861217238072884e+00
3.974398429526115706e+01	8.572062147282514255e-01	7.652966149006477092e-01	1.073271754462192806e+00	1.236580104214955345e+00
4.058624481328516254e+01	8.314171554944755904e-01	7.397365867777839776e-01	1.033803795359669930e+00	1.201393455887640016e+00
4.144635464342010778e+01	8.064517403935993478e-01	7.150668764506395991e-01	9.958353392578652707e-01	1.167284497609420768e+00
4.232469205098434628e+01	7.822958135155204662e-01	6.912689296916776360e-01	9.593289214915439178e-01	1.134236320242485441e+00
4.322164331755172384e+01	7.589353363352833171e-01	6.683243991355679592e-01	9.242476610377508006e-01	1.102232080572487449e+00
4.413760291083362119e+01	7.363564084995586345e-01	6.462152474234326149e-01	8.905555136715588294e-01	1.071255255084809788e+00
4.507297365816076251e+01	7.145452859977674542e-01	6.249234732044971485e-01	8.582164493004027506e-01	1.041289528028246147e+00
4.602816692364147144e+01	6.934883956438291364e-01	6.044311934577076828e-01	8.271947128589055565e-01	1.012318707656247652e+00
4.700360278907441369e+01	6.731723448212220129e-01	5.847208814455917558e-01	7.974554798236592745e-01	9.843269083481335224e-01
4.799971023869517950e+01	6.535839263128252474e-01	5.657753175968964765e-01	7.689646850962404967e-01	9.572986111430977774e-01
4.901692734783804895e+01	6.347101181419340099e-01	5.475773774381951231e-01	7.416884028897458014e-01	9.312185195777035185e-01
5.005570147559598126e+01	6.165380789581169640e-01	5.301101510302330677e-01	7.155932055605801478e-01	9.060715934017001816e-01
5.111648946156338980e+01	5.990561048087992280e-01	5.133581061632838116e-01	6.906482738938429788e-01	8.818443842967407242e-01
5.219975782674825382e+01	5.822579601197415133e-01	4.973114510733707694e-01	6.668322625207004917e-01	8.585307130269660414e-01
5.330598297874255564e+01	5.661301565923040346e-01	4.819527856143466793e-01	6.441115513484710897e-01	8.361147718061274769e-01
5.443565142123959077e+01	5.506603955460802613e-01	4.672655986317778010e-01	6.224535889882003570e-01	8.145820604711740964e-01
5.558925996799251124e+01	5.358369066215734611e-01	4.532344580334716766e-01	6.018284302329350854e-01	7.939191034689579984e-01
5.676731596130657209e+01	5.216481037001574617e-01	4.398440640966790327e-01	5.822063308620257782e-01	7.741126044295758568e-01
5.797033749516177181e+01	5.080825076495774084e-01	4.270792539193742354e-01	5.635579331834204009e-01	7.551493865907689118e-01
5.919885364306400533e+01	4.951387940159001633e-01	4.149353573308914300e-01	5.458707768649070369e-01	7.370298957277500174e-01
6.045340469072480261e+01	4.828148775888442823e-01	4.034068740142415788e-01	5.291310252053623708e-01	7.197536539432632940e-01
6.173454237367209885e+01	4.710935380050741417e-01	3.924728954339445353e-01	5.133006142819445117e-01	7.032999535099526689e-01
6.304283011989645757e+01	4.599623010935776080e-01	3.821172408881320925e-01	4.983489675689832255e-01	6.876542720402348818e-01
6.437884329763940627e+01	4.494296676323111805e-01	3.723452520994676718e-01	4.842797776910502394e-01	6.728302721527823493e-01
6.574316946843353549e+01	4.394919449210588636e-01	3.631498237790286021e-01	4.710770487337886392e-01	6.588253731391506829e-01
6.713640864550379206e+01	4.301286971568415995e-01	3.545068009984759239e-01	4.586980119601392070e-01	6.456145488619139394e-01
6.855917355764610477e+01	4.213581827026730564e-01	3.464314100046849143e-01	4.471620065943630595e-01	6.332247479746948571e-01
7.001208991869765441e+01	4.131710317972033808e-01	3.389107063285777821e-01	4.364439471270628590e-01	6.216458742789390257e-01
7.149579670271769771e+01	4.055619063349512610e-01	3.319359245610380427e-01	4.265255528844065780e-01	6.108732406791766989e-01
7.301094642500031284e+01	3.985500592812586396e-01	3.255230612362043363e-01	4.174271395526639172e-01	6.009353688192096143e-01
7.455820542904223203e+01	3.921212466523724682e-01	3.196541899339530590e-01	4.091159820091085919e-01	5.918156551431871248e-01
7.613825417959219521e+01	3.862993158036566177e-01	3.143497233628273491e-01	4.016190486651426972e-01	5.835489288040092148e-01
7.775178756191070306e+01	3.810842275169412097e-01	3.096059677522273734e-01	3.949257544628151928e-01	5.761379004696155492e-01
7.939951518737163383e+01	3.764842908638850183e-01	3.054274960800845151e-01	3.890382010517861033e-01	5.695966352827539492e-01
8.108216170554010205e+01	3.725335178726551510e-01	3.018445947014082864e-01	3.839982787208456871e-01	5.639740018293694090e-01
8.280046712286477373e+01	3.692339432564238910e-01	2.988553019660356025e-01	3.797976697577346572e-01	5.592757759487880787e-01
8.455518712812224180e+01	3.666105586114800641e-01	2.964805208844950579e-01	3.764632697588208843e-01	5.555388824613469723e-01
8.634709342475994731e+01	3.646956496441431383e-01	2.947482817388645260e-01	3.740327603988770067e-01	5.528102479239139777e-01
8.817697407028136070e+01	3.635246241565815994e-01	2.936895362094684159e-01	3.725480398687242012e-01	5.511411575830547083e-01
9.004563382282356088e+01	3.631376067069241320e-01	2.933397351495778405e-01	3.720576548261104732e-01	5.505894491428038329e-01
9.195389449507966617e+01	3.635822707918875962e-01	2.937416443110744124e-01	3.726210971668382221e-01	5.512233316360207747e-01
9.390259531572145590e+01	3.649166527218508649e-01	2.949481458498200426e-01	3.743131074530551272e-01	5.531252088721922977e-01
9.589259329848152902e+01	3.672091368886087892e-01	2.970222150058767219e-01	3.772236294310928884e-01	5.563916548887796187e-01
9.792476361905691817e+01	3.705375821533399838e-01	3.000360469034084598e-01	3.814564473732797167e-01	5.611322491012029623e-01
