# Data associated with arXiv:2208.14002
# 
# Scale-free velocity distribution, f(E), of a nfw0-7rhos4e6 dark matter distribution (see Eq. 2.7 and the surrounding discussion)
# 
# Published: 8/25/22, Jack Runburg and Kenny Kiriu, contact: runburg@hawaii.edu
# 
# 
# -----------------------------------------------------------------
# 
# 	 tilde E 		 | 		 tilde f
# 
# -----------------------------------------------------------------
1.057633743900253457e-07	2.005603658639553934e+07
1.080931456425551542e-07	1.937267875658164546e+07
1.104742383896981706e-07	1.869625194633530080e+07
1.129077831585096045e-07	1.803054481392700598e+07
1.153949353792337478e-07	1.738824641660465300e+07
1.179368759338502136e-07	1.675893195898214914e+07
1.205348117167074154e-07	1.615240100074100681e+07
1.231899762074995659e-07	1.556783046041060612e+07
1.259036300568685164e-07	1.500441556953826919e+07
1.286770616849012502e-07	1.446138934283293225e+07
1.315115878928092852e-07	1.393801878982533142e+07
1.344085544880843587e-07	1.343359859064250439e+07
1.373693369234184499e-07	1.294743952289166674e+07
1.403953409497019928e-07	1.247887233372552134e+07
1.434880032833990974e-07	1.202726555137569644e+07
1.466487922886274214e-07	1.159200827043506689e+07
1.498792086742577360e-07	1.117250673394315876e+07
1.531807862063670226e-07	1.076818506530465186e+07
1.565550924363878846e-07	1.037849838715929538e+07
1.600037294452893274e-07	1.000292139821204171e+07
1.635283346041552502e-07	9.640936919105259702e+06
1.671305813515077989e-07	9.292051973566122353e+06
1.708121799877578583e-07	8.955796267036093399e+06
1.745748784871493149e-07	8.631711285838445649e+06
1.784204633275858276e-07	8.319357976101528853e+06
1.823507603387395854e-07	8.018312893080662005e+06
1.863676355688322461e-07	7.728160436124077067e+06
1.904729961705141642e-07	7.448508424093994312e+06
1.946687913062473997e-07	7.178981301673262380e+06
1.989570130736372529e-07	6.919209640345768072e+06
2.033396974511354973e-07	6.668837524944623932e+06
2.078189252645804113e-07	6.427527931029997766e+06
2.123968231750191216e-07	6.194954376220057718e+06
2.170755646882854578e-07	5.970798600292731076e+06
2.218573711868195438e-07	5.754754587265100330e+06
2.267445129842030904e-07	5.546529074704171158e+06
2.317393104029297557e-07	5.345841012613754719e+06
2.368441348759025130e-07	5.152416921883624978e+06
2.420614100721999943e-07	4.965991943516961299e+06
2.473936130476297452e-07	4.786314044204660691e+06
2.528432754206216869e-07	4.613140196857154369e+06
2.584129845740254081e-07	4.446234043711161241e+06
2.641053848833651929e-07	4.285367686535065994e+06
2.699231789721569833e-07	4.130322846468363889e+06
2.758691289948603744e-07	3.980890371177154128e+06
2.819460579480961512e-07	3.836866263362196274e+06
2.881568510107341503e-07	3.698053483720679302e+06
2.945044569134940782e-07	3.564264624476896599e+06
3.009918893387165846e-07	3.435317954937460367e+06
3.076222283509501882e-07	3.311037741882919334e+06
3.143986218590562458e-07	3.191255408394627739e+06
3.213242871105011205e-07	3.075807785717084073e+06
3.284025122185682850e-07	2.964537968122949358e+06
3.356366577231964686e-07	2.857295039670378901e+06
3.430301581861898186e-07	2.753932983088198118e+06
3.505865238215687593e-07	2.654311592356021516e+06
3.583093421618101125e-07	2.558295586528698448e+06
3.662022797607969915e-07	2.465754074145670515e+06
3.742690839342558320e-07	2.376561117903497070e+06
3.825135845385357455e-07	2.290595720388263930e+06
3.909396957885498063e-07	2.207741470466970000e+06
3.995514181157511912e-07	2.127885601887485478e+06
4.083528400670340344e-07	2.050919238118825248e+06
4.173481402454363637e-07	1.976737845848514698e+06
4.265415892935962839e-07	1.905240908144220477e+06
4.359375519208692144e-07	1.836331216652040603e+06
4.455404889751007038e-07	1.769914895515348995e+06
4.553549595600113335e-07	1.705901845420829020e+06
4.653856231992065499e-07	1.644205173546606209e+06
4.756372420478532757e-07	1.584740894413822098e+06
4.861146831530390513e-07	1.527428198621603427e+06
4.968229207639260736e-07	1.472189302528254688e+06
5.077670386927546859e-07	1.418949115428527817e+06
5.189522327278562271e-07	1.367635286191402469e+06
5.303838130997872341e-07	1.318178169719723985e+06
5.420672070017666087e-07	1.270510487940757768e+06
5.540079611656272187e-07	1.224567469575084746e+06
5.662117444944667186e-07	1.180286744575825520e+06
5.786843507532903763e-07	1.137608087859142106e+06
5.914317013188773839e-07	1.096473569683749694e+06
6.044598479902179660e-07	1.056827338594872504e+06
6.177749758608189378e-07	1.018615476134247030e+06
6.313834062542527683e-07	9.817860043391439831e+05
6.452915997243589721e-07	9.462889907059881371e+05
6.595061591214823097e-07	9.120762611597501673e+05
6.740338327262486282e-07	8.791012212026516208e+05
6.888815174523140675e-07	8.473191038320017979e+05
7.040562621196577097e-07	8.166867875294813421e+05
7.195652707999269817e-07	7.871626518032344757e+05
7.354159062354382891e-07	7.587065573369163321e+05
7.516156933334737975e-07	7.312798369451073231e+05
7.681723227374839343e-07	7.048452885562905576e+05
7.850936544769474884e-07	6.793669999222543556e+05
8.023877216975578555e-07	6.548103401950510452e+05
8.200627344735648088e-07	6.311419766118980478e+05
8.381270837040297063e-07	6.083297623114188900e+05
8.565893450948598309e-07	5.863427064871101175e+05
8.754582832285337219e-07	5.651509644262727816e+05
8.947428557233881701e-07	5.447257372712105280e+05
9.144522174845128858e-07	5.250392857736758888e+05
9.345957250481900022e-07	5.060649052214259864e+05
9.551829410220114567e-07	4.877768054459615960e+05
9.762236386227223746e-07	4.701501466928341542e+05
9.977278063139596010e-07	4.531610192298517795e+05
1.019705652546112549e-06	4.367863417182522244e+05
1.042167610600490647e-06	4.210038734576845891e+05
1.065124343540166545e-06	4.057921959236562834e+05
1.088586749269766807e-06	3.911306523503667559e+05
1.112565965706680690e-06	3.769993374435661244e+05
1.137073376066078173e-06	3.633790658021439449e+05
1.162120614262263301e-06	3.502513432694536750e+05
1.187719570428954133e-06	3.375983539439351880e+05
1.213882396561030602e-06	3.254029169699124177e+05
1.240621512280515640e-06	3.136484759285223554e+05
1.267949610729427011e-06	3.023190804689322249e+05
1.295879664592382106e-06	2.913993508078864543e+05
1.324424932251736916e-06	2.808744642008594819e+05
1.353598964078201574e-06	2.707301340119270026e+05
1.383415608859948121e-06	2.609525941678012314e+05
1.413889020373172761e-06	2.515285738961404131e+05
1.445033664097330087e-06	2.424452807532776205e+05
1.476864324078106357e-06	2.336903908837293857e+05
1.509396109941496679e-06	2.252520228831411514e+05
1.542644464062217318e-06	2.171187256997942168e+05
1.576625168889878307e-06	2.092794643682014430e+05
1.611354354436435372e-06	2.017235979037026118e+05
1.646848505928357781e-06	1.944408756893236132e+05
1.683124471627271062e-06	1.874214205230516382e+05
1.720199470822635693e-06	1.806557061510847125e+05
1.758091102000385892e-06	1.741345529915790539e+05
1.796817351191283801e-06	1.678491151846871362e+05
1.836396600502984530e-06	1.617908653450660640e+05
1.876847636839901117e-06	1.559515848533698299e+05
1.918189660814879878e-06	1.503233561794456327e+05
1.960442295857050076e-06	1.448985453392827185e+05
2.003625597520004715e-06	1.396697909189426282e+05
2.047760062994881146e-06	1.346300016855447902e+05
2.092866640832674482e-06	1.297723458349702560e+05
2.138966740880557904e-06	1.250902356180636998e+05
2.186082244436751878e-06	1.205773208748053003e+05
2.234235514628865219e-06	1.162274810403275187e+05
2.283449407020577179e-06	1.120348190669073374e+05
2.333747280451634344e-06	1.079936507706442790e+05
2.385153008116409696e-06	1.040984965247196524e+05
2.437690988886114938e-06	1.003440761539427331e+05
2.491386158880151892e-06	9.672530101463143365e+04
2.546264003292001109e-06	9.323726470943987078e+04
2.602350568475269871e-06	8.987523857444438909e+04
2.659672474295628071e-06	8.663466689603004488e+04
2.718256926754406621e-06	8.351115732232545270e+04
2.778131730889963368e-06	8.050047649486079172e+04
2.839325303962752533e-06	7.759854547152118175e+04
2.901866688930465673e-06	7.480143110126192914e+04
2.965785568219550728e-06	7.210534322659556346e+04
3.031112277799628791e-06	6.950662979704480676e+04
3.097877821567497603e-06	6.700176949350716313e+04
3.166113886047431126e-06	6.458736890312094329e+04
3.235852855414881384e-06	6.226015772667633428e+04
3.307127826850499426e-06	6.001698334001057083e+04
3.379972626231876381e-06	5.785480759493390360e+04
3.454421824170355992e-06	5.577070238951634383e+04
3.530510752400494914e-06	5.376184515847662260e+04
3.608275520529971537e-06	5.182551569458712765e+04
3.687753033157730096e-06	4.995909225989662809e+04
3.768981007368661843e-06	4.816004757327288826e+04
3.851997990612811652e-06	4.642594610238256428e+04
3.936843378977854391e-06	4.475444050142011110e+04
4.023557435863189860e-06	4.314326776311066351e+04
4.112181311064696229e-06	4.159024750113012124e+04
4.202757060279046856e-06	4.009327780155789515e+04
4.295327665036764687e-06	3.865033283350573765e+04
4.389937053073604348e-06	3.725946010132678202e+04
4.486630119149598773e-06	3.591877753356444737e+04
4.585452746325926291e-06	3.462647127630522300e+04
4.686451827709333127e-06	3.338079318813985446e+04
4.789675288674584026e-06	3.218005811581994203e+04
4.895172109575384074e-06	3.102264205571852654e+04
5.002992348954354545e-06	2.990697968990217123e+04
5.113187167263298658e-06	2.883156219791077456e+04
5.225808851104560323e-06	2.779493554591543216e+04
5.340910838005350397e-06	2.679569813156508462e+04
5.458547741736310266e-06	2.583249901400789895e+04
5.578775378186559112e-06	2.490403617077494710e+04
5.701650791807276485e-06	2.400905468889623808e+04
5.827232282636317284e-06	2.314634502162480203e+04
5.955579433916663745e-06	2.231474137127748327e+04
6.086753140321552931e-06	2.151312002931956158e+04
6.220815636799904226e-06	2.074039795385691104e+04
6.357830528055256325e-06	1.999553129478454503e+04
6.497862818672426936e-06	1.927751396884486530e+04
6.640978943905900874e-06	1.858537620418387087e+04
6.787246801144536691e-06	1.791818330625078306e+04
6.936735782067414083e-06	1.727503442529729000e+04
7.089516805505824705e-06	1.665506125446737497e+04
7.245662351027211195e-06	1.605742683723735900e+04
7.405246493256437362e-06	1.548132452583189115e+04
7.568344936950912623e-06	1.492597685954074223e+04
7.735035052845892994e-06	1.439063443016945166e+04
7.905395914286843416e-06	1.387457492698050737e+04
8.079508334666234032e-06	1.337710217742277200e+04
8.257454905682093960e-06	1.289754517099166151e+04
8.439320036436765842e-06	1.243525714897311263e+04
8.625189993393758974e-06	1.198961471656330650e+04
8.815152941211872772e-06	1.156001703504581019e+04
9.009298984475608147e-06	1.114588497618604561e+04
9.207720210341523043e-06	1.074666033590848565e+04
9.410510732120644080e-06	1.036180508791294596e+04
9.617766733817169930e-06	9.990800671864024480e+03
9.829586515644914984e-06	9.633147248067203691e+03
1.004607054054219819e-05	9.288363035867256258e+03
1.026732148170760818e-05	8.955983677919086404e+03
1.049344427117863370e-05	8.635561602259282154e+03
1.072454614947611043e-05	8.326665410240213532e+03
1.096073671633781340e-05	8.028879283030924853e+03
1.120212798256473035e-05	7.741802430689102948e+03
1.144883442300493101e-05	7.465048542624244874e+03
1.170097303069916394e-05	7.198245270590041400e+03
1.195866337221420708e-05	6.941033722448494700e+03
1.222202764418952018e-05	6.693067973797657032e+03
1.249119073112393139e-05	6.454014589770014027e+03
1.276628026442941229e-05	6.223552181520798513e+03
1.304742668277936838e-05	6.001370978704650042e+03
1.333476329378033539e-05	5.787172400773310983e+03
1.362842633699517442e-05	5.580668647295273331e+03
1.392855504834795725e-05	5.381582315859663140e+03
1.423529172594035083e-05	5.189646021951263720e+03
1.454878179731039213e-05	5.004602043093243083e+03
1.486917388816527309e-05	4.826201964430115368e+03
1.519661989261984692e-05	4.654206340341924260e+03
1.553127504497456599e-05	4.488384375413884300e+03
1.587329799306535870e-05	4.328513604050099275e+03
1.622285087322067847e-05	4.174379600880365615e+03
1.658009938686016532e-05	4.025775678074187454e+03
1.694521287877100190e-05	3.882502615081236399e+03
1.731836441709856420e-05	3.744368380478721519e+03
1.769973087508826549e-05	3.611187880752066576e+03
1.808949301461775685e-05	3.482782698572355002e+03
1.848783557155709591e-05	3.358980864268420191e+03
1.889494734299821576e-05	3.239616611133551487e+03
1.931102127639308422e-05	3.124530159875587742e+03
1.973625456064299685e-05	3.013567495323222829e+03
2.017084871918124332e-05	2.906580167838291345e+03
2.061500970509204785e-05	2.803425077261450042e+03
2.106894799831127258e-05	2.703964290343671564e+03
2.153287870495255372e-05	2.608064858288612413e+03
2.200702165880685644e-05	2.515598621031550010e+03
2.249160152506117808e-05	2.426442047387949060e+03
2.298684790628567013e-05	2.340476063357087241e+03
2.349299545073828282e-05	2.257585890545382426e+03
2.401028396303659591e-05	2.177660891817830816e+03
2.453895851724972754e-05	2.100594421330784371e+03
2.507926957246110262e-05	2.026283680443335925e+03
2.563147309085751725e-05	1.954629577918642326e+03
2.619583065839783530e-05	1.885536598209429940e+03
2.677260960811839681e-05	1.818912668921944487e+03
2.736208314613178456e-05	1.754669040093941931e+03
2.796453048037765145e-05	1.692720160550416949e+03
2.858023695218533819e-05	1.632983565407629158e+03
2.920949417070858653e-05	1.575379762371620473e+03
2.985260015029610257e-05	1.519832125828274684e+03
3.050985945085981380e-05	1.466266792076411093e+03
3.118158332130708811e-05	1.414612560448501654e+03
3.186808984610280067e-05	1.364800797961854869e+03
3.256970409502889588e-05	1.316765348586706523e+03
3.328675827621124344e-05	1.270442421999087173e+03
3.401959189248330277e-05	1.225770555827226190e+03
3.476855190116080941e-05	1.182690483546269434e+03
3.553399287729879690e-05	1.141145079020451476e+03
3.631627718050838634e-05	1.101079273565256244e+03
3.711577512540907532e-05	1.062439983416076529e+03
3.793286515579540855e-05	1.025176036922638787e+03
3.876793402259864755e-05	9.892381054724424985e+02
3.962137696572420555e-05	9.545786370392229401e+02
4.049359789985064874e-05	9.211517928229337713e+02
4.138500960427313749e-05	8.889133843019657206e+02
4.229603391688078150e-05	8.578208131821589859e+02
4.322710193235571540e-05	8.278330184666117475e+02
4.417865420468556443e-05	7.989104128156792513e+02
4.515114095408182985e-05	7.710148365068570229e+02
4.614502227839961749e-05	7.441095031899670857e+02
4.716076836915477656e-05	7.181589504414249632e+02
4.819885973223850701e-05	6.931289914449836260e+02
4.925978741342950724e-05	6.689866706395492884e+02
5.034405322880767115e-05	6.457002171432611703e+02
5.145217000017378376e-05	6.232390038592095607e+02
5.258466179558373728e-05	6.015735049687009450e+02
5.374206417510666363e-05	5.806752570432503262e+02
5.492492444191873085e-05	5.605168202078461945e+02
5.613380189884800979e-05	5.410717409773570807e+02
5.736926811048661737e-05	5.223145176436274824e+02
5.863190717098991356e-05	5.042205650785765556e+02
5.992231597768425731e-05	4.867661818685022581e+02
6.124110451060803175e-05	4.699285187801221468e+02
6.258889611811287840e-05	4.536855476673218277e+02
6.396632780865512953e-05	4.380160314115550477e+02
6.537405054890867444e-05	4.228994971069575968e+02
6.681272956833618775e-05	4.083162065879756142e+02
6.828304467035520710e-05	3.942471307829669627e+02
6.978569055024067067e-05	3.806739242655527846e+02
7.132137711990728672e-05	3.675789001892093211e+02
7.289082983971879350e-05	3.549450070616717881e+02
7.449479005747402778e-05	3.427558055444438878e+02
7.613401535472156308e-05	3.309954459804064300e+02
7.780927990056110265e-05	3.196486485851577299e+02
7.952137481308890440e-05	3.087006807709278746e+02
8.127110852865080315e-05	2.981373391141040656e+02
8.305930717906893001e-05	2.879449298711369920e+02
8.488681497701070877e-05	2.781102502765797340e+02
8.675449460967425209e-05	2.686205711481804315e+02
8.866322764096472775e-05	2.594636198888646277e+02
9.061391492234365105e-05	2.506275636357445933e+02
9.260747701253383216e-05	2.421009939535293825e+02
9.464485460626740980e-05	2.338729111974127477e+02
9.672700897226864478e-05	2.259327098908833875e+02
9.885492240066653469e-05	2.182701646665119313e+02
1.010295986600370414e-04	2.108754162733387432e+02
1.032520634642764300e-04	2.037389587468077536e+02
1.055233649495158920e-04	1.968516264874632213e+02
1.078445741612865823e-04	1.902045820161439735e+02
1.102167855521524778e-04	1.837893042231552840e+02
1.126411174900306383e-04	1.775975771115652435e+02
1.151187127774237854e-04	1.716214784042194594e+02
1.176507391817953899e-04	1.658533695293005792e+02
1.202383899773186904e-04	1.602858849889893804e+02
1.228828844982414882e-04	1.549119227448358629e+02
1.255854687041075331e-04	1.497246347025895261e+02
1.283474157570844228e-04	1.447174175698162628e+02
1.311700266116501456e-04	1.398839039128132811e+02
1.340546306168973118e-04	1.352179540568186553e+02
1.370025861317180043e-04	1.307136475415840096e+02
1.400152811531390530e-04	1.263652753976429040e+02
1.430941339580795151e-04	1.221673323769422410e+02
1.462405937588124173e-04	1.181145100107811743e+02
1.494561413724144669e-04	1.142016891091738131e+02
1.527422899044942727e-04	1.104239332740519330e+02
1.561005854474955493e-04	1.067764821096202184e+02
1.595326077938778796e-04	1.032547450805034828e+02
1.630399711644835983e-04	9.985429531540945902e+01
1.666243249524021811e-04	9.657086374185405475e+01
1.702873544826567472e-04	9.340033345531126940e+01
1.740307817880355800e-04	9.033873420785904784e+01
1.778563664014035746e-04	8.738223723224263040e+01
1.817659061648313956e-04	8.452715004579944491e+01
1.857612380558898598e-04	8.176991165485655699e+01
1.898442390314617726e-04	7.910708779784519606e+01
1.940168268894276510e-04	7.653536640746594344e+01
1.982809611485969968e-04	7.405155324763427416e+01
2.026386439472534239e-04	7.165256766605479299e+01
2.070919209606967421e-04	6.933543850119353635e+01
2.116428823381682719e-04	6.709730023198058291e+01
2.162936636595551515e-04	6.493538909473727472e+01
2.210464469122764978e-04	6.284703958517293643e+01
2.259034614887582408e-04	6.082968071015175582e+01
2.308669852049196345e-04	5.888083282851202682e+01
2.359393453400924112e-04	5.699810426302090605e+01
2.411229196988084566e-04	5.517918816741910604e+01
2.464201376948962994e-04	5.342185952807336946e+01
2.518334814583369835e-04	5.172397215872462084e+01
2.573654869653384551e-04	5.008345595810060757e+01
2.630187451920902803e-04	4.849831412392357777e+01
2.687959032926803501e-04	4.696662063455457314e+01
2.746996658016526279e-04	4.548651756271002000e+01
2.807327958616996849e-04	4.405621276081608073e+01
2.868981169291277876e-04	4.267397748119059742e+01
2.931985122990746293e-04	4.133814412421758533e+01
2.996369289675699580e-04	4.004710398941088556e+01
3.062163773078572637e-04	3.879930519502510577e+01
3.129399328347358140e-04	3.759325078971630063e+01
3.198107375939202566e-04	3.642749650400688211e+01
3.268320015802374506e-04	3.530064915134009595e+01
3.340070041852300593e-04	3.421136464920743947e+01
3.413390956747468447e-04	3.315834630856242882e+01
3.488316986971014451e-04	3.214034315135121744e+01
3.564883098224058688e-04	3.115614827191460989e+01
3.643125011136738763e-04	3.020459724442743621e+01
3.723079217303269361e-04	2.928456666632555994e+01
3.804782995647197760e-04	2.839497261252909155e+01
3.888274429123319826e-04	2.753476931733486666e+01
3.973592421762721610e-04	2.670294773961270707e+01
4.060776716067562332e-04	2.589853430548202340e+01
4.149867910762363105e-04	2.512058966272925531e+01
4.240907478908523438e-04	2.436820734957293411e+01
4.333937786389135613e-04	2.364051277646559512e+01
4.429002110771079726e-04	2.293666198418217306e+01
4.526144660551567611e-04	2.225584060508363748e+01
4.625410594796449662e-04	2.159726279345865407e+01
4.726846043177653335e-04	2.096017021450749240e+01
4.830498126417320532e-04	2.034383107252537570e+01
4.936414977146182841e-04	1.974753916138514853e+01
5.044645761184043259e-04	1.917061294333118582e+01
5.155240699250157078e-04	1.861239472036670151e+01
5.268251089111517698e-04	1.807224973640819243e+01
5.383729328177190793e-04	1.754956538416864475e+01
5.501728936546881497e-04	1.704375042501575166e+01
5.622304580522130644e-04	1.655423422476114936e+01
5.745512096588622879e-04	1.608046601961047628e+01
5.871408515878123041e-04	1.562191423102573573e+01
6.000052089118904173e-04	1.517806576351457792e+01
6.131502312083378717e-04	1.474842535605741212e+01
6.265819951542006593e-04	1.433251496419251758e+01
6.403067071732483368e-04	1.392987317426186955e+01
6.543307061353514226e-04	1.354005443595556102e+01
6.686604661092472937e-04	1.316262886500971696e+01
6.833025995959533978e-04	1.279718134164643217e+01
6.982638587365729184e-04	1.244331114471293631e+01
7.135511406423440022e-04	1.210063142178634088e+01
7.291714888068092943e-04	1.176876869236819978e+01
7.451320965206344963e-04	1.144736239574994663e+01
7.614403099650150818e-04	1.113606440461986402e+01
7.781036313653589068e-04	1.083453861591212863e+01
7.951297222062645147e-04	1.054246050781213739e+01
8.125264065088558122e-04	1.025951674209645326e+01
8.303016741715148153e-04	9.985404762736941109e+00
8.484636843750862625e-04	9.719832427122492291e+00
8.670207690536295116e-04	9.462517618932967167e+00
8.859814364318069129e-04	9.213187934379170940e+00
9.053543746300180125e-04	8.971580294296357394e+00
9.251484553383696428e-04	8.737440646229231334e+00
9.453727375606331071e-04	8.510523642636908193e+00
9.660364714292954272e-04	8.290592329321064824e+00
9.871491020928629088e-04	8.077417854435410050e+00
1.008720273676561290e-03	7.870779187527410237e+00
1.030759833317596800e-03	7.670462837625918517e+00
1.053277835276155566e-03	7.476262597280298294e+00
1.076284545123298332e-03	7.287979282657069291e+00
1.099790444006973128e-03	7.105420484573071960e+00
1.123806232997311095e-03	6.928400345031500152e+00
1.148342837512422590e-03	6.756739302545073045e+00
1.173411411825905915e-03	6.590263909240866802e+00
1.199023343657277130e-03	6.428806579944621014e+00
1.225190258846546761e-03	6.272205410261366687e+00
1.251924026114182176e-03	6.120303969489042650e+00
1.279236761907660228e-03	5.972951115070507910e+00
1.307140835335882751e-03	5.830000793081701715e+00
1.335648873192670340e-03	5.691311888830876242e+00
1.364773765070581438e-03	5.556748032718059171e+00
1.394528668566310083e-03	5.426177429045908163e+00
1.424927014578895260e-03	5.299472723656720952e+00
1.455982512702007781e-03	5.176510824867914806e+00
1.487709156711525087e-03	5.057172766653565965e+00
1.520121230149680926e-03	4.941343562069001827e+00
1.553233312006997496e-03	4.828912064674545590e+00
1.587060282503250774e-03	4.719770836865877506e+00
1.621617328968703083e-03	4.613816016446338431e+00
1.656919952256485223e-03	4.510947199582536982e+00
1.692983971160043344e-03	4.411067315813838263e+00
1.729825531033949825e-03	4.314082512020932292e+00
1.767461108511295988e-03	4.219902040324476467e+00
1.805907518288469692e-03	4.128438154586082653e+00
1.845181919633431681e-03	4.039606002536780593e+00
1.885301823002654776e-03	3.953323528406040399e+00
1.926285096767855684e-03	3.869511369218260999e+00
1.968149974053672122e-03	3.788092769791070236e+00
2.010915059687366866e-03	3.708993487477627582e+00
2.054599337261680224e-03	3.632141706102867573e+00
2.099222176311884343e-03	3.557467951328015854e+00
2.144803339608080620e-03	3.484905010573459361e+00
2.191362990563763477e-03	3.414387854110237264e+00
2.238921700761634104e-03	3.345853558446798992e+00
2.287500457597636469e-03	3.279241234615983824e+00
2.337120672044099012e-03	3.214491956431345443e+00
2.387804186532930910e-03	3.151548694456129507e+00
2.439573282959667418e-03	3.090356246981714960e+00
2.492450690809209102e-03	3.030861172921900160e+00
2.546459595404009998e-03	2.973011759451959168e+00
2.601623646275426360e-03	2.916757908747992456e+00
2.657966965658914264e-03	2.862051123868671887e+00
2.715514157113702292e-03	2.808844448277039607e+00
2.774290314267450607e-03	2.757092395412160446e+00
2.834321029686485797e-03	2.706750913399122549e+00
2.895632403871994855e-03	2.657777326500367909e+00
2.958251054382580753e-03	2.610130290653693397e+00
3.022204125083497069e-03	2.563769748029294249e+00
3.087519295522786304e-03	2.518656878334960769e+00
3.154224790434526603e-03	2.474754059201105250e+00
3.222349389369193792e-03	2.432024831492077599e+00
3.291922436451245014e-03	2.390433829142132982e+00
3.362973850263752205e-03	2.349946773276938572e+00
3.435534133859963115e-03	2.310530445750995199e+00
3.509634384901486309e-03	2.272152602954030876e+00
3.585306305922733670e-03	2.234781978376126244e+00
3.662582214721173297e-03	2.198388239832325119e+00
3.741495054872731856e-03	2.162941965906945541e+00
3.822078406371721016e-03	2.128414570915606152e+00
3.904366496394432763e-03	2.094778349102356607e+00
3.988394210608374631e-03	2.062006393711683483e+00
4.074197102538174020e-03	2.030072574329700785e+00
4.161811407087756369e-03	1.998951522288028526e+00
4.251274050235018601e-03	1.968618589899154614e+00
4.342622660774894845e-03	1.939049844802669176e+00
4.435895581800262943e-03	1.910222026550916885e+00
4.531131882296934171e-03	1.882112536279020754e+00
4.628371368850733858e-03	1.854699409412216893e+00
4.727654597464548726e-03	1.827961295378252915e+00
4.829022885482968722e-03	1.801877424159281649e+00
4.932518323622060892e-03	1.776427619541072644e+00
5.038183788101472001e-03	1.751592241519402515e+00
5.146062952876069574e-03	1.727352192192302072e+00
5.256200301963920817e-03	1.703688888942846980e+00
5.368641141867303880e-03	1.680584250240079403e+00
5.483431614083208311e-03	1.658020679178163315e+00
5.600618707699562930e-03	1.635981047274826627e+00
5.720250272073144036e-03	1.614448680436851413e+00
5.842375029584956359e-03	1.593407345146105047e+00
5.967042588468515762e-03	1.572841232968251290e+00
6.094303455706341285e-03	1.552734951676104203e+00
6.224209049989591971e-03	1.533073508241336702e+00
6.356811714735521174e-03	1.513842301086981257e+00
6.492164731157195473e-03	1.495027106915892023e+00
6.630322331379572345e-03	1.476614071827707875e+00
6.771339711595795660e-03	1.458589698419981762e+00
6.915273045257104914e-03	1.440940841417196250e+00
7.062179496289706405e-03	1.423654694253943864e+00
7.212117232331374285e-03	1.406718782272317281e+00
7.365145437980299623e-03	1.390120955846089634e+00
7.521324328048446285e-03	1.373849381483686738e+00
7.680715160811165884e-03	1.357892536045002263e+00
7.843380251244648840e-03	1.342239200314142122e+00
8.009382984242160650e-03	1.326878451298156181e+00
8.178787827799939569e-03	1.311799659681923469e+00
8.351660346163029131e-03	1.296992480836617112e+00
8.528067212920951989e-03	1.282446852969030049e+00
8.708076224042815908e-03	1.268152991050477629e+00
8.891756310840931779e-03	1.254101383125324931e+00
9.079177552851702693e-03	1.240282786870916532e+00
9.270411190621928935e-03	1.226688224462925136e+00
9.465529638799964618e-03	1.213308981598433256e+00
9.664606497098705146e-03	1.200136603022677662e+00
9.867716565052312566e-03	1.187162889257139975e+00
1.007493585278781967e-02	1.174379894931645074e+00
1.028634159351513380e-02	1.161779925980399364e+00
1.050201225547489278e-02	1.149355537940273786e+00
1.072202755369696704e-02	1.137099533408044039e+00
1.094646846155409095e-02	1.125004959901966695e+00
1.117541722186030442e-02	1.113065107867729608e+00
1.140895735862551726e-02	1.101273509860806632e+00
1.164717368722863883e-02	1.089623937596220893e+00
1.189015232529062015e-02	1.078110401133633545e+00
1.213798070353404659e-02	1.066727146651126334e+00
1.239074757331278497e-02	1.055468654964608843e+00
1.264854302048731144e-02	1.044329640084538324e+00
1.291145846966779143e-02	1.033305046045615905e+00
1.317958669860708719e-02	1.022390048891301362e+00
1.345302184087095350e-02	1.011580047895075607e+00
1.373185940026280978e-02	1.000870671202607864e+00
1.401619625181845658e-02	9.902577669245845593e-01
1.430613065619198813e-02	9.797374077688398852e-01
1.460176225990373819e-02	9.693058806934372607e-01
1.490319210445066427e-02	9.589596913207641959e-01
1.521052263509464764e-02	9.486955562503920358e-01
1.552385770001006755e-02	9.385104035887449347e-01
1.584330255796165959e-02	9.284013678629586819e-01
1.616896388553592037e-02	9.183657838896956971e-01
1.650094977415456424e-02	9.084011912935315847e-01
1.683936973607175897e-02	8.985053237659565983e-01
1.718433470977498087e-02	8.886760998826134239e-01
1.753595705470371857e-02	8.789116379865281603e-01
1.789435055528967519e-02	8.692102316888526969e-01
1.825963042422455024e-02	8.595703534927759959e-01
1.863191329474245608e-02	8.499906513570918420e-01
1.901131722240112856e-02	8.404699401858879426e-01
1.939796168587685707e-02	8.310071977276578536e-01
1.979196757670303661e-02	8.216015602104423943e-01
2.019345719846063134e-02	8.122523161618996346e-01
2.060255426471338872e-02	8.029588965739589135e-01
2.101938388615076994e-02	7.937208765412793188e-01
2.144407256681066243e-02	7.845379625951679481e-01
2.187674819873840909e-02	7.754099876632235544e-01
2.231754004832956287e-02	7.663369080342697925e-01
2.276657874215505875e-02	7.573187946645069113e-01
2.322399626815148041e-02	7.483558241161453184e-01
2.368992594825315712e-02	7.394482756067083384e-01
2.416450244229068067e-02	7.305965208474404227e-01
2.464786170778829333e-02	7.218010221129570470e-01
2.514014100764677337e-02	7.130623231090523761e-01
2.564147887968630177e-02	7.043810387806426210e-01
2.615201512129203265e-02	6.957578541996195520e-01
2.667189076817572113e-02	6.871935142304314015e-01
2.720124807330115760e-02	6.786888184924662060e-01
2.774023048454304918e-02	6.702446160614974335e-01
2.828898261643869594e-02	6.618617960335647643e-01
2.884765023061659425e-02	6.535412823167896512e-01
2.941638020060041367e-02	6.452840298381744555e-01
2.999532049108169507e-02	6.370910155186582102e-01
3.058462011838751146e-02	6.289632342084512384e-01
3.118442912786527008e-02	6.209016919386011191e-01
3.179489855128489473e-02	6.129074021869497235e-01
3.241618037521148271e-02	6.049813786077112843e-01
3.304842750804078133e-02	5.971246318250490459e-01
3.369179373143096207e-02	5.893381618123068044e-01
3.434643367143531273e-02	5.816229564548109909e-01
3.501250274561967801e-02	5.739799861926865310e-01
3.569015712366280929e-02	5.664101995717596427e-01
3.637955368641567627e-02	5.589145164573477986e-01
3.708084996855746940e-02	5.514938317537152468e-01
3.779420411408278974e-02	5.441490043364427542e-01
3.851977483008656861e-02	5.368808572905096055e-01
3.925772132351185856e-02	5.296901756598696442e-01
4.000820325132793676e-02	5.225777020378038484e-01
4.077138066882357581e-02	5.155441341222137819e-01
4.154741396050606883e-02	5.085901227511130385e-01
4.233646378480463573e-02	5.017162735032580922e-01
4.313869101668457717e-02	4.949231541542081780e-01
4.395425658336358371e-02	4.882112575020847722e-01
4.478332174621945522e-02	4.815810034415049512e-01
4.562604753832914112e-02	4.750328084470622492e-01
4.648259501576523095e-02	4.685670208096188727e-01
4.735312509837527606e-02	4.621839155050085912e-01
4.823779850855136608e-02	4.558837186140497488e-01
4.913677568622415448e-02	4.496665997627552480e-01
5.005021670942668560e-02	4.435326726061215585e-01
5.097828122850210641e-02	4.374819910732700157e-01
5.192112836908700790e-02	4.315145534903021551e-01
5.287891666068501861e-02	4.256303007589827825e-01
5.385180394260263848e-02	4.198291174146056015e-01
5.483994728544640956e-02	4.141108314292856196e-01
5.584350289561236524e-02	4.084752152457684082e-01
5.686262603117053782e-02	4.029219861988939666e-01
5.789747090703947080e-02	3.974508068197326049e-01
5.894819060291922597e-02	3.920612885503187428e-01
6.001493696566906344e-02	3.867529846258669912e-01
6.109786051764937859e-02	3.815254027853682284e-01
6.219711035716604663e-02	3.763779973661612877e-01
6.331283405486305693e-02	3.713101731892216595e-01
6.444517756207802928e-02	3.663212864953041548e-01
6.559428509843592825e-02	3.614106477980300602e-01
6.676029906012460879e-02	3.565775157094426828e-01
6.794335990528235780e-02	3.518211129634425949e-01
6.914360605322358855e-02	3.471406121360087194e-01
7.036117378306624981e-02	3.425351443014802433e-01
7.159619711673180509e-02	3.380038008401477501e-01
7.284880771578365610e-02	3.335456317440453344e-01
7.411913477783826920e-02	3.291596492158485598e-01
7.540730491663050206e-02	3.248448274127015978e-01
7.671344205720435905e-02	3.206001049379241796e-01
7.803766733087441620e-02	3.164243847520199493e-01
7.938009895326174348e-02	3.123165381153937825e-01
8.074085211866806333e-02	3.082754021686481272e-01
8.212003889440677717e-02	3.042997836659191990e-01
8.351776809785643740e-02	3.003884597844140303e-01
8.493414519090920767e-02	2.965401811970180268e-01
8.636927217454549999e-02	2.927536758165276143e-01
8.782324740419052145e-02	2.890276367729023299e-01
8.929616572263966712e-02	2.853607273021184221e-01
9.078811801254930980e-02	2.817516046494008553e-01
9.229919129627099650e-02	2.781989034972265906e-01
9.382946857973645249e-02	2.747012293015931861e-01
9.537902875018854087e-02	2.712571732381102718e-01
9.694794645796153687e-02	2.678653099527532611e-01
9.853629201681113337e-02	2.645241983319681078e-01
1.001441313062566008e-01	2.612323848243421343e-01
1.017715256515031724e-01	2.579884030863803801e-01
1.034185317371187351e-01	2.547907776893309495e-01
1.050852015054334898e-01	2.516380237578819123e-01
1.067715820494904433e-01	2.485286508829344931e-01
1.084777155284806227e-01	2.454611636181883993e-01
1.102036390633423374e-01	2.424340649003275117e-01
1.119493846536133014e-01	2.394458569279165339e-01
1.137149790824985990e-01	2.364950435013771779e-01
1.155004438323438548e-01	2.335801326618380247e-01
1.173057949991546250e-01	2.306996396501660163e-01
1.191310432117784895e-01	2.278520874646052796e-01
1.209761935539772487e-01	2.250360112953979086e-01
1.228412454840324963e-01	2.222499602899772608e-01
1.247261927699656464e-01	2.194924996231779613e-01
1.266310234105675614e-01	2.167622149635696771e-01
1.285557195794935770e-01	2.140577133003875865e-01
1.305002575515527841e-01	2.113776270360139264e-01
1.324646076553866458e-01	2.087206173620912153e-01
1.344487341950403592e-01	2.060853746489420546e-01
1.364525954520232898e-01	2.034706234705051797e-01
1.384761435664871310e-01	2.008751265141456577e-01
1.405193245368949462e-01	1.982976856188659875e-01
1.425820781767056233e-01	1.957371460565525967e-01
1.446643380674498547e-01	1.931923978763525340e-01
1.467660315331361653e-01	1.906623799128357444e-01
1.488870796192643675e-01	1.881460826725886160e-01
1.510273970582374226e-01	1.856425510805762569e-01
1.531868922573151603e-01	1.831508862219080880e-01
1.553654672912561374e-01	1.806702480693581914e-01
1.575630178808136994e-01	1.781998583740085351e-01
1.597794333947407386e-01	1.757390028544353888e-01
1.620145968564582206e-01	1.732870317928842663e-01
1.642683849362988335e-01	1.708433622937998442e-01
1.665406679678762825e-01	1.684074811305207864e-01
1.688313099689685570e-01	1.659789437030864123e-01
1.711401686480948925e-01	1.635573762296855804e-01
1.734670954353489392e-01	1.611424756750997056e-01
1.758119355174553866e-01	1.587340108712085585e-01
1.781745278592020143e-01	1.563318214323671518e-01
1.805547052486004556e-01	1.539358181720086038e-01
1.829522943458506412e-01	1.515459816178976737e-01
1.853671157218633181e-01	1.491623621011854972e-01
1.877989839103756109e-01	1.467850778037382564e-01
1.902477074805824786e-01	1.444143118684008686e-01
1.927130890813895658e-01	1.420503120563905153e-01
1.951949255225249313e-01	1.396933880136934647e-01
1.976930078347744202e-01	1.373439074322581055e-01
2.002071213554628970e-01	1.350022953835983697e-01
2.027370458030322842e-01	1.326690286206419767e-01
2.052825553645724888e-01	1.303446337989798975e-01
2.078434187838777703e-01	1.280296828471552684e-01
2.104193994557454206e-01	1.257247900023572007e-01
2.130102555244183238e-01	1.234306061435439250e-01
2.156157399803383945e-01	1.211478175748150199e-01
2.182356007739496562e-01	1.188771391915964398e-01
2.208695809150356681e-01	1.166193092258591552e-01
2.235174185964562132e-01	1.143750899647587027e-01
2.261788472991479171e-01	1.121452552735935360e-01
2.288535959245242835e-01	1.099305965705393434e-01
2.315413888964503453e-01	1.077319095756127804e-01
2.342419463315077166e-01	1.055499920380931489e-01
2.369549841174342641e-01	1.033856436319479932e-01
2.396802140697068817e-01	1.012396588696177768e-01
2.424173440730089668e-01	9.911282227760678798e-02
2.451660782054466137e-01	9.700590774774299485e-02
2.479261168849799801e-01	9.491967200424999973e-02
2.506971570185116405e-01	9.285485400664542088e-02
2.534788921342642776e-01	9.081217069729934088e-02
2.562710125351515544e-01	8.879231410614581155e-02
2.590732054541934892e-01	8.679594868391017626e-02
2.618851551920039489e-01	8.482370934998596790e-02
2.647065432756170456e-01	8.287620124377030606e-02
2.675370486187054753e-01	8.095399437572398105e-02
2.703763476629560403e-01	7.905762356386522582e-02
2.732241145430178153e-01	7.718759098880305369e-02
2.760800212389433739e-01	7.534435755849894223e-02
2.789437377422529507e-01	7.352834914861110238e-02
2.818149322012243330e-01	7.173995352110500157e-02
2.846932710861583282e-01	6.997951654061584925e-02
2.875784193543115541e-01	6.824734962786933867e-02
2.904700405964236731e-01	6.654372302145085405e-02
2.933677972022380454e-01	6.486886850550695194e-02
2.962713505265441305e-01	6.322298145591756513e-02
2.991803610275985403e-01	6.160621736617918204e-02
3.020944884497267502e-01	6.001869753700348614e-02
3.050133919617164513e-01	5.846050510748889567e-02
3.079367303206870243e-01	5.693169030148811927e-02
3.108641620305208630e-01	5.543226772863127372e-02
3.137953454922774443e-01	5.396222014023636243e-02
3.167299391556627208e-01	5.252149883086278115e-02
3.196676016773191686e-01	5.111002245299214874e-02
3.226079920671433565e-01	4.972768584586759882e-02
3.255507698390711635e-01	4.837435131174434161e-02
3.284955951550493358e-01	4.704985632648459037e-02
3.314421289761032008e-01	4.575401341028047242e-02
3.343900332038702294e-01	4.448661149599735659e-02
3.373389708169871049e-01	4.324741741866775652e-02
3.402886060210448260e-01	4.203617702885430185e-02
3.432386043750663696e-01	4.085261695965434342e-02
3.461886329310207011e-01	3.969644578728255546e-02
3.491383603618626874e-01	3.856735505142698528e-02
3.520874571166099920e-01	3.746502072407263684e-02
3.550355955078938752e-01	3.638910499485905475e-02
3.579824498586087755e-01	3.533925713802668622e-02
3.609276966210415161e-01	3.431511434863965260e-02
3.638710145022107656e-01	3.331630335221179989e-02
3.668120845677670938e-01	3.234244138507604699e-02
3.697505903615361245e-01	3.139313736351830031e-02
3.726862180223950438e-01	3.046799262408210821e-02
3.756186563785230970e-01	2.956660238553150688e-02
3.785475970582365957e-01	2.868855631454405100e-02
3.814727345978736750e-01	2.783343942185623893e-02
3.843937665261532577e-01	2.700083329046809935e-02
3.873103934658606029e-01	2.619031650422664129e-02
3.902223192323086010e-01	2.540146551447112350e-02
3.931292509077373154e-01	2.463385547270116951e-02
3.960308989335138419e-01	2.388706090948452057e-02
3.989269771987904445e-01	2.316065620738995412e-02
4.018172031050953330e-01	2.245421648537852810e-02
4.047012976487797120e-01	2.176731788533714518e-02
4.075789854995339745e-01	2.109953827208870328e-02
4.104499950555628995e-01	2.045045775283104925e-02
4.133140585160402503e-01	1.981965897919579084e-02
4.161709119508831822e-01	1.920672772747774454e-02
4.190202953406215181e-01	1.861125330492532579e-02
4.218619526480972270e-01	1.803282874372387837e-02
4.246956318698812405e-01	1.747105125779083168e-02
4.275210850744235458e-01	1.692552259494625386e-02
4.303380684616436302e-01	1.639584921734717551e-02
4.331463423934436285e-01	1.588164258473950124e-02
4.359456714436376612e-01	1.538251942154114822e-02
4.387358244281256425e-01	1.489810186342732136e-02
4.415165744412707927e-01	1.442801767762995693e-02
4.442876988852624276e-01	1.397190043792148270e-02
4.470489794986418075e-01	1.352938957537477664e-02
4.498002023819026585e-01	1.310013062773979220e-02
4.525411580142026935e-01	1.268377528721239406e-02
4.552716412810480229e-01	1.227998144024090334e-02
4.579914514799488523e-01	1.188841331585215044e-02
4.607003923451072902e-01	1.150874148467390459e-02
4.633982720459312032e-01	1.114064294959658634e-02
4.660849032080923160e-01	1.078380117390802771e-02
4.687601028947416260e-01	1.043790603575041331e-02
4.714236926642645376e-01	1.010265375617631391e-02
4.740754984987587961e-01	9.777747221768759434e-03
4.767153508457882549e-01	9.462895708161259481e-03
4.793430846110655619e-01	9.157814825340879206e-03
4.819585391392232632e-01	8.862226612795670935e-03
4.845615582111632569e-01	8.575859457068143663e-03
4.871519900395575031e-01	8.298448008903657261e-03
4.897296872423292924e-01	8.029733195692036196e-03
4.922945068340089381e-01	7.769462104158332549e-03
4.948463102152659276e-01	7.517387924880234405e-03
4.973849631398121751e-01	7.273269925662218492e-03
4.999103357002318004e-01	7.036873311648476036e-03
5.024223023119737119e-01	6.807969159552381376e-03
5.049207416744562194e-01	6.586334405507069875e-03
5.074055367518145454e-01	6.371751672921144305e-03
5.098765747517373104e-01	6.164009191541865509e-03
5.123337470816353711e-01	5.962900765413042120e-03
5.147769493247174033e-01	5.768225629929212180e-03
5.172060812139690489e-01	5.579788347560080131e-03
5.196210465843779103e-01	5.397398768069263872e-03
5.220217533446689373e-01	5.220871884463967535e-03
5.244081134466664906e-01	5.050027703516827594e-03
5.267800428364548537e-01	4.884691244421581098e-03
5.291374614150571309e-01	4.724692351955416154e-03
5.314802930135774650e-01	4.569865612840736703e-03
5.338084653326466977e-01	4.420050279079829579e-03
5.361219099155242196e-01	4.275090144163998934e-03
5.384205620923572244e-01	4.134833473947761330e-03
5.407043609464120548e-01	3.999132849177265692e-03
5.429732492625501949e-01	3.867845124570536142e-03
5.452271734843154860e-01	3.740831305135872750e-03
5.474660836662198493e-01	3.617956446149632726e-03
5.496899334275160420e-01	3.499089547352075055e-03
5.518986799053341441e-01	3.384103483645659396e-03
5.540922837011504898e-01	3.272874888855750123e-03
5.562707088407184974e-01	3.165284070675748219e-03
5.584339227139968331e-01	3.061214900852443025e-03
5.605818960367208170e-01	2.960554749821221396e-03
5.627146027877363288e-01	2.863194383329906775e-03
5.648320201715327782e-01	2.769027888738916955e-03
5.669341285451457990e-01	2.677952541850154525e-03
5.690209114106475896e-01	2.589868745469207575e-03
5.710923553131629360e-01	2.504679994115405987e-03
5.731484498120539284e-01	2.422292732512856296e-03
5.751891874362093926e-01	2.342616284925055827e-03
5.772145636173182659e-01	2.265562786536474884e-03
5.792245766440737853e-01	2.191047101449112352e-03
5.812192276166646687e-01	2.118986731266428707e-03
5.831985203810708951e-01	2.049301776261298631e-03
5.851624614835666538e-01	1.981914829609178648e-03
5.871110601254273531e-01	1.916750915214571931e-03
5.890443280968505890e-01	1.853737422779097371e-03
5.909622797318769827e-01	1.792804040136640378e-03
5.928649318635684784e-01	1.733882662938131432e-03
5.947523037579456329e-01	1.676907370362061599e-03
5.966244170716373807e-01	1.621814334994608076e-03
5.984812957963967506e-01	1.568541758727445574e-03
6.003229662162078428e-01	1.517029817039496206e-03
6.021494568433639616e-01	1.467220612024145105e-03
6.039607983739704311e-01	1.419058100442007961e-03
6.057570236449409951e-01	1.372488031360857320e-03
6.075381675695370465e-01	1.327457918449440402e-03
6.093042670955908235e-01	1.283916959200226589e-03
6.110553611627724813e-01	1.241815993693305004e-03
6.127914906329631206e-01	1.201107461626219975e-03
6.145126982675969129e-01	1.161745343369853870e-03
6.162190286587347909e-01	1.123685110624163177e-03
6.179105281892429691e-01	1.086883692507552681e-03
6.195872449888290001e-01	1.051299411067616258e-03
6.212492288815956165e-01	1.016891955632134859e-03
6.228965313380027125e-01	9.836223367590151735e-04
6.245292054359059541e-01	9.514528346156303886e-04
6.261473058082605014e-01	9.203469703547706568e-04
6.277508886010056965e-01	8.902694586937172968e-04
6.293400114285668812e-01	8.611861738266327797e-04
6.309147333285965997e-01	8.330641138638529217e-04
6.324751147204142887e-01	8.058713610210742513e-04
6.340212173563057885e-01	7.795770531676413442e-04
6.355531042897318850e-01	7.541513397915821293e-04
6.370708398193658528e-01	7.295653657102063117e-04
6.385744894565545948e-01	7.057912203488137318e-04
6.400641198893750605e-01	6.828019246967455226e-04
6.415397989126496725e-01	6.605713873153935042e-04
6.430015954548874424e-01	6.390743670337560361e-04
6.444495794563837032e-01	6.182864827685497552e-04
6.458838218798530484e-01	5.981841603188317548e-04
6.473043946673131543e-01	5.787445927474206596e-04
6.487113706917612133e-01	5.599457456938718375e-04
6.501048237220048431e-01	5.417663060100079723e-04
6.514848284024417069e-01	5.241856746566800600e-04
6.528514601914208182e-01	5.071839362411980929e-04
6.542047953398469895e-01	4.907418414234669766e-04
6.555449108706746797e-01	4.748407765046164936e-04
6.568718845078613811e-01	4.594627570576242177e-04
6.581857946747419197e-01	4.445903885518212757e-04
6.594867204650879389e-01	4.302068559826119744e-04
6.607747415680338410e-01	4.162959186992861446e-04
6.620499382839819535e-01	4.028418646701616710e-04
6.633123914792092846e-01	3.898295062036377743e-04
6.645621825307579389e-01	3.772441756109194103e-04
6.657993933287557065e-01	3.650716810637587360e-04
6.670241062401450760e-01	3.532983092759503811e-04
6.682364040554185092e-01	3.419108106926435609e-04
6.694363699905253595e-01	3.308963683093258659e-04
6.706240876562068465e-01	3.202425998285414791e-04
6.717996409936042301e-01	3.099375440993061754e-04
6.729631142989729309e-01	2.999696236389105602e-04
6.741145921715567813e-01	2.903276557233068164e-04
6.752541594795267166e-01	2.810008374240260108e-04
6.763819013538667768e-01	2.719787156265164097e-04
6.774979031569617893e-01	2.632511988083281892e-04
6.786022504422907220e-01	2.548085247074492873e-04
6.796950289693857172e-01	2.466412576209960680e-04
6.807763246412676938e-01	2.387402797900543871e-04
6.818462234980331438e-01	2.310967794567751906e-04
6.829048117046154776e-01	2.237022351366213762e-04
6.839521755089431609e-01	2.165484164926929824e-04
6.849884012338799399e-01	2.096273640219034856e-04
6.860135752572281698e-01	2.029313845916962979e-04
6.870277839858123237e-01	1.964530427755106974e-04
6.880311138445383001e-01	1.901851494014184787e-04
6.890236512443748129e-01	1.841207607459828836e-04
6.900054825742412135e-01	1.782531637666775624e-04
6.909766941698407550e-01	1.725758649084118248e-04
6.919373723414924404e-01	1.670825858510392682e-04
6.928876032770440174e-01	1.617672677793308253e-04
6.938274730978472027e-01	1.566240495074392553e-04
6.947570677967943586e-01	1.516472620295342534e-04
6.956764732584249655e-01	1.468314295991943164e-04
6.965857751991877400e-01	1.421712582109668950e-04
6.974850592073078559e-01	1.376616279414524661e-04
6.983744106795778395e-01	1.332975930388699049e-04
6.992539148271310623e-01	1.290743706948258734e-04
7.001236566757552682e-01	1.249873364913936015e-04
7.009837210218495818e-01	1.210320228957974568e-04
7.018341924379536412e-01	1.172041094057429538e-04
7.026751552707418691e-01	1.134994176312427856e-04
7.035066936000937687e-01	1.099139120039858161e-04
7.043288912448045780e-01	1.064436887299567572e-04
7.051418317637742073e-01	1.030849731985691132e-04
7.059455984112749105e-01	9.983411908911490537e-05
7.067402741525126153e-01	9.668759895655021472e-05
7.075259416531877177e-01	9.364200129457560761e-05
7.083026832519033755e-01	9.069403194462222282e-05
7.090705809604941345e-01	8.784050314307265551e-05
7.098297164647706659e-01	8.507833176850442079e-05
7.105801710992383224e-01	8.240453969339139623e-05
7.113220258349801650e-01	7.981624813100089038e-05
7.120553612983947511e-01	7.731066950691227490e-05
7.127802577344043433e-01	7.488511133261333387e-05
7.134967950109729617e-01	7.253697070429817662e-05
7.142050526107180941e-01	7.026372986317600152e-05
7.149051096266414440e-01	6.806295369670114690e-05
7.155970447423408709e-01	6.593228929776433819e-05
7.162809362470893282e-01	6.386945972444439310e-05
7.169568620091036903e-01	6.187226364440245874e-05
7.176248994799125924e-01	5.993857306098213892e-05
7.182851256834802411e-01	5.806633050029006148e-05
7.189376172102146523e-01	5.625354546662420543e-05
7.195824502237520015e-01	5.449829327680131457e-05
7.202197004350183729e-01	5.279871248978893383e-05
7.208494431193540608e-01	5.115300263349526546e-05
7.214717530941829882e-01	4.955942273877788658e-05
7.220867047245428383e-01	4.801629133102409269e-05
7.226943719060227034e-01	4.652197868023611301e-05
7.232948280959564658e-01	4.507490861995927013e-05
7.238881462618429463e-01	4.367355951815634837e-05
7.244743989074154955e-01	4.231645869894551192e-05
7.250536580619642013e-01	4.100218105886755646e-05
7.256259952794326118e-01	3.972934860014432106e-05
7.261914816274727125e-01	3.849662864421212431e-05
7.267501876984141518e-01	3.730273134888983786e-05
7.273021836034964105e-01	3.614640958025396554e-05
7.278475389436384058e-01	3.502645848786316030e-05
7.283863228598548289e-01	3.394170926537028453e-05
7.289186039814077311e-01	3.289103412925821745e-05
7.294444504452354261e-01	3.187334158525530485e-05
7.299639299053107822e-01	3.088757427212570006e-05
7.304771095086354249e-01	2.993271083015580520e-05
7.309840558998476068e-01	2.900776361823527978e-05
7.314848352361239536e-01	2.811177528229684254e-05
7.319795131682265144e-01	2.724382044889352616e-05
7.324681548430287403e-01	2.640300490023582400e-05
7.329508249092938632e-01	2.558846190635078046e-05
7.334275875157252322e-01	2.479935375967721276e-05
7.338985062990877051e-01	2.403487049221571150e-05
7.343636443941221614e-01	2.329422669343499699e-05
7.348230644560718172e-01	2.257666329636639853e-05
7.352768285912398838e-01	2.188144754648468722e-05
7.357249984364241380e-01	2.120786755216144605e-05
7.361676351267377738e-01	2.055523556699302140e-05
7.366047992647993814e-01	1.992288804980027803e-05
7.370365509741502175e-01	1.931017929436442985e-05
7.374629498836047237e-01	1.871648680080099909e-05
7.378840550872077797e-01	1.814120851225010047e-05
7.382999252104361920e-01	1.758376033398093710e-05
7.387106183631222400e-01	1.704357752245875575e-05
7.391161921552109604e-01	1.652011389964046632e-05
7.395167037103339558e-01	1.601284013796902902e-05
7.399122096412870109e-01	1.552124508216018960e-05
7.403027660646525066e-01	1.504483368865613179e-05
7.406884286113512017e-01	1.458312602554977694e-05
7.410692524154065541e-01	1.413565760901756312e-05
7.414452921173110278e-01	1.370198015554346943e-05
7.418166018648515436e-01	1.328165822803840862e-05
7.421832353261077486e-01	1.287427187879296977e-05
7.425452456571214332e-01	1.247941356629612333e-05
7.429026855716291955e-01	1.209668794832820796e-05
7.432556072639415756e-01	1.172571399213874501e-05
7.436040624544145716e-01	1.136612290037280034e-05
7.439481023853633523e-01	1.101755614481094037e-05
7.442877778307867009e-01	1.067966778279383655e-05
7.446231390618558432e-01	1.035212295580799394e-05
7.449542359074070585e-01	1.003459648131092872e-05
7.452811177032850898e-01	9.726774707676781476e-06
7.456038333171092214e-01	9.428353049991839642e-06
7.459224311691055043e-01	9.139037089985208847e-06
7.462369591818779346e-01	8.858542129241095024e-06
7.465474648348322528e-01	8.586591516867060422e-06
7.468539951617069184e-01	8.322917542275459212e-06
7.471565966977192774e-01	8.067262556505876820e-06
7.474553155520499148e-01	7.819374958348354208e-06
7.477501973884292941e-01	7.579011774127222997e-06
7.480412873845876387e-01	7.345938948042832427e-06
7.483286302981752014e-01	7.119928073236167067e-06
7.486122704454079013e-01	6.900758547004450037e-06
7.488922516701245202e-01	6.688217765180519387e-06
7.491686174004531518e-01	6.482098258127372139e-06
7.494414106285349764e-01	6.282199483866898937e-06
7.497106738991341501e-01	6.088328099530031055e-06
7.499764493210205885e-01	5.900296219139782475e-06
7.502387785940340947e-01	5.717921407939046315e-06
7.504977029730119931e-01	5.541027615179365034e-06
7.507532632947919726e-01	5.369444220941745311e-06
7.510054999801700770e-01	5.203005594331957036e-06
7.512544530236473506e-01	5.041551649738556386e-06
7.515001620079738709e-01	4.884926830607148707e-06
7.517426661149062550e-01	4.732980895082656107e-06
7.519820040904255931e-01	4.585568298212414442e-06
7.522182142999195298e-01	4.442547446318987294e-06
7.524513346941291703e-01	4.303781560953888069e-06
7.526814028195851769e-01	4.169138434275946294e-06
7.529084558283715145e-01	4.038489362759404545e-06
7.531325304797343856e-01	3.911709652995168879e-06
7.533536631434676334e-01	3.788678465130144024e-06
7.535718897929581939e-01	3.669279161081575062e-06
7.537872460186164636e-01	3.553398514146632042e-06
7.539997670207292391e-01	3.440926094954529006e-06
7.542094876524541025e-01	3.331755060406572901e-06
7.544164423442606404e-01	3.225782468828903507e-06
7.546206651857019221e-01	3.122908268534838752e-06
7.548221898725738788e-01	3.023035015744872058e-06
7.550210497527863884e-01	2.926068406431985728e-06
7.552172777929653247e-01	2.831917042032317834e-06
7.554109066099047309e-01	2.740492172596964934e-06
7.556019684543356929e-01	2.651707749874776247e-06
7.557904952167155965e-01	2.565480252369656383e-06
7.559765184511413327e-01	2.481728269378679469e-06
7.561600693456974609e-01	2.400373401885998894e-06
7.563411787417543275e-01	2.321339065737745212e-06
7.565198771529223487e-01	2.244550841533343134e-06
7.566961947332188076e-01	2.169936757886779124e-06
7.568701613016518559e-01	2.097426581881789032e-06
7.570418063577235568e-01	2.026951939079270923e-06
7.572111590487256017e-01	1.958446723431738981e-06
7.573782481985806836e-01	1.891846381451521333e-06
7.575431023156318222e-01	1.827087797557117432e-06
7.577057495726753356e-01	1.764109952674187480e-06
7.578662178206202471e-01	1.702853147897811314e-06
7.580245346062791656e-01	1.643258997022375460e-06
7.581807271532449155e-01	1.585270712963478744e-06
7.583348223630523854e-01	1.528833038878503895e-06
7.584868468492278470e-01	1.473891259755912887e-06
7.586368269056089630e-01	1.420392234687719159e-06
7.587847885249386914e-01	1.368283911893555034e-06
7.589307574008190560e-01	1.317514935882587742e-06
7.590747589300902431e-01	1.268034777314872240e-06
7.592168182146440403e-01	1.219793655426127363e-06
7.593569600640364126e-01	1.172742405988657485e-06
7.594952089992025313e-01	1.126832140563280371e-06
7.596315892554318383e-01	1.082014485633100062e-06
7.597661247783442651e-01	1.038240822563506167e-06
7.598988392470411579e-01	9.954626007187717274e-07
7.600297560458602053e-01	9.536309552760929502e-07
7.601588982897012903e-01	9.126962552320342278e-07
7.602862888298499433e-01	8.726077155940616336e-07
7.604119502356042615e-01	8.333133171906810434e-07
7.605359048167411595e-01	7.947593599031236362e-07
7.606581746055238735e-01	7.568890952206204739e-07
7.607787813987716419e-01	7.196424978654469762e-07
7.608977467121819105e-01	6.829553798678197595e-07
7.610150918116259655e-01	6.467579575573817225e-07
7.611308377025837180e-01	6.109726475168032207e-07
7.612450051516038707e-01	5.755121486666783043e-07
7.613576146633895814e-01	5.402758424575309569e-07
7.614686865042636921e-01	5.046323521571766463e-07
7.615782407030888823e-01	4.694784458527279367e-07
7.616862970216815576e-01	4.341067395099198597e-07
7.617928750164401075e-01	3.982847643164487167e-07
7.618979939872321250e-01	3.616984932247706769e-07
7.620016730009069317e-01	3.238998760854889265e-07
7.621039308990588124e-01	2.842027833414729162e-07
7.622047862975086518e-01	2.414470506755523719e-07
7.623042575711254099e-01	1.933598506275938860e-07
7.624023628861610336e-01	1.340384638662488005e-07
7.624991201811595065e-01	0.000000000000000000e+00
