# Data associated with arXiv:2208.14002
# 
# Scale-free J-factor angular distribution, J_S(theta), of a nfw0-7rhos4e6 dark matter distribution (see Eq. 2.4 and the surrounding discussion)
# 
# Published: 8/25/22, Jack Runburg and Kenny Kiriu, contact: runburg@hawaii.edu
# 
# 
# -----------------------------------------------------------------
# 
# 	 tilde theta 		 | 	 tilde J s-wave 		 | 	 tilde J p-wave 		 | 	 tilde J d-wave 		 | 	 tilde J sommerfeld 
# 
# -----------------------------------------------------------------
1.000000000000000021e-03	3.444406769962296266e+02	1.224891819850637091e+02	3.115034170064940326e+02	3.331378458597363988e+03
1.021192151037671062e-03	3.424675160577140218e+02	1.224094290992952523e+02	3.114104236599770843e+02	3.292942808773817887e+03
1.042833409340945643e-03	3.404485507290336841e+02	1.223276510961967460e+02	3.113150633767404543e+02	3.253666360335131685e+03
1.064933292458827233e-03	3.383838995838169126e+02	1.222438351919755632e+02	3.112173209421289926e+02	3.213556933059219318e+03
1.087501519637659123e-03	3.362738458026559556e+02	1.221579739490072996e+02	3.111171874528084800e+02	3.172626055498152255e+03
1.110548016095517111e-03	3.341188659515624977e+02	1.220700664104030579e+02	3.110146616823413979e+02	3.130889571344651813e+03
1.134082917387199208e-03	3.319196655196038250e+02	1.219801195510327148e+02	3.109097518355592342e+02	3.088368379189194457e+03
1.158116573861711456e-03	3.296772238084436140e+02	1.218881501843687261e+02	3.108024778653360158e+02	3.045089353382977151e+03
1.182659555214217667e-03	3.273928522796168750e+02	1.217941875535420593e+02	3.106928746370412568e+02	3.001086519992662943e+03
1.207722655134462354e-03	3.250682732163099899e+02	1.216982770011023263e+02	3.105809964347688492e+02	2.956402608693778348e+03
1.233316896053688856e-03	3.227057309119447837e+02	1.216004854433178792e+02	3.104669237206455819e+02	2.911091190951038243e+03
1.259453533992170365e-03	3.203081589351183993e+02	1.215009100923720240e+02	3.103507739633788560e+02	2.865219800807235060e+03
1.286144063509461061e-03	3.178794537035807934e+02	1.213996935934824251e+02	3.102327205286268850e+02	2.818874864601536956e+03
1.313400222759557485e-03	3.154249768024944842e+02	1.212970534925993888e+02	3.101130296262748516e+02	2.772170410616551635e+03
1.341233998653187541e-03	3.129526459886411089e+02	1.211933498078384019e+02	3.099921453711740469e+02	2.725266241159757556e+03
1.369657632129505243e-03	3.104760338354551550e+02	1.210892860229642167e+02	3.098709435816293762e+02	2.678417603389054420e+03
1.398683623539492566e-03	3.080295770325155900e+02	1.209869301434931685e+02	3.097520237251318918e+02	2.632211350027581375e+03
1.428324738143458596e-03	3.055156753385824686e+02	1.208792758797231386e+02	3.096264940909395023e+02	2.585237590823543997e+03
1.458594011725036863e-03	3.029815157714925817e+02	1.207685334302930329e+02	3.094970699433262666e+02	2.538426283348648667e+03
1.489504756324154782e-03	3.003905313256922227e+02	1.206517121737407479e+02	3.093599160193968487e+02	2.491316333235800357e+03
1.521070566091505720e-03	2.978539571910290533e+02	1.205365274479497941e+02	3.092248133006499984e+02	2.445571159550953780e+03
1.553305323267072666e-03	2.953529168167585226e+02	1.204217615788316778e+02	3.090902240707187616e+02	2.400881290739741871e+03
1.586223204285366938e-03	2.928297155675412000e+02	1.203032267631224528e+02	3.089508111161075590e+02	2.356397925371225938e+03
1.619838686010041055e-03	2.903280327208290714e+02	1.201840169634451172e+02	3.088105038832435412e+02	2.312755849753495113e+03
1.654166552100628336e-03	2.878475660884175227e+02	1.200641241516187421e+02	3.086692919947635119e+02	2.269937216841811278e+03
1.689221899514206692e-03	2.853873066444486994e+02	1.199435191640000511e+02	3.085271416305852199e+02	2.227904262263262808e+03
1.725020145144853453e-03	2.829473657805108928e+02	1.198222064167593430e+02	3.083840551273995061e+02	2.186649957407454622e+03
1.761577032603788440e-03	2.805282527480343333e+02	1.197002026950386977e+02	3.082400488015208566e+02	2.146174505165181017e+03
1.798908639143220224e-03	2.781296263511372331e+02	1.195775000886366541e+02	3.080951105016492306e+02	2.106461953466626255e+03
1.837031382726912916e-03	2.757505444521890468e+02	1.194540720782366634e+02	3.079492069166565216e+02	2.067479817763365190e+03
1.875962029250603357e-03	2.733911170801943058e+02	1.193299236063434279e+02	3.078023405080659813e+02	2.029220461124695476e+03
1.915717699915417882e-03	2.710518486716326265e+02	1.192050724342978185e+02	3.076545283992737723e+02	1.991687898952854539e+03
1.956315878757565116e-03	2.687323627213521604e+02	1.190795090304760606e+02	3.075057563775125118e+02	1.954862103562078573e+03
1.997774420337589726e-03	2.664317803390252379e+02	1.189532058643809336e+02	3.073559911346159765e+02	1.918714508095158635e+03
2.040111557592579582e-03	2.641502102148896824e+02	1.188261653707864269e+02	3.072052347713460563e+02	1.883236341400366427e+03
2.083345909854779961e-03	2.618881511912534847e+02	1.186984053628465574e+02	3.070535050691781862e+02	1.848428480076558799e+03
2.127496491040134757e-03	2.596451949758921955e+02	1.185699147396938855e+02	3.069007856636549150e+02	1.814274003411954709e+03
2.172582718010372237e-03	2.574205224465856645e+02	1.184406679864091529e+02	3.067470437074878760e+02	1.780747175450459508e+03
2.218624419112281976e-03	2.552142409757723556e+02	1.183106703574110554e+02	3.065922817736583283e+02	1.747843587258191747e+03
2.265641842897974604e-03	2.530268431056654777e+02	1.181799412033135894e+02	3.064365185608353386e+02	1.715562261054766850e+03
2.313655667029933423e-03	2.508578920571411288e+02	1.180484678992035583e+02	3.062797355391138581e+02	1.683888624348167014e+03
2.362687007374795686e-03	2.487066251576108868e+02	1.179162252809463354e+02	3.061219001011432397e+02	1.652799422787301410e+03
2.412757427289825233e-03	2.465731485009947335e+02	1.177832178636582228e+02	3.059630147373829914e+02	1.622287150967703610e+03
2.463888947106213784e-03	2.444579476878195123e+02	1.176494624486627458e+02	3.058030983281466888e+02	1.592352664390384007e+03
2.516104053813336943e-03	2.423605605362220956e+02	1.175149437430630712e+02	3.056421298613896056e+02	1.562978053937897812e+03
2.569425710948245768e-03	2.402802777029695847e+02	1.173796371897889657e+02	3.054800770042288036e+02	1.534143520003899084e+03
2.623877368694733318e-03	2.382172039692023020e+02	1.172435487706256083e+02	3.053169424963269307e+02	1.505842841338029302e+03
2.679482974196439188e-03	2.361718174677500599e+02	1.171066997001806556e+02	3.051527466347994277e+02	1.478080046402495555e+03
2.736266982088478034e-03	2.341436334975257694e+02	1.169690734666751837e+02	3.049874661517475261e+02	1.450836866287444536e+03
2.794254365252289707e-03	2.321319930424323843e+02	1.168306460439041530e+02	3.048210689844543708e+02	1.424095409670600475e+03
2.853470625798387814e-03	2.301369996375715345e+02	1.166914236578829787e+02	3.046535579445840085e+02	1.397852201146020889e+03
2.913941806281861776e-03	2.281591233609939593e+02	1.165514271810697124e+02	3.044849538973337530e+02	1.372106460431553387e+03
2.975694501155571117e-03	2.261978597626786609e+02	1.164106344526909993e+02	3.043152303779889394e+02	1.346842532018959446e+03
3.038755868466027146e-03	2.242525972813956798e+02	1.162690214549017327e+02	3.041443554868043293e+02	1.322042182265644215e+03
3.103153641797168783e-03	2.223234382305406882e+02	1.161265946775517364e+02	3.039723320531679747e+02	1.297701612309841266e+03
3.168916142467233243e-03	2.204108441708046371e+02	1.159833769373457955e+02	3.037991818910419966e+02	1.273822086884437340e+03
3.236072291984112663e-03	2.185142934461912034e+02	1.158393482990572210e+02	3.036248767871045970e+02	1.250389553894097844e+03
3.304651624764658874e-03	2.166332192632422391e+02	1.156944859028424730e+02	3.034493852814892421e+02	1.227388483577085253e+03
3.374684301123556836e-03	2.147677227208231727e+02	1.155487966135899285e+02	3.032727103148383208e+02	1.204814129043612866e+03
3.446201120537424525e-03	2.129182564238309112e+02	1.154023045958367391e+02	3.030948746229051949e+02	1.182669791255596920e+03
3.519233535190044709e-03	2.110842839240816318e+02	1.152549853615654882e+02	3.029158467937814976e+02	1.160939277762445727e+03
3.593813663804625805e-03	2.092652806145551381e+02	1.151068129670523348e+02	3.027355948241641954e+02	1.139607933175569087e+03
3.669974305769219299e-03	2.074613463886278453e+02	1.149577943326946610e+02	3.025541216139513381e+02	1.118671967961888640e+03
3.747748955561452412e-03	2.056729245611956287e+02	1.148079540478878755e+02	3.023714505114754729e+02	1.098132523486201308e+03
3.827171817478984984e-03	2.038994660832156285e+02	1.146572682821737033e+02	3.021875479556670143e+02	1.077976449217298068e+03
3.908277820682117681e-03	2.021404860994856847e+02	1.145057157031576480e+02	3.020023831807508259e+02	1.058190763216809273e+03
3.991102634555192957e-03	2.003960833472060870e+02	1.143533038134574724e+02	3.018159591861671629e+02	1.038773397543692909e+03
4.075682684393532908e-03	1.986666914320688306e+02	1.142000583132920042e+02	3.016283001451870405e+02	1.019724238214670322e+03
4.162055167422817371e-03	1.969517508880856838e+02	1.140459531867971492e+02	3.014393696781208973e+02	1.001031322317571721e+03
4.250258069157961290e-03	1.952508142514773795e+02	1.138909633609875982e+02	3.012491362004969346e+02	9.826826326467399895e+02
4.340330180108637088e-03	1.935639791234673623e+02	1.137350940893928737e+02	3.010576020693288228e+02	9.646734450769798741e+02
4.432311112838861061e-03	1.918916691197401576e+02	1.135783719542388752e+02	3.008647921659951407e+02	9.470061957852203705e+02
4.526241319388085715e-03	1.902333162893411043e+02	1.134207691121865338e+02	3.006706672510276235e+02	9.296674071484978867e+02
4.622162109061505458e-03	1.885885083714573227e+02	1.132622653882308725e+02	3.004751971592713744e+02	9.126475711727472344e+02
4.720115666597336779e-03	1.869573418209089652e+02	1.131028692481252165e+02	3.002783850216466703e+02	8.959432255352913899e+02
4.820145070719144588e-03	1.853402300533617790e+02	1.129426086124973097e+02	3.000802565819344068e+02	8.795570870852969847e+02
4.922294313081310678e-03	1.837365984194682937e+02	1.127814532327884649e+02	2.998807695172436638e+02	8.634759857921225148e+02
5.026608317615998724e-03	1.821460677708390676e+02	1.126193811933586346e+02	2.996798933218308889e+02	8.476906641111811496e+02
5.133132960290130720e-03	1.805687334778801585e+02	1.124563973302285831e+02	2.994776300388551249e+02	8.321986557720152859e+02
5.241915089281041530e-03	1.790049984242825474e+02	1.122925292213698185e+02	2.992740057210822897e+02	8.169999108978065578e+02
5.353002545579732367e-03	1.774542830683404588e+02	1.121277445345347417e+02	2.990689748912750474e+02	8.020839068323040237e+02
5.466444184030696055e-03	1.759162393414922292e+02	1.119620247299996549e+02	2.988625081121543872e+02	7.874418661991309136e+02
5.582289894817666839e-03	1.743909615537900777e+02	1.117953790865756218e+02	2.986546085418848975e+02	7.730714912736223141e+02
5.700590625404708227e-03	1.728788418849441371e+02	1.116278371905268045e+02	2.984453032052736603e+02	7.589740490960805346e+02
5.821398402942216249e-03	1.713792974609816326e+02	1.114593650384533703e+02	2.982345436717981784e+02	7.451390227269639581e+02
5.944766357147824969e-03	1.698920094106848353e+02	1.112899438880786391e+02	2.980223005992008893e+02	7.315587564125315794e+02
6.070748743672167193e-03	1.684170709857608585e+02	1.111195780110976159e+02	2.978085754401680560e+02	7.182298335454245262e+02
6.199400967959818945e-03	1.669548635202251035e+02	1.109482956709291983e+02	2.975933951110856697e+02	7.051541474218322492e+02
6.330779609615908021e-03	1.655048022763175481e+02	1.107760606230032607e+02	2.973767078499600984e+02	6.923208032382223109e+02
6.464942447289089879e-03	1.640665957870271541e+02	1.106028557758171473e+02	2.971584848390170919e+02	6.797232177939422400e+02
6.601948484081890736e-03	1.626403362951986651e+02	1.104286915912864373e+02	2.969387293685047098e+02	6.673595168939972382e+02
6.741857973499477616e-03	1.612263940768965824e+02	1.102535996189460406e+02	2.967174697099573564e+02	6.552304866090310043e+02
6.884732445948405985e-03	1.598241839728374316e+02	1.100775412304732015e+02	2.964946507181832658e+02	6.433266756165415927e+02
7.030634735796891313e-03	1.584334401929280318e+02	1.099005003364247983e+02	2.962702440276232778e+02	6.316418345209810923e+02
7.179629009008595825e-03	1.570542539734087484e+02	1.097224816754896892e+02	2.960442507559984620e+02	6.201738127578290687e+02
7.331780791361950343e-03	1.556869844685893156e+02	1.095435144598281170e+02	2.958166985242697820e+02	6.089228492014857466e+02
7.487156997267587974e-03	1.543310473286553020e+02	1.093635577418140485e+02	2.955875285666605237e+02	5.978801475426986372e+02
7.645825959196438613e-03	1.529862008357760317e+02	1.091825966859579040e+02	2.953567129683548274e+02	5.870405912285672230e+02
7.807857457731475631e-03	1.516525352868030154e+02	1.090006427981247441e+02	2.951242550075695021e+02	5.764018279227789208e+02
7.973322752256328111e-03	1.503303985049874427e+02	1.088177295840154670e+02	2.948901841793282870e+02	5.659655269522457957e+02
8.142294612294233985e-03	1.490192082496655814e+02	1.086338142794209176e+02	2.946544384248589949e+02	5.557222165754421894e+02
8.314847349511189298e-03	1.477187453013534366e+02	1.084488820277268530e+02	2.944169897231770960e+02	5.456675181168677682e+02
8.491056850397209546e-03	1.464290990105254764e+02	1.082629380409085087e+02	2.941778385141501531e+02	5.357988585058582203e+02
8.671000609640279119e-03	1.451506058797962169e+02	1.080760132797965127e+02	2.939370132658854686e+02	5.261173765303057053e+02
8.854757764207504128e-03	1.438826867969832790e+02	1.078880622417223663e+02	2.936944478932853144e+02	5.166144384326528325e+02
9.042409128148579806e-03	1.426251436221893414e+02	1.076990722303663262e+02	2.934501151968964336e+02	5.072858418201012682e+02
9.234037228136720080e-03	1.413780647708770175e+02	1.075090560845512755e+02	2.932040184588817624e+02	4.981307602167240702e+02
9.429726339762870002e-03	1.401417753735291853e+02	1.073180489086038278e+02	2.929561879452234052e+02	4.891493192005407877e+02
9.629562524599030379e-03	1.389157004784479454e+02	1.071260036945740950e+02	2.927065543378252528e+02	4.803341814559087197e+02
9.833633668047030499e-03	1.376996616228534833e+02	1.069329060665231026e+02	2.924550897783084906e+02	4.716807855374411247e+02
1.004202951798940403e-02	1.364937463952161920e+02	1.067387620020074053e+02	2.922017941476398164e+02	4.631876566570468867e+02
1.025484172425938229e-02	1.352982683053197661e+02	1.065436056409935190e+02	2.919466971269722535e+02	4.548552325352002867e+02
1.047216387894729824e-02	1.341126577124059338e+02	1.063473869833440375e+02	2.916897250311700418e+02	4.466762726470108760e+02
1.069409155756119272e-02	1.329367544563475860e+02	1.061500952938824014e+02	2.914308512821970680e+02	4.386474082404993169e+02
1.092072236105970547e-02	1.317706450898069193e+02	1.059517453322326617e+02	2.911700793097397764e+02	4.307672893517132593e+02
1.115215595877575537e-02	1.306146321715802685e+02	1.057523739813839114e+02	2.909074400758020715e+02	4.230372256084474429e+02
1.138849413224978825e-02	1.294681515573858519e+02	1.055519289829532141e+02	2.906428559966828971e+02	4.154497275531606988e+02
1.162984081999205582e-02	1.283310603726078511e+02	1.053503939517724746e+02	2.903762976486253251e+02	4.080013441231300249e+02
1.187630216319339981e-02	1.272034444145677696e+02	1.051477780802910900e+02	2.901077655394209387e+02	4.006905637037964425e+02
1.212798655240480798e-02	1.260855945213162244e+02	1.049441193145560902e+02	2.898372906159407307e+02	3.935182595357260311e+02
1.238500467520621366e-02	1.249769536137548869e+02	1.047393634553190935e+02	2.895647913128871096e+02	3.864777528052221669e+02
1.264746956488544717e-02	1.238773946652224964e+02	1.045335020552427494e+02	2.892902417142612421e+02	3.795661796243575736e+02
1.291549665014883955e-02	1.227870026910586176e+02	1.043265505542591995e+02	2.890136445914810679e+02	3.727829509786179756e+02
1.318920380588532899e-02	1.217060570109652389e+02	1.041185480807797177e+02	2.887350313454685420e+02	3.661284699308382073e+02
1.346871140500627631e-02	1.206340081446405748e+02	1.039094326023221839e+02	2.884543129907946195e+02	3.595964390473191088e+02
1.375414237138396570e-02	1.195707438728665437e+02	1.036991891378994382e+02	2.881714598023420990e+02	3.531839982809732987e+02
1.404562223391196511e-02	1.185163485361607627e+02	1.034878330108475808e+02	2.878864742902447915e+02	3.468898920510176822e+02
1.434327918171109106e-02	1.174710896740701003e+02	1.032754037303513712e+02	2.875993877268178949e+02	3.407149388376593606e+02
1.464724412050539583e-02	1.164344263826829859e+02	1.030618427530971957e+02	2.873101100884560424e+02	3.346532754007608332e+02
1.495765073019278586e-02	1.154062600873763671e+02	1.028471443023348826e+02	2.870186162828290435e+02	3.287027636636805710e+02
1.527463552363575450e-02	1.143866742310535471e+02	1.026313258572579485e+02	2.867249093745905384e+02	3.228623646461218755e+02
1.559833790669801906e-02	1.133759253744309348e+02	1.024144240846802631e+02	2.864290186395954834e+02	3.171328253001579469e+02
1.592890023955338338e-02	1.123734810383379852e+02	1.021963673675754762e+02	2.861308428609859220e+02	3.115081453961496436e+02
1.626646789929399317e-02	1.113792555430276110e+02	1.019771500474767265e+02	2.858303562866684615e+02	3.059861222410663686e+02
1.661118934386526108e-02	1.103933316390024828e+02	1.017567901726129236e+02	2.855275615108125749e+02	3.005663699035700915e+02
1.696321617735579643e-02	1.094159544359855829e+02	1.015353286999444009e+02	2.852224894715789674e+02	2.952489738195537825e+02
1.732270321667098503e-02	1.084466009599201186e+02	1.013127032887802557e+02	2.849150418943133900e+02	2.900290886289430432e+02
1.768980855961942850e-02	1.074851973174339008e+02	1.010889106837343405e+02	2.846051943054034155e+02	2.849047660511210438e+02
1.806469365444235767e-02	1.065318255584669060e+02	1.008639629545516243e+02	2.842929445373989097e+02	2.798752788147496062e+02
1.844752337081655841e-02	1.055867194586059838e+02	1.006378929117444443e+02	2.839783175912386923e+02	2.749405267956814782e+02
1.883846607236187159e-02	1.046493660161855672e+02	1.004106348049343325e+02	2.836612095673748399e+02	2.700958487221711266e+02
1.923769369068539445e-02	1.037197022268327657e+02	1.001821873114860324e+02	2.833415965017297253e+02	2.653398962780918851e+02
1.964538180099485026e-02	1.027978094966410225e+02	9.995257057019321678e+01	2.830194811242210449e+02	2.606716614468552393e+02
2.006170969931423895e-02	1.018839103053900033e+02	9.972182800783861012e+01	2.826948947174200839e+02	2.560918756115356132e+02
2.048686048133601528e-02	1.009775020971657398e+02	9.948988981323611824e+01	2.823677270774757062e+02	2.515957708584996908e+02
2.092102112294418406e-02	1.000785319196500183e+02	9.925674488522858496e+01	2.820379466346311119e+02	2.471817412995798406e+02
2.136438256244391209e-02	9.918708056263230333e+01	9.902240851663842136e+01	2.817055518255057223e+02	2.428488792420221216e+02
2.181713978453380873e-02	9.830335924851284801e+01	9.878692402172833908e+01	2.813705725346605959e+02	2.385976711967938400e+02
2.227949190605761978e-02	9.742687632941155584e+01	9.855022293666689848e+01	2.810328968362992441e+02	2.344239875741796197e+02
2.275164226357336353e-02	9.655758809245070040e+01	9.831230649484156459e+01	2.806925007972095614e+02	2.303264796166466226e+02
2.323379850277806913e-02	9.569557473187421692e+01	9.807319620253045400e+01	2.803493863069978715e+02	2.263049633180744706e+02
2.372617266982774559e-02	9.484103628060958613e+01	9.783292989868429856e+01	2.800035789809977018e+02	2.223591456866909652e+02
2.422898130459259780e-02	9.399349241043599079e+01	9.759142353477028564e+01	2.796549511621226998e+02	2.184849943293226318e+02
2.474244553588843265e-02	9.315290785806573126e+01	9.734868013609984416e+01	2.793034794683900941e+02	2.146812846502755576e+02
2.526679117872631872e-02	9.231936233719558516e+01	9.710472265969201544e+01	2.789491655724596626e+02	2.109476735903581357e+02
2.580224883362318075e-02	9.149304458895734626e+01	9.685959602611903563e+01	2.785920377605610270e+02	2.072843641543432796e+02
2.634905398801689475e-02	9.067348611108397449e+01	9.661322685420792311e+01	2.782319735301492187e+02	2.036877181195791593e+02
2.690744711983068457e-02	8.986065933051497723e+01	9.636561298390199681e+01	2.778689445879650748e+02	2.001567991400012545e+02
2.747767380323228384e-02	8.905464340172376581e+01	9.611676762170021959e+01	2.775029436173959425e+02	1.966906087544351749e+02
2.805998481663422514e-02	8.825561616121207464e+01	9.586673306531814376e+01	2.771339959375710009e+02	1.932896228406429771e+02
2.865463625298309350e-02	8.746312094553621819e+01	9.561543459859124994e+01	2.767619745882615234e+02	1.899502204432851613e+02
2.926188963238583740e-02	8.667713729250567667e+01	9.536287876794953888e+01	2.763868574724095879e+02	1.866716144338720937e+02
2.988201201712300387e-02	8.589774393621382842e+01	9.510909211920265705e+01	2.760086473965604910e+02	1.834534584134433715e+02
3.051527612909937445e-02	8.512510755446299981e+01	9.485411204087741055e+01	2.756273642287596317e+02	1.802957415083455714e+02
3.116196046978347151e-02	8.435878395356509429e+01	9.459784726529983345e+01	2.752428622150416118e+02	1.771950511757653999e+02
3.182234944268905880e-02	8.359875901359980332e+01	9.434030497197475995e+01	2.748551179038549321e+02	1.741505472001636861e+02
3.249673347845206950e-02	8.284511101410160450e+01	9.408151395727747968e+01	2.744641349363045038e+02	1.711621279797502950e+02
3.318540916255835471e-02	8.209799579643517120e+01	9.382151814688258185e+01	2.740699366116594433e+02	1.682297326230839758e+02
3.388867936577820428e-02	8.135698164208632477e+01	9.356023827427102901e+01	2.736723852355207782e+02	1.653505135193707076e+02
3.460685337736497946e-02	8.062206025045935576e+01	9.329767134087626346e+01	2.732714471547790822e+02	1.625234432677999337e+02
3.534024704107661952e-02	7.989330953819603565e+01	9.303383763084482894e+01	2.728671168366132065e+02	1.597481590475857161e+02
3.608918289407971741e-02	7.917087442077699677e+01	9.276878275561604426e+01	2.724594188232002239e+02	1.570246650664132630e+02
3.685399030879719234e-02	7.845433605847522074e+01	9.250242758298350054e+01	2.720482123589118828e+02	1.543503469328840083e+02
3.763500563776207147e-02	7.774369133325389214e+01	9.223478402942753007e+01	2.716334756072835717e+02	1.517246461892623017e+02
3.843257236154112161e-02	7.703901785632267263e+01	9.196587676165431446e+01	2.712152047638570025e+02	1.491471335281895847e+02
3.924704123979310538e-02	7.634044964245886433e+01	9.169573242393583712e+01	2.707934017688837116e+02	1.466177198453801793e+02
4.007877046552850431e-02	7.564758099160845006e+01	9.142426845139267755e+01	2.703679182494815905e+02	1.441336750248547389e+02
4.092812582263813392e-02	7.496041340737426140e+01	9.115149819499002604e+01	2.699387319245882964e+02	1.416945600828178442e+02
4.179548084676026898e-02	7.427902425923109320e+01	9.087745401800465572e+01	2.695058457546402337e+02	1.393001167497917265e+02
4.268121698955689575e-02	7.360353664660657103e+01	9.060218024756485988e+01	2.690692797787529003e+02	1.369504799545124740e+02
4.358572378647117967e-02	7.293355829879757835e+01	9.032557786947411671e+01	2.686288648368732197e+02	1.346429639027639666e+02
4.450939902804028347e-02	7.226909477701828166e+01	9.004765391895367088e+01	2.681845701494214040e+02	1.323769661698306379e+02
4.545264893483848267e-02	7.161022327646652741e+01	8.976844478525188720e+01	2.677364023840156619e+02	1.301524961270849303e+02
4.641588833612779463e-02	7.095705602145207536e+01	8.948799588874885558e+01	2.672843802062237728e+02	1.279693757731426871e+02
4.739954085229469011e-02	7.030921435697368338e+01	8.920622004227941204e+01	2.668283419869466115e+02	1.258255186622231747e+02
4.840403908115278181e-02	6.966670741318675653e+01	8.892311782134569853e+01	2.663682475769541043e+02	1.237201724194734851e+02
4.942982478819387543e-02	6.902961229013175171e+01	8.863871842201349693e+01	2.659040947855443164e+02	1.216532310520507707e+02
5.047734910087089966e-02	6.839803028261317763e+01	8.835306554951370117e+01	2.654358980402571433e+02	1.196245581288055035e+02
5.154707270699779992e-02	6.777159663361980790e+01	8.806607606927300935e+01	2.649634978982762163e+02	1.176322193262185039e+02
5.263946605735428386e-02	6.715032352757988576e+01	8.777776791542147805e+01	2.644868734964737769e+02	1.156759108366189821e+02
5.375500957258409762e-02	6.653428795854443933e+01	8.748816036502179827e+01	2.640060063548934863e+02	1.137551210753362767e+02
5.489419385447772554e-02	6.592358053796945683e+01	8.719728899780722031e+01	2.635208993255567975e+02	1.118697866108245478e+02
5.605751990173300781e-02	6.531785036062193228e+01	8.690506614953034159e+01	2.630313820081246377e+02	1.100180417896596339e+02
5.724549933028778848e-02	6.471711228657018466e+01	8.661151582384131586e+01	2.625374402925492063e+02	1.081996312127754578e+02
5.845865459832211286e-02	6.412144348872342903e+01	8.631667552827147460e+01	2.620390769656530097e+02	1.064143281810530652e+02
5.969751923602879817e-02	6.353092324942006286e+01	8.602056577670735749e+01	2.615362722085561131e+02	1.046619172483541291e+02
6.096263808025296355e-02	6.294521534062123891e+01	8.572309836080047774e+01	2.610288537750759588e+02	1.029406336434731202e+02
6.225456751410456124e-02	6.236433664577711511e+01	8.542429629208474751e+01	2.605168019241419870e+02	1.012501588318211816e+02
6.357387571164835327e-02	6.178836461029911220e+01	8.512420347286311539e+01	2.600001253498172673e+02	9.959045468567397563e+01
6.492114288777969811e-02	6.121736710845969043e+01	8.482284804785587085e+01	2.594788128633158522e+02	9.796129840526957366e+01
6.629696155339574737e-02	6.065102283656719351e+01	8.452012662032457513e+01	2.589526670942264559e+02	9.636094386558301039e+01
6.770193677597398374e-02	6.008935025408063524e+01	8.421606549716383938e+01	2.584216723035697214e+02	9.478907983605735410e+01
6.913668644567325106e-02	5.953236074069828021e+01	8.391066338161529359e+01	2.578858444482758614e+02	9.324571823123831393e+01
7.060184154707406512e-02	5.898031001086594927e+01	8.360410494166350759e+01	2.573451755901143088e+02	9.173096000735539235e+01
7.209804643667737378e-02	5.843269257662152683e+01	8.329613355018915399e+01	2.567994630500850235e+02	9.024277277650472229e+01
7.362595912628441819e-02	5.788959450899413639e+01	8.298681824620565806e+01	2.562486740922940385e+02	8.878101557248622555e+01
7.518625157238204015e-02	5.735109463270488561e+01	8.267620882312309050e+01	2.556928219493789811e+02	8.734572889129665896e+01
7.677960997166025092e-02	5.681723613977269594e+01	8.236434352772256773e+01	2.551319062887847053e+02	8.593669562911111370e+01
7.840673506279315086e-02	5.628772986596023031e+01	8.205112063165687175e+01	2.545657233851177637e+02	8.455250575436501492e+01
8.006834243461452560e-02	5.576259565169038268e+01	8.173655377092411811e+01	2.539942328260812019e+02	8.319284612206558904e+01
8.176516284082480102e-02	5.524191352215727591e+01	8.142069861279163945e+01	2.534174597374321820e+02	8.185767636641000422e+01
8.349794252136732986e-02	5.472571313900333934e+01	8.110359004393647808e+01	2.528353967898635233e+02	8.054688552834785753e+01
8.526744353061486981e-02	5.421372277529209072e+01	8.078512956314966686e+01	2.522478403260136020e+02	7.925908808169104702e+01
8.707444407251174745e-02	5.370596202659285723e+01	8.046533275490989467e+01	2.516547502185511576e+02	7.799405657417601390e+01
8.891973884281766105e-02	5.320251185194933186e+01	8.014425481827372266e+01	2.510561456670455129e+02	7.675175087400049279e+01
9.080413937860487561e-02	5.270338938934913386e+01	7.982192736324232385e+01	2.504520100010732335e+02	7.553204110491971335e+01
9.272847441516200717e-02	5.220833944568008889e+01	7.949825398961398548e+01	2.498421381019493879e+02	7.433367537803110281e+01
9.469359025046093781e-02	5.171738138032339549e+01	7.917324862730220048e+01	2.492264852733491978e+02	7.315637517823360270e+01
9.670035111734798239e-02	5.123059682814096760e+01	7.884697306797544059e+01	2.486050821464116609e+02	7.200017168787599076e+01
9.874963956362264872e-02	5.074799136533393096e+01	7.851945474270235081e+01	2.479779094051573338e+02	7.086490388272157759e+01
1.008423568401705106e-01	5.026932546832989601e+01	7.819059526984585773e+01	2.473447513167348575e+02	6.974943417933255319e+01
1.029794232973221257e-01	4.979461826452259032e+01	7.786041628143787818e+01	2.467055744660532923e+02	6.865349812617095893e+01
1.051617787896111378e-01	4.932395183577030906e+01	7.752898545440990574e+01	2.460604220777510989e+02	6.757719334370437991e+01
1.073903830891107247e-01	4.885732109168347392e+01	7.719632060180342137e+01	2.454092535128053214e+02	6.652022470437442792e+01
1.096662163075285135e-01	4.839450136274603409e+01	7.686232295915270640e+01	2.447518447907697521e+02	6.548159765946411426e+01
1.119902793272475605e-01	4.793551154306972251e+01	7.652702347131670990e+01	2.440881784838203146e+02	6.446109438269012060e+01
1.143635942415015677e-01	4.748043395267848155e+01	7.619049134331248752e+01	2.434182988550292066e+02	6.345887496964223118e+01
1.167872048038782751e-01	4.702925367997849548e+01	7.585273206054576178e+01	2.427421405462661141e+02	6.247452823505704345e+01
1.192621768873494831e-01	4.658176012896337426e+01	7.551364905310414599e+01	2.420594804073411410e+02	6.150714925276687950e+01
1.217895989530276418e-01	4.613797196402856571e+01	7.517328525415422291e+01	2.413703216769366975e+02	6.055664575264577110e+01
1.243705825288575900e-01	4.569797155049725745e+01	7.483170797424423881e+01	2.406747042480572532e+02	5.962309112330414251e+01
1.270062626984522769e-01	4.526173494963288135e+01	7.448891008265113101e+01	2.399725443655127890e+02	5.870604366884025183e+01
1.296977986002878502e-01	4.482906489845830578e+01	7.414481823499666291e+01	2.392636620467523301e+02	5.780478711094841771e+01
1.324463739374786009e-01	4.439997983439729978e+01	7.379947475284410530e+01	2.385480591823546206e+02	5.691920398699040362e+01
1.352531974983535168e-01	4.397456197772965680e+01	7.345293104601516632e+01	2.378257332629525251e+02	5.604928684223143875e+01
1.381195036880665805e-01	4.355277912913239646e+01	7.310518156147759328e+01	2.370965997383627553e+02	5.519465928248330044e+01
1.410465530714722360e-01	4.313444664474663170e+01	7.275616630247266414e+01	2.363605032299506661e+02	5.435473419624358371e+01
1.440356329275057634e-01	4.271958273911694448e+01	7.240591595132364944e+01	2.356174201529693448e+02	5.352936012804048005e+01
1.470880578153118678e-01	4.230826931913136235e+01	7.205448209651689240e+01	2.348673577051248174e+02	5.271842571380437903e+01
1.502051701523716420e-01	4.190046663542266003e+01	7.170187948222988439e+01	2.341102790107576368e+02	5.192172193363987986e+01
1.533883408048797858e-01	4.149600198910248849e+01	7.134804448287700041e+01	2.333460156489815347e+02	5.113866762300798285e+01
1.566389696906345663e-01	4.109489337767340089e+01	7.099299064325064990e+01	2.325745062759383472e+02	5.036905924241826682e+01
1.599584863947036695e-01	4.069722223267105221e+01	7.063678969124053708e+01	2.317957904128343785e+02	4.961288555843053416e+01
1.633483507981373095e-01	4.030294193092780120e+01	7.027944942652163718e+01	2.310098175539775696e+02	4.886993686378748691e+01
1.668100537200059019e-01	3.991189107534330560e+01	6.992088788608968741e+01	2.302163744745362806e+02	4.813955551000539401e+01
1.703451175730422984e-01	3.952408744554544739e+01	6.956114162489447494e+01	2.294154546225243791e+02	4.742166926444739516e+01
1.739550970331800450e-01	3.913961186038888229e+01	6.920030066288312298e+01	2.286071568055333785e+02	4.671631681219905374e+01
1.776415797232799298e-01	3.875841145243256136e+01	6.883834456303257809e+01	2.277913642637491591e+02	4.602315700613279859e+01
1.814061869113461622e-01	3.838033551346516248e+01	6.847519927283322261e+01	2.269678657561967157e+02	4.534165328769971381e+01
1.852505742235391883e-01	3.800540160802070488e+01	6.811091744839617945e+01	2.261366934204736197e+02	4.467179600625054547e+01
1.891764323722997243e-01	3.763368981139736036e+01	6.774555825538007525e+01	2.252978696641301610e+02	4.401349617903805722e+01
1.931854878999012814e-01	3.726514160857519897e+01	6.737911920254805409e+01	2.244513230015388103e+02	4.336651926598656814e+01
1.972795039377621684e-01	3.689961639504355162e+01	6.701155128947540618e+01	2.235969218156793374e+02	4.273040523331700058e+01
2.014602809818480389e-01	3.653713153170293282e+01	6.664287158993636240e+01	2.227346108122007990e+02	4.210501075247735514e+01
2.057296576845067948e-01	3.617776621395234571e+01	6.627316710153753831e+01	2.218644641938891766e+02	4.149038510610188979e+01
2.100895116630852322e-01	3.582145685278936043e+01	6.590242749270211675e+01	2.209864015666024954e+02	4.088628317276398860e+01
2.145417603256798977e-01	3.546807238911199534e+01	6.553058133639505911e+01	2.201002299756767968e+02	4.029218384359847960e+01
2.190883617143895290e-01	3.511762997962880206e+01	6.515768315685039624e+01	2.192059873610973284e+02	3.970807940672945335e+01
2.237313153664367560e-01	3.477020783488125488e+01	6.478381597256817770e+01	2.183037628587989616e+02	3.913397354593758593e+01
2.284726631935388719e-01	3.442573781654147069e+01	6.440894767388911646e+01	2.173934189605931238e+02	3.856956974507522062e+01
2.333144903799153069e-01	3.408409788429552378e+01	6.403303514336325009e+01	2.164748131650817982e+02	3.801451292105169699e+01
2.382589262993237145e-01	3.374530499205560830e+01	6.365610807614412181e+01	2.155479328986829444e+02	3.746868204752391307e+01
2.433081454515323150e-01	3.340943626546170009e+01	6.327826668604961924e+01	2.146129213751062252e+02	3.693212306396183209e+01
2.484643684186368384e-01	3.307641951362069221e+01	6.289949018458189300e+01	2.136696738964029123e+02	3.640459882324835661e+01
2.537298628416438939e-01	3.274614121219604357e+01	6.251970556432807768e+01	2.127179689329985877e+02	3.588568341972936793e+01
2.591069444177515613e-01	3.241861811498868917e+01	6.213897903039469384e+01	2.117578989058864920e+02	3.537538728358065043e+01
2.645979779187619951e-01	3.209392616993021363e+01	6.175739014837640894e+01	2.107895432629063350e+02	3.487367280833621663e+01
2.702053782310787078e-01	3.177198960393155147e+01	6.137491849746501771e+01	2.098128132586933248e+02	3.438031287087527232e+01
2.759316114177428059e-01	3.145270292588286054e+01	6.099151384711250046e+01	2.088275605073186796e+02	3.389497786091025233e+01
2.817791958029755572e-01	3.113608269788334226e+01	6.060721327717970297e+01	2.078337850911972566e+02	3.341758978297690419e+01
2.877507030797054055e-01	3.082220359738126447e+01	6.022212960038898188e+01	2.068316694904301869e+02	3.294821110283040611e+01
2.938487594405665426e-01	3.051098671729455702e+01	5.983621935808875492e+01	2.058210777041703068e+02	3.248654639313770787e+01
3.000760467328633108e-01	3.020233414160707142e+01	5.944944263323298372e+01	2.048018771694594022e+02	3.203234034347142511e+01
3.064353036380134121e-01	2.989626223957998263e+01	5.906184532750548044e+01	2.037741094493011644e+02	3.158551786662313532e+01
3.129293268759847368e-01	2.959284435166917149e+01	5.867352737683632569e+01	2.027379293479529849e+02	3.114610155985045026e+01
3.195609724352570513e-01	2.929199884271154986e+01	5.828445928198061665e+01	2.016932359056696384e+02	3.071386573729378355e+01
3.263331568288500573e-01	2.899363493956003168e+01	5.789459132845055223e+01	2.006398870228383089e+02	3.028852371634982177e+01
3.332488583769670498e-01	2.869776883816245316e+01	5.750398886523452546e+01	1.995779807293136514e+02	2.987005149890066846e+01
3.403111185168231634e-01	2.840447242321095800e+01	5.711273667053134062e+01	1.985076346756998475e+02	2.945844494012227699e+01
3.475230431402304698e-01	2.811366177220306994e+01	5.672081087165057767e+01	1.974287791710135593e+02	2.905349112505655285e+01
3.548878039595292910e-01	2.782525282149179802e+01	5.632816766524118179e+01	1.963412862809757087e+02	2.865494276519916284e+01
3.624086399024666338e-01	2.753926158473988295e+01	5.593486838693419827e+01	1.952452579198177602e+02	2.826275359178443480e+01
3.700888585366366446e-01	2.725575847413996655e+01	5.554100606892315284e+01	1.941408413372498103e+02	2.787695390263564832e+01
3.779318375241043637e-01	2.697465759868480006e+01	5.514655367898428295e+01	1.930279728450075254e+02	2.749730983280002405e+01
3.859410261068597081e-01	2.669588122928701779e+01	5.475147177693116163e+01	1.919065391048774813e+02	2.712362137897993719e+01
3.941199466237500504e-01	2.641944518673275866e+01	5.435581261130430875e+01	1.907766156578801144e+02	2.675582095252073245e+01
4.024721960595590287e-01	2.614541838155861697e+01	5.395969436125472640e+01	1.896384597585862366e+02	2.639395508341803520e+01
4.110014476269163164e-01	2.587371327720062553e+01	5.356307210444616373e+01	1.884919510790020638e+02	2.603780595427196687e+01
4.197114523817274123e-01	2.560425810508194644e+01	5.316590660394096801e+01	1.873369719074492536e+02	2.568716696269313005e+01
4.286060408728412652e-01	2.533706852686226085e+01	5.276826910855059083e+01	1.861736975173676854e+02	2.534200660521574733e+01
4.376891248266767120e-01	2.507221183312261203e+01	5.237026979294365248e+01	1.850023492062904324e+02	2.500234983832976710e+01
4.469646988675492483e-01	2.480959922800694883e+01	5.197185569190145316e+01	1.838227947300969731e+02	2.466799537946781840e+01
4.564368422744575216e-01	2.454916452938073945e+01	5.157301058167742980e+01	1.826350207684505449e+02	2.433875145866445067e+01
4.661097207750954374e-01	2.429092322261826098e+01	5.117378886658157455e+01	1.814391296124242672e+02	2.401460155330349622e+01
4.759875883778879602e-01	2.403494097811801922e+01	5.077430816880509212e+01	1.802353945399882775e+02	2.369555204124039705e+01
4.860747892428489703e-01	2.378112800639568647e+01	5.037452592817904673e+01	1.790237461424569574e+02	2.338141991829579069e+01
4.963757595920870180e-01	2.352942338033144409e+01	4.997440829658091843e+01	1.778040893878450106e+02	2.307203729951255511e+01
5.068950296608012440e-01	2.327984240069298494e+01	4.957403435166312278e+01	1.765766461906797531e+02	2.276737505558171293e+01
5.176372256896176749e-01	2.303244912683704371e+01	4.917351177408517060e+01	1.753416740119077701e+02	2.246745852859430315e+01
5.286070719591531297e-01	2.278715301012820760e+01	4.877279342248575489e+01	1.740990819660166267e+02	2.217209270480724825e+01
5.398093928676924724e-01	2.254389807252219668e+01	4.837186186254029963e+01	1.728488623576667464e+02	2.188114450865008109e+01
5.512491150528981976e-01	2.230269944641245417e+01	4.797077896471352432e+01	1.715911745809845570e+02	2.159456772205198760e+01
5.629312695584811621e-01	2.206361950297699792e+01	4.756967841199237057e+01	1.703263934982486205e+02	2.131240050243228268e+01
5.748609940467923618e-01	2.182656724800291315e+01	4.716849464610671561e+01	1.690543807275419397e+02	2.103446186526696238e+01
5.870435350582976497e-01	2.159149132598443543e+01	4.676722099431536606e+01	1.677751648073170827e+02	2.076061603080533757e+01
5.994842503189414806e-01	2.135840670528504859e+01	4.636591917703376708e+01	1.664889347281123548e+02	2.049083183582532897e+01
6.121886110964055439e-01	2.112737404322305679e+01	4.596472720779755150e+01	1.651960858994847854e+02	2.022515093890864080e+01
6.251622046063020077e-01	2.089830214949845200e+01	4.556357549288437525e+01	1.638964920035687669e+02	1.996338310370405011e+01
6.384107364693620834e-01	2.067114399417262405e+01	4.516245678836838096e+01	1.625901796661569279e+02	1.970541610608949412e+01
6.519400332206916060e-01	2.044591437989679505e+01	4.476144803908574232e+01	1.612774140352555321e+02	1.945122763906482533e+01
6.657560448722088520e-01	2.022267224799864849e+01	4.436067421672346711e+01	1.599585673079969013e+02	1.920083646154728285e+01
6.798648475293831428e-01	2.000132642501880653e+01	4.396007526833837886e+01	1.586335581914547674e+02	1.895408617912668703e+01
6.942726460634290886e-01	1.978183393589470640e+01	4.355964887890897330e+01	1.573024514614041607e+02	1.871086642071584194e+01
7.089857768401280902e-01	1.956420942305388166e+01	4.315945821419994388e+01	1.559654602290544574e+02	1.847114713324607749e+01
7.240107105064845783e-01	1.934851007561848490e+01	4.275965180904369589e+01	1.546230847311282446e+02	1.823496941170874308e+01
7.393540548364295750e-01	1.913464497866322844e+01	4.236015090706011677e+01	1.532751741100445884e+02	1.800215842839592639e+01
7.550225576368376768e-01	1.892257493340561680e+01	4.196096021453296032e+01	1.519218359507200660e+02	1.777262850456033050e+01
7.710231097151263313e-01	1.871231443968705932e+01	4.156215780486518696e+01	1.505633622935952189e+02	1.754635817702304479e+01
7.873627479097432547e-01	1.850391888518861805e+01	4.116387549017049707e+01	1.492002020190489304e+02	1.732336798336638140e+01
8.040486581848822478e-01	1.829729785508865803e+01	4.076604484711666743e+01	1.478322665827967626e+02	1.710351337626997292e+01
8.210881787907730045e-01	1.809241565912399707e+01	4.036866532651064432e+01	1.464596389957419547e+02	1.688669566673488021e+01
8.384888034909533383e-01	1.788928662670084435e+01	3.997182498866585831e+01	1.450826881319850088e+02	1.667291282711795120e+01
8.562581848579297050e-01	1.768796442498758381e+01	3.957565113944867363e+01	1.437018530309864559e+02	1.646217746101748958e+01
8.744041376386801900e-01	1.748835924361289074e+01	3.918007797421504534e+01	1.423170808676376851e+02	1.625434717045752109e+01
8.929346421914835519e-01	1.729043868602382616e+01	3.878511142482730634e+01	1.409284860463631617e+02	1.604935401138910223e+01
9.118578479955742333e-01	1.709421691769690810e+01	3.839082608934774754e+01	1.395363873903479544e+02	1.584716612614995590e+01
9.311820772351820930e-01	1.689974586343739205e+01	3.799736964620200297e+01	1.381413496396377809e+02	1.564781871789940482e+01
9.509158284595223831e-01	1.670693651888621645e+01	3.760465850254308151e+01	1.367432417455781888e+02	1.545116824001187084e+01
9.710677803203476843e-01	1.651575953737415148e+01	3.721270880130092706e+01	1.353422404783920285e+02	1.525715116178680653e+01
9.916467953887124764e-01	1.632622893389069674e+01	3.682159894034388969e+01	1.339386983077932882e+02	1.506574284958987953e+01
1.012661924052612461e+00	1.613839486518992317e+01	3.643147085888140424e+01	1.325331676994013890e+02	1.487697738191433139e+01
1.034122408497234025e+00	1.595216932707924151e+01	3.604224226515938057e+01	1.311255405793449995e+02	1.469071710602393033e+01
1.056037686769547568e+00	1.576752579030657664e+01	3.565393292713525142e+01	1.297160158978189202e+02	1.450690180531011286e+01
1.078417396929040706e+00	1.558447811159533991e+01	3.526661976735469750e+01	1.283049528944813460e+02	1.432551572616641700e+01
1.101271381286411888e+00	1.540307470876920704e+01	3.488044964724687702e+01	1.268929566764935544e+02	1.414658879802941627e+01
1.124609690732098155e+00	1.522322871442866443e+01	3.449533586104591620e+01	1.254799011539356002e+02	1.396998757405684088e+01
1.148442589156521310e+00	1.504491620877028168e+01	3.411129584895472533e+01	1.240659795986672975e+02	1.379565780825063825e+01
1.172780557964020254e+00	1.486815088943802543e+01	3.372841607399811181e+01	1.226516149310248238e+02	1.362359448526932404e+01
1.197634300682437924e+00	1.469297944635231801e+01	3.334683515372382345e+01	1.212373903904380370e+02	1.345381233405088217e+01
1.223014747670394531e+00	1.451931629871673124e+01	3.296647080029227084e+01	1.198232078935566562e+02	1.328619785502190709e+01
1.248933060924324545e+00	1.434713992673387217e+01	3.258733484289730598e+01	1.184092389883969076e+02	1.312069169005038916e+01
1.275400638987373769e+00	1.417646386810995729e+01	3.220952201135207105e+01	1.169959588849465177e+02	1.295729855496412952e+01
1.302429121962336289e+00	1.400733310365491313e+01	3.183316586604452780e+01	1.155839444302676782e+02	1.279602721852272751e+01
1.330030396630823342e+00	1.383966347572561872e+01	3.145818012421046461e+01	1.141730835436767393e+02	1.263676909183892327e+01
1.358216601680917401e+00	1.367343566627823037e+01	3.108458483741140910e+01	1.127635891404413684e+02	1.247948084966317417e+01
1.387000133045610317e+00	1.350866304877238555e+01	3.071246674281841749e+01	1.113559169463501490e+02	1.232415024243366908e+01
1.416393649354382722e+00	1.334538892013736877e+01	3.034196675562680667e+01	1.099506909275197586e+02	1.217080346690887360e+01
1.446410077500298819e+00	1.318353067280303392e+01	2.997298875613869740e+01	1.085477512795852277e+02	1.201932636960387413e+01
1.477062618325094778e+00	1.302307099760543885e+01	2.960555648378034022e+01	1.071473353939746147e+02	1.186968186427184335e+01
1.508364752424737887e+00	1.286402309678972067e+01	2.923975974823204282e+01	1.057499172320198682e+02	1.172186672294073695e+01
1.540330246078020826e+00	1.270642862604366030e+01	2.887573424919417420e+01	1.043561190080655763e+02	1.157589515975563188e+01
1.572973157300799230e+00	1.255020663339838016e+01	2.851338124661506157e+01	1.029657605281955597e+02	1.143166618247605015e+01
1.606307842028519950e+00	1.239534163642054665e+01	2.815273134741650907e+01	1.015791133136833650e+02	1.128914827863203918e+01
1.640348960429783842e+00	1.224184666300994451e+01	2.779386070404047970e+01	1.001965894360990603e+02	1.114833007728540970e+01
1.675111483353698638e+00	1.208976175730358271e+01	2.743691225392773703e+01	9.881886076427234400e+01	1.100923412588741890e+01
1.710610698913865635e+00	1.193900774115998509e+01	2.708178447891959095e+01	9.744572932795642828e+01	1.087176373301202936e+01
1.746862219211904321e+00	1.178957077490702687e+01	2.672850221946389482e+01	9.607743671067242985e+01	1.073588342493368941e+01
1.783881987203444153e+00	1.164146369708958773e+01	2.637714641273050731e+01	9.471442352360476491e+01	1.060159036387035059e+01
1.821686283709640364e+00	1.149472500552045950e+01	2.602785834988678459e+01	9.335736544044094387e+01	1.046890919093173444e+01
1.860291734577268707e+00	1.134927737804552805e+01	2.568052791979867422e+01	9.200601142046158998e+01	1.033774093600623978e+01
1.899715317990559260e+00	1.120510844870340250e+01	2.533518002052262119e+01	9.066059656411930234e+01	1.020805489600227567e+01
1.939974371937992492e+00	1.106223085897191716e+01	2.499190168050362715e+01	8.932160476706471286e+01	1.007985249333027333e+01
1.981086601837313665e+00	1.092068160066534865e+01	2.465082673594781681e+01	8.798967876825692258e+01	9.953156782897023547e+00
2.023070088322156401e+00	1.078038531613812090e+01	2.431183692590520096e+01	8.666451001977269186e+01	9.827871719905106218e+00
2.065943295193674256e+00	1.064133093506589312e+01	2.397496363919533380e+01	8.534636661781048872e+01	9.703972576255541327e+00
2.109725077540682392e+00	1.050353088903951182e+01	2.364029120041866605e+01	8.403571768068589165e+01	9.581461946828000009e+00
2.154434690031884259e+00	1.036702072476916747e+01	2.330794105932402971e+01	8.273314015908444219e+01	9.460356249337570134e+00
2.200091795383838367e+00	1.023172713790285826e+01	2.297780213189111365e+01	8.143836133570417246e+01	9.340569437701040201e+00
2.246716473008353532e+00	1.009764018245972039e+01	2.264990485627755490e+01	8.015163725934280592e+01	9.222081518939583944e+00
2.294329227843169949e+00	9.964772056314126658e+00	2.232432043194583215e+01	7.887335461237999823e+01	9.104891166754542908e+00
2.342950999369765697e+00	9.833156953976617487e+00	2.200117560278334494e+01	7.760413465522542253e+01	8.989017440214563948e+00
2.392603170822269476e+00	9.702723684984320585e+00	2.168035579343217734e+01	7.634366496709660055e+01	8.874379124513257722e+00
2.443307578591545681e+00	9.573463264123661887e+00	2.136188466259946495e+01	7.509215516904343701e+01	8.760955797941951673e+00
2.495086521828544068e+00	9.445387637716253337e+00	2.104583449385583549e+01	7.385000336550024258e+01	8.648746812323352628e+00
2.547962772251191943e+00	9.318529725531675467e+00	2.073232572582107025e+01	7.261779245670420835e+01	8.537771714186442651e+00
2.601959584159102334e+00	9.192820530221194275e+00	2.042124309980043151e+01	7.139518821477219035e+01	8.427958277415546817e+00
2.657100704660517732e+00	9.068251858529778886e+00	2.011260834344313864e+01	7.018238734569574433e+01	8.319285229911701052e+00
2.713410384115983121e+00	8.944835378768930312e+00	1.980648693534456228e+01	6.897974172621711375e+01	8.211751447751899136e+00
2.770913386803353973e+00	8.822602824880153349e+00	1.950299524063091283e+01	6.778781037028750234e+01	8.105375996579896380e+00
2.829635001808795014e+00	8.701487471341300406e+00	1.920201695434582234e+01	6.660624130351922645e+01	8.000088686650046910e+00
2.889601054148607684e+00	8.581481741922953432e+00	1.890357113311249293e+01	6.543520250633869750e+01	7.895873101370103342e+00
2.950837916126738403e+00	8.462596998837152995e+00	1.860772116003274590e+01	6.427503198912334881e+01	7.792730874691996767e+00
3.013372518932980082e+00	8.344863890371279069e+00	1.831457501348834427e+01	6.312623774699992651e+01	7.690679881981659527e+00
3.077232364486974792e+00	8.228218036684197045e+00	1.802401426435751119e+01	6.198843866676090641e+01	7.589652862094434127e+00
3.142445537533192557e+00	8.112652302867322973e+00	1.773605829874411910e+01	6.086179654395860439e+01	7.489635907701747364e+00
3.209040717992251324e+00	7.998177711673326584e+00	1.745076356212065605e+01	5.974660357078882811e+01	7.390629356174065023e+00
3.277047193573979555e+00	7.884823926757588808e+00	1.716823271447869459e+01	5.864333554900881040e+01	7.292651066192225251e+00
3.346494872657771680e+00	7.772529002020141853e+00	1.688834651669613507e+01	5.755158909276605073e+01	7.195638393381686981e+00
3.417414297445926952e+00	7.661286056128493449e+00	1.661111669450547623e+01	5.647147001546819922e+01	7.099578303337000129e+00
3.489836657395697816e+00	7.551105736148720382e+00	1.633660194974640589e+01	5.540328292988888848e+01	7.004474158238260806e+00
3.563793802936028321e+00	7.442016824327081892e+00	1.606489851284225878e+01	5.434745796365402271e+01	6.910343688432814879e+00
3.639318259474964901e+00	7.333959909096129159e+00	1.579588578754752071e+01	5.330356684021631963e+01	6.817127406515368193e+00
3.716443241703908829e+00	7.226928163465003330e+00	1.552957119241897033e+01	5.227168537602496912e+01	6.724812744265786790e+00
3.795202668205029717e+00	7.120931817143413056e+00	1.526600390610249924e+01	5.125205349677254674e+01	6.633402133906019849e+00
3.875631176368202979e+00	7.015998873167466066e+00	1.500527729366455176e+01	5.024508770044186434e+01	6.542913691593025050e+00
3.957764137624104617e+00	6.912072577851361643e+00	1.474727112803057061e+01	4.925033870060867258e+01	6.453292427092709893e+00
4.041637673000112230e+00	6.809145941926458612e+00	1.449198944576067660e+01	4.826785674639830859e+01	6.364527132247467023e+00
4.127288669005872102e+00	6.707228734725672048e+00	1.423947623185636324e+01	4.729784623763411133e+01	6.276621158493704833e+00
4.214754793855508552e+00	6.606348264509964707e+00	1.398982030545219324e+01	4.634069253204854988e+01	6.189593288406392446e+00
4.304074514033643162e+00	6.506450603481222394e+00	1.374290336271101509e+01	4.539594101763635337e+01	6.103392090613177778e+00
4.395287111212434539e+00	6.407528355549014343e+00	1.349872182883054172e+01	4.446359187728681661e+01	6.018006254904070040e+00
4.488432699527177050e+00	6.309590791108695029e+00	1.325731311262596002e+01	4.354380657337966909e+01	5.933438810598714142e+00
4.583552243217979161e+00	6.212664568694592049e+00	1.301876258965551969e+01	4.263694869308416457e+01	5.849709087323705425e+00
4.680687574645305382e+00	6.116698826352371832e+00	1.278295167821191747e+01	4.174254031435509660e+01	5.766768763980913093e+00
4.779881412687339015e+00	6.021685479010494113e+00	1.254987430124667114e+01	4.086056834184593356e+01	5.684607601644322550e+00
4.881177381527165515e+00	5.927633251935617409e+00	1.231956298937931393e+01	3.999116240909391706e+01	5.603229248540907648e+00
4.984620029838152888e+00	5.834568176719841404e+00	1.209209542948834581e+01	3.913463410177212864e+01	5.522652959184400245e+00
5.090254850375883322e+00	5.742442764608528094e+00	1.186735957586406975e+01	3.829052757624582171e+01	5.442835099528702258e+00
5.198128299985286915e+00	5.651247916778949332e+00	1.164534238480991313e+01	3.745878790025104621e+01	5.363765403574433321e+00
5.308287820031761584e+00	5.560991774391945697e+00	1.142607083129953693e+01	3.663951088731610639e+01	5.285447511296406553e+00
5.420781857265304815e+00	5.471699692370215473e+00	1.120961645731640210e+01	3.583297065791136049e+01	5.207900233883698604e+00
5.535659885126738011e+00	5.383327989527740165e+00	1.099587324966204172e+01	3.503872737242026147e+01	5.131083918049188952e+00
5.652972425505520704e+00	5.295866163941033378e+00	1.078481886240478715e+01	3.425667393160416907e+01	5.054987368230417388e+00
5.772771070958623518e+00	5.209321740746515772e+00	1.057647785167210230e+01	3.348689258054669438e+01	4.979615248605353983e+00
5.895108507400270703e+00	5.123719257836442331e+00	1.037091455375438898e+01	3.272961289182708100e+01	4.904985995671521160e+00
6.020038537272556667e+00	5.039019434906490957e+00	1.016803244520885130e+01	3.198443021686344068e+01	4.831065229811684958e+00
6.147616103207036886e+00	4.955209898106801347e+00	9.967800576929469969e+00	3.125119341712937171e+01	4.757840670875989275e+00
6.277897312187818990e+00	4.872297515437213455e+00	9.770238242057606826e+00	3.052995349681904713e+01	4.685317209953505646e+00
6.410939460226692255e+00	4.790305795908466280e+00	9.575406598799689917e+00	2.982092420492857343e+01	4.613513757058280262e+00
6.546801057561175696e+00	4.709200615768680542e+00	9.383216208008425596e+00	2.912371671836531561e+01	4.542399838979005899e+00
6.685541854386596761e+00	4.628967172218221293e+00	9.193628301727645891e+00	2.843814611034575890e+01	4.471962051829435403e+00
6.827222867133428963e+00	4.549611658537935810e+00	9.006657132257059217e+00	2.776423549213212283e+01	4.402204929511396081e+00
6.971906405301561804e+00	4.471156149698622961e+00	8.822355358697466343e+00	2.710215324093851308e+01	4.333146332837904069e+00
7.119656098863218929e+00	4.393572739817408035e+00	8.640649916962530597e+00	2.645157820807280302e+01	4.264762320403997720e+00
7.270536926246596643e+00	4.316843497856656775e+00	8.461491047287232448e+00	2.581227609580652427e+01	4.197037518612342311e+00
7.424615242912579127e+00	4.240973923901671938e+00	8.284886871493464255e+00	2.518423594337727067e+01	4.129975991527712331e+00
7.581958810536977289e+00	4.165984096800447567e+00	8.110885279206646814e+00	2.456760719334160825e+01	4.063595172376832210e+00
7.742636826811277295e+00	4.091853688907097997e+00	7.939428264315023576e+00	2.396212057738485157e+01	3.997877646530893614e+00
7.906719955874896399e+00	4.018560793847880674e+00	7.770455606663046133e+00	2.336750247369942812e+01	3.932805306957529723e+00
8.074280359392364659e+00	3.946110223752581803e+00	7.603971948588092999e+00	2.278372402961377219e+01	3.868382397215796686e+00
8.245391728289099831e+00	3.874519217689605721e+00	7.440015469700435702e+00	2.221089236482012907e+01	3.804624572744931932e+00
8.420129315159766037e+00	3.803776849846413732e+00	7.278549976958900380e+00	2.164881962374453650e+01	3.741522593175695466e+00
8.598569967363353328e+00	3.733856174979127474e+00	7.119500116873641815e+00	2.109717179360634987e+01	3.679054121990765758e+00
8.780792160819700598e+00	3.664761316139281355e+00	6.962869016606027195e+00	2.055591686810623031e+01	3.617223511488323329e+00
8.966876034522190508e+00	3.596505593341418283e+00	6.808680172898858629e+00	2.002509499299070228e+01	3.556042565489562435e+00
9.156903425781846906e+00	3.529089766618749735e+00	6.656927808817994396e+00	1.950463942701475162e+01	3.495513245736492358e+00
9.350957906218383187e+00	3.462480562199112821e+00	6.507519203743084013e+00	1.899414881589210324e+01	3.435608046018032713e+00
9.549124818513869073e+00	3.396681420785244487e+00	6.360454774939125144e+00	1.849358059417790301e+01	3.376331122080153069e+00
9.751491313945386707e+00	3.331701421050541789e+00	6.215746334695935182e+00	1.800292902291845110e+01	3.317691164389187986e+00
9.958146390713055851e+00	3.267552596072310855e+00	6.073413749298850917e+00	1.752222078432209784e+01	3.259699752553380403e+00
1.016918093308028581e+01	3.204197085881277385e+00	5.933354426099591628e+00	1.705102509164655800e+01	3.202325864698952529e+00
1.038468775134352740e+01	3.141636558522939993e+00	5.795561412880933183e+00	1.658926640511190698e+01	3.145572229592921598e+00
1.060476162264905220e+01	3.079877509582034989e+00	5.660041572551055999e+00	1.613692539861015263e+01	3.089446072758389228e+00
1.082949933267470577e+01	3.018936340590672618e+00	5.526822154170294432e+00	1.569404965457718149e+01	3.033962866240445866e+00
1.105899971819510696e+01	2.958779264066287329e+00	5.395811652554276527e+00	1.526025599606113303e+01	2.979095214726448670e+00
1.129336371054865928e+01	2.899402654522556855e+00	5.266990367027941211e+00	1.483542458993739999e+01	2.924841449655358971e+00
1.153269438002595848e+01	2.840811115302780188e+00	5.140358548249443160e+00	1.441950867415104121e+01	2.871207303861916582e+00
1.177709698119876869e+01	2.783020839931818813e+00	5.015943024240827164e+00	1.401255613947631140e+01	2.818208137862216134e+00
1.202667899920963279e+01	2.726008935115177056e+00	4.893678658271262805e+00	1.361428448089656662e+01	2.765826178754606790e+00
1.228155019704247053e+01	2.669763414052080286e+00	4.773525437378435932e+00	1.322450092695267898e+01	2.714052640414235995e+00
1.254182266379493349e+01	2.614287449089087723e+00	4.655479112124393914e+00	1.284314215662751302e+01	2.662892030246848840e+00
1.280761086397376225e+01	2.559592505276607977e+00	4.539555957110576578e+00	1.247022057580685406e+01	2.612356297225089996e+00
1.307903168783481007e+01	2.505673929597458827e+00	4.425733507662452659e+00	1.210560886031264971e+01	2.562443213434907108e+00
1.335620450278989146e+01	2.452507974704513760e+00	4.313944831116644174e+00	1.174902248622666079e+01	2.513134133699450601e+00
1.363925120590300821e+01	2.400096630387486663e+00	4.204182252919758334e+00	1.140038646534187805e+01	2.464432338206636874e+00
1.392829627749924271e+01	2.348445139286290395e+00	4.096447514489378605e+00	1.105966316133631011e+01	2.416344506111528290e+00
1.422346683590943783e+01	2.297565474912664385e+00	3.990757343756173192e+00	1.072686661782206308e+01	2.368883097307249219e+00
1.452489269337533528e+01	2.247428182550238240e+00	3.887031014549843455e+00	1.040166589506759998e+01	2.322023928425106742e+00
1.483270641313931115e+01	2.198030924851962276e+00	3.785253220194405799e+00	1.008396590316220376e+01	2.275767252725202638e+00
1.514704336774399174e+01	2.149376266565232729e+00	3.685416882276136619e+00	9.773694634085510202e+00	2.230116651884741952e+00
1.546804179856737527e+01	2.101475332141987007e+00	3.587537741937146141e+00	9.470865823188832522e+00	2.185084341644257133e+00
1.579584287661962527e+01	2.054315710754280655e+00	3.491576095733695428e+00	9.175298287350603488e+00	2.140661287340186458e+00
1.613059076462826624e+01	2.007881686137929833e+00	3.397483958185689268e+00	8.886781617898797947e+00	2.096835127454565573e+00
1.647243268043913034e+01	1.962174217625339390e+00	3.305254219414123007e+00	8.605252242377185112e+00	2.053609103966823390e+00
1.682151896176083383e+01	1.917196651368821225e+00	3.214881739709787745e+00	8.330647466908432719e+00	2.010987629799953602e+00
1.717800313228151410e+01	1.872958875673822909e+00	3.126379222904735578e+00	8.062970976214726804e+00	1.968982017928301520e+00
1.754204196918641045e+01	1.829436174506001267e+00	3.039679721350591279e+00	7.801953056432023637e+00	1.927571979540438907e+00
1.791379557210657580e+01	1.786624392931346339e+00	2.954763373197634380e+00	7.547486096559405944e+00	1.886755677869084602e+00
1.829342743352862044e+01	1.744524145131505666e+00	2.871620419809597369e+00	7.299496364646159918e+00	1.846535444010842353e+00
1.868110451069663469e+01	1.703139482857533915e+00	2.790250667174204224e+00	7.057945799165256773e+00	1.806917340139911010e+00
1.907699729903783492e+01	1.662474055435573472e+00	2.710650647363591847e+00	6.822780902190928032e+00	1.767906364107536987e+00
1.948127990714428748e+01	1.622504128481847330e+00	2.632757222592656099e+00	6.593751680416175098e+00	1.729482865742902442e+00
1.989413013334363711e+01	1.583228670976072339e+00	2.556558172407411345e+00	6.370780045478666054e+00	1.691647805376772062e+00
2.031572954389253738e+01	1.544647559949236193e+00	2.482043258941965203e+00	6.153794783523913736e+00	1.654402998402189739e+00
2.074626355282718393e+01	1.506760166614138363e+00	2.409202000667538979e+00	5.942726343698592650e+00	1.617749317465539516e+00
2.118592150350598402e+01	1.469578888370719927e+00	2.338046799309763113e+00	5.737566136507809667e+00	1.581701073819945069e+00
2.163489675188052530e+01	1.433071471404701924e+00	2.268501886558931258e+00	5.538040851449252067e+00	1.546229683366548091e+00
2.209338675153079734e+01	1.397239959471547666e+00	2.200561054453113563e+00	5.344091548440697004e+00	1.511339437474756409e+00
2.256159314050291798e+01	1.362083081868088241e+00	2.134210637562315327e+00	5.155636026921614601e+00	1.477030677864310082e+00
2.303972182998693796e+01	1.327601022003887854e+00	2.069441984648280108e+00	4.972611871294422059e+00	1.443305709983434104e+00
2.352798309487394945e+01	1.293797942600919848e+00	2.006253313048589781e+00	4.794976171571629919e+00	1.410170061133748209e+00
2.402659166623228870e+01	1.260655146695380591e+00	1.944595459235689550e+00	4.622537113073008186e+00	1.377608525500933379e+00
2.453576682574353285e+01	1.228167473895806605e+00	1.884448006466328485e+00	4.455195449825731124e+00	1.345618233811246123e+00
2.505573250213976877e+01	1.196332428236353218e+00	1.825795837949244049e+00	4.292868697619027785e+00	1.314198603900629703e+00
2.558671736968459953e+01	1.165147801948355877e+00	1.768625216238199904e+00	4.135480550307772951e+00	1.283349602761491903e+00
2.612895494874115698e+01	1.134610070338288867e+00	1.712919657048312949e+00	3.982946930492094140e+00	1.253069367758548491e+00
2.668268370847132687e+01	1.104727746825973300e+00	1.658684228113430859e+00	3.835242177529883278e+00	1.223368703266553226e+00
2.724814717171165412e+01	1.075475003023122378e+00	1.605859133681957207e+00	3.692155608220521135e+00	1.194224538437705707e+00
2.782559402207125743e+01	1.046850938317992252e+00	1.554432194430178216e+00	3.553614650346230253e+00	1.165638290740815153e+00
2.841527821329990999e+01	1.018851921932918181e+00	1.504386205951421029e+00	3.419533607485632842e+00	1.137608347236976014e+00
2.901745908097360527e+01	9.914742887524128356e-01	1.455704273032473628e+00	3.289829078009580243e+00	1.110133028296225621e+00
2.963240145654703639e+01	9.647146367186641980e-01	1.408371185448763052e+00	3.164424858025222331e+00	1.083211549013578967e+00
3.026037578382308624e+01	9.385717125652632831e-01	1.362373709123425147e+00	3.043247295040676814e+00	1.056844141009403604e+00
3.090165823789054755e+01	9.130380107377334964e-01	1.317687860935981670e+00	2.926193774444014739e+00	1.031025928941828873e+00
3.155653084658241525e+01	8.881028103758800141e-01	1.274282593186282009e+00	2.813140641863649538e+00	1.005748621496322270e+00
3.222528161450811979e+01	8.637614504590076514e-01	1.232140015244469922e+00	2.704005449940313444e+00	9.810100825398715418e-01
3.290820464971425707e+01	8.400091195728096594e-01	1.191240702370244486e+00	2.598699995138845864e+00	9.568074599946985170e-01
3.360560029302952501e+01	8.168408663460607899e-01	1.151566024313878112e+00	2.497140701502794879e+00	9.331382313541967122e-01
3.431777525015100849e+01	7.942515867560275833e-01	1.113096651271930693e+00	2.399241963313578641e+00	9.099994373438130557e-01
3.504504272652905428e+01	7.722360770811914632e-01	1.075813019179430619e+00	2.304917767114060823e+00	8.873880515785274037e-01
3.578772256511129513e+01	7.507890650931666743e-01	1.039696276137483721e+00	2.214086181213342996e+00	8.653013773056533742e-01
3.654614138700539883e+01	7.299054387965219215e-01	1.004727207394014554e+00	2.126663908378811030e+00	8.437365646920826912e-01
3.732063273512289925e+01	7.095803031702093699e-01	9.708870780577009141e-01	2.042569473036263794e+00	8.226909216395993374e-01
3.811153722086707774e+01	6.898043799518810415e-01	9.381491082972047701e-01	1.961699745965068020e+00	8.021577340301467851e-01
3.891920267392951160e+01	6.705717174559744365e-01	9.064928168728377811e-01	1.883970227455908919e+00	7.821333864237869360e-01
3.974398429526115706e+01	6.518765556550145668e-01	8.758984280486807883e-01	1.809299529586710920e+00	7.626145194853125586e-01
4.058624481328516254e+01	6.337130590642199301e-01	8.463460896313665938e-01	1.737606746644880351e+00	7.435976960789955070e-01
4.144635464342010778e+01	6.160753308949808993e-01	8.178156367702159590e-01	1.668810541648761303e+00	7.250793134743918067e-01
4.232469205098434628e+01	5.989574280685734387e-01	7.902871970477279850e-01	1.602831572594482612e+00	7.070557977352858181e-01
4.322164331755172384e+01	5.823533764054023010e-01	7.637410143817789931e-01	1.539591569389194170e+00	6.895237502443318789e-01
4.413760291083362119e+01	5.662571853236971764e-01	7.381571240087340113e-01	1.479012197893513569e+00	6.724795088548868316e-01
4.507297365816076251e+01	5.506628611467756507e-01	7.135158592519255105e-01	1.421017013675639706e+00	6.559195657912894051e-01
4.602816692364147144e+01	5.355644182700460831e-01	6.897977006919487897e-01	1.365530787749697383e+00	6.398404120154774777e-01
4.700360278907441369e+01	5.209558873939783563e-01	6.669833076454646514e-01	1.312479542817028610e+00	6.242385743738106951e-01
4.799971023869517950e+01	5.068313206703219942e-01	6.450532241879418649e-01	1.261789528220025325e+00	6.091104831950577836e-01
4.901692734783804895e+01	4.931847935824896778e-01	6.239883020599735763e-01	1.213388816629225042e+00	5.944526803722934849e-01
5.005570147559598126e+01	4.800104038587518218e-01	6.037698157170119373e-01	1.167207687465658505e+00	5.802618846697564781e-01
5.111648946156338980e+01	4.673029144039225757e-01	5.843799974210069914e-01	1.123179226686159993e+00	5.665352351898416128e-01
5.219975782674825382e+01	4.550606732663315390e-01	5.658078829242945140e-01	1.081255653845367704e+00	5.532736108355391647e-01
5.330598297874255564e+01	4.432771043057553428e-01	5.480335497952874002e-01	1.041365806271744798e+00	5.404729551794876796e-01
5.443565142123959077e+01	4.319463410600982156e-01	5.310383930199439328e-01	1.003442674203735230e+00	5.281297583719589683e-01
5.558925996799251124e+01	4.210627698423982657e-01	5.148047427728820180e-01	9.674228107258300291e-01	5.162411728384992404e-01
5.676731596130657209e+01	4.106208232194010210e-01	4.993148777560511564e-01	9.332432469047848844e-01	5.048040731061445019e-01
5.797033749516177181e+01	4.006149181414619398e-01	4.845513935101994352e-01	9.008427583428869623e-01	4.938154929246802438e-01
5.919885364306400533e+01	3.910463272535225632e-01	4.705089035930188901e-01	8.701914028941385437e-01	4.832793078738883974e-01
6.045340469072480261e+01	3.819158099793075190e-01	4.571806550566576144e-01	8.412554781562486816e-01	4.731986907275506082e-01
6.173454237367209885e+01	3.732137117282623984e-01	4.445424465590590568e-01	8.139579556741572963e-01	4.635668318981368552e-01
6.304283011989645757e+01	3.649335135584235723e-01	4.325754689340619019e-01	7.882363205358238201e-01	4.543797183157005093e-01
6.437884329763940627e+01	3.570830871477839730e-01	4.212857740707294796e-01	7.640910897603248042e-01	4.456479132180588554e-01
6.574316946843353549e+01	3.496619529237014468e-01	4.106647578697282808e-01	7.414855456641890052e-01	4.373737139758450132e-01
6.713640864550379206e+01	3.426579733097443459e-01	4.006843201346388939e-01	7.203353559039583631e-01	4.295476989480565555e-01
6.855917355764610477e+01	3.360857580843249481e-01	3.913619275912338935e-01	7.006700598586824702e-01	4.221874908703331930e-01
7.001208991869765441e+01	3.299408289551958307e-01	3.826820426740049630e-01	6.824364787362670048e-01	4.152913565617159519e-01
7.149579670271769771e+01	3.242214155271171960e-01	3.746341374980767802e-01	6.655948752994924611e-01	4.088604092994625461e-01
7.301094642500031284e+01	3.189429439621348505e-01	3.672364635233809071e-01	6.501759768731648625e-01	4.029133807977995918e-01
7.455820542904223203e+01	3.140974575652619172e-01	3.604678044098692524e-01	6.361137741459517159e-01	3.974451918210544221e-01
7.613825417959219521e+01	3.097036679502828682e-01	3.543515186360854941e-01	6.234511097119069811e-01	3.924780872115700703e-01
7.775178756191070306e+01	3.057635900054505584e-01	3.488828843810791724e-01	6.121622252626564009e-01	3.880173351826983752e-01
7.939951518737163383e+01	3.022851586195642315e-01	3.440667813532913843e-01	6.022442568433199472e-01	3.840743794162385094e-01
8.108216170554010205e+01	2.992943991395976555e-01	3.399379946819943710e-01	5.937666773201513148e-01	3.806792937022823176e-01
8.280046712286477373e+01	2.967949583714249440e-01	3.364937322971835454e-01	5.867072155620652874e-01	3.778393517704388693e-01
8.455518712812224180e+01	2.948067103614566697e-01	3.337578128108111275e-01	5.811074220145082680e-01	3.755786068819882972e-01
8.634709342475994731e+01	2.933547638423774639e-01	3.317623367947338253e-01	5.770281229604720119e-01	3.739266385605878873e-01
8.817697407028136070e+01	2.924665447570409249e-01	3.305427889955704912e-01	5.745374043168959277e-01	3.729155734980506565e-01
9.004563382282356088e+01	2.921729352964463899e-01	3.301398766447306565e-01	5.737149781777634017e-01	3.725812637757243140e-01
9.195389449507966617e+01	2.925102755300985624e-01	3.306028095562821290e-01	5.746599391239617383e-01	3.729653621427976296e-01
9.390259531572145590e+01	2.935223661793436301e-01	3.319925641254850568e-01	5.774985360146197566e-01	3.741173781450967684e-01
9.589259329848152902e+01	2.952604554692125904e-01	3.343818583606615324e-01	5.823840387277566810e-01	3.760946763510050750e-01
9.792476361905691817e+01	2.977826327178186294e-01	3.378541378998332623e-01	5.894943001234780322e-01	3.789618388111669067e-01
