# Data associated with arXiv:2208.14002
# 
# Scale-free gravitational potential, Phi(r), of a nfw0-7rhos4e6 dark matter distribution (see Eq. 2.8 and the surrounding discussion)
# 
# Published: 8/25/22, Jack Runburg and Kenny Kiriu, contact: runburg@hawaii.edu
# 
# 
# -----------------------------------------------------------------
# 
# 	 tilde r 		 | 		 tilde Phi
# 
# -----------------------------------------------------------------
1.000000000000000082e-05	1.057633743900253457e-07
1.016902569856036418e-05	1.080931456425551542e-07
1.034090836579813217e-05	1.104742383896981706e-07
1.051569629182590727e-05	1.129077831585096045e-07
1.069343858298338107e-05	1.153949353792337478e-07
1.087418517563349352e-05	1.179368759338502136e-07
1.105798685019213608e-05	1.205348117167074154e-07
1.124489524539464294e-05	1.231899762074995659e-07
1.143496287280373749e-05	1.259036300568685164e-07
1.162824313156251011e-05	1.286770616849012502e-07
1.182479032339672186e-05	1.315115878928092852e-07
1.202465966787094358e-05	1.344085544880843587e-07
1.222790731790219642e-05	1.373693369234184499e-07
1.243459037553620304e-05	1.403953409497019928e-07
1.264476690798990365e-05	1.434880032833990974e-07
1.285849596396550032e-05	1.466487922886274214e-07
1.307583759024001738e-05	1.498792086742577360e-07
1.329685284853523648e-05	1.531807862063670226e-07
1.352160383267306994e-05	1.565550924363878846e-07
1.375015368602047702e-05	1.600037294452893274e-07
1.398256661922970337e-05	1.635283346041552502e-07
1.421890792827791775e-05	1.671305813515077989e-07
1.445924401281218556e-05	1.708121799877578583e-07
1.470364239480425140e-05	1.745748784871493149e-07
1.495217173752060936e-05	1.784204633275858276e-07
1.520490186481353606e-05	1.823507603387395854e-07
1.546190378073772831e-05	1.863676355688322461e-07
1.572324968949899453e-05	1.904729961705141642e-07
1.598901301573965207e-05	1.946687913062473997e-07
1.625926842516730133e-05	1.989570130736372529e-07
1.653409184553174079e-05	2.033396974511354973e-07
1.681356048795696318e-05	2.078189252645804113e-07
1.709775286863338809e-05	2.123968231750191216e-07
1.738674883087671066e-05	2.170755646882854578e-07
1.768062956756000055e-05	2.218573711868195438e-07
1.797947764392438726e-05	2.267445129842030904e-07
1.828337702077590442e-05	2.317393104029297557e-07
1.859241307807381921e-05	2.368441348759025130e-07
1.890667263891824960e-05	2.420614100721999943e-07
1.922624399394281931e-05	2.473936130476297452e-07
1.955121692611963820e-05	2.528432754206216869e-07
1.988168273598394005e-05	2.584129845740254081e-07
2.021773426728446277e-05	2.641053848833651929e-07
2.055946593306806188e-05	2.699231789721569833e-07
2.090697374220454717e-05	2.758691289948603744e-07
2.126035532636048084e-05	2.819460579480961512e-07
2.161970996742848953e-05	2.881568510107341503e-07
2.198513862542019826e-05	2.945044569134940782e-07
2.235674396683105304e-05	3.009918893387165846e-07
2.273463039348393747e-05	3.076222283509501882e-07
2.311890407186101566e-05	3.143986218590562458e-07
2.350967296293065580e-05	3.213242871105011205e-07
2.390704685247916156e-05	3.284025122185682850e-07
2.431113738195477895e-05	3.356366577231964686e-07
2.472205807983296721e-05	3.430301581861898186e-07
2.513992439351238667e-05	3.505865238215687593e-07
2.556485372174920653e-05	3.583093421618101125e-07
2.599696544764047972e-05	3.662022797607969915e-07
2.643638097216418787e-05	3.742690839342558320e-07
2.688322374828698802e-05	3.825135845385357455e-07
2.733761931564792142e-05	3.909396957885498063e-07
2.779969533582839453e-05	3.995514181157511912e-07
2.826958162821882354e-05	4.083528400670340344e-07
2.874741020649071774e-05	4.173481402454363637e-07
2.923331531568612113e-05	4.265415892935962839e-07
2.972743346993304866e-05	4.359375519208692144e-07
3.022990349079926684e-05	4.455404889751007038e-07
3.074086654629380722e-05	4.553549595600113335e-07
3.126046619052763072e-05	4.653856231992065499e-07
3.178884840404535552e-05	4.756372420478532757e-07
3.232616163483768439e-05	4.861146831530390513e-07
3.287255684004812447e-05	4.968229207639260736e-07
3.342818752838356790e-05	5.077670386927546859e-07
3.399320980324275641e-05	5.189522327278562271e-07
3.456778240657304527e-05	5.303838130997872341e-07
3.515206676346841592e-05	5.420672070017666087e-07
3.574622702752206616e-05	5.540079611656272187e-07
3.635043012694450139e-05	5.662117444944667186e-07
3.696484581146223093e-05	5.786843507532903763e-07
3.758964670000808795e-05	5.914317013188773839e-07
3.822500832921870388e-05	6.044598479902179660e-07
3.887110920275097572e-05	6.177749758608189378e-07
3.952813084143210176e-05	6.313834062542527683e-07
4.019625783425803943e-05	6.452915997243589721e-07
4.087567789025284005e-05	6.595061591214823097e-07
4.156658189120576708e-05	6.740338327262486282e-07
4.226916394529853092e-05	6.888815174523140675e-07
4.298362144164019741e-05	7.040562621196577097e-07
4.371015510572303796e-05	7.195652707999269817e-07
4.444896905581571312e-05	7.354159062354382891e-07
4.520027086031053377e-05	7.516156933334737975e-07
4.596427159603870473e-05	7.681723227374839343e-07
4.674118590757267352e-05	7.850936544769474884e-07
4.753123206752940771e-05	8.023877216975578555e-07
4.833463203789430644e-05	8.200627344735648088e-07
4.915161153238073493e-05	8.381270837040297063e-07
4.998240007984356624e-05	8.565893450948598309e-07
5.082723108876559525e-05	8.754582832285337219e-07
5.168634191283236288e-05	8.947428557233881701e-07
5.255997391761710167e-05	9.144522174845128858e-07
5.344837254839108326e-05	9.345957250481900022e-07
5.435178739908172257e-05	9.551829410220114567e-07
5.527047228239525742e-05	9.762236386227223746e-07
5.620468530112457639e-05	9.977278063139596010e-07
5.715468892066349253e-05	1.019705652546112549e-06
5.812075004274504757e-05	1.042167610600490647e-06
5.910314008042789533e-05	1.065124343540166545e-06
6.010213503434844385e-05	1.088586749269766807e-06
6.111801557026345553e-05	1.112565965706680690e-06
6.215106709790228898e-05	1.137073376066078173e-06
6.320157985115178797e-05	1.162120614262263301e-06
6.426984896959787321e-05	1.187719570428954133e-06
6.535617458144342038e-05	1.213882396561030602e-06
6.646086188782971240e-05	1.240621512280515640e-06
6.758422124858115099e-05	1.267949610729427011e-06
6.872656826940111863e-05	1.295879664592382106e-06
6.988822389054047174e-05	1.324424932251736916e-06
7.106951447696465861e-05	1.353598964078201574e-06
7.227077191004629639e-05	1.383415608859948121e-06
7.349233368080552791e-05	1.413889020373172761e-06
7.473454298472863809e-05	1.445033664097330087e-06
7.599774881818697982e-05	1.476864324078106357e-06
7.728230607648789517e-05	1.509396109941496679e-06
7.858857565358148443e-05	1.542644464062217318e-06
7.991692454345255051e-05	1.576625168889878307e-06
8.126772594322802224e-05	1.611354354436435372e-06
8.264135935802465773e-05	1.646848505928357781e-06
8.403821070757165439e-05	1.683124471627271062e-06
8.545867243463269578e-05	1.720199470822635693e-06
8.690314361526321394e-05	1.758091102000385892e-06
8.837203007092955202e-05	1.796817351191283801e-06
8.986574448252320402e-05	1.836396600502984530e-06
9.138470650630395851e-05	1.876847636839901117e-06
9.292934289180014931e-05	1.918189660814879878e-06
9.450008760170456993e-05	1.960442295857050076e-06
9.609738193379394305e-05	2.003625597520004715e-06
9.772167464491231779e-05	2.047760062994881146e-06
9.937342207704681467e-05	2.092866640832674482e-06
1.010530882855375953e-04	2.138966740880557904e-06
1.027611451694522251e-04	2.186082244436751878e-06
1.044980726041651943e-04	2.234235514628865219e-06
1.062643585761784858e-04	2.283449407020577179e-06
1.080604993202192510e-04	2.333747280451634344e-06
1.098869994586575572e-04	2.385153008116409696e-06
1.117443721432778697e-04	2.437690988886114938e-06
1.136331391994486811e-04	2.491386158880151892e-06
1.155538312727281931e-04	2.546264003292001109e-06
1.175069879779481330e-04	2.602350568475269871e-06
1.194931580508180820e-04	2.659672474295628071e-06
1.215128995020904455e-04	2.718256926754406621e-06
1.235667797743341897e-04	2.778131730889963368e-06
1.256553759013554958e-04	2.839325303962752533e-06
1.277792746703147969e-04	2.901866688930465673e-06
1.299390727865835948e-04	2.965785568219550728e-06
1.321353770413874452e-04	3.031112277799628791e-06
1.343688044822834680e-04	3.097877821567497603e-06
1.366399825865173903e-04	3.166113886047431126e-06
1.389495494373137348e-04	3.235852855414881384e-06
1.412981539031428761e-04	3.307127826850499426e-06
1.436864558200198782e-04	3.379972626231876381e-06
1.461151261768842277e-04	3.454421824170355992e-06
1.485848473041125864e-04	3.530510752400494914e-06
1.510963130652191798e-04	3.608275520529971537e-06
1.536502290517936125e-04	3.687753033157730096e-06
1.562473127817378576e-04	3.768981007368661843e-06
1.588882939008491742e-04	3.851997990612811652e-06
1.615739143878149021e-04	3.936843378977854391e-06
1.643049287626683534e-04	4.023557435863189860e-06
1.670821042987704773e-04	4.112181311064696229e-06
1.699062212383743503e-04	4.202757060279046856e-06
1.727780730118311508e-04	4.295327665036764687e-06
1.756984664605053779e-04	4.389937053073604348e-06
1.786682220634525510e-04	4.486630119149598773e-06
1.816881741679340619e-04	4.585452746325926291e-06
1.847591712238235014e-04	4.686451827709333127e-06
1.878820760219775598e-04	4.789675288674584026e-06
1.910577659366365815e-04	4.895172109575384074e-06
1.942871331719188508e-04	5.002992348954354545e-06
1.975710850124866975e-04	5.113187167263298658e-06
2.009105440784431595e-04	5.225808851104560323e-06
2.043064485845435532e-04	5.340910838005350397e-06
2.077597526037827484e-04	5.458547741736310266e-06
2.112714263354412516e-04	5.578775378186559112e-06
2.148424563776607336e-04	5.701650791807276485e-06
2.184738460046266035e-04	5.827232282636317284e-06
2.221666154484372088e-04	5.955579433916663745e-06
2.259218021857336319e-04	6.086753140321552931e-06
2.297404612291798821e-04	6.220815636799904226e-06
2.336236654238643619e-04	6.357830528055256325e-06
2.375725057487147664e-04	6.497862818672426936e-06
2.415880916230062926e-04	6.640978943905900874e-06
2.456715512180506823e-04	6.787246801144536691e-06
2.498240317741551374e-04	6.936735782067414083e-06
2.540466999229345113e-04	7.089516805505824705e-06
2.583407420150777146e-04	7.245662351027211195e-06
2.627073644536481322e-04	7.405246493256437362e-06
2.671477940330213769e-04	7.568344936950912623e-06
2.716632782835508839e-04	7.735035052845892994e-06
2.762550858220584886e-04	7.905395914286843416e-06
2.809245067082517420e-04	8.079508334666234032e-06
2.856728528071605542e-04	8.257454905682093960e-06
2.905014581577071149e-04	8.439320036436765842e-06
2.954116793474984839e-04	8.625189993393758974e-06
3.004048958939589458e-04	8.815152941211872772e-06
3.054825106319022541e-04	9.009298984475608147e-06
3.106459501076553839e-04	9.207720210341523043e-06
3.158966649798455200e-04	9.410510732120644080e-06
3.212361304269563162e-04	9.617766733817169930e-06
3.266658465617811426e-04	9.829586515644914984e-06
3.321873388528732334e-04	1.004607054054219819e-05
3.378021585531251671e-04	1.026732148170760818e-05
3.435118831355896260e-04	1.049344427117863370e-05
3.493181167366675791e-04	1.072454614947611043e-05
3.552224906067888996e-04	1.096073671633781340e-05
3.612266635687054364e-04	1.120212798256473035e-05
3.673323224835388411e-04	1.144883442300493101e-05
3.735411827246973185e-04	1.170097303069916394e-05
3.798549886598084251e-04	1.195866337221420708e-05
3.862755141407951480e-04	1.222202764418952018e-05
3.928045630022363724e-04	1.249119073112393139e-05
3.994439695681523583e-04	1.276628026442941229e-05
4.061955991673505371e-04	1.304742668277936838e-05
4.130613486574917070e-04	1.333476329378033539e-05
4.200431469580040238e-04	1.362842633699517442e-05
4.271429555920115370e-04	1.392855504834795725e-05
4.343627692374198417e-04	1.423529172594035083e-05
4.417046162873167637e-04	1.454878179731039213e-05
4.491705594198478857e-04	1.486917388816527309e-05
4.567626961777168084e-04	1.519661989261984692e-05
4.644831595574927248e-04	1.553127504497456599e-05
4.723341186088662533e-04	1.587329799306535870e-05
4.803177790440425624e-04	1.622285087322067847e-05
4.884363838574312710e-04	1.658009938686016532e-05
4.966922139558113680e-04	1.694521287877100190e-05
5.050875887991499369e-04	1.731836441709856420e-05
5.136248670522445235e-04	1.769973087508826549e-05
5.223064472473935762e-04	1.808949301461775685e-05
5.311347684582509721e-04	1.848783557155709591e-05
5.401123109850867847e-04	1.889494734299821576e-05
5.492415970516181150e-04	1.931102127639308422e-05
5.585251915136241153e-04	1.973625456064299685e-05
5.679657025795404723e-04	2.017084871918124332e-05
5.775657825432239500e-04	2.061500970509204785e-05
5.873281285291183634e-04	2.106894799831127258e-05
5.972554832499969713e-04	2.153287870495255372e-05
6.073506357775315233e-04	2.200702165880685644e-05
6.176164223258701069e-04	2.249160152506117808e-05
6.280557270484683893e-04	2.298684790628567013e-05
6.386714828483902292e-04	2.349299545073828282e-05
6.494666722022935214e-04	2.401028396303659591e-05
6.604443279983617009e-04	2.453895851724972754e-05
6.716075343883770371e-04	2.507926957246110262e-05
6.829594276542177208e-04	2.563147309085751725e-05
6.945031970889825731e-04	2.619583065839783530e-05
7.062420858930204982e-04	2.677260960811839681e-05
7.181793920851009278e-04	2.736208314613178456e-05
7.303184694289851413e-04	2.796453048037765145e-05
7.426627283756636558e-04	2.858023695218533819e-05
7.552156370215079703e-04	2.920949417070858653e-05
7.679807220826359018e-04	2.985260015029610257e-05
7.809615698857278474e-04	3.050985945085981380e-05
7.941618273756021005e-04	3.118158332130708811e-05
8.075852031398165869e-04	3.186808984610280067e-05
8.212354684505887787e-04	3.256970409502889588e-05
8.351164583243314002e-04	3.328675827621124344e-05
8.492320725990840828e-04	3.401959189248330277e-05
8.635862770301777234e-04	3.476855190116080941e-05
8.781831044043956558e-04	3.553399287729879690e-05
8.930266556729828109e-04	3.631627718050838634e-05
9.081211011037989590e-04	3.711577512540907532e-05
9.234706814529467173e-04	3.793286515579540855e-05
9.390797091562086895e-04	3.876793402259864755e-05
9.549525695406079406e-04	3.962137696572420555e-05
9.710937220564705170e-04	4.049359789985064874e-05
9.875077015302894702e-04	4.138500960427313749e-05
1.004199119438780371e-03	4.229603391688078150e-05
1.021172665204465608e-03	4.322710193235571540e-05
1.038433107513160114e-03	4.417865420468556443e-05
1.055985295653722377e-03	4.515114095408182985e-05
1.073834160880457900e-03	4.614502227839961749e-05
1.091984717798539194e-03	4.716076836915477656e-05
1.110442065772854507e-03	4.819885973223850701e-05
1.129211390360662605e-03	4.925978741342950724e-05
1.148297964768467102e-03	5.034405322880767115e-05
1.167707151333511727e-03	5.145217000017378376e-05
1.187444403030319794e-03	5.258466179558373728e-05
1.207515265002700490e-03	5.374206417510666363e-05
1.227925376121640280e-03	5.492492444191873085e-05
1.248680470569537605e-03	5.613380189884800979e-05
1.269786379451208914e-03	5.736926811048661737e-05
1.291249032432127903e-03	5.863190717098991356e-05
1.313074459404352896e-03	5.992231597768425731e-05
1.335268792180613557e-03	6.124110451060803175e-05
1.357838266217031810e-03	6.258889611811287840e-05
1.380789222364966172e-03	6.396632780865512953e-05
1.404128108652453718e-03	6.537405054890867444e-05
1.427861482095777682e-03	6.681272956833618775e-05
1.451996010541646868e-03	6.828304467035520710e-05
1.476538474540514635e-03	6.978569055024067067e-05
1.501495769251562883e-03	7.132137711990728672e-05
1.526874906379880551e-03	7.289082983971879350e-05
1.552683016146397385e-03	7.449479005747402778e-05
1.578927349291094897e-03	7.613401535472156308e-05
1.605615279110095620e-03	7.780927990056110265e-05
1.632754303527175332e-03	7.952137481308890440e-05
1.660352047200289172e-03	8.127110852865080315e-05
1.688416263663707062e-03	8.305930717906893001e-05
1.716954837506350865e-03	8.488681497701070877e-05
1.745975786586963620e-03	8.675449460967425209e-05
1.775487264286699802e-03	8.866322764096472775e-05
1.805497561799810540e-03	9.061391492234365105e-05
1.836015110463037458e-03	9.260747701253383216e-05
1.867048484124379315e-03	9.464485460626740980e-05
1.898606401551900620e-03	9.672700897226864478e-05
1.930697728883249645e-03	9.885492240066653469e-05
1.963331482116591892e-03	1.010295986600370414e-04
1.996516829643624896e-03	1.032520634642764300e-04
2.030263094825430960e-03	1.055233649495158920e-04
2.064579758611852570e-03	1.078445741612865823e-04
2.099476462205150749e-03	1.102167855521524778e-04
2.134963009768679927e-03	1.126411174900306383e-04
2.171049371181348660e-03	1.151187127774237854e-04
2.207745684838647703e-03	1.176507391817953899e-04
2.245062260500998302e-03	1.202383899773186904e-04
2.283009582190270292e-03	1.228828844982414882e-04
2.321598311135244109e-03	1.255854687041075331e-04
2.360839288766866315e-03	1.283474157570844228e-04
2.400743539764126078e-03	1.311700266116501456e-04
2.441322275151419988e-03	1.340546306168973118e-04
2.482586895448264750e-03	1.370025861317180043e-04
2.524548993872262424e-03	1.400152811531390530e-04
2.567220359596177753e-03	1.430941339580795151e-04
2.610612981060093842e-03	1.462405937588124173e-04
2.654739049339540410e-03	1.494561413724144669e-04
2.699610961570552640e-03	1.527422899044942727e-04
2.745241324432623389e-03	1.561005854474955493e-04
2.791642957690524101e-03	1.595326077938778796e-04
2.838828897796003177e-03	1.630399711644835983e-04
2.886812401550338004e-03	1.666243249524021811e-04
2.935606949828818354e-03	1.702873544826567472e-04
2.985226251368169013e-03	1.740307817880355800e-04
3.035684246617996723e-03	1.778563664014035746e-04
3.086995111657330013e-03	1.817659061648313956e-04
3.139173262177360861e-03	1.857612380558898598e-04
3.192233357531519197e-03	1.898442390314617726e-04
3.246190304853968818e-03	1.940168268894276510e-04
3.301059263247754609e-03	1.982809611485969968e-04
3.356855648043719550e-03	2.026386439472534239e-04
3.413595135131412741e-03	2.070919209606967421e-04
3.471293665363201029e-03	2.116428823381682719e-04
3.529967449032819348e-03	2.162936636595551515e-04
3.589632970429635240e-03	2.210464469122764978e-04
3.650306992469857896e-03	2.259034614887582408e-04
3.712006561406061729e-03	2.308669852049196345e-04
3.774749011616297320e-03	2.359393453400924112e-04
3.838551970474150202e-03	2.411229196988084566e-04
3.903433363301120080e-03	2.464201376948962994e-04
3.969411418402700453e-03	2.518334814583369835e-04
4.036504672189604979e-03	2.573654869653384551e-04
4.104731974385511864e-03	2.630187451920902803e-04
4.174112493322873658e-03	2.687959032926803501e-04
4.244665721328222743e-03	2.746996658016526279e-04
4.316411480198500787e-03	2.807327958616996849e-04
4.389369926769958255e-03	2.868981169291277876e-04
4.463561558581177410e-03	2.931985122990746293e-04
4.539007219631814756e-03	2.996369289675699580e-04
4.615728106238700494e-03	3.062163773078572637e-04
4.693745772990876204e-03	3.129399328347358140e-04
4.773082138805334954e-03	3.198107375939202566e-04
4.853759493085097083e-03	3.268320015802374506e-04
4.935800501981372872e-03	3.340070041852300593e-04
5.019228214761578891e-03	3.413390956747468447e-04
5.104066070284974874e-03	3.488316986971014451e-04
5.190337903587798063e-03	3.564883098224058688e-04
5.278067952579629761e-03	3.643125011136738763e-04
5.367280864853020243e-03	3.723079217303269361e-04
5.458001704608171807e-03	3.804782995647197760e-04
5.550255959694683563e-03	3.888274429123319826e-04
5.644069548772311269e-03	3.973592421762721610e-04
5.739468828592763153e-03	4.060776716067562332e-04
5.836480601404602127e-03	4.149867910762363105e-04
5.935132122483251921e-03	4.240907478908523438e-04
6.035451107788337120e-03	4.333937786389135613e-04
6.137465741750428375e-03	4.429002110771079726e-04
6.241204685189401941e-03	4.526144660551567611e-04
6.346697083366644419e-03	4.625410594796449662e-04
6.453972574173352621e-03	4.726846043177653335e-04
6.563061296457267831e-03	4.830498126417320532e-04
6.673993898490092683e-03	4.936414977146182841e-04
6.786801546578089504e-03	5.044645761184043259e-04
6.901515933818189001e-03	5.155240699250157078e-04
7.018169289002107285e-03	5.268251089111517698e-04
7.136794385670962304e-03	5.383729328177190793e-04
7.257424551322942327e-03	5.501728936546881497e-04
7.380093676776592997e-03	5.622304580522130644e-04
7.504836225692410046e-03	5.745512096588622879e-04
7.631687244255296390e-03	5.871408515878123041e-04
7.760682371020751966e-03	6.000052089118904173e-04
7.891857846927448697e-03	6.131502312083378717e-04
8.025250525479058969e-03	6.265819951542006593e-04
8.160897883098169533e-03	6.403067071732483368e-04
8.298838029655216872e-03	6.543307061353514226e-04
8.439109719175405186e-03	6.686604661092472937e-04
8.581752360726531761e-03	6.833025995959533978e-04
8.726806029490927208e-03	6.982638587365729184e-04
8.874311478024487360e-03	7.135511406423440022e-04
9.024310147706032098e-03	7.291714888068092943e-04
9.176844180380181251e-03	7.451320965206344963e-04
9.331956430197019259e-03	7.614403099650150818e-04
9.489690475651922641e-03	7.781036313653589068e-04
9.650090631828802876e-03	7.951297222062645147e-04
9.813201962850383320e-03	8.125264065088558122e-04
9.979070294538865127e-03	8.303016741715148153e-04
1.014774222729061814e-02	8.484636843750862625e-04
1.031926514916845991e-02	8.670207690536295116e-04
1.049368724921524200e-02	8.859814364318069129e-04
1.067105753099251327e-02	9.053543746300180125e-04
1.085142582634790812e-02	9.251484553383696428e-04
1.103484280941536416e-02	9.453727375606331071e-04
1.122136001085190064e-02	9.660364714292954272e-04
1.141102983231507065e-02	9.871491020928629088e-04
1.160390556118510476e-02	1.008720273676561290e-03
1.180004138553588516e-02	1.030759833317596800e-03
1.199949240935904021e-02	1.053277835276155566e-03
1.220231466804522213e-02	1.076284545123298332e-03
1.240856514412720830e-02	1.099790444006973128e-03
1.261830178328901021e-02	1.123806232997311095e-03
1.283158351064561664e-02	1.148342837512422590e-03
1.304847024729788307e-02	1.173411411825905915e-03
1.326902292716726148e-02	1.199023343657277130e-03
1.349330351411505598e-02	1.225190258846546761e-03
1.372137501935110325e-02	1.251924026114182176e-03
1.395330151913657356e-02	1.279236761907660228e-03
1.418914817278613301e-02	1.307140835335882751e-03
1.442898124097431733e-02	1.335648873192670340e-03
1.467286810435134044e-02	1.364773765070581438e-03
1.492087728247356443e-02	1.394528668566310083e-03
1.517307845305392207e-02	1.424927014578895260e-03
1.542954247153780281e-02	1.455982512702007781e-03
1.569034139100966910e-02	1.487709156711525087e-03
1.595554848243628532e-02	1.520121230149680926e-03
1.622523825525205854e-02	1.553233312006997496e-03
1.649948647829230924e-02	1.587060282503250774e-03
1.677837020108039270e-02	1.621617328968703083e-03
1.706196777547459506e-02	1.656919952256485223e-03
1.735035887768101442e-02	1.692983971160043344e-03
1.764362453063833894e-02	1.729825531033949825e-03
1.794184712678114843e-02	1.767461108511295988e-03
1.824511045118791530e-02	1.805907518288469692e-03
1.855349970512023758e-02	1.845181919633431681e-03
1.886710152996000367e-02	1.885301823002654776e-03
1.918600403155108769e-02	1.926285096767855684e-03
1.951029680495259405e-02	1.968149974053672122e-03
1.984007095961033348e-02	2.010915059687366866e-03
2.017541914495388916e-02	2.054599337261680224e-03
2.051643557642630553e-02	2.099222176311884343e-03
2.086321606195374462e-02	2.144803339608080620e-03
2.121585802886252412e-02	2.191362990563763477e-03
2.157446055125112477e-02	2.238921700761634104e-03
2.193912437782497352e-02	2.287500457597636469e-03
2.230995196020145455e-02	2.337120672044099012e-03
2.268704748169360005e-02	2.387804186532930910e-03
2.307051688658016617e-02	2.439573282959667418e-03
2.346046790987047978e-02	2.492450690809209102e-03
2.385701010757239338e-02	2.546459595404009998e-03
2.426025488747183059e-02	2.601623646275426360e-03
2.467031554043257191e-02	2.657966965658914264e-03
2.508730727222522119e-02	2.715514157113702292e-03
2.551134723589388795e-02	2.774290314267450607e-03
2.594255456467021298e-02	2.834321029686485797e-03
2.638105040544361582e-02	2.895632403871994855e-03
2.682695795279727360e-02	2.958251054382580753e-03
2.728040248361941061e-02	3.022204125083497069e-03
2.774151139229957819e-02	3.087519295522786304e-03
2.821041422651998296e-02	3.154224790434526603e-03
2.868724272365149111e-02	3.222349389369193792e-03
2.917213084776511603e-02	3.291922436451245014e-03
2.966521482726893269e-02	3.362973850263752205e-03
3.016663319318120540e-02	3.435534133859963115e-03
3.067652681805041123e-02	3.509634384901486309e-03
3.119503895553308453e-02	3.585306305922733670e-03
3.172231528064078931e-02	3.662582214721173297e-03
3.225850393066707206e-02	3.741495054872731856e-03
3.280375554680643041e-02	3.822078406371721016e-03
3.335822331647670530e-02	3.904366496394432763e-03
3.392206301635675159e-02	3.988394210608374631e-03
3.449543305615163091e-02	4.074197102538174020e-03
3.507849452309746291e-02	4.161811407087756369e-03
3.567141122721874391e-02	4.251274050235018601e-03
3.627434974735024853e-02	4.342622660774894845e-03
3.688747947793717674e-02	4.435895581800262943e-03
3.751097267662616142e-02	4.531131882296934171e-03
3.814500451266075037e-02	4.628371368850733858e-03
3.878975311609485915e-02	4.727654597464548726e-03
3.944539962783806530e-02	4.829022885482968722e-03
4.011212825054691344e-02	4.932518323622060892e-03
4.079012630037611581e-02	5.038183788101472001e-03
4.147958425960481671e-02	5.146062952876069574e-03
4.218069583015218033e-02	5.256200301963920817e-03
4.289365798799760210e-02	5.368641141867303880e-03
4.361867103852071215e-02	5.483431614083208311e-03
4.435593867277683178e-02	5.600618707699562930e-03
4.510566802472350950e-02	5.720250272073144036e-03
4.586806972941463723e-02	5.842375029584956359e-03
4.664335798217766893e-02	5.967042588468515762e-03
4.743175059879158745e-02	6.094303455706341285e-03
4.823346907668181471e-02	6.224209049989591971e-03
4.904873865714945436e-02	6.356811714735521174e-03
4.987778838865244979e-02	6.492164731157195473e-03
5.072085119115625484e-02	6.630322331379572345e-03
5.157816392157245355e-02	6.771339711595795660e-03
5.244996744030298863e-02	6.915273045257104914e-03
5.333650667890960095e-02	7.062179496289706405e-03
5.423803070892688205e-02	7.212117232331374285e-03
5.515479281183843091e-02	7.365145437980299623e-03
5.608705055023580077e-02	7.521324328048446285e-03
5.703506584018021297e-02	7.680715160811165884e-03
5.799910502478755614e-02	7.843380251244648840e-03
5.897943894905668949e-02	8.009382984242160650e-03
5.997634303596301869e-02	8.178787827799939569e-03
6.099009736383805003e-02	8.351660346163029131e-03
6.202098674505685666e-02	8.528067212920951989e-03
6.306930080605555045e-02	8.708076224042815908e-03
6.413533406870128295e-02	8.891756310840931779e-03
6.521938603303781279e-02	9.079177552851702693e-03
6.632176126142910744e-02	9.270411190621928935e-03
6.744276946412586238e-02	9.465529638799964618e-03
6.858272558627788451e-02	9.664606497098705146e-03
6.974194989641739617e-02	9.867716565052312566e-03
7.092076807643786507e-02	1.007493585278781967e-02
7.211951131309368712e-02	1.028634159351513380e-02
7.333851639104646547e-02	1.050201225547489278e-02
7.457812578748428123e-02	1.072202755369696704e-02
7.583868776833958825e-02	1.094646846155409095e-02
7.712055648613416747e-02	1.117541722186030442e-02
7.842409207947753647e-02	1.140895735862551726e-02
7.974966077424722188e-02	1.164717368722863883e-02
8.109763498647923341e-02	1.189015232529062015e-02
8.246839342699753550e-02	1.213798070353404659e-02
8.386232120781254851e-02	1.239074757331278497e-02
8.527980995031705924e-02	1.264854302048731144e-02
8.672125789531190398e-02	1.291145846966779143e-02
8.818707001489085873e-02	1.317958669860708719e-02
8.967765812621682209e-02	1.345302184087095350e-02
9.119344100722104329e-02	1.373185940026280978e-02
9.273484451425793862e-02	1.401619625181845658e-02
9.430230170174896953e-02	1.430613065619198813e-02
9.589625294384790388e-02	1.460176225990373819e-02
9.751714605816352854e-02	1.490319210445066427e-02
9.916543643157306465e-02	1.521052263509464764e-02
1.008415871481621734e-01	1.552385770001006755e-02
1.025460691193275653e-01	1.584330255796165959e-02
1.042793612160791694e-01	1.616896388553592037e-02
1.060419504035768068e-01	1.650094977415456424e-02
1.078343318779438342e-01	1.683936973607175897e-02
1.096570092053898021e-01	1.718433470977498087e-02
1.115104944636879369e-01	1.753595705470371857e-02
1.133953083860418237e-01	1.789435055528967519e-02
1.153119805073836990e-01	1.825963042422455024e-02
1.172610493131479026e-01	1.863191329474245608e-02
1.192430623905555293e-01	1.901131722240112856e-02
1.212585765824598510e-01	1.939796168587685707e-02
1.233081581437884267e-01	1.979196757670303661e-02
1.253923829006330093e-01	2.019345719846063134e-02
1.275118364120260972e-01	2.060255426471338872e-02
1.296671141344518663e-01	2.101938388615076994e-02
1.318588215891403626e-01	2.144407256681066243e-02
1.340875745321854495e-01	2.187674819873840909e-02
1.363539991275424801e-01	2.231754004832956287e-02
1.386587321229457159e-01	2.276657874215505875e-02
1.410024210288032542e-01	2.322399626815148041e-02
1.433857243001131487e-01	2.368992594825315712e-02
1.458093115214542101e-01	2.416450244229068067e-02
1.482738635951064698e-01	2.464786170778829333e-02
1.507800729323471867e-01	2.514014100764677337e-02
1.533286436479847636e-01	2.564147887968630177e-02
1.559202917581761494e-01	2.615201512129203265e-02
1.585557453815923112e-01	2.667189076817572113e-02
1.612357449439809631e-01	2.720124807330115760e-02
1.639610433861866667e-01	2.774023048454304918e-02
1.667324063756906449e-01	2.828898261643869594e-02
1.695506125217208226e-01	2.884765023061659425e-02
1.724164535940033438e-01	2.941638020060041367e-02
1.753307347452060516e-01	2.999532049108169507e-02
1.782942747371474568e-01	3.058462011838751146e-02
1.813079061708234574e-01	3.118442912786527008e-02
1.843724757203275000e-01	3.179489855128489473e-02
1.874888443707211083e-01	3.241618037521148271e-02
1.906578876599247796e-01	3.304842750804078133e-02
1.938804959247014126e-01	3.369179373143096207e-02
1.971575745507916644e-01	3.434643367143531273e-02
2.004900442272835592e-01	3.501250274561967801e-02
2.038788412052750798e-01	3.569015712366280929e-02
2.073249175609150063e-01	3.637955368641567627e-02
2.108292414628857858e-01	3.708084996855746940e-02
2.143927974444073958e-01	3.779420411408278974e-02
2.180165866798430274e-01	3.851977483008656861e-02
2.217016272659736997e-01	3.925772132351185856e-02
2.254489545080342605e-01	4.000820325132793676e-02
2.292596212105766917e-01	4.077138066882357581e-02
2.331346979732569213e-01	4.154741396050606883e-02
2.370752734916163618e-01	4.233646378480463573e-02
2.410824548629473540e-01	4.313869101668457717e-02
2.451573678973335835e-01	4.395425658336358371e-02
2.493011574339402958e-01	4.478332174621945522e-02
2.535149876626587306e-01	4.562604753832914112e-02
2.578000424511790456e-01	4.648259501576523095e-02
2.621575256775992568e-01	4.735312509837527606e-02
2.665886615686511307e-01	4.823779850855136608e-02
2.710946950436425307e-01	4.913677568622415448e-02
2.756768920642191367e-01	5.005021670942668560e-02
2.803365399900296095e-01	5.097828122850210641e-02
2.850749479404112718e-01	5.192112836908700790e-02
2.898934471621800180e-01	5.287891666068501861e-02
2.947933914036459657e-01	5.385180394260263848e-02
2.997761572949446118e-01	5.483994728544640956e-02
3.048431447347966228e-01	5.584350289561236524e-02
3.099957772838110026e-01	5.686262603117053782e-02
3.152355025644269504e-01	5.789747090703947080e-02
3.205637926676255800e-01	5.894819060291922597e-02
3.259821445665060935e-01	6.001493696566906344e-02
3.314920805368620771e-01	6.109786051764937859e-02
3.370951485848599494e-01	6.219711035716604663e-02
3.427929228819465157e-01	6.331283405486305693e-02
3.485870042071142483e-01	6.444517756207802928e-02
3.544790203966314834e-01	6.559428509843592825e-02
3.604706268013856407e-01	6.676029906012460879e-02
3.665635067519453227e-01	6.794335990528235780e-02
3.727593720314937853e-01	6.914360605322358855e-02
3.790599633567491855e-01	7.036117378306624981e-02
3.854670508670132723e-01	7.159619711673180509e-02
3.919824346214941246e-01	7.284880771578365610e-02
3.986079451050231759e-01	7.411913477783826920e-02
4.053454437423328338e-01	7.540730491663050206e-02
4.121968234210137139e-01	7.671344205720435905e-02
4.191640090233237359e-01	7.803766733087441620e-02
4.262489579669776485e-01	7.938009895326174348e-02
4.334536607550772414e-01	8.074085211866806333e-02
4.407801415353455599e-01	8.212003889440677717e-02
4.482304586688004022e-01	8.351776809785643740e-02
4.558067053080540054e-01	8.493414519090920767e-02
4.635110099853732013e-01	8.636927217454549999e-02
4.713455372106929997e-01	8.782324740419052145e-02
4.793124880797287601e-01	8.929616572263966712e-02
4.874141008923670304e-01	9.078811801254930980e-02
4.956526517815184607e-01	9.229919129627099650e-02
5.040304553525852826e-01	9.382946857973645249e-02
5.125498653337533517e-01	9.537902875018854087e-02
5.212132752372591327e-01	9.694794645796153687e-02
5.300231190318516195e-01	9.853629201681113337e-02
5.389818718266018438e-01	1.001441313062566008e-01
5.480920505662881803e-01	1.017715256515031724e-01
5.573562147385243692e-01	1.034185317371187351e-01
5.667769670928383130e-01	1.050852015054334898e-01
5.763569543719186949e-01	1.067715820494904433e-01
5.860988680552025043e-01	1.084777155284806227e-01
5.960054451150506027e-01	1.102036390633423374e-01
6.060794687856858598e-01	1.119493846536133014e-01
6.163237693451454335e-01	1.137149790824985990e-01
6.267412249104387101e-01	1.155004438323438548e-01
6.373347622461452699e-01	1.173057949991546250e-01
6.481073575866924674e-01	1.191310432117784895e-01
6.590620374725127961e-01	1.209761935539772487e-01
6.702018796003550438e-01	1.228412454840324963e-01
6.815300136879469672e-01	1.247261927699656464e-01
6.930496223532930378e-01	1.266310234105675614e-01
7.047639420088206430e-01	1.285557195794935770e-01
7.166762637706404204e-01	1.305002575515527841e-01
7.287899343831883980e-01	1.324646076553866458e-01
7.411083571594764274e-01	1.344487341950403592e-01
7.536349929372584411e-01	1.364525954520232898e-01
7.663733610513340233e-01	1.384761435664871310e-01
7.793270403223097054e-01	1.405193245368949462e-01
7.924996700620573487e-01	1.425820781767056233e-01
8.058949510961670448e-01	1.446643380674498547e-01
8.195166468036988450e-01	1.467660315331361653e-01
8.333685841744831180e-01	1.488870796192643675e-01
8.474546548843202576e-01	1.510273970582374226e-01
8.617788163883257635e-01	1.531868922573151603e-01
8.763450930327818522e-01	1.553654672912561374e-01
8.911575771857650485e-01	1.575630178808136994e-01
9.062204303868837130e-01	1.597794333947407386e-01
9.215378845164673427e-01	1.620145968564582206e-01
9.371142429844909749e-01	1.642683849362988335e-01
9.529538819396250471e-01	1.665406679678762825e-01
9.690612514986907122e-01	1.688313099689685570e-01
9.854408769969253967e-01	1.711401686480948925e-01
1.002097360259361913e+00	1.734670954353489392e-01
1.019035380893695386e+00	1.758119355174553866e-01
1.036259697605026009e+00	1.781745278592020143e-01
1.053775149532790278e+00	1.805547052486004556e-01
1.071586657610325677e+00	1.829522943458506412e-01
1.089699225947380778e+00	1.853671157218633181e-01
1.108117943236025305e+00	1.877989839103756109e-01
1.126847984180302076e+00	1.902477074805824786e-01
1.145894610950043413e+00	1.927130890813895658e-01
1.165263174659284751e+00	1.951949255225249313e-01
1.184959116869630069e+00	1.976930078347744202e-01
1.204987971119068746e+00	2.002071213554628970e-01
1.225355364476592435e+00	2.027370458030322842e-01
1.246067019123127118e+00	2.052825553645724888e-01
1.267128753959161580e+00	2.078434187838777703e-01
1.288546486239548816e+00	2.104193994557454206e-01
1.310326233235965754e+00	2.130102555244183238e-01
1.332474113927433867e+00	2.156157399803383945e-01
1.354996350719455345e+00	2.182356007739496562e-01
1.377899271192165376e+00	2.208695809150356681e-01
1.401189309878072775e+00	2.235174185964562132e-01
1.424873010069821255e+00	2.261788472991479171e-01
1.448957025658507369e+00	2.288535959245242835e-01
1.473448123003098242e+00	2.315413888964503453e-01
1.498353182831403840e+00	2.342419463315077166e-01
1.523679202173229497e+00	2.369549841174342641e-01
1.549433296326152343e+00	2.396802140697068817e-01
1.575622700854574010e+00	2.424173440730089668e-01
1.602254773622528550e+00	2.451660782054466137e-01
1.629336996860851317e+00	2.479261168849799801e-01
1.656876979269319872e+00	2.506971570185116405e-01
1.684882458154278284e+00	2.534788921342642776e-01
1.713361301602444930e+00	2.562710125351515544e-01
1.742321510691409836e+00	2.590732054541934892e-01
1.771771221737550084e+00	2.618851551920039489e-01
1.801718708581883988e+00	2.647065432756170456e-01
1.832172384914617203e+00	2.675370486187054753e-01
1.863140806638941216e+00	2.703763476629560403e-01
1.894632674274788098e+00	2.732241145430178153e-01
1.926656835403250945e+00	2.760800212389433739e-01
1.959222287152264430e+00	2.789437377422529507e-01
1.992338178724363251e+00	2.818149322012243330e-01
2.026013813967100230e+00	2.846932710861583282e-01
2.060258653986974053e+00	2.875784193543115541e-01
2.095082319807497040e+00	2.904700405964236731e-01
2.130494595072189856e+00	2.933677972022380454e-01
2.166505428793310539e+00	2.962713505265441305e-01
2.203124938146971523e+00	2.991803610275985403e-01
2.240363411315581477e+00	3.020944884497267502e-01
2.278231310378250996e+00	3.050133919617164513e-01
2.316739274250128933e+00	3.079367303206870243e-01
2.355898121671370138e+00	3.108641620305208630e-01
2.395718854246625451e+00	3.137953454922774443e-01
2.436212659535957670e+00	3.167299391556627208e-01
2.477390914197924676e+00	3.196676016773191686e-01
2.519265187185870225e+00	3.226079920671433565e-01
2.561847242998160024e+00	3.255507698390711635e-01
2.605149044983431139e+00	3.284955951550493358e-01
2.649182758701655427e+00	3.314421289761032008e-01
2.693960755342017954e+00	3.343900332038702294e-01
2.739495615198612732e+00	3.373389708169871049e-01
2.785800131204812846e+00	3.402886060210448260e-01
2.832887312527463397e+00	3.432386043750663696e-01
2.880770388221738365e+00	3.461886329310207011e-01
2.929462810947857765e+00	3.491383603618626874e-01
2.978978260750571039e+00	3.520874571166099920e-01
3.029330648902521350e+00	3.550355955078938752e-01
3.080534121812634751e+00	3.579824498586087755e-01
3.132603065000477027e+00	3.609276966210415161e-01
3.185552107137887834e+00	3.638710145022107656e-01
3.239396124158830492e+00	3.668120845677670938e-01
3.294150243438799031e+00	3.697505903615361245e-01
3.349829848044809655e+00	3.726862180223950438e-01
3.406450581057223204e+00	3.756186563785230970e-01
3.464028349964686004e+00	3.785475970582365957e-01
3.522579331133254943e+00	3.814727345978736750e-01
3.582119974351172242e+00	3.843937665261532577e-01
3.642667007450346439e+00	3.873103934658606029e-01
3.704237441006055231e+00	3.902223192323086010e-01
3.766848573116013732e+00	3.931292509077373154e-01
3.830517994260218551e+00	3.960308989335138419e-01
3.895263592243014550e+00	3.989269771987904445e-01
3.961103557218577542e+00	4.018172031050953330e-01
4.028056386801467603e+00	4.047012976487797120e-01
4.096140891263432948e+00	4.075789854995339745e-01
4.165376198818180775e+00	4.104499950555628995e-01
4.235781760995385170e+00	4.133140585160402503e-01
4.307377358105535237e+00	4.161709119508831822e-01
4.380183104797232829e+00	4.190202953406215181e-01
4.454219455708298803e+00	4.218619526480972270e-01
4.529507211212534301e+00	4.246956318698812405e-01
4.606067523263474683e+00	4.275210850744235458e-01
4.683921901337057214e+00	4.303380684616436302e-01
4.763092218474635153e+00	4.331463423934436285e-01
4.843600717428146574e+00	4.359456714436376612e-01
4.925470016909234694e+00	4.387358244281256425e-01
5.008723117943856273e+00	4.415165744412707927e-01
5.093383410334457295e+00	4.442876988852624276e-01
5.179474679231212519e+00	4.470489794986418075e-01
5.267021111814501388e+00	4.498002023819026585e-01
5.356047304090164829e+00	4.525411580142026935e-01
5.446578267799784712e+00	4.552716412810480229e-01
5.538639437447652192e+00	4.579914514799488523e-01
5.632256677446509485e+00	4.607003923451072902e-01
5.727456289384188715e+00	4.633982720459312032e-01
5.824265019412900202e+00	4.660849032080923160e-01
5.922710065763608256e+00	4.687601028947416260e-01
6.022819086387228182e+00	4.714236926642645376e-01
6.124620206725158056e+00	4.740754984987587961e-01
6.228142027611035303e+00	4.767153508457882549e-01
6.333413633306047785e+00	4.793430846110655619e-01
6.440464599670190360e+00	4.819585391392232632e-01
6.549325002471445778e+00	4.845615582111632569e-01
6.660025425835619295e+00	4.871519900395575031e-01
6.772596970838784536e+00	4.897296872423292924e-01
6.887071264245168578e+00	4.922945068340089381e-01
7.003480467392588338e+00	4.948463102152659276e-01
7.121857285228077927e+00	4.973849631398121751e-01
7.242234975496383065e+00	4.999103357002318004e-01
7.364647358083541206e+00	5.024223023119737119e-01
7.489128824518638261e+00	5.049207416744562194e-01
7.615714347635920589e+00	5.074055367518145454e-01
7.744439491400456177e+00	5.098765747517373104e-01
7.875340420899716420e+00	5.123337470816353711e-01
8.008453912504041483e+00	5.147769493247174033e-01
8.143817364199005482e+00	5.172060812139690489e-01
8.281468806092183499e+00	5.196210465843779103e-01
8.421446911097760335e+00	5.220217533446689373e-01
8.563791005801492773e+00	5.244081134466664906e-01
8.708541081509549642e+00	5.267800428364548537e-01
8.855737805483945735e+00	5.291374614150571309e-01
9.005422532367880706e+00	5.314802930135774650e-01
9.157637315804374012e+00	5.338084653326466977e-01
9.312424920251002547e+00	5.361219099155242196e-01
9.469828832994659606e+00	5.384205620923572244e-01
9.629893276369060118e+00	5.407043609464120548e-01
9.792663220179065320e+00	5.429732492625501949e-01
9.958184394334800515e+00	5.452271734843154860e-01
1.012650330169933710e+01	5.474660836662198493e-01
1.029766723115371541e+01	5.496899334275160420e-01
1.047172427088250757e+01	5.518986799053341441e-01
1.064872332188427428e+01	5.540922837011504898e-01
1.082871411171002762e+01	5.562707088407184974e-01
1.101174720843425447e+01	5.584339227139968331e-01
1.119787403486185262e+01	5.605818960367208170e-01
1.138714688297520183e+01	5.627146027877363288e-01
1.157961892862566167e+01	5.648320201715327782e-01
1.177534424647303979e+01	5.669341285451457990e-01
1.197437782517795135e+01	5.690209114106475896e-01
1.217677558285059547e+01	5.710923553131629360e-01
1.238259438276100788e+01	5.731484498120539284e-01
1.259189204931461603e+01	5.751891874362093926e-01
1.280472738429782709e+01	5.772145636173182659e-01
1.302116018339845027e+01	5.792245766440737853e-01
1.324125125300498418e+01	5.812192276166646687e-01
1.346506242729025793e+01	5.831985203810708951e-01
1.369265658558342480e+01	5.851624614835666538e-01
1.392409767003596599e+01	5.871110601254273531e-01
1.415945070358605307e+01	5.890443280968505890e-01
1.439878180822651998e+01	5.909622797318769827e-01
1.464215822358192653e+01	5.928649318635684784e-01
1.488964832579915942e+01	5.947523037579456329e-01
1.514132164675782732e+01	5.966244170716373807e-01
1.539724889360486770e+01	5.984812957963967506e-01
1.565750196861980470e+01	6.003229662162078428e-01
1.592215398941546312e+01	6.021494568433639616e-01
1.619127930948012661e+01	6.039607983739704311e-01
1.646495353906724546e+01	6.057570236449409951e-01
1.674325356643772622e+01	6.075381675695370465e-01
1.702625757946180585e+01	6.093042670955908235e-01
1.731404508758553007e+01	6.110553611627724813e-01
1.760669694416904463e+01	6.127914906329631206e-01
1.790429536920192888e+01	6.145126982675969129e-01
1.820692397240297211e+01	6.162190286587347909e-01
1.851466777671009822e+01	6.179105281892429691e-01
1.882761324216724574e+01	6.195872449888290001e-01
1.914584829021545431e+01	6.212492288815956165e-01
1.946946232839389879e+01	6.228965313380027125e-01
1.979854627545908841e+01	6.245292054359059541e-01
2.013319258692800773e+01	6.261473058082605014e-01
2.047349528105359084e+01	6.277508886010056965e-01
2.081954996523887758e+01	6.293400114285668812e-01
2.117145386289756814e+01	6.309147333285965997e-01
2.152930584076909071e+01	6.324751147204142887e-01
2.189320643669466548e+01	6.340212173563057885e-01
2.226325788786357052e+01	6.355531042897318850e-01
2.263956415953613899e+01	6.370708398193658528e-01
2.302223097425292053e+01	6.385744894565545948e-01
2.341136584153708355e+01	6.400641198893750605e-01
2.380707808809889059e+01	6.415397989126496725e-01
2.420947888855114627e+01	6.430015954548874424e-01
2.461868129664312121e+01	6.444495794563837032e-01
2.503480027702318367e+01	6.458838218798530484e-01
2.545795273753748944e+01	6.473043946673131543e-01
2.588825756207539186e+01	6.487113706917612133e-01
2.632583564396948717e+01	6.501048237220048431e-01
2.677080991996021808e+01	6.514848284024417069e-01
2.722330540473507554e+01	6.528514601914208182e-01
2.768344922605082559e+01	6.542047953398469895e-01
2.815137066045024739e+01	6.555449108706746797e-01
2.862720116958168148e+01	6.568718845078613811e-01
2.911107443713334675e+01	6.581857946747419197e-01
2.960312640639132908e+01	6.594867204650879389e-01
3.010349531843243653e+01	6.607747415680338410e-01
3.061232175096317221e+01	6.620499382839819535e-01
3.112974865781429301e+01	6.633123914792092846e-01
3.165592140910392160e+01	6.645621825307579389e-01
3.219098783207849834e+01	6.657993933287557065e-01
3.273509825264502382e+01	6.670241062401450760e-01
3.328840553760464616e+01	6.682364040554185092e-01
3.385106513760008085e+01	6.694363699905253595e-01
3.442323513078967778e+01	6.706240876562068465e-01
3.500507626725861599e+01	6.717996409936042301e-01
3.559675201418191648e+01	6.729631142989729309e-01
3.619842860174963306e+01	6.741145921715567813e-01
3.681027506986945497e+01	6.752541594795267166e-01
3.743246331565791252e+01	6.763819013538667768e-01
3.806516814173434682e+01	6.774979031569617893e-01
3.870856730533186152e+01	6.786022504422907220e-01
3.936284156823732872e+01	6.796950289693857172e-01
4.002817474757663518e+01	6.807763246412676938e-01
4.070475376745718421e+01	6.818462234980331438e-01
4.139276871148439341e+01	6.829048117046154776e-01
4.209241287616510618e+01	6.839521755089431609e-01
4.280388282521361276e+01	6.849884012338799399e-01
4.352737844477648110e+01	6.860135752572281698e-01
4.426310299958944938e+01	6.870277839858123237e-01
4.501126319008503884e+01	6.880311138445383001e-01
4.577206921046389709e+01	6.890236512443748129e-01
4.654573480774909910e+01	6.900054825742412135e-01
4.733247734183772337e+01	6.909766941698407550e-01
4.813251784656739574e+01	6.919373723414924404e-01
4.894608109181602629e+01	6.928876032770440174e-01
4.977339564664967497e+01	6.938274730978472027e-01
5.061469394353941453e+01	6.947570677967943586e-01
5.147021234366199849e+01	6.956764732584249655e-01
5.234019120330587782e+01	6.965857751991877400e-01
5.322487494139806330e+01	6.974850592073078559e-01
5.412451210817385316e+01	6.983744106795778395e-01
5.503935545500626603e+01	6.992539148271310623e-01
5.596966200541572789e+01	7.001236566757552682e-01
5.691569312728113772e+01	7.009837210218495818e-01
5.787771460626974118e+01	7.018341924379536412e-01
5.885599672051007758e+01	7.026751552707418691e-01
5.985081431652515249e+01	7.035066936000937687e-01
6.086244688645088985e+01	7.043288912448045780e-01
6.189117864655855783e+01	7.051418317637742073e-01
6.293729861710444595e+01	7.059455984112749105e-01
6.400110070353041181e+01	7.067402741525126153e-01
6.508288377903505761e+01	7.075259416531877177e-01
6.618295176854263673e+01	7.083026832519033755e-01
6.730161373408913050e+01	7.090705809604941345e-01
6.843918396165355489e+01	7.098297164647706659e-01
6.959598204945567090e+01	7.105801710992383224e-01
7.077233299774606223e+01	7.113220258349801650e-01
7.196856730011528214e+01	7.120553612983947511e-01
7.318502103634435230e+01	7.127802577344043433e-01
7.442203596682681166e+01	7.134967950109729617e-01
7.567995962858455528e+01	7.142050526107180941e-01
7.695914543290872700e+01	7.149051096266414440e-01
7.825995276464949768e+01	7.155970447423408709e-01
7.958274708318410262e+01	7.162809362470893282e-01
8.092790002509306646e+01	7.169568620091036903e-01
8.229578950856954123e+01	7.176248994799125924e-01
8.368679983959597735e+01	7.182851256834802411e-01
8.510132181991289713e+01	7.189376172102146523e-01
8.653975285681501362e+01	7.195824502237520015e-01
8.800249707480163863e+01	7.202197004350183729e-01
8.948996542911412178e+01	7.208494431193540608e-01
9.100257582119419908e+01	7.214717530941829882e-01
9.254075321609118987e+01	7.220867047245428383e-01
9.410492976185659586e+01	7.226943719060227034e-01
9.569554491095378523e+01	7.232948280959564658e-01
9.731304554372266580e+01	7.238881462618429463e-01
9.895788609392928947e+01	7.244743989074154955e-01
1.006305286764376348e+02	7.250536580619642013e-01
1.023314432170412118e+02	7.256259952794326118e-01
1.040611075844862796e+02	7.261914816274727125e-01
1.058200077247298054e+02	7.267501876984141518e-01
1.076086377974633734e+02	7.273021836034964105e-01
1.094275003149479204e+02	7.278475389436384058e-01
1.112771062831930067e+02	7.283863228598548289e-01
1.131579753455222743e+02	7.289186039814077311e-01
1.150706359285678531e+02	7.294444504452354261e-01
1.170156253907290136e+02	7.299639299053107822e-01
1.189934901731438543e+02	7.304771095086354249e-01
1.210047859532090087e+02	7.309840558998476068e-01
1.230500778006978635e+02	7.314848352361239536e-01
1.251299403365151335e+02	7.319795131682265144e-01
1.272449578941347568e+02	7.324681548430287403e-01
1.293957246837690604e+02	7.329508249092938632e-01
1.315828449593089147e+02	7.334275875157252322e-01
1.338069331880899426e+02	7.338985062990877051e-01
1.360686142235236389e+02	7.343636443941221614e-01
1.383685234806508220e+02	7.348230644560718172e-01
1.407073071146594430e+02	7.352768285912398838e-01
1.430856222024197280e+02	7.357249984364241380e-01
1.455041369270908831e+02	7.361676351267377738e-01
1.479635307658433305e+02	7.366047992647993814e-01
1.504644946807591168e+02	7.370365509741502175e-01
1.530077313129538652e+02	7.374629498836047237e-01
1.555939551799847322e+02	7.378840550872077797e-01
1.582238928765917478e+02	7.382999252104361920e-01
1.608982832788323662e+02	7.387106183631222400e-01
1.636178777516695106e+02	7.391161921552109604e-01
1.663834403600635596e+02	7.395167037103339558e-01
1.691957480836375396e+02	7.399122096412870109e-01
1.720555910349655733e+02	7.403027660646525066e-01
1.749637726815560939e+02	7.406884286113512017e-01
1.779211100715817793e+02	7.410692524154065541e-01
1.809284340634302453e+02	7.414452921173110278e-01
1.839865895591310334e+02	7.418166018648515436e-01
1.870964357417281576e+02	7.421832353261077486e-01
1.902588463166685528e+02	7.425452456571214332e-01
1.934747097572649466e+02	7.429026855716291955e-01
1.967449295543138987e+02	7.432556072639415756e-01
2.000704244699266781e+02	7.436040624544145716e-01
2.034521287956564777e+02	7.439481023853633523e-01
2.068909926149848104e+02	7.442877778307867009e-01
2.103879820702443340e+02	7.446231390618558432e-01
2.139440796340576298e+02	7.449542359074070585e-01
2.175602843853577042e+02	7.452811177032850898e-01
2.212376122900808468e+02	7.456038333171092214e-01
2.249770964865966505e+02	7.459224311691055043e-01
2.287797875759696069e+02	7.462369591818779346e-01
2.326467539171220835e+02	7.465474648348322528e-01
2.365790819269863619e+02	7.468539951617069184e-01
2.405778763857347258e+02	7.471565966977192774e-01
2.446442607471615247e+02	7.474553155520499148e-01
2.487793774543193308e+02	7.477501973884292941e-01
2.529843882604822340e+02	7.480412873845876387e-01
2.572604745555416912e+02	7.483286302981752014e-01
2.616088376979143391e+02	7.486122704454079013e-01
2.660306993520598553e+02	7.488922516701245202e-01
2.705273018317088258e+02	7.491686174004531518e-01
2.750999084488843778e+02	7.494414106285349764e-01
2.797498038688314637e+02	7.497106738991341501e-01
2.844782944709368735e+02	7.499764493210205885e-01
2.892867087157579817e+02	7.502387785940340947e-01
2.941763975182495869e+02	7.504977029730119931e-01
2.991487346272989498e+02	7.507532632947919726e-01
3.042051170116823755e+02	7.510054999801700770e-01
3.093469652525361084e+02	7.512544530236473506e-01
3.145757239424706313e+02	7.515001620079738709e-01
3.198928620914214775e+02	7.517426661149062550e-01
3.252998735393691732e+02	7.519820040904255931e-01
3.307982773760288637e+02	7.522182142999195298e-01
3.363896183676337728e+02	7.524513346941291703e-01
3.420754673909387975e+02	7.526814028195851769e-01
3.478574218745504822e+02	7.529084558283715145e-01
3.537371062477265582e+02	7.531325304797343856e-01
3.597161723967509488e+02	7.533536631434676334e-01
3.657963001290331135e+02	7.535718897929581939e-01
3.719791976450445077e+02	7.537872460186164636e-01
3.782666020182322768e+02	7.539997670207292391e-01
3.846602796830517832e+02	7.542094876524541025e-01
3.911620269312371079e+02	7.544164423442606404e-01
3.977736704164719868e+02	7.546206651857019221e-01
4.044970676675784489e+02	7.548221898725738788e-01
4.113341076103915839e+02	7.550210497527863884e-01
4.182867110984475403e+02	7.552172777929653247e-01
4.253568314526407903e+02	7.554109066099047309e-01
4.325464550100122665e+02	7.556019684543356929e-01
4.398576016817999061e+02	7.557904952167155965e-01
4.472923255209361173e+02	7.559765184511413327e-01
4.548527152991227354e+02	7.561600693456974609e-01
4.625408950936740666e+02	7.563411787417543275e-01
4.703590248842695019e+02	7.565198771529223487e-01
4.783093011597930513e+02	7.566961947332188076e-01
4.863939575354394265e+02	7.568701613016518559e-01
4.946152653802362238e+02	7.570418063577235568e-01
5.029755344551887219e+02	7.572111590487256017e-01
5.114771135621948588e+02	7.573782481985806836e-01
5.201223912039447441e+02	7.575431023156318222e-01
5.289137962549582426e+02	7.577057495726753356e-01
5.378537986439790757e+02	7.578662178206202471e-01
5.469449100478946093e+02	7.580245346062791656e-01
5.561896845973827794e+02	7.581807271532449155e-01
5.655907195944980685e+02	7.583348223630523854e-01
5.751506562423700188e+02	7.584868468492278470e-01
5.848721803872531382e+02	7.586368269056089630e-01
5.947580232731010028e+02	7.587847885249386914e-01
6.048109623089127354e+02	7.589307574008190560e-01
6.150338218490370537e+02	7.590747589300902431e-01
6.254294739866654709e+02	7.592168182146440403e-01
6.360008393607505468e+02	7.593569600640364126e-01
6.467508879765434813e+02	7.594952089992025313e-01
6.576826400400219654e+02	7.596315892554318383e-01
6.687991668064009900e+02	7.597661247783442651e-01
6.801035914430051434e+02	7.598988392470411579e-01
6.915990899067132887e+02	7.600297560458602053e-01
7.032888918362326649e+02	7.601588982897012903e-01
7.151762814594706015e+02	7.602862888298499433e-01
7.272645985162197348e+02	7.604119502356042615e-01
7.395572391964639110e+02	7.605359048167411595e-01
7.520576570945196409e+02	7.606581746055238735e-01
7.647693641793268853e+02	7.607787813987716419e-01
7.776959317811260917e+02	7.608977467121819105e-01
7.908409915948119533e+02	7.610150918116259655e-01
8.042082367002620913e+02	7.611308377025837180e-01
8.178014225998882694e+02	7.612450051516038707e-01
8.316243682737505196e+02	7.613576146633895814e-01
8.456809572524798568e+02	7.614686865042636921e-01
8.599751387083596228e+02	7.615782407030888823e-01
8.745109285648341029e+02	7.616862970216815576e-01
8.892924106247685359e+02	7.617928750164401075e-01
9.043237377177986218e+02	7.618979939872321250e-01
9.196091328670457870e+02	7.620016730009069317e-01
9.351528904755820122e+02	7.621039308990588124e-01
9.509593775329200298e+02	7.622047862975086518e-01
9.670330348419231541e+02	7.623042575711254099e-01
9.833783782664356750e+02	7.624023628861610336e-01
1.000000000000000000e+03	7.624991201811595065e-01
